// General information: 
//  MT Manager version: 2021.4.0 
//  XDA version: 2021.4.0 build 6323 rev 112641 built on 2021-09-28
// Device information: 
//  DeviceId: 00B43856
//  ProductCode: MTW2-3A7G6
//  Firmware Version: 4.3.4
//  Hardware Version: 1.1.0
// Device settings: 
//  Filter Profile: human(46.1)
//  Option Flags: Orientation Smoother Disabled, Position/Velocity Smoother Disabled, Continuous Zero Rotation Update Disabled, AHS Disabled, ICC Disabled
// Coordinate system: ENU
PacketCounter	Roll	Pitch	Yaw
27078	0.462121	0.757950	-3.780115
27079	0.477436	0.747967	-3.859991
27080	0.499888	0.751920	-3.918011
27081	0.524451	0.765322	-3.941150
27082	0.546625	0.785640	-3.925394
27083	0.557019	0.810003	-3.881233
27084	0.553205	0.839542	-3.823336
27085	0.541707	0.871379	-3.743628
27086	0.523689	0.910433	-3.639813
27087	0.501694	0.948894	-3.505715
27088	0.477919	0.994579	-3.341226
27089	0.453824	1.045820	-3.176056
27090	0.426664	1.098061	-3.018945
27091	0.399099	1.150605	-2.863885
27092	0.369669	1.201052	-2.699834
27093	0.339012	1.246207	-2.532754
27094	0.309333	1.282741	-2.365626
27095	0.284236	1.313893	-2.205896
27096	0.262656	1.343955	-2.052475
27097	0.249623	1.372426	-1.908004
27098	0.249603	1.404618	-1.764542
27099	0.258183	1.433842	-1.628644
27100	0.266676	1.453212	-1.508203
27101	0.280075	1.470256	-1.405993
27102	0.296953	1.479230	-1.299175
27103	0.305024	1.482387	-1.192941
27104	0.305424	1.482870	-1.079610
27105	0.298083	1.486063	-0.971300
27106	0.284194	1.493765	-0.866348
27107	0.273152	1.518811	-0.774382
27108	0.257653	1.549478	-0.694547
27109	0.237945	1.592088	-0.605632
27110	0.213310	1.638325	-0.522033
27111	0.183777	1.694624	-0.452402
27112	0.149954	1.756510	-0.380003
27113	0.108533	1.818225	-0.283439
27114	0.060398	1.880317	-0.160588
27115	0.007351	1.944256	-0.017654
27116	-0.053000	2.010130	0.134218
27117	-0.112632	2.077501	0.307168
27118	-0.167633	2.154869	0.495452
27119	-0.220415	2.243442	0.685013
27120	-0.276235	2.335824	0.863471
27121	-0.336063	2.433659	1.020782
27122	-0.394643	2.532053	1.162487
27123	-0.451175	2.629758	1.302210
27124	-0.511107	2.721543	1.441206
27125	-0.566676	2.809360	1.578705
27126	-0.618079	2.896912	1.714331
27127	-0.665085	2.976742	1.833584
27128	-0.710841	3.043263	1.945421
27129	-0.748544	3.098911	2.035350
27130	-0.776657	3.145829	2.103506
27131	-0.798334	3.186790	2.154904
27132	-0.816172	3.221348	2.187209
27133	-0.835193	3.252025	2.207822
27134	-0.854455	3.279269	2.218814
27135	-0.876068	3.300833	2.230593
27136	-0.900671	3.315488	2.242482
27137	-0.921574	3.332618	2.257116
27138	-0.936011	3.354592	2.275302
27139	-0.952217	3.373891	2.290943
27140	-0.970765	3.392989	2.289867
27141	-0.987585	3.411879	2.277512
27142	-1.005783	3.429512	2.257091
27143	-1.023419	3.441672	2.225511
27144	-1.042484	3.457885	2.187701
27145	-1.057510	3.474874	2.159155
27146	-1.069082	3.497825	2.144661
27147	-1.081882	3.521917	2.131925
27148	-1.095958	3.546836	2.110764
27149	-1.111125	3.570945	2.073507
27150	-1.130932	3.590950	2.027797
27151	-1.151691	3.607214	1.980547
27152	-1.168129	3.626293	1.942169
27153	-1.181313	3.648199	1.908026
27154	-1.190196	3.673439	1.873656
27155	-1.190872	3.707580	1.841231
27156	-1.190391	3.745353	1.803807
27157	-1.190047	3.773349	1.766580
27158	-1.187646	3.797055	1.722446
27159	-1.190964	3.817130	1.656167
27160	-1.197527	3.833224	1.575529
27161	-1.203851	3.850981	1.481665
27162	-1.210512	3.872438	1.377216
27163	-1.219476	3.889874	1.263078
27164	-1.227707	3.908841	1.136850
27165	-1.233007	3.932955	1.001946
27166	-1.235348	3.953081	0.867437
27167	-1.235767	3.971310	0.734830
27168	-1.237459	3.988245	0.601935
27169	-1.239669	4.000297	0.479086
27170	-1.242188	4.011130	0.360519
27171	-1.240539	4.022904	0.239663
27172	-1.239341	4.032135	0.116981
27173	-1.237656	4.043522	-0.006197
27174	-1.229614	4.058056	-0.129302
27175	-1.227236	4.069566	-0.241231
27176	-1.216965	4.082455	-0.337135
27177	-1.203121	4.097197	-0.417378
27178	-1.190950	4.113191	-0.496872
27179	-1.183758	4.130067	-0.578920
27180	-1.179072	4.139976	-0.659808
27181	-1.178210	4.141394	-0.732295
27182	-1.178664	4.139356	-0.793385
27183	-1.179394	4.139034	-0.843179
27184	-1.181862	4.137742	-0.880484
27185	-1.179420	4.139054	-0.903058
27186	-1.177818	4.140082	-0.903605
27187	-1.178089	4.135015	-0.898466
27188	-1.178300	4.122262	-0.901042
27189	-1.171935	4.106025	-0.904024
27190	-1.159497	4.084539	-0.894185
27191	-1.147043	4.059512	-0.867405
27192	-1.129984	4.032924	-0.832657
27193	-1.112649	4.009601	-0.802386
27194	-1.097145	3.984633	-0.772135
27195	-1.083614	3.960389	-0.739726
27196	-1.074567	3.934882	-0.708547
27197	-1.065617	3.920172	-0.673892
27198	-1.058925	3.909705	-0.639891
27199	-1.054890	3.900075	-0.612262
27200	-1.053227	3.896315	-0.584215
27201	-1.052564	3.889665	-0.550172
27202	-1.053400	3.877560	-0.523377
27203	-1.049004	3.869874	-0.502550
27204	-1.041160	3.860804	-0.483306
27205	-1.032507	3.858504	-0.480747
27206	-1.025418	3.858149	-0.483989
27207	-1.018134	3.857805	-0.475928
27208	-1.014325	3.848586	-0.468432
27209	-1.011604	3.839028	-0.471791
27210	-1.008775	3.831250	-0.481747
27211	-1.006573	3.826722	-0.500785
27212	-1.006839	3.823041	-0.526176
27213	-1.005870	3.815904	-0.547966
27214	-1.003014	3.808123	-0.558018
27215	-0.995854	3.796217	-0.550711
27216	-0.990657	3.777455	-0.538769
27217	-0.983933	3.761204	-0.526787
27218	-0.976803	3.746164	-0.518953
27219	-0.965756	3.733053	-0.505933
27220	-0.952597	3.724396	-0.499750
27221	-0.943282	3.720549	-0.508717
27222	-0.944130	3.711762	-0.530555
27223	-0.949167	3.705837	-0.560717
27224	-0.957544	3.698865	-0.591382
27225	-0.966221	3.693070	-0.615821
27226	-0.972224	3.691694	-0.624665
27227	-0.974001	3.691409	-0.628274
27228	-0.969651	3.695431	-0.629373
27229	-0.966597	3.698656	-0.639859
27230	-0.954647	3.698872	-0.657094
27231	-0.942216	3.696810	-0.683144
27232	-0.935596	3.686136	-0.717404
27233	-0.931346	3.676528	-0.762000
27234	-0.926606	3.669733	-0.802186
27235	-0.920102	3.664871	-0.839809
27236	-0.909440	3.660100	-0.861786
27237	-0.897582	3.654844	-0.873130
27238	-0.884637	3.646478	-0.871866
27239	-0.868752	3.640306	-0.867531
27240	-0.849122	3.631390	-0.855854
27241	-0.828572	3.613558	-0.845955
27242	-0.811406	3.593323	-0.842716
27243	-0.794744	3.574034	-0.843175
27244	-0.777545	3.553809	-0.840064
27245	-0.763063	3.531372	-0.838912
27246	-0.748802	3.505279	-0.835845
27247	-0.733549	3.473466	-0.817328
27248	-0.713968	3.440077	-0.784552
27249	-0.686581	3.413690	-0.749302
27250	-0.651402	3.399588	-0.717409
27251	-0.617687	3.385541	-0.687325
27252	-0.590618	3.371269	-0.664892
27253	-0.571623	3.357684	-0.654844
27254	-0.562848	3.341896	-0.660624
27255	-0.563107	3.327830	-0.665544
27256	-0.570580	3.318443	-0.660863
27257	-0.581674	3.311533	-0.644673
27258	-0.596052	3.313882	-0.634396
27259	-0.607082	3.327528	-0.628787
27260	-0.615741	3.343998	-0.623454
27261	-0.626715	3.364235	-0.645332
27262	-0.638409	3.383063	-0.687918
27263	-0.647533	3.404666	-0.737474
27264	-0.662876	3.418351	-0.783675
27265	-0.678540	3.425985	-0.822680
27266	-0.688020	3.434209	-0.838677
27267	-0.692557	3.443569	-0.852297
27268	-0.696176	3.449299	-0.865498
27269	-0.693518	3.459253	-0.883013
27270	-0.686963	3.466931	-0.894483
27271	-0.685630	3.464572	-0.904465
27272	-0.684897	3.461582	-0.920374
27273	-0.681773	3.461153	-0.931582
27274	-0.682353	3.462197	-0.920685
27275	-0.684851	3.467102	-0.890613
27276	-0.691475	3.473323	-0.863470
27277	-0.695039	3.489550	-0.833185
27278	-0.689512	3.511468	-0.794233
27279	-0.681276	3.531878	-0.746780
27280	-0.678725	3.544236	-0.694817
27281	-0.679198	3.553622	-0.653743
27282	-0.685005	3.561478	-0.620654
27283	-0.696048	3.572176	-0.586764
27284	-0.714645	3.592025	-0.552278
27285	-0.737138	3.618219	-0.510672
27286	-0.756455	3.643364	-0.439735
27287	-0.773627	3.674515	-0.345830
27288	-0.792990	3.702045	-0.244437
27289	-0.813845	3.727521	-0.131044
27290	-0.835798	3.741987	-0.007869
27291	-0.857809	3.754323	0.105710
27292	-0.879593	3.763827	0.216743
27293	-0.897240	3.765830	0.327109
27294	-0.910176	3.761947	0.440296
27295	-0.914613	3.756018	0.556347
27296	-0.905433	3.743990	0.679168
27297	-0.890288	3.726215	0.808208
27298	-0.876302	3.707010	0.912995
27299	-0.867160	3.687050	0.968912
27300	-0.863187	3.657072	0.988327
27301	-0.860223	3.619697	0.991057
27302	-0.855905	3.576772	0.998042
27303	-0.848831	3.529822	1.004976
27304	-0.832369	3.483086	1.018584
27305	-0.807010	3.440699	1.044406
27306	-0.780459	3.395980	1.062767
27307	-0.757966	3.343363	1.065930
27308	-0.739732	3.282836	1.043213
27309	-0.724931	3.211626	1.009656
27310	-0.709875	3.145644	0.982036
27311	-0.699883	3.078517	0.959561
27312	-0.693879	3.015406	0.939336
27313	-0.688317	2.955526	0.917078
27314	-0.680918	2.908819	0.908663
27315	-0.679799	2.864037	0.925013
27316	-0.683527	2.818703	0.943827
27317	-0.692240	2.774672	0.956542
27318	-0.699221	2.728698	0.967366
27319	-0.716551	2.682787	0.969807
27320	-0.738150	2.640028	0.963200
27321	-0.759744	2.611072	0.945304
27322	-0.782414	2.594027	0.911479
27323	-0.810975	2.582292	0.861957
27324	-0.843368	2.575516	0.817624
27325	-0.885966	2.568915	0.775129
27326	-0.929506	2.559573	0.741892
27327	-0.975059	2.546374	0.716000
27328	-1.021128	2.528863	0.705243
27329	-1.063655	2.506416	0.705768
27330	-1.108179	2.481219	0.706393
27331	-1.151872	2.453295	0.697000
27332	-1.192857	2.421400	0.676947
27333	-1.231357	2.383707	0.652248
27334	-1.266362	2.338002	0.631773
27335	-1.299023	2.292052	0.619145
27336	-1.332331	2.242252	0.587379
27337	-1.372631	2.195576	0.528505
27338	-1.417840	2.149117	0.440762
27339	-1.467546	2.101435	0.348256
27340	-1.519177	2.044913	0.271294
27341	-1.568579	1.981969	0.220462
27342	-1.609220	1.915397	0.201411
27343	-1.641641	1.851801	0.221054
27344	-1.670035	1.788546	0.266928
27345	-1.692778	1.728478	0.311066
27346	-1.713081	1.666034	0.367201
27347	-1.732365	1.597015	0.427314
27348	-1.747504	1.514318	0.488875
27349	-1.757438	1.413775	0.565196
27350	-1.752167	1.302049	0.657775
27351	-1.741224	1.181716	0.749547
27352	-1.716110	1.051883	0.831156
27353	-1.681202	0.913112	0.907253
27354	-1.642126	0.747859	0.984071
27355	-1.599728	0.540690	1.071757
27356	-1.548230	0.283743	1.185897
27357	-1.480828	-0.026791	1.347734
27358	-1.409662	-0.393369	1.559275
27359	-1.328447	-0.803910	1.799959
27360	-1.241085	-1.256696	2.065354
27361	-1.142948	-1.757761	2.354095
27362	-1.031719	-2.304191	2.651303
27363	-0.895221	-2.880593	2.951813
27364	-0.734047	-3.497209	3.258076
27365	-0.550757	-4.167548	3.550729
27366	-0.335116	-4.883634	3.779054
27367	-0.094704	-5.648490	3.927840
27368	0.168330	-6.494402	3.974490
27369	0.480989	-7.391660	3.888037
27370	0.877247	-8.308225	3.649336
27371	1.384375	-9.205843	3.253535
27372	1.998839	-10.094970	2.704119
27373	2.710133	-11.007061	2.047100
27374	3.493828	-11.983551	1.295706
27375	4.324339	-13.019462	0.468711
27376	5.201695	-14.072225	-0.339280
27377	6.113130	-15.162651	-1.056498
27378	7.065579	-16.319624	-1.690450
27379	8.056283	-17.527319	-2.250846
27380	9.079111	-18.749225	-2.744076
27381	10.112004	-19.988681	-3.190169
27382	11.123739	-21.253633	-3.574420
27383	12.093598	-22.522499	-3.874239
27384	13.010309	-23.785410	-4.101102
27385	13.877139	-25.020579	-4.265150
27386	14.713249	-26.218677	-4.385255
27387	15.562315	-27.363127	-4.514636
27388	16.451075	-28.456533	-4.716813
27389	17.361741	-29.510108	-4.990089
27390	18.265391	-30.536144	-5.299972
27391	19.158088	-31.513370	-5.649584
27392	20.038890	-32.465551	-6.028080
27393	20.910462	-33.381055	-6.438891
27394	21.774909	-34.261194	-6.890622
27395	22.623764	-35.108682	-7.362134
27396	23.464511	-35.901454	-7.842728
27397	24.300643	-36.628447	-8.328851
27398	25.115561	-37.329129	-8.818530
27399	25.903330	-37.963969	-9.303878
27400	26.665312	-38.557499	-9.789341
27401	27.379827	-39.119435	-10.226054
27402	28.029898	-39.659507	-10.576510
27403	28.617251	-40.168467	-10.851315
27404	29.163940	-40.631424	-11.080644
27405	29.682315	-41.039735	-11.276902
27406	30.154405	-41.415685	-11.422294
27407	30.576325	-41.777584	-11.510884
27408	30.954519	-42.109876	-11.550331
27409	31.286128	-42.394769	-11.538929
27410	31.562640	-42.634788	-11.476091
27411	31.764509	-42.831436	-11.342857
27412	31.887830	-42.988165	-11.128052
27413	31.937288	-43.109053	-10.839037
27414	31.895106	-43.210550	-10.469017
27415	31.780595	-43.314670	-10.045157
27416	31.624419	-43.407060	-9.604367
27417	31.472962	-43.452235	-9.200392
27418	31.335214	-43.451123	-8.853562
27419	31.188843	-43.424136	-8.538536
27420	31.027170	-43.355316	-8.231068
27421	30.875743	-43.255200	-7.949619
27422	30.735696	-43.118229	-7.672491
27423	30.620618	-42.953983	-7.418643
27424	30.512552	-42.783269	-7.173611
27425	30.387858	-42.639608	-6.902356
27426	30.219604	-42.526923	-6.567953
27427	30.027526	-42.429589	-6.203231
27428	29.831561	-42.346432	-5.819823
27429	29.639378	-42.266161	-5.422968
27430	29.436915	-42.206818	-5.015197
27431	29.219861	-42.155263	-4.580644
27432	29.017165	-42.091036	-4.164474
27433	28.858797	-41.993205	-3.798529
27434	28.744031	-41.856519	-3.491647
27435	28.660099	-41.712359	-3.237758
27436	28.585202	-41.570916	-3.012796
27437	28.519630	-41.414105	-2.827788
27438	28.462183	-41.227188	-2.680011
27439	28.407085	-41.009866	-2.570100
27440	28.341927	-40.775145	-2.490712
27441	28.238705	-40.533428	-2.388900
27442	28.079211	-40.296837	-2.219716
27443	27.876539	-40.073490	-2.003034
27444	27.665134	-39.857682	-1.787200
27445	27.478127	-39.632744	-1.584987
27446	27.306873	-39.419786	-1.373031
27447	27.122388	-39.243394	-1.132384
27448	26.927420	-39.097547	-0.881996
27449	26.681781	-39.027620	-0.618462
27450	26.370647	-39.086964	-0.337734
27451	26.181199	-39.022928	-0.117412
27452	25.995442	-39.005942	0.069967
27453	25.809498	-39.041231	0.215396
27454	25.665946	-39.098465	0.295546
27455	25.630589	-39.119846	0.267167
27456	25.739800	-39.089652	0.082383
27457	25.957876	-39.025524	-0.193125
27458	26.225450	-38.947414	-0.497452
27459	26.496441	-38.868424	-0.804826
27460	26.751463	-38.774635	-1.129331
27461	26.970165	-38.655539	-1.459941
27462	27.133515	-38.520266	-1.780988
27463	27.248468	-38.350584	-2.093314
27464	27.292124	-38.193988	-2.367460
27465	27.245152	-38.055451	-2.552215
27466	27.073840	-37.927377	-2.589325
27467	26.802733	-37.788020	-2.580975
27468	26.448725	-37.620132	-2.574877
27469	26.016403	-37.446702	-2.569440
27470	25.572236	-37.226951	-2.552026
27471	25.254617	-36.924397	-2.597412
27472	25.099744	-36.646984	-2.864853
27473	25.137623	-36.307215	-3.425504
27474	25.314932	-35.811849	-4.225325
27475	25.496104	-35.232244	-5.150470
27476	25.513984	-34.657121	-5.972487
27477	25.345427	-34.004631	-6.540665
27478	25.036241	-33.285579	-6.982694
27479	24.666677	-32.487003	-7.277749
27480	24.344520	-31.662315	-7.497119
27481	24.013929	-30.906378	-7.596001
27482	23.623945	-30.211658	-7.548658
27483	23.182488	-29.511974	-7.445456
27484	22.696575	-28.799421	-7.347929
27485	22.207066	-28.040171	-7.298474
27486	21.716551	-27.250134	-7.298365
27487	21.216683	-26.448660	-7.309381
27488	20.728004	-25.607178	-7.357984
27489	20.240563	-24.750354	-7.425162
27490	19.762857	-23.890008	-7.493500
27491	19.294373	-23.068397	-7.535856
27492	18.827052	-22.311992	-7.527161
27493	18.353685	-21.627098	-7.464260
27494	17.856191	-21.017135	-7.332208
27495	17.355351	-20.437784	-7.173334
27496	16.843141	-19.899083	-7.008010
27497	16.351247	-19.368467	-6.881714
27498	15.871581	-18.859713	-6.797860
27499	15.449963	-18.302539	-6.818539
27500	15.040122	-17.748820	-6.867621
27501	14.638934	-17.202209	-6.944252
27502	14.273523	-16.637775	-7.086413
27503	13.947316	-16.028642	-7.290955
27504	13.641163	-15.389850	-7.513901
27505	13.336122	-14.734314	-7.730028
27506	13.033198	-14.088115	-7.921565
27507	12.724895	-13.472141	-8.078485
27508	12.406417	-12.895825	-8.195924
27509	12.086515	-12.362636	-8.261371
27510	11.774101	-11.837838	-8.316516
27511	11.466680	-11.315886	-8.367537
27512	11.144433	-10.806124	-8.407437
27513	10.803228	-10.319084	-8.430520
27514	10.475380	-9.836370	-8.418806
27515	10.164853	-9.351623	-8.417666
27516	9.849756	-8.882111	-8.393348
27517	9.545234	-8.427541	-8.306103
27518	9.252969	-7.955041	-8.197035
27519	8.972364	-7.452287	-8.042225
27520	8.719392	-6.909428	-7.805019
27521	8.496149	-6.317841	-7.462134
27522	8.301739	-5.691677	-6.971399
27523	8.114439	-5.087685	-6.338148
27524	7.919710	-4.558747	-5.588294
27525	7.716609	-4.105709	-4.822803
27526	7.504512	-3.723207	-4.076929
27527	7.266869	-3.401975	-3.400107
27528	7.012428	-3.107856	-2.803585
27529	6.760237	-2.816167	-2.335961
27530	6.527246	-2.477892	-2.015374
27531	6.277158	-2.135240	-1.839398
27532	6.021789	-1.773691	-1.773396
27533	5.765760	-1.415057	-1.786613
27534	5.513166	-1.082424	-1.863419
27535	5.257977	-0.750088	-1.967157
27536	5.000641	-0.433812	-2.052787
27537	4.739096	-0.167827	-2.110699
27538	4.468711	0.047085	-2.117579
27539	4.222757	0.234080	-2.052452
27540	3.993141	0.395993	-1.986817
27541	3.787804	0.530900	-1.927030
27542	3.601023	0.624557	-1.829338
27543	3.431078	0.691705	-1.705407
27544	3.285415	0.750107	-1.519101
27545	3.177121	0.837676	-1.339059
27546	3.105081	0.953108	-1.176797
27547	3.042973	1.082313	-0.999860
27548	2.969383	1.213138	-0.775700
27549	2.868206	1.348347	-0.562952
27550	2.738495	1.484144	-0.335844
27551	2.598815	1.599260	-0.044517
27552	2.451137	1.712524	0.272321
27553	2.311629	1.838643	0.604762
27554	2.159962	1.976658	0.946376
27555	1.992386	2.148015	1.238990
27556	1.803038	2.340563	1.495521
27557	1.592561	2.563374	1.694112
27558	1.372742	2.808792	1.851654
27559	1.142160	3.047304	1.988154
27560	0.915019	3.288745	2.074215
27561	0.701393	3.534492	2.133516
27562	0.498798	3.771953	2.195410
27563	0.297652	3.992826	2.235092
27564	0.095056	4.200263	2.230376
27565	-0.093729	4.389830	2.204322
27566	-0.273537	4.557611	2.175308
27567	-0.439287	4.692301	2.108173
27568	-0.587393	4.800137	2.009303
27569	-0.716239	4.880299	1.892314
27570	-0.824772	4.938300	1.747012
27571	-0.912429	4.986202	1.559164
27572	-0.993542	5.012535	1.358471
27573	-1.065783	5.021108	1.170565
27574	-1.133306	5.012049	1.004053
27575	-1.189139	4.988869	0.854865
27576	-1.239847	4.960175	0.716522
27577	-1.283412	4.931038	0.610524
27578	-1.319774	4.901925	0.505842
27579	-1.346998	4.873771	0.418043
27580	-1.362125	4.859912	0.355389
27581	-1.371583	4.848053	0.302310
27582	-1.391107	4.835841	0.252153
27583	-1.423584	4.822040	0.178608
27584	-1.465555	4.802583	0.076383
27585	-1.505638	4.781421	-0.004800
27586	-1.544395	4.759679	-0.041958
27587	-1.583315	4.738999	-0.086699
27588	-1.622681	4.712820	-0.143306
27589	-1.648804	4.679205	-0.185708
27590	-1.657941	4.639503	-0.213691
27591	-1.651796	4.606392	-0.253228
27592	-1.647456	4.574635	-0.299604
27593	-1.652016	4.532991	-0.376742
27594	-1.656073	4.492053	-0.479610
27595	-1.660957	4.449523	-0.591800
27596	-1.670420	4.414387	-0.704849
27597	-1.683730	4.385234	-0.806220
27598	-1.699696	4.365295	-0.902177
27599	-1.716063	4.349498	-0.989433
27600	-1.735219	4.340006	-1.064581
27601	-1.757412	4.347880	-1.132577
27602	-1.789678	4.360729	-1.199577
27603	-1.828988	4.366691	-1.261811
27604	-1.866863	4.374179	-1.327586
27605	-1.908881	4.378883	-1.399499
27606	-1.949590	4.381864	-1.456804
27607	-1.976360	4.387444	-1.499196
27608	-2.006996	4.394712	-1.538509
27609	-2.039096	4.401197	-1.580635
27610	-2.067008	4.398095	-1.625098
27611	-2.085450	4.385701	-1.673396
27612	-2.103086	4.355604	-1.727406
27613	-2.116231	4.317296	-1.767564
27614	-2.116669	4.279169	-1.795763
27615	-2.109155	4.253882	-1.821079
27616	-2.100217	4.229792	-1.838557
27617	-2.085047	4.201860	-1.841261
27618	-2.060485	4.178996	-1.825877
27619	-2.035363	4.151497	-1.800109
27620	-2.012439	4.123389	-1.771852
27621	-1.985447	4.101402	-1.739037
27622	-1.970797	4.082949	-1.700025
27623	-1.965342	4.067531	-1.645070
27624	-1.968341	4.058494	-1.588891
27625	-1.976328	4.053777	-1.536791
27626	-1.981848	4.057202	-1.489626
27627	-1.989982	4.062850	-1.450070
27628	-2.004149	4.074865	-1.437059
27629	-2.015356	4.090291	-1.446188
27630	-2.027360	4.101172	-1.450585
27631	-2.032779	4.105235	-1.453846
27632	-2.037299	4.110577	-1.474202
27633	-2.043886	4.112641	-1.489163
27634	-2.048769	4.110556	-1.490732
27635	-2.060047	4.100513	-1.496541
27636	-2.077621	4.087816	-1.511232
27637	-2.096555	4.073057	-1.527354
27638	-2.111003	4.060706	-1.546290
27639	-2.118052	4.050847	-1.568242
27640	-2.122182	4.045344	-1.594931
27641	-2.123533	4.044507	-1.631209
27642	-2.131761	4.041613	-1.672342
27643	-2.139289	4.041442	-1.715382
27644	-2.146369	4.045720	-1.735424
27645	-2.156131	4.045959	-1.730783
27646	-2.167496	4.037527	-1.707863
27647	-2.175812	4.031246	-1.681779
27648	-2.179879	4.025220	-1.644272
27649	-2.177730	4.021458	-1.610373
27650	-2.165042	4.026995	-1.568389
27651	-2.147472	4.033805	-1.531669
27652	-2.128649	4.039882	-1.508182
27653	-2.108092	4.048818	-1.496004
27654	-2.096305	4.053584	-1.497454
27655	-2.093911	4.062426	-1.504303
27656	-2.100761	4.058437	-1.512097
27657	-2.103565	4.047589	-1.501003
27658	-2.108841	4.032023	-1.486770
27659	-2.110124	4.023742	-1.479348
27660	-2.108422	4.020185	-1.464160
27661	-2.104425	4.019768	-1.446773
27662	-2.099570	4.026853	-1.440953
27663	-2.095195	4.033026	-1.435941
27664	-2.096811	4.032879	-1.423150
27665	-2.102627	4.034018	-1.413186
27666	-2.112249	4.036311	-1.405142
27667	-2.125632	4.037427	-1.401110
27668	-2.137702	4.033717	-1.392220
27669	-2.148942	4.027741	-1.384675
27670	-2.157508	4.024989	-1.395456
27671	-2.167999	4.023621	-1.420399
27672	-2.175242	4.018625	-1.449251
27673	-2.184135	4.009039	-1.477787
27674	-2.193242	3.998298	-1.492272
27675	-2.199299	3.989718	-1.503590
27676	-2.198014	3.986224	-1.513339
27677	-2.188968	3.990813	-1.510684
27678	-2.183939	3.995171	-1.502087
27679	-2.195422	3.984627	-1.506408
27680	-2.219441	3.968670	-1.500721
27681	-2.249219	3.946351	-1.479644
27682	-2.285560	3.925424	-1.447634
27683	-2.327246	3.902711	-1.426201
27684	-2.367868	3.881956	-1.420752
27685	-2.404678	3.869959	-1.431019
27686	-2.437806	3.860909	-1.457608
27687	-2.466780	3.855779	-1.503254
27688	-2.493787	3.841500	-1.548843
27689	-2.518375	3.813285	-1.597604
27690	-2.543248	3.770234	-1.656868
27691	-2.565662	3.709800	-1.717523
27692	-2.585090	3.639947	-1.776042
27693	-2.590340	3.576926	-1.844336
27694	-2.580453	3.517928	-1.925205
27695	-2.561184	3.464818	-2.025671
27696	-2.545673	3.408182	-2.139760
27697	-2.534045	3.347494	-2.258432
27698	-2.530723	3.277054	-2.371067
27699	-2.532172	3.197148	-2.480758
27700	-2.536371	3.114061	-2.579603
27701	-2.534447	3.039137	-2.650401
27702	-2.529076	2.968268	-2.696271
27703	-2.511841	2.905330	-2.712412
27704	-2.497899	2.837425	-2.701255
27705	-2.480792	2.775476	-2.675240
27706	-2.464334	2.715905	-2.630619
27707	-2.454391	2.652032	-2.571843
27708	-2.445349	2.588575	-2.508920
27709	-2.437080	2.531265	-2.447652
27710	-2.425123	2.475438	-2.404805
27711	-2.407256	2.422238	-2.370545
27712	-2.384134	2.366640	-2.335149
27713	-2.355040	2.312094	-2.316891
27714	-2.323796	2.251906	-2.307719
27715	-2.288058	2.188104	-2.304289
27716	-2.246050	2.122400	-2.304094
27717	-2.209822	2.048065	-2.311875
27718	-2.176018	1.970664	-2.305547
27719	-2.157579	1.883190	-2.296624
27720	-2.142506	1.795056	-2.283220
27721	-2.129374	1.709217	-2.255449
27722	-2.122534	1.622436	-2.215318
27723	-2.120422	1.537554	-2.162940
27724	-2.120945	1.454299	-2.099509
27725	-2.127021	1.372489	-2.015711
27726	-2.128785	1.304242	-1.922617
27727	-2.134285	1.238022	-1.809094
27728	-2.147861	1.168761	-1.674406
27729	-2.168943	1.087490	-1.533688
27730	-2.194240	0.999569	-1.385966
27731	-2.226451	0.908247	-1.229797
27732	-2.258766	0.813665	-1.072928
27733	-2.285864	0.718823	-0.928800
27734	-2.303368	0.627085	-0.805414
27735	-2.315842	0.532226	-0.695575
27736	-2.323363	0.426403	-0.600618
27737	-2.327937	0.303973	-0.516148
27738	-2.327895	0.158483	-0.432277
27739	-2.321032	-0.005920	-0.345775
27740	-2.304771	-0.192552	-0.246550
27741	-2.277213	-0.404801	-0.143885
27742	-2.233161	-0.650558	-0.054659
27743	-2.170707	-0.941897	0.008265
27744	-2.091088	-1.277265	0.062714
27745	-1.997469	-1.656989	0.091085
27746	-1.879564	-2.084379	0.084232
27747	-1.732889	-2.565723	0.055602
27748	-1.544032	-3.113520	0.026445
27749	-1.316303	-3.740357	0.038573
27750	-1.057850	-4.447144	0.138375
27751	-0.773532	-5.218358	0.317076
27752	-0.474020	-6.049493	0.518054
27753	-0.152642	-6.949691	0.643422
27754	0.215605	-7.900763	0.608406
27755	0.654691	-8.855882	0.371907
27756	1.172914	-9.813413	0.004944
27757	1.763613	-10.773195	-0.462395
27758	2.431896	-11.750833	-1.042956
27759	3.173227	-12.738594	-1.730502
27760	3.974539	-13.740429	-2.454253
27761	4.813885	-14.754620	-3.138644
27762	5.678558	-15.790036	-3.768601
27763	6.560366	-16.832218	-4.341573
27764	7.453564	-17.868459	-4.862005
27765	8.338013	-18.912683	-5.310290
27766	9.202744	-19.975484	-5.662082
27767	10.020100	-21.051003	-5.918949
27768	10.788274	-22.140342	-6.103052
27769	11.510041	-23.234890	-6.251142
27770	12.225009	-24.307947	-6.403726
27771	12.970615	-25.321556	-6.618362
27772	13.741878	-26.287922	-6.888492
27773	14.508391	-27.221311	-7.188790
27774	15.268061	-28.122137	-7.496919
27775	16.019385	-28.979901	-7.812009
27776	16.751485	-29.817243	-8.126272
27777	17.434132	-30.637678	-8.384946
27778	18.054737	-31.457294	-8.570631
27779	18.633799	-32.259652	-8.704403
27780	19.196939	-33.039724	-8.827683
27781	19.737253	-33.789795	-8.934478
27782	20.272755	-34.486020	-9.028554
27783	20.810605	-35.134042	-9.112328
27784	21.346333	-35.747108	-9.178262
27785	21.890162	-36.304043	-9.259637
27786	22.452992	-36.797982	-9.375176
27787	23.028520	-37.225434	-9.520901
27788	23.584947	-37.592931	-9.666361
27789	24.110704	-37.914562	-9.791874
27790	24.573477	-38.218023	-9.859900
27791	24.950281	-38.505493	-9.845884
27792	25.255550	-38.787143	-9.779544
27793	25.507244	-39.033238	-9.669930
27794	25.697798	-39.262369	-9.527137
27795	25.843907	-39.472898	-9.360793
27796	25.959396	-39.637910	-9.180099
27797	26.027028	-39.768748	-8.971007
27798	26.041118	-39.875861	-8.740992
27799	26.029344	-39.939469	-8.528871
27800	26.001644	-39.963525	-8.339000
27801	25.979562	-39.927924	-8.193987
27802	25.966625	-39.842809	-8.085195
27803	25.934177	-39.730470	-7.962608
27804	25.899795	-39.568738	-7.828054
27805	25.843995	-39.379780	-7.664961
27806	25.755187	-39.190996	-7.455340
27807	25.646313	-39.013376	-7.200058
27808	25.527023	-38.874646	-6.909892
27809	25.376905	-38.782123	-6.574168
27810	25.198614	-38.719522	-6.209843
27811	25.009516	-38.666285	-5.841950
27812	24.830248	-38.588201	-5.501181
27813	24.676596	-38.467478	-5.212053
27814	24.559831	-38.282586	-4.979380
27815	24.480726	-38.044509	-4.827437
27816	24.451736	-37.752331	-4.759425
27817	24.449415	-37.433987	-4.738399
27818	24.451026	-37.109821	-4.723879
27819	24.433618	-36.809196	-4.692432
27820	24.384512	-36.542408	-4.625657
27821	24.299768	-36.313044	-4.520499
27822	24.191552	-36.105783	-4.392252
27823	24.092973	-35.889412	-4.266973
27824	24.010894	-35.658798	-4.144756
27825	23.919279	-35.421770	-4.003688
27826	23.776594	-35.217657	-3.804726
27827	23.512835	-35.186976	-3.513989
27828	23.144358	-35.391060	-3.137352
27829	22.846901	-35.689575	-2.779392
27830	22.799688	-35.893555	-2.558367
27831	22.882510	-35.974288	-2.401959
27832	23.021137	-35.945213	-2.313354
27833	23.203729	-35.832357	-2.385036
27834	23.411801	-35.625449	-2.634983
27835	23.591289	-35.378337	-2.986389
27836	23.725911	-35.164066	-3.359123
27837	23.822429	-34.985145	-3.660285
27838	23.874590	-34.839744	-3.851715
27839	23.861901	-34.761577	-3.922581
27840	23.768510	-34.772967	-3.854756
27841	23.600336	-34.846979	-3.667968
27842	23.389925	-34.952322	-3.439266
27843	23.157458	-35.061936	-3.173170
27844	22.887360	-35.227421	-2.851632
27845	22.598833	-35.426846	-2.489648
27846	22.327461	-35.614774	-2.118774
27847	22.121784	-35.741863	-1.813408
27848	21.960990	-35.855100	-1.597425
27849	21.835431	-35.904818	-1.505396
27850	21.790040	-35.812595	-1.626525
27851	21.894571	-35.523712	-2.030634
27852	22.148474	-35.024808	-2.639383
27853	22.445980	-34.447476	-3.320071
27854	22.651880	-33.937084	-4.030899
27855	22.815895	-33.411591	-4.831070
27856	23.050628	-32.693856	-5.724492
27857	23.203840	-31.927866	-6.507963
27858	23.153766	-31.248025	-7.090799
27859	22.896400	-30.619036	-7.386327
27860	22.550779	-29.998992	-7.552887
27861	22.202022	-29.324967	-7.611208
27862	21.814834	-28.688478	-7.501870
27863	21.394377	-28.107368	-7.249934
27864	20.927815	-27.601658	-6.932896
27865	20.485329	-27.053219	-6.684313
27866	20.071759	-26.467612	-6.522669
27867	19.652757	-25.822354	-6.407115
27868	19.227000	-25.115564	-6.357909
27869	18.835951	-24.339296	-6.395426
27870	18.489737	-23.533901	-6.508190
27871	18.160290	-22.745794	-6.632966
27872	17.803184	-21.989699	-6.727335
27873	17.391313	-21.266103	-6.787802
27874	16.936927	-20.586337	-6.809155
27875	16.456223	-19.968509	-6.791940
27876	15.972933	-19.396809	-6.758006
27877	15.493530	-18.862847	-6.735371
27878	15.040262	-18.322693	-6.779587
27879	14.610008	-17.768865	-6.896572
27880	14.219593	-17.190395	-7.086928
27881	13.854981	-16.602223	-7.327528
27882	13.505517	-16.008002	-7.604241
27883	13.185595	-15.402523	-7.914236
27884	12.884970	-14.795386	-8.238512
27885	12.600801	-14.191408	-8.563630
27886	12.332839	-13.576681	-8.895651
27887	12.075858	-12.958623	-9.214033
27888	11.816812	-12.353492	-9.491319
27889	11.579022	-11.750925	-9.750832
27890	11.364033	-11.153566	-9.985379
27891	11.173720	-10.528008	-10.178273
27892	10.987024	-9.882622	-10.269868
27893	10.776888	-9.259746	-10.216373
27894	10.571033	-8.643032	-10.025589
27895	10.362123	-8.059949	-9.758720
27896	10.145985	-7.514361	-9.423110
27897	9.935720	-6.995524	-8.990765
27898	9.700165	-6.511410	-8.495271
27899	9.438972	-6.040167	-7.972001
27900	9.153070	-5.593904	-7.426050
27901	8.871334	-5.172941	-6.877473
27902	8.604119	-4.770978	-6.396038
27903	8.334299	-4.415963	-5.943381
27904	8.080690	-4.036522	-5.546726
27905	7.815571	-3.673239	-5.173376
27906	7.552440	-3.279486	-4.872503
27907	7.307527	-2.851773	-4.642337
27908	7.078309	-2.412826	-4.442704
27909	6.856384	-1.985292	-4.224497
27910	6.639220	-1.580303	-3.975072
27911	6.439122	-1.207325	-3.707711
27912	6.215920	-0.911161	-3.388019
27913	5.993127	-0.642429	-3.068500
27914	5.779771	-0.375756	-2.772970
27915	5.579183	-0.128543	-2.492151
27916	5.385209	0.092338	-2.258079
27917	5.207156	0.285464	-2.051315
27918	5.036154	0.452201	-1.839740
27919	4.863278	0.598525	-1.664228
27920	4.712369	0.760988	-1.520525
27921	4.530714	0.894647	-1.408742
27922	4.361181	1.057263	-1.340829
27923	4.186470	1.241569	-1.312140
27924	3.990678	1.424159	-1.336549
27925	3.797165	1.608872	-1.369705
27926	3.601598	1.776516	-1.373734
27927	3.417813	1.915266	-1.307694
27928	3.242435	2.053720	-1.243604
27929	3.058215	2.162952	-1.264237
27930	2.892104	2.278203	-1.365612
27931	2.746535	2.398224	-1.397608
27932	2.614229	2.501602	-1.358636
27933	2.505119	2.600822	-1.293007
27934	2.418610	2.688090	-1.160051
27935	2.336008	2.758594	-0.950454
27936	2.261401	2.816070	-0.673726
27937	2.186718	2.875929	-0.368841
27938	2.113830	2.957427	-0.070449
27939	2.029869	3.037224	0.233636
27940	1.947361	3.125775	0.551283
27941	1.845397	3.206262	0.862014
27942	1.713594	3.299705	1.082487
27943	1.564499	3.411626	1.243152
27944	1.408210	3.529113	1.342772
27945	1.256090	3.644152	1.423970
27946	1.111081	3.747434	1.512338
27947	0.968185	3.841399	1.606788
27948	0.833279	3.929883	1.693486
27949	0.712545	4.011262	1.767973
27950	0.607766	4.087598	1.817383
27951	0.525791	4.174549	1.824176
27952	0.448835	4.243595	1.810016
27953	0.355681	4.300439	1.765795
27954	0.249558	4.351329	1.678902
27955	0.133203	4.395817	1.585330
27956	0.018194	4.438803	1.497449
27957	-0.088423	4.484490	1.417725
27958	-0.187975	4.517291	1.342595
27959	-0.270212	4.548622	1.288948
27960	-0.328583	4.570807	1.270142
27961	-0.374446	4.588611	1.265382
27962	-0.428476	4.595612	1.231172
27963	-0.490177	4.599800	1.166915
27964	-0.551993	4.613036	1.086592
27965	-0.628873	4.622293	0.986881
27966	-0.710727	4.638402	0.857327
27967	-0.789074	4.646286	0.740796
27968	-0.860877	4.657981	0.625400
27969	-0.920932	4.681405	0.509229
27970	-0.977788	4.711334	0.400868
27971	-1.038399	4.740348	0.308897
27972	-1.096481	4.779994	0.251506
27973	-1.155661	4.822152	0.215095
27974	-1.213801	4.855680	0.201593
27975	-1.264053	4.887599	0.219780
27976	-1.310262	4.905534	0.253325
27977	-1.349836	4.919351	0.278623
27978	-1.389019	4.928939	0.287282
27979	-1.420411	4.940672	0.281413
27980	-1.449606	4.945791	0.246571
27981	-1.473976	4.954852	0.169339
27982	-1.499694	4.951731	0.064343
27983	-1.519061	4.947024	-0.045020
27984	-1.538712	4.934293	-0.153659
27985	-1.551975	4.918974	-0.260206
27986	-1.557941	4.902389	-0.341509
27987	-1.562907	4.884626	-0.415378
27988	-1.568634	4.859366	-0.484494
27989	-1.577547	4.829682	-0.537252
27990	-1.587835	4.811312	-0.586583
27991	-1.606363	4.801945	-0.624332
27992	-1.640160	4.788578	-0.659825
27993	-1.679438	4.780460	-0.700137
27994	-1.716992	4.778122	-0.734487
27995	-1.748858	4.783809	-0.763607
27996	-1.781557	4.790501	-0.790022
27997	-1.812041	4.792255	-0.814463
27998	-1.835512	4.790605	-0.828719
27999	-1.851772	4.785537	-0.827433
28000	-1.853803	4.787618	-0.813304
28001	-1.854306	4.780403	-0.802788
28002	-1.849845	4.764368	-0.802000
28003	-1.844875	4.740542	-0.810746
28004	-1.844052	4.712823	-0.827139
28005	-1.852583	4.674795	-0.849899
28006	-1.869149	4.635572	-0.887221
28007	-1.880778	4.602430	-0.932691
28008	-1.886480	4.577501	-0.972226
28009	-1.888659	4.557375	-0.994987
28010	-1.885509	4.546227	-1.005242
28011	-1.880528	4.539754	-1.000361
28012	-1.879459	4.537623	-0.985023
28013	-1.883271	4.532850	-0.970366
28014	-1.893872	4.510860	-0.945448
28015	-1.909514	4.480727	-0.906686
28016	-1.918976	4.462898	-0.865021
28017	-1.926812	4.449727	-0.830876
28018	-1.933623	4.439339	-0.810378
28019	-1.943799	4.426026	-0.816662
28020	-1.954964	4.410344	-0.841346
28021	-1.960496	4.388975	-0.873480
28022	-1.960332	4.366462	-0.913904
28023	-1.957526	4.338875	-0.951321
28024	-1.956624	4.307459	-0.981153
28025	-1.956169	4.273744	-1.007799
28026	-1.951854	4.243530	-1.028249
28027	-1.950656	4.205609	-1.037207
28028	-1.949446	4.157142	-1.040280
28029	-1.945450	4.119789	-1.031905
28030	-1.941001	4.086339	-1.012933
28031	-1.940624	4.062023	-0.993683
28032	-1.936320	4.040865	-0.973262
28033	-1.936096	4.018039	-0.965418
28034	-1.938189	3.993749	-0.961299
28035	-1.940082	3.973367	-0.963846
28036	-1.943578	3.958888	-0.983889
28037	-1.952304	3.937684	-1.014038
28038	-1.955371	3.924014	-1.051957
28039	-1.958034	3.909328	-1.083567
28040	-1.961206	3.895181	-1.107563
28041	-1.963847	3.880552	-1.126577
28042	-1.963634	3.868663	-1.147611
28043	-1.955494	3.852908	-1.153656
28044	-1.945857	3.839064	-1.150746
28045	-1.942328	3.828283	-1.155950
28046	-1.945894	3.816392	-1.168558
28047	-1.944495	3.800945	-1.183439
28048	-1.942453	3.787671	-1.191506
28049	-1.934289	3.781536	-1.180880
28050	-1.926101	3.780331	-1.157006
28051	-1.923198	3.781052	-1.142834
28052	-1.926932	3.773396	-1.121788
28053	-1.934607	3.763930	-1.093161
28054	-1.947872	3.749394	-1.057224
28055	-1.963939	3.737817	-1.018632
28056	-1.982444	3.725096	-0.978660
28057	-2.005041	3.708384	-0.930834
28058	-2.025956	3.694360	-0.883079
28059	-2.045645	3.688506	-0.847958
28060	-2.071459	3.678914	-0.833136
28061	-2.092463	3.665986	-0.817997
28062	-2.121180	3.649142	-0.814625
28063	-2.162975	3.621922	-0.821638
28064	-2.204764	3.590296	-0.816931
28065	-2.242012	3.553344	-0.796495
28066	-2.274391	3.512151	-0.772181
28067	-2.296489	3.465954	-0.768161
28068	-2.313796	3.418045	-0.788172
28069	-2.323809	3.364656	-0.836809
28070	-2.330136	3.301103	-0.915456
28071	-2.325931	3.240789	-1.008996
28072	-2.321033	3.172960	-1.099528
28073	-2.309489	3.104042	-1.198573
28074	-2.292877	3.039463	-1.293413
28075	-2.274013	2.973525	-1.361573
28076	-2.254368	2.902135	-1.414634
28077	-2.234144	2.828599	-1.456365
28078	-2.210743	2.751037	-1.478177
28079	-2.185773	2.664667	-1.494947
28080	-2.154379	2.590322	-1.499257
28081	-2.124165	2.520390	-1.489517
28082	-2.099546	2.458713	-1.472695
28083	-2.084089	2.404561	-1.451257
28084	-2.080978	2.354200	-1.415979
28085	-2.087945	2.309621	-1.361590
28086	-2.099893	2.271908	-1.281580
28087	-2.118330	2.248029	-1.217784
28088	-2.143546	2.222555	-1.169930
28089	-2.173805	2.199317	-1.138064
28090	-2.213865	2.180670	-1.113661
28091	-2.262947	2.159872	-1.098663
28092	-2.310991	2.140848	-1.082054
28093	-2.355475	2.126947	-1.061611
28094	-2.405359	2.100579	-1.035474
28095	-2.453198	2.072076	-0.980229
28096	-2.499114	2.040862	-0.917091
28097	-2.545621	2.014547	-0.863973
28098	-2.595383	1.982337	-0.824663
28099	-2.646021	1.942262	-0.792542
28100	-2.696209	1.900160	-0.752882
28101	-2.746200	1.849967	-0.702382
28102	-2.788422	1.791044	-0.652859
28103	-2.813357	1.734813	-0.598634
28104	-2.830318	1.670530	-0.528171
28105	-2.832718	1.612682	-0.461837
28106	-2.823689	1.559208	-0.414031
28107	-2.816230	1.497593	-0.373055
28108	-2.813610	1.423665	-0.342892
28109	-2.818183	1.339038	-0.331050
28110	-2.831689	1.244765	-0.314112
28111	-2.849870	1.135716	-0.288904
28112	-2.870983	1.012789	-0.244141
28113	-2.884997	0.882443	-0.168810
28114	-2.896588	0.731787	-0.062524
28115	-2.885854	0.588246	0.085993
28116	-2.863473	0.437465	0.254695
28117	-2.831209	0.282356	0.416766
28118	-2.790814	0.118902	0.574904
28119	-2.744640	-0.060139	0.746361
28120	-2.694189	-0.247453	0.928629
28121	-2.643554	-0.450369	1.121334
28122	-2.600385	-0.683132	1.334419
28123	-2.560127	-0.946546	1.559115
28124	-2.522991	-1.245524	1.778686
28125	-2.484229	-1.572965	1.994342
28126	-2.440415	-1.928441	2.184007
28127	-2.375417	-2.302803	2.299294
28128	-2.288353	-2.717423	2.369858
28129	-2.171753	-3.175808	2.420243
28130	-2.010437	-3.675172	2.438504
28131	-1.821598	-4.231255	2.459415
28132	-1.616191	-4.845157	2.523916
28133	-1.382268	-5.514645	2.628461
28134	-1.109664	-6.243530	2.749120
28135	-0.791206	-7.010580	2.861695
28136	-0.426012	-7.799851	2.918837
28137	-0.013108	-8.620742	2.888966
28138	0.471818	-9.477148	2.751387
28139	1.034572	-10.365101	2.511752
28140	1.677243	-11.276746	2.218649
28141	2.388487	-12.204905	1.932680
28142	3.153381	-13.172605	1.706004
28143	3.949051	-14.190048	1.525643
28144	4.779049	-15.254766	1.345588
28145	5.628707	-16.355694	1.151726
28146	6.479838	-17.492461	0.954025
28147	7.327740	-18.646500	0.754651
28148	8.174084	-19.807454	0.544660
28149	9.023868	-20.967786	0.297562
28150	9.874839	-22.125412	0.015156
28151	10.723006	-23.268780	-0.281296
28152	11.561661	-24.387512	-0.585562
28153	12.390084	-25.481086	-0.925967
28154	13.219054	-26.552209	-1.321088
28155	14.059774	-27.595175	-1.766477
28156	14.901595	-28.622765	-2.237314
28157	15.715463	-29.628796	-2.695724
28158	16.488527	-30.631789	-3.109574
28159	17.222793	-31.627104	-3.460660
28160	17.923636	-32.606365	-3.745806
28161	18.588564	-33.574866	-3.979662
28162	19.225663	-34.532157	-4.202502
28163	19.849067	-35.452179	-4.451056
28164	20.460542	-36.330485	-4.711216
28165	21.057905	-37.151051	-4.970990
28166	21.651274	-37.905835	-5.234508
28167	22.228661	-38.607879	-5.493941
28168	22.769771	-39.266386	-5.726887
28169	23.254411	-39.895481	-5.906241
28170	23.685007	-40.475886	-6.029957
28171	24.087880	-40.985424	-6.137401
28172	24.482217	-41.432331	-6.261299
28173	24.882062	-41.815764	-6.424461
28174	25.265665	-42.132903	-6.599376
28175	25.600784	-42.386606	-6.762814
28176	25.885958	-42.568355	-6.909875
28177	26.129177	-42.700169	-7.054184
28178	26.296158	-42.805554	-7.150044
28179	26.389282	-42.871206	-7.183429
28180	26.427092	-42.888330	-7.150715
28181	26.416075	-42.865282	-7.067241
28182	26.380909	-42.787506	-6.955002
28183	26.321278	-42.662136	-6.810128
28184	26.208930	-42.523655	-6.611930
28185	26.055984	-42.378584	-6.369925
28186	25.872024	-42.217212	-6.088366
28187	25.687860	-42.008150	-5.804919
28188	25.526714	-41.761912	-5.549364
28189	25.373761	-41.478996	-5.318512
28190	25.214917	-41.160228	-5.106912
28191	25.045542	-40.819465	-4.888914
28192	24.901434	-40.456810	-4.713917
28193	24.777115	-40.101357	-4.571120
28194	24.639854	-39.765906	-4.413560
28195	24.452889	-39.474041	-4.195262
28196	24.236434	-39.226881	-3.950725
28197	24.007448	-39.009194	-3.695786
28198	23.788976	-38.796016	-3.451781
28199	23.604025	-38.584648	-3.237973
28200	23.451578	-38.373287	-3.052252
28201	23.311406	-38.168793	-2.859513
28202	23.162230	-37.987138	-2.657965
28203	23.010297	-37.812998	-2.446948
28204	22.865378	-37.645595	-2.232467
28205	22.736714	-37.486138	-2.029791
28206	22.639464	-37.331111	-1.861394
28207	22.566598	-37.187908	-1.719874
28208	22.509052	-37.035978	-1.606840
28209	22.468257	-36.856452	-1.535349
28210	22.456198	-36.622599	-1.523344
28211	22.459222	-36.325619	-1.551386
28212	22.407942	-36.048428	-1.568820
28213	22.274640	-35.910253	-1.554814
28214	22.123169	-35.890069	-1.494910
28215	21.986291	-35.985551	-1.368945
28216	21.948028	-36.110811	-1.243697
28217	21.928566	-36.233701	-1.106140
28218	21.924762	-36.356045	-1.036769
28219	22.003082	-36.412228	-1.131440
28220	22.168499	-36.337548	-1.334148
28221	22.385230	-36.168233	-1.659123
28222	22.542863	-36.057987	-2.035570
28223	22.546282	-36.025128	-2.281769
28224	22.423942	-36.008326	-2.379986
28225	22.316624	-35.870143	-2.493200
28226	22.245650	-35.583874	-2.625988
28227	22.145036	-35.247562	-2.735156
28228	21.995982	-34.924018	-2.814714
28229	21.857971	-34.548589	-2.808574
28230	21.776440	-34.186471	-2.899749
28231	21.841507	-33.747544	-3.230213
28232	21.925010	-33.340798	-3.658002
28233	21.973269	-32.897961	-4.090257
28234	21.992451	-32.380471	-4.495269
28235	21.913153	-31.869995	-4.881149
28236	21.783655	-31.297685	-5.178646
28237	21.606618	-30.700224	-5.390703
28238	21.317599	-30.181798	-5.493990
28239	20.979082	-29.657070	-5.458444
28240	20.592975	-29.189038	-5.285630
28241	20.192427	-28.743629	-5.039909
28242	19.824712	-28.298306	-4.760501
28243	19.444895	-27.877028	-4.430478
28244	19.065950	-27.427391	-4.084997
28245	18.718893	-26.902584	-3.782537
28246	18.416993	-26.309347	-3.536357
28247	18.169423	-25.605385	-3.365566
28248	17.990369	-24.790181	-3.273975
28249	17.812320	-23.930576	-3.217751
28250	17.632973	-23.013424	-3.229280
28251	17.415758	-22.093806	-3.241402
28252	17.150911	-21.200712	-3.228120
28253	16.864272	-20.336360	-3.164070
28254	16.555679	-19.538429	-3.033695
28255	16.242621	-18.821199	-2.851898
28256	15.902977	-18.185867	-2.613303
28257	15.569935	-17.574753	-2.394666
28258	15.277100	-16.935841	-2.255247
28259	15.030370	-16.253082	-2.207523
28260	14.811228	-15.537949	-2.234188
28261	14.598622	-14.816228	-2.285405
28262	14.402638	-14.078613	-2.334005
28263	14.218408	-13.330837	-2.362456
28264	14.009141	-12.607912	-2.325107
28265	13.785585	-11.901612	-2.274784
28266	13.544639	-11.231646	-2.176575
28267	13.283747	-10.611579	-2.028297
28268	12.999661	-10.062153	-1.815887
28269	12.684586	-9.583913	-1.539603
28270	12.352888	-9.135430	-1.276656
28271	12.023347	-8.700896	-1.024931
28272	11.697326	-8.264788	-0.808839
28273	11.378933	-7.813468	-0.659756
28274	11.081533	-7.345666	-0.568984
28275	10.782606	-6.892360	-0.520569
28276	10.469468	-6.447201	-0.508591
28277	10.134503	-6.019556	-0.520002
28278	9.815456	-5.556351	-0.587526
28279	9.498008	-5.093903	-0.661956
28280	9.190653	-4.632703	-0.752045
28281	8.913469	-4.177034	-0.840123
28282	8.629989	-3.764653	-0.934689
28283	8.347492	-3.395148	-1.018632
28284	8.052670	-3.087164	-1.062945
28285	7.766770	-2.829375	-1.095615
28286	7.484460	-2.600550	-1.164720
28287	7.208989	-2.355243	-1.338538
28288	6.933463	-2.095822	-1.565634
28289	6.670888	-1.807749	-1.834698
28290	6.421067	-1.507114	-2.105916
28291	6.174683	-1.200393	-2.330918
28292	5.932867	-0.885555	-2.534291
28293	5.696965	-0.565519	-2.720566
28294	5.454406	-0.262400	-2.843008
28295	5.224078	0.042313	-2.921232
28296	5.011583	0.352582	-2.918983
28297	4.775304	0.617407	-2.821699
28298	4.544864	0.872349	-2.634666
28299	4.328438	1.111680	-2.409549
28300	4.117900	1.329285	-2.167679
28301	3.914517	1.553848	-1.923930
28302	3.719453	1.794123	-1.701869
28303	3.522772	2.010905	-1.496700
28304	3.340278	2.218667	-1.298294
28305	3.174623	2.408037	-1.112308
28306	3.014130	2.571450	-0.961281
28307	2.873374	2.750347	-0.857069
28308	2.738699	2.932586	-0.809892
28309	2.596330	3.104414	-0.809133
28310	2.460061	3.265518	-0.802747
28311	2.338309	3.413931	-0.798539
28312	2.239643	3.536960	-0.750885
28313	2.147805	3.649935	-0.653616
28314	2.025924	3.737025	-0.524047
28315	1.891714	3.820348	-0.416174
28316	1.746599	3.880505	-0.286369
28317	1.615242	3.964683	-0.213696
28318	1.488736	4.076969	-0.207971
28319	1.348536	4.203300	-0.245657
28320	1.200347	4.341291	-0.278510
28321	1.056622	4.491494	-0.285068
28322	0.908028	4.636255	-0.254833
28323	0.755997	4.782701	-0.198498
28324	0.603096	4.911194	-0.152486
28325	0.470627	5.014360	-0.097386
28326	0.366284	5.086595	-0.011929
28327	0.301193	5.127142	0.112027
28328	0.280694	5.143517	0.243229
28329	0.299720	5.130527	0.373055
28330	0.355667	5.092255	0.487499
28331	0.414898	5.012730	0.542774
28332	0.481751	4.901572	0.565714
28333	0.559528	4.793919	0.592513
28334	0.639730	4.695211	0.589679
28335	0.713636	4.618056	0.581717
28336	0.777092	4.583425	0.548784
28337	0.816518	4.560101	0.519686
28338	0.830940	4.547863	0.498945
28339	0.833867	4.533806	0.480729
28340	0.816557	4.513528	0.513394
28341	0.772030	4.506211	0.569514
28342	0.702680	4.512621	0.613440
28343	0.615945	4.523224	0.689846
28344	0.517803	4.544737	0.783748
28345	0.408445	4.569714	0.862243
28346	0.292129	4.593625	0.929386
28347	0.178397	4.616282	0.996620
28348	0.067183	4.636312	1.054907
28349	-0.039326	4.638174	1.110185
28350	-0.140959	4.622224	1.142953
28351	-0.221566	4.595608	1.141478
28352	-0.274516	4.567935	1.093729
28353	-0.297855	4.545620	1.004937
28354	-0.308252	4.522653	0.902500
28355	-0.319134	4.486301	0.803667
28356	-0.335836	4.448757	0.694150
28357	-0.359785	4.398283	0.597194
28358	-0.386162	4.345736	0.518332
28359	-0.403050	4.292676	0.481471
28360	-0.410973	4.243056	0.461020
28361	-0.416573	4.198126	0.440420
28362	-0.427081	4.159461	0.408269
28363	-0.440395	4.116714	0.390710
28364	-0.456509	4.067743	0.391538
28365	-0.469024	4.022178	0.423286
28366	-0.480765	3.988716	0.466673
28367	-0.485772	3.966571	0.509573
28368	-0.497702	3.959087	0.551811
28369	-0.515924	3.960197	0.588366
28370	-0.555144	3.960368	0.601182
28371	-0.610096	3.964937	0.582110
28372	-0.676210	3.972100	0.547526
28373	-0.742473	3.984213	0.509110
28374	-0.799404	4.007275	0.477424
28375	-0.849833	4.027910	0.470287
28376	-0.895311	4.047383	0.478053
28377	-0.938842	4.062549	0.494007
28378	-0.973832	4.078409	0.520201
28379	-1.003358	4.091899	0.552478
28380	-1.034202	4.088551	0.578618
28381	-1.057441	4.076520	0.599757
28382	-1.071429	4.063523	0.610439
28383	-1.081608	4.051311	0.607590
28384	-1.088400	4.044977	0.588355
28385	-1.092249	4.042465	0.545739
28386	-1.095651	4.030255	0.500725
28387	-1.099589	4.015031	0.466498
28388	-1.102971	3.994663	0.439759
28389	-1.107251	3.968536	0.422872
28390	-1.103424	3.946887	0.418806
28391	-1.098466	3.915274	0.436355
28392	-1.092801	3.889751	0.454362
28393	-1.085018	3.874840	0.471942
28394	-1.078409	3.875099	0.472759
28395	-1.079811	3.881812	0.466473
28396	-1.090958	3.889609	0.470688
28397	-1.108022	3.901386	0.465466
28398	-1.134921	3.909693	0.460866
28399	-1.163252	3.918984	0.466046
28400	-1.184596	3.932444	0.480852
28401	-1.202931	3.945149	0.489038
28402	-1.220568	3.949188	0.483170
28403	-1.233400	3.956816	0.477029
28404	-1.248789	3.969477	0.456730
28405	-1.259716	3.989516	0.436112
28406	-1.268775	4.006627	0.423306
28407	-1.283197	4.023303	0.406141
28408	-1.302293	4.035677	0.394271
28409	-1.321955	4.048801	0.396835
28410	-1.338725	4.066236	0.398648
28411	-1.353808	4.085384	0.408451
28412	-1.373487	4.101841	0.404360
28413	-1.391146	4.113324	0.381688
28414	-1.403475	4.118726	0.362561
28415	-1.424153	4.116520	0.342358
28416	-1.441086	4.113329	0.326300
28417	-1.454516	4.110167	0.313454
28418	-1.465878	4.109177	0.287738
28419	-1.476098	4.106847	0.255211
28420	-1.484027	4.106957	0.223621
28421	-1.488904	4.108209	0.200561
28422	-1.490884	4.109319	0.198622
28423	-1.492378	4.107968	0.213174
28424	-1.490364	4.111588	0.234252
28425	-1.485038	4.115470	0.263689
28426	-1.480514	4.114601	0.297555
28427	-1.480654	4.107324	0.328201
28428	-1.487429	4.096110	0.346280
28429	-1.494543	4.075083	0.363861
28430	-1.497879	4.063275	0.390196
28431	-1.501448	4.053497	0.430606
28432	-1.497288	4.052483	0.476209
28433	-1.491324	4.049996	0.522232
28434	-1.480498	4.057893	0.559722
28435	-1.469269	4.069067	0.588015
28436	-1.457011	4.080917	0.606719
28437	-1.446873	4.092161	0.619085
28438	-1.436037	4.095461	0.644148
28439	-1.419357	4.090638	0.681629
28440	-1.399020	4.087743	0.725778
28441	-1.376700	4.080454	0.770358
28442	-1.356762	4.070057	0.801021
28443	-1.337725	4.059020	0.838752
28444	-1.320135	4.044977	0.883801
28445	-1.302924	4.033233	0.918797
28446	-1.291268	4.015676	0.936894
28447	-1.275240	4.003220	0.949612
28448	-1.258747	3.997683	0.947413
28449	-1.246700	3.993645	0.931372
28450	-1.231634	3.997846	0.905311
28451	-1.214176	4.006962	0.879154
28452	-1.202363	4.022820	0.848252
28453	-1.193082	4.040790	0.822576
28454	-1.188203	4.054246	0.808322
28455	-1.184531	4.065846	0.801494
28456	-1.178142	4.078102	0.795432
28457	-1.169228	4.090561	0.774063
28458	-1.162438	4.096223	0.738704
28459	-1.149475	4.102904	0.703796
28460	-1.133890	4.109580	0.665997
28461	-1.118047	4.115400	0.619290
28462	-1.099928	4.121947	0.569824
28463	-1.077972	4.131589	0.529664
28464	-1.053913	4.146464	0.487936
28465	-1.031443	4.162297	0.444682
28466	-1.012987	4.183888	0.400836
28467	-0.998113	4.201669	0.352955
28468	-0.984039	4.216870	0.311866
28469	-0.965908	4.235135	0.288860
28470	-0.948351	4.247165	0.280280
28471	-0.925811	4.254641	0.284525
28472	-0.905353	4.257159	0.295127
28473	-0.879686	4.257004	0.313207
28474	-0.843141	4.264717	0.345137
28475	-0.804678	4.270430	0.376071
28476	-0.763574	4.280689	0.387212
28477	-0.720466	4.284914	0.378652
28478	-0.680582	4.289381	0.357932
28479	-0.643821	4.291093	0.327641
28480	-0.601811	4.298546	0.288974
28481	-0.557709	4.311133	0.249029
28482	-0.510798	4.325110	0.216218
28483	-0.456441	4.340685	0.203487
28484	-0.403312	4.348973	0.215897
28485	-0.350180	4.356080	0.223325
