// General information: 
//  MT Manager version: 2021.4.0 
//  XDA version: 2021.4.0 build 6323 rev 112641 built on 2021-09-28
// Device information: 
//  DeviceId: 00B43856
//  ProductCode: MTW2-3A7G6
//  Firmware Version: 4.3.4
//  Hardware Version: 1.1.0
// Device settings: 
//  Filter Profile: human(46.1)
//  Option Flags: Orientation Smoother Disabled, Position/Velocity Smoother Disabled, Continuous Zero Rotation Update Disabled, AHS Disabled, ICC Disabled
// Coordinate system: ENU
PacketCounter	Roll	Pitch	Yaw
30848	-1.032534	2.387448	0.975044
30849	-1.042820	2.408973	1.020372
30850	-1.046381	2.424592	1.066903
30851	-1.045392	2.431820	1.113985
30852	-1.035345	2.432272	1.156891
30853	-1.023775	2.425813	1.194308
30854	-1.003722	2.415222	1.227415
30855	-0.977320	2.404158	1.258769
30856	-0.951925	2.393141	1.286506
30857	-0.923800	2.376296	1.319500
30858	-0.894517	2.355110	1.358009
30859	-0.862988	2.333871	1.392468
30860	-0.835027	2.308269	1.414703
30861	-0.806315	2.281532	1.425169
30862	-0.775116	2.251580	1.432380
30863	-0.745039	2.221563	1.438726
30864	-0.714555	2.192464	1.445065
30865	-0.686491	2.165902	1.448544
30866	-0.657877	2.137463	1.462229
30867	-0.628939	2.110179	1.484831
30868	-0.602211	2.082389	1.505864
30869	-0.579217	2.056505	1.522580
30870	-0.558013	2.031348	1.529667
30871	-0.539467	2.006442	1.529277
30872	-0.525466	1.982777	1.524414
30873	-0.515716	1.960740	1.516379
30874	-0.507037	1.942078	1.508054
30875	-0.501631	1.927019	1.503708
30876	-0.493378	1.918259	1.509391
30877	-0.483206	1.911965	1.512966
30878	-0.468907	1.913048	1.495171
30879	-0.453435	1.910562	1.470675
30880	-0.440847	1.901838	1.449789
30881	-0.428748	1.892655	1.433755
30882	-0.416967	1.880010	1.425565
30883	-0.405096	1.867929	1.423433
30884	-0.394232	1.855536	1.426568
30885	-0.382097	1.840336	1.440459
30886	-0.367215	1.826801	1.460534
30887	-0.349503	1.817829	1.470985
30888	-0.328622	1.813992	1.472296
30889	-0.304890	1.809352	1.469606
30890	-0.284575	1.806733	1.460673
30891	-0.268278	1.806154	1.452396
30892	-0.260643	1.800755	1.443796
30893	-0.256525	1.800283	1.421545
30894	-0.257982	1.801287	1.409007
30895	-0.263341	1.806448	1.402942
30896	-0.269978	1.812549	1.399499
30897	-0.277424	1.820183	1.389249
30898	-0.283352	1.825661	1.373313
30899	-0.287462	1.829463	1.337781
30900	-0.288565	1.836027	1.292894
30901	-0.291814	1.839091	1.248236
30902	-0.295183	1.843337	1.212422
30903	-0.306590	1.846831	1.173414
30904	-0.321700	1.849979	1.146477
30905	-0.338040	1.854634	1.131357
30906	-0.356532	1.859597	1.126211
30907	-0.374728	1.866094	1.125815
30908	-0.391850	1.873562	1.131536
30909	-0.405463	1.891333	1.134851
30910	-0.415301	1.908531	1.146114
30911	-0.424553	1.923791	1.161535
30912	-0.432473	1.937885	1.189407
30913	-0.437758	1.949034	1.224762
30914	-0.442643	1.955643	1.269851
30915	-0.445188	1.958722	1.314174
30916	-0.447151	1.960154	1.357192
30917	-0.445183	1.952976	1.394232
30918	-0.439160	1.946067	1.426788
30919	-0.428515	1.944026	1.449364
30920	-0.415156	1.938604	1.455737
30921	-0.401816	1.933218	1.451946
30922	-0.392218	1.929431	1.444483
30923	-0.388644	1.925297	1.432667
30924	-0.389498	1.923055	1.427710
30925	-0.387628	1.923638	1.440282
30926	-0.387873	1.928783	1.459284
30927	-0.382084	1.937191	1.475483
30928	-0.381672	1.939421	1.482094
30929	-0.385174	1.942506	1.475760
30930	-0.388245	1.946955	1.464993
30931	-0.392082	1.948950	1.449582
30932	-0.398737	1.948655	1.438964
30933	-0.404209	1.946531	1.432016
30934	-0.407091	1.949036	1.431124
30935	-0.407387	1.955216	1.435733
30936	-0.404889	1.963647	1.443282
30937	-0.403600	1.968479	1.430469
30938	-0.401595	1.972010	1.409254
30939	-0.402136	1.972901	1.390938
30940	-0.402978	1.973005	1.377262
30941	-0.405364	1.972105	1.375802
30942	-0.407957	1.972797	1.388692
30943	-0.407308	1.973830	1.407991
30944	-0.404436	1.976137	1.437343
30945	-0.402022	1.980753	1.460392
30946	-0.396507	1.988322	1.478993
30947	-0.393563	1.997349	1.470918
30948	-0.395818	2.003558	1.449517
30949	-0.400355	2.013319	1.422491
30950	-0.408109	2.022010	1.400498
30951	-0.417259	2.027647	1.381822
30952	-0.422600	2.032015	1.378060
30953	-0.426062	2.038621	1.374444
30954	-0.426183	2.044255	1.377371
30955	-0.423860	2.053342	1.364272
30956	-0.421233	2.062396	1.349093
30957	-0.422876	2.068001	1.322987
30958	-0.421478	2.072669	1.298186
30959	-0.424284	2.076862	1.273864
30960	-0.426752	2.078178	1.264012
30961	-0.429374	2.077226	1.258945
30962	-0.432932	2.071754	1.267370
30963	-0.436890	2.064328	1.272189
30964	-0.434417	2.059647	1.278730
30965	-0.431340	2.059201	1.271766
30966	-0.428034	2.060851	1.256914
30967	-0.425283	2.064605	1.236050
30968	-0.429139	2.061090	1.224028
30969	-0.435052	2.057852	1.218672
30970	-0.440421	2.059865	1.223615
30971	-0.447359	2.062499	1.233379
30972	-0.451206	2.064971	1.257119
30973	-0.451763	2.067954	1.280276
30974	-0.452277	2.063655	1.312971
30975	-0.448000	2.061024	1.330787
30976	-0.441978	2.060837	1.350507
30977	-0.436259	2.059498	1.353817
30978	-0.431337	2.057413	1.359113
30979	-0.426638	2.048915	1.365314
30980	-0.420096	2.041114	1.379486
30981	-0.415378	2.030405	1.390659
30982	-0.410766	2.018957	1.401031
30983	-0.409065	2.007370	1.406185
30984	-0.407065	1.997462	1.414489
30985	-0.400981	1.992757	1.409981
30986	-0.393965	1.990447	1.409057
30987	-0.388291	1.987802	1.401922
30988	-0.386279	1.984638	1.395465
30989	-0.382416	1.981848	1.385341
30990	-0.380965	1.977513	1.385967
30991	-0.379199	1.972420	1.384841
30992	-0.380265	1.965432	1.384747
30993	-0.379987	1.958878	1.385956
30994	-0.378701	1.954218	1.387374
30995	-0.375379	1.951792	1.379660
30996	-0.373617	1.952501	1.372651
30997	-0.373013	1.951988	1.361966
30998	-0.377506	1.951535	1.355678
30999	-0.383905	1.952478	1.351109
31000	-0.389811	1.955708	1.354435
31001	-0.394046	1.958507	1.361321
31002	-0.391175	1.963255	1.375305
31003	-0.388957	1.965898	1.381065
31004	-0.385215	1.965923	1.385859
31005	-0.377754	1.967344	1.381686
31006	-0.370725	1.967262	1.378713
31007	-0.363639	1.963129	1.378494
31008	-0.356386	1.959042	1.382727
31009	-0.354485	1.956035	1.383197
31010	-0.357440	1.951893	1.388428
31011	-0.361598	1.947865	1.392998
31012	-0.366634	1.944083	1.397788
31013	-0.369765	1.943141	1.391635
31014	-0.366966	1.945879	1.381825
31015	-0.369354	1.947002	1.359164
31016	-0.369422	1.946514	1.341602
31017	-0.369132	1.948441	1.329906
31018	-0.368389	1.951677	1.312996
31019	-0.368258	1.954361	1.301405
31020	-0.370540	1.953749	1.301421
31021	-0.377012	1.953170	1.297427
31022	-0.381660	1.952327	1.300540
31023	-0.384786	1.951121	1.298325
31024	-0.384176	1.953876	1.299434
31025	-0.386033	1.955328	1.284156
31026	-0.388095	1.955328	1.270060
31027	-0.390384	1.951596	1.248339
31028	-0.391717	1.946475	1.234454
31029	-0.390250	1.947536	1.217095
31030	-0.388316	1.946496	1.204675
31031	-0.391869	1.947356	1.185980
31032	-0.395343	1.944620	1.174311
31033	-0.404615	1.943749	1.160423
31034	-0.411413	1.943279	1.152522
31035	-0.415483	1.942498	1.144642
31036	-0.417547	1.944502	1.143775
31037	-0.416886	1.946936	1.141060
31038	-0.415130	1.949659	1.147278
31039	-0.417331	1.955092	1.143173
31040	-0.420522	1.954957	1.141192
31041	-0.427766	1.953929	1.131765
31042	-0.436216	1.950193	1.131784
31043	-0.445336	1.946030	1.140278
31044	-0.450062	1.940576	1.154128
31045	-0.453342	1.937658	1.173142
31046	-0.457532	1.933251	1.186571
31047	-0.462003	1.926779	1.192019
31048	-0.465189	1.922248	1.196079
31049	-0.470727	1.917947	1.209706
31050	-0.478461	1.915433	1.225741
31051	-0.492188	1.908184	1.260742
31052	-0.510585	1.893616	1.315407
31053	-0.527714	1.881524	1.375835
31054	-0.547666	1.868491	1.431596
31055	-0.568178	1.855391	1.482589
31056	-0.593029	1.839836	1.516848
31057	-0.615722	1.817893	1.535445
31058	-0.631410	1.789743	1.544535
31059	-0.636182	1.763179	1.536552
31060	-0.628703	1.738115	1.515777
31061	-0.614239	1.720553	1.463924
31062	-0.598789	1.695709	1.393558
31063	-0.590958	1.664290	1.283782
31064	-0.590343	1.628876	1.150572
31065	-0.594665	1.595643	0.987238
31066	-0.600026	1.560138	0.804234
31067	-0.599054	1.531896	0.619311
31068	-0.588976	1.506561	0.459621
31069	-0.570810	1.475444	0.326855
31070	-0.551358	1.446006	0.215190
31071	-0.526531	1.410375	0.109201
31072	-0.501830	1.373312	0.022919
31073	-0.480595	1.330069	-0.078030
31074	-0.459976	1.285322	-0.180946
31075	-0.441635	1.230146	-0.277748
31076	-0.418978	1.175827	-0.360754
31077	-0.389919	1.128251	-0.431630
31078	-0.359640	1.079763	-0.497973
31079	-0.322005	1.037006	-0.562784
31080	-0.286042	0.997565	-0.632959
31081	-0.253279	0.962621	-0.708336
31082	-0.231126	0.934140	-0.804126
31083	-0.219465	0.902659	-0.898173
31084	-0.215745	0.870957	-0.986620
31085	-0.219033	0.838201	-1.055384
31086	-0.223953	0.808532	-1.100926
31087	-0.236346	0.783224	-1.135821
31088	-0.246850	0.768551	-1.149036
31089	-0.254512	0.769149	-1.150824
31090	-0.266068	0.776504	-1.143270
31091	-0.279879	0.786154	-1.132017
31092	-0.302775	0.791271	-1.135064
31093	-0.334151	0.793267	-1.147906
31094	-0.374339	0.793431	-1.170912
31095	-0.421093	0.789393	-1.185439
31096	-0.468134	0.786831	-1.191971
31097	-0.513496	0.789046	-1.184433
31098	-0.554241	0.791879	-1.164088
31099	-0.593824	0.792232	-1.136376
31100	-0.628594	0.789024	-1.107142
31101	-0.666494	0.785403	-1.065127
31102	-0.704636	0.773491	-1.041077
31103	-0.754887	0.753477	-1.015608
31104	-0.809090	0.727691	-0.981759
31105	-0.858677	0.694549	-0.934599
31106	-0.902806	0.659888	-0.888913
31107	-0.939894	0.624866	-0.833755
31108	-0.974040	0.587932	-0.786284
31109	-0.995976	0.545520	-0.739577
31110	-1.014381	0.499888	-0.693172
31111	-1.021409	0.452925	-0.630840
31112	-1.021004	0.391374	-0.565265
31113	-1.016006	0.315027	-0.483030
31114	-1.003982	0.219708	-0.382808
31115	-0.981780	0.101924	-0.233104
31116	-0.946700	-0.036074	-0.047475
31117	-0.895158	-0.198920	0.181776
31118	-0.829314	-0.388412	0.425441
31119	-0.752958	-0.609194	0.703948
31120	-0.674648	-0.868298	1.002747
31121	-0.591908	-1.169080	1.332131
31122	-0.501106	-1.512942	1.653249
31123	-0.395545	-1.901918	1.986333
31124	-0.280684	-2.340957	2.308121
31125	-0.143283	-2.830748	2.629922
31126	0.012788	-3.375737	2.908845
31127	0.200292	-3.978498	3.175068
31128	0.409893	-4.625314	3.407721
31129	0.654750	-5.341132	3.636767
31130	0.938962	-6.124054	3.781497
31131	1.301681	-6.968105	3.833849
31132	1.745518	-7.864888	3.777254
31133	2.276435	-8.791133	3.670216
31134	2.892205	-9.738711	3.483592
31135	3.574873	-10.708034	3.214422
31136	4.315779	-11.699309	2.832088
31137	5.118256	-12.706763	2.300155
31138	5.973083	-13.729063	1.620532
31139	6.859469	-14.768073	0.819801
31140	7.729837	-15.799556	-0.067145
31141	8.563345	-16.803162	-0.962821
31142	9.392324	-17.806993	-1.796310
31143	10.260904	-18.862273	-2.537857
31144	11.145173	-19.993257	-3.112761
31145	11.987506	-21.228590	-3.432355
31146	12.781176	-22.564625	-3.511396
31147	13.556255	-23.975931	-3.478844
31148	14.352297	-25.406284	-3.476751
31149	15.246322	-26.793318	-3.669031
31150	16.286231	-28.078904	-4.194028
31151	17.449238	-29.251527	-5.019935
31152	18.691005	-30.307604	-6.063869
31153	19.946294	-31.276616	-7.219556
31154	21.178426	-32.197660	-8.381345
31155	22.374996	-33.092107	-9.467547
31156	23.544460	-33.969955	-10.513867
31157	24.696364	-34.858081	-11.564724
31158	25.810412	-35.750824	-12.596322
31159	26.849168	-36.658173	-13.564452
31160	27.768598	-37.598212	-14.432468
31161	28.562257	-38.579036	-15.185848
31162	29.252213	-39.590729	-15.850131
31163	29.818592	-40.654695	-16.387655
31164	30.239032	-41.761732	-16.775482
31165	30.522095	-42.883591	-17.035815
31166	30.678230	-43.981060	-17.193943
31167	30.721554	-45.012144	-17.277229
31168	30.677215	-45.944697	-17.309450
31169	30.579470	-46.770319	-17.328501
31170	30.453553	-47.475289	-17.344608
31171	30.290634	-48.098499	-17.350742
31172	30.063066	-48.670376	-17.317979
31173	29.756440	-49.196365	-17.238070
31174	29.372234	-49.667383	-17.112365
31175	28.912217	-50.059189	-16.931773
31176	28.398967	-50.357931	-16.716743
31177	27.855359	-50.574081	-16.497933
31178	27.278047	-50.708971	-16.245558
31179	26.631882	-50.785748	-15.916529
31180	25.942073	-50.809924	-15.537657
31181	25.229014	-50.795231	-15.130762
31182	24.505130	-50.747192	-14.705256
31183	23.748766	-50.677315	-14.247308
31184	22.971970	-50.584670	-13.774667
31185	22.192165	-50.456180	-13.308834
31186	21.447313	-50.287506	-12.907586
31187	20.791216	-50.069116	-12.634077
31188	20.210203	-49.811669	-12.472353
31189	19.674671	-49.520950	-12.383171
31190	19.217081	-49.191746	-12.386368
31191	18.825457	-48.842874	-12.473106
31192	18.453876	-48.495099	-12.585859
31193	18.062309	-48.163025	-12.665670
31194	17.639609	-47.848412	-12.692537
31195	17.230598	-47.536345	-12.711227
31196	16.874932	-47.200885	-12.746256
31197	16.558463	-46.848792	-12.785613
31198	16.270805	-46.501279	-12.827283
31199	15.996150	-46.163686	-12.868065
31200	15.756592	-45.822633	-12.937286
31201	15.552658	-45.489383	-13.021282
31202	15.390118	-45.164519	-13.110637
31203	15.266965	-44.853377	-13.215611
31204	15.133198	-44.622892	-13.309837
31205	14.995889	-44.458643	-13.379870
31206	14.958054	-44.247439	-13.493279
31207	14.947942	-44.067422	-13.601005
31208	14.924495	-43.929220	-13.674815
31209	14.900345	-43.809030	-13.724344
31210	14.924696	-43.678571	-13.825483
31211	15.038884	-43.532101	-14.034651
31212	15.189418	-43.397676	-14.279595
31213	15.325177	-43.296460	-14.461684
31214	15.424711	-43.238712	-14.549598
31215	15.515103	-43.200180	-14.576658
31216	15.608023	-43.152590	-14.580404
31217	15.699571	-43.096690	-14.580532
31218	15.792728	-43.026029	-14.598508
31219	15.876589	-42.927241	-14.604415
31220	15.938745	-42.800579	-14.570835
31221	15.973628	-42.658387	-14.500229
31222	15.985280	-42.503702	-14.395860
31223	15.967758	-42.345578	-14.252754
31224	15.955200	-42.171540	-14.116579
31225	15.974143	-41.987752	-13.997486
31226	15.993723	-41.849597	-13.868703
31227	15.989925	-41.778200	-13.691242
31228	15.987329	-41.736530	-13.457453
31229	16.029968	-41.697238	-13.212850
31230	16.101646	-41.673327	-13.005832
31231	16.194353	-41.665740	-12.867640
31232	16.273397	-41.654867	-12.771609
31233	16.347259	-41.576640	-12.664266
31234	16.442659	-41.390406	-12.619209
31235	16.531509	-41.177140	-12.749551
31236	16.642736	-40.915105	-13.075456
31237	16.912897	-40.427960	-13.561809
31238	17.245221	-39.834732	-14.075565
31239	17.562405	-39.279123	-14.628581
31240	18.024476	-38.577562	-15.483105
31241	18.489037	-37.773039	-16.313372
31242	18.740889	-37.138242	-16.987445
31243	18.898903	-36.476800	-17.447151
31244	18.901328	-35.811420	-17.632972
31245	18.779565	-35.149361	-17.715412
31246	18.588174	-34.429471	-17.630574
31247	18.341215	-33.713236	-17.471279
31248	18.089408	-32.952222	-17.292105
31249	17.791604	-32.166475	-17.098850
31250	17.437083	-31.378571	-16.862071
31251	17.051234	-30.568217	-16.608875
31252	16.655213	-29.726539	-16.344203
31253	16.255515	-28.860422	-16.092086
31254	15.904072	-27.948468	-15.942431
31255	15.583049	-27.041374	-15.834865
31256	15.243542	-26.178791	-15.714755
31257	14.853204	-25.390387	-15.552804
31258	14.420632	-24.662711	-15.379368
31259	13.962798	-24.003077	-15.195371
31260	13.484927	-23.392149	-15.013369
31261	13.007250	-22.797375	-14.880705
31262	12.547557	-22.191816	-14.862281
31263	12.118941	-21.554255	-14.978022
31264	11.715241	-20.899399	-15.214771
31265	11.347492	-20.216530	-15.557304
31266	10.977677	-19.539275	-15.938752
31267	10.616845	-18.879311	-16.348235
31268	10.267214	-18.256682	-16.756147
31269	9.924922	-17.655786	-17.123530
31270	9.585370	-17.070944	-17.478362
31271	9.232092	-16.504741	-17.795288
31272	8.890549	-15.933179	-18.129549
31273	8.578779	-15.338921	-18.519617
31274	8.274665	-14.761858	-18.907761
31275	7.960867	-14.209004	-19.257993
31276	7.663454	-13.646304	-19.620767
31277	7.367610	-13.103036	-19.903921
31278	7.053689	-12.576646	-20.148511
31279	6.713642	-12.093285	-20.318249
31280	6.385595	-11.631931	-20.455776
31281	6.056151	-11.208679	-20.562522
31282	5.739829	-10.793791	-20.613264
31283	5.425309	-10.399040	-20.670220
31284	5.132813	-10.017192	-20.728289
31285	4.848662	-9.649376	-20.756636
31286	4.581591	-9.288027	-20.818101
31287	4.316384	-8.931303	-20.891118
31288	4.073478	-8.580247	-20.969534
31289	3.858863	-8.227360	-21.074505
31290	3.665174	-7.873436	-21.191252
31291	3.494795	-7.505370	-21.300147
31292	3.331877	-7.157607	-21.439393
31293	3.172022	-6.811580	-21.576103
31294	3.035039	-6.430423	-21.713322
31295	2.890270	-6.046444	-21.826485
31296	2.751556	-5.665026	-21.916347
31297	2.604735	-5.320632	-21.920219
31298	2.484495	-4.973690	-21.869644
31299	2.374843	-4.627514	-21.739131
31300	2.291245	-4.255418	-21.532413
31301	2.235679	-3.855226	-21.183173
31302	2.191068	-3.452456	-20.686363
31303	2.165102	-3.049137	-20.047068
31304	2.138748	-2.669067	-19.288279
31305	2.108032	-2.329127	-18.397887
31306	2.064966	-2.033620	-17.463465
31307	2.012982	-1.768469	-16.561142
31308	1.956897	-1.510682	-15.754710
31309	1.900890	-1.247050	-15.132270
31310	1.872080	-0.986197	-14.679726
31311	1.883519	-0.718464	-14.329000
31312	1.935488	-0.450779	-14.028141
31313	2.021269	-0.168282	-13.727553
31314	2.088155	0.102650	-13.404354
31315	2.094705	0.372245	-13.104679
31316	2.030751	0.655869	-12.866833
31317	1.908734	0.962064	-12.648283
31318	1.752641	1.257745	-12.371119
31319	1.576252	1.520242	-12.004546
31320	1.393314	1.732210	-11.561833
31321	1.202061	1.895007	-11.084783
31322	1.005886	2.020981	-10.685007
31323	0.819925	2.127937	-10.421584
31324	0.669578	2.232571	-10.301632
31325	0.551022	2.338295	-10.346838
31326	0.464775	2.452389	-10.534779
31327	0.405972	2.551469	-10.783283
31328	0.371564	2.637739	-10.998644
31329	0.349999	2.709147	-11.138575
31330	0.335653	2.769627	-11.193759
31331	0.333697	2.823289	-11.159394
31332	0.350470	2.873295	-11.029322
31333	0.394935	2.929533	-10.766882
31334	0.439164	2.993120	-10.436432
31335	0.459911	3.046917	-10.079232
31336	0.461995	3.096558	-9.698285
31337	0.455372	3.147017	-9.302141
31338	0.431703	3.206069	-8.952076
31339	0.396487	3.268677	-8.666780
31340	0.364220	3.337577	-8.417293
31341	0.338846	3.409136	-8.189742
31342	0.304487	3.466520	-7.974487
31343	0.271035	3.523639	-7.756567
31344	0.243127	3.569409	-7.563369
31345	0.219469	3.601616	-7.411077
31346	0.204111	3.613555	-7.286329
31347	0.193163	3.607332	-7.188602
31348	0.190345	3.586543	-7.124792
31349	0.195726	3.551304	-7.088302
31350	0.211340	3.513238	-7.064668
31351	0.226481	3.478917	-7.067083
31352	0.258585	3.456276	-7.106700
31353	0.293615	3.437400	-7.139253
31354	0.319446	3.420003	-7.142326
31355	0.335307	3.409254	-7.135737
31356	0.334930	3.391157	-7.099391
31357	0.331283	3.368733	-7.031735
31358	0.326303	3.340386	-6.932591
31359	0.335068	3.308868	-6.799943
31360	0.354193	3.269498	-6.677355
31361	0.372963	3.221008	-6.595903
31362	0.392303	3.158026	-6.547546
31363	0.409155	3.091757	-6.528713
31364	0.423644	3.027361	-6.563354
31365	0.437716	2.976506	-6.641418
31366	0.462174	2.938814	-6.718919
31367	0.468290	2.897103	-6.775846
31368	0.462511	2.868406	-6.835318
31369	0.434341	2.849950	-6.878067
31370	0.400912	2.840610	-6.896768
31371	0.364751	2.835427	-6.894064
31372	0.325740	2.829789	-6.886319
31373	0.290353	2.818832	-6.883889
31374	0.265775	2.813063	-6.873286
31375	0.246822	2.813106	-6.859868
31376	0.228712	2.815325	-6.871543
31377	0.219172	2.816238	-6.890390
31378	0.210058	2.812583	-6.911867
31379	0.200337	2.797663	-6.948125
31380	0.196841	2.774294	-6.973405
31381	0.197349	2.737937	-6.980704
31382	0.206133	2.696171	-6.964457
31383	0.222620	2.649465	-6.908262
31384	0.246517	2.607413	-6.857788
31385	0.273053	2.575212	-6.829017
31386	0.304724	2.540899	-6.795717
31387	0.346491	2.513988	-6.752839
31388	0.385744	2.492264	-6.701473
31389	0.422117	2.476839	-6.646419
31390	0.458795	2.461521	-6.572496
31391	0.489980	2.452543	-6.502398
31392	0.514903	2.442497	-6.460710
31393	0.538820	2.426863	-6.427659
31394	0.569756	2.405895	-6.370370
31395	0.598021	2.385821	-6.284185
31396	0.626344	2.370029	-6.174505
31397	0.653113	2.360747	-6.058729
31398	0.674179	2.354786	-5.936075
31399	0.687522	2.352429	-5.816106
31400	0.699973	2.350726	-5.700838
31401	0.713398	2.356413	-5.602873
31402	0.731209	2.366067	-5.522466
31403	0.754784	2.375925	-5.455228
31404	0.781660	2.381831	-5.380783
31405	0.800371	2.381167	-5.316396
31406	0.811112	2.376058	-5.264689
31407	0.820294	2.361640	-5.220433
31408	0.827800	2.340555	-5.198870
31409	0.838307	2.320245	-5.206620
31410	0.854797	2.300383	-5.215379
31411	0.869953	2.286449	-5.232878
31412	0.879810	2.277960	-5.276821
31413	0.886646	2.272341	-5.332259
31414	0.888869	2.267682	-5.385477
31415	0.888428	2.259779	-5.432182
31416	0.882126	2.257189	-5.475087
31417	0.883848	2.256270	-5.500522
31418	0.891395	2.253685	-5.511265
31419	0.896700	2.249518	-5.524329
31420	0.896718	2.247962	-5.539615
31421	0.892491	2.245407	-5.556664
31422	0.880360	2.239293	-5.595796
31423	0.867335	2.233947	-5.650682
31424	0.852259	2.229447	-5.717357
31425	0.842474	2.229550	-5.798395
31426	0.843305	2.228423	-5.864240
31427	0.849757	2.226178	-5.911628
31428	0.857474	2.227129	-5.948274
31429	0.859170	2.218602	-5.972026
31430	0.861163	2.217301	-5.993532
31431	0.846186	2.209362	-6.022596
31432	0.825459	2.197589	-6.071357
31433	0.794203	2.187339	-6.136191
31434	0.761710	2.184740	-6.211640
31435	0.728147	2.194184	-6.293296
31436	0.688515	2.208515	-6.372248
31437	0.642797	2.224162	-6.445468
31438	0.595904	2.241014	-6.514496
31439	0.552909	2.254608	-6.579115
31440	0.510454	2.266227	-6.645246
31441	0.472741	2.279534	-6.712434
31442	0.441905	2.292826	-6.780609
31443	0.417029	2.304932	-6.843919
31444	0.402237	2.316636	-6.908462
31445	0.386854	2.321752	-6.983913
31446	0.375162	2.315513	-7.068973
31447	0.365181	2.295669	-7.152438
31448	0.359592	2.256050	-7.225568
31449	0.376983	2.218208	-7.273385
31450	0.401612	2.176752	-7.307923
31451	0.430310	2.136418	-7.336116
31452	0.457805	2.097964	-7.362791
31453	0.482798	2.062793	-7.379077
31454	0.504312	2.026234	-7.389886
31455	0.528602	2.000923	-7.395338
31456	0.550876	1.976953	-7.391741
31457	0.567916	1.952093	-7.371297
31458	0.586787	1.937457	-7.324327
31459	0.608101	1.934778	-7.264733
31460	0.631842	1.943053	-7.209577
31461	0.652938	1.956504	-7.159093
31462	0.669188	1.976480	-7.111686
31463	0.683162	2.001548	-7.062821
31464	0.694209	2.028825	-7.007759
31465	0.703159	2.050722	-6.944944
31466	0.709873	2.061899	-6.881264
31467	0.722912	2.070957	-6.820784
31468	0.735952	2.077360	-6.764346
31469	0.742988	2.072198	-6.720320
31470	0.747218	2.067289	-6.692706
31471	0.746793	2.059957	-6.686961
31472	0.738396	2.047174	-6.684768
31473	0.735591	2.045086	-6.682507
31474	0.735870	2.048319	-6.690753
31475	0.739051	2.048934	-6.700411
31476	0.740108	2.047726	-6.719199
31477	0.735112	2.046012	-6.738957
31478	0.734131	2.045013	-6.756236
31479	0.731147	2.040275	-6.755246
31480	0.729267	2.032026	-6.751326
31481	0.732212	2.027202	-6.743808
31482	0.736627	2.014107	-6.727518
31483	0.746569	1.996343	-6.713794
31484	0.764330	1.985846	-6.696750
31485	0.780646	1.975435	-6.687844
31486	0.789735	1.960786	-6.694567
31487	0.797154	1.948526	-6.689928
31488	0.797941	1.928322	-6.661952
31489	0.797165	1.911651	-6.625725
31490	0.790270	1.902450	-6.603901
31491	0.784113	1.897185	-6.598864
31492	0.774134	1.901654	-6.623078
31493	0.761214	1.907705	-6.669945
31494	0.745612	1.919518	-6.734758
31495	0.720876	1.926574	-6.802258
31496	0.701364	1.933685	-6.859325
31497	0.685162	1.935504	-6.888417
31498	0.680535	1.935582	-6.900308
31499	0.683628	1.928121	-6.911287
31500	0.695476	1.909264	-6.915161
31501	0.719261	1.878964	-6.908407
31502	0.749718	1.833237	-6.902242
31503	0.789504	1.777069	-6.882543
31504	0.836454	1.712645	-6.847689
31505	0.884636	1.630269	-6.788788
31506	0.928780	1.524774	-6.688919
31507	0.968533	1.402072	-6.565143
31508	1.003513	1.260732	-6.425237
31509	1.030851	1.091744	-6.267850
31510	1.069921	0.916980	-6.093177
31511	1.120742	0.735629	-5.897435
31512	1.178018	0.542541	-5.708313
31513	1.230564	0.337017	-5.559524
31514	1.272685	0.113600	-5.445969
31515	1.308265	-0.134220	-5.363846
31516	1.334112	-0.414269	-5.306234
31517	1.346455	-0.735529	-5.254612
31518	1.349576	-1.095523	-5.201571
31519	1.362842	-1.490582	-5.158881
31520	1.392806	-1.912805	-5.120172
31521	1.451123	-2.364426	-5.083888
31522	1.533885	-2.847043	-5.046590
31523	1.644337	-3.364323	-5.002520
31524	1.779457	-3.921929	-4.957090
31525	1.932910	-4.530248	-4.903286
31526	2.111596	-5.194893	-4.852400
31527	2.333555	-5.905488	-4.829539
31528	2.613882	-6.650945	-4.842002
31529	2.955323	-7.411487	-4.900344
31530	3.354296	-8.170392	-5.014958
31531	3.810711	-8.915475	-5.193053
31532	4.322806	-9.634893	-5.430771
31533	4.880139	-10.346156	-5.697154
31534	5.477485	-11.068665	-5.958916
31535	6.104052	-11.813008	-6.186560
31536	6.759308	-12.599398	-6.378625
31537	7.431003	-13.461086	-6.535336
31538	8.094148	-14.413636	-6.633625
31539	8.737522	-15.461717	-6.678445
31540	9.361771	-16.586386	-6.682433
31541	9.990554	-17.767146	-6.715893
31542	10.659692	-18.965406	-6.811028
31543	11.383552	-20.172502	-6.954874
31544	12.158603	-21.388243	-7.137684
31545	12.988139	-22.599739	-7.395520
31546	13.870334	-23.776299	-7.790425
31547	14.782492	-24.904448	-8.324133
31548	15.713829	-25.964070	-8.976229
31549	16.655552	-26.943705	-9.724491
31550	17.579944	-27.860851	-10.521967
31551	18.450978	-28.735152	-11.307469
31552	19.255457	-29.574374	-12.064980
31553	20.000073	-30.401914	-12.785125
31554	20.710993	-31.228314	-13.469390
31555	21.400287	-32.067659	-14.121293
31556	22.050453	-32.937970	-14.726579
31557	22.611113	-33.863149	-15.250260
31558	23.068184	-34.828580	-15.674370
31559	23.413485	-35.812092	-15.993668
31560	23.635455	-36.815151	-16.202301
31561	23.746018	-37.827306	-16.302712
31562	23.788306	-38.822999	-16.343698
31563	23.786580	-39.771697	-16.367983
31564	23.769316	-40.633869	-16.415081
31565	23.736119	-41.403407	-16.475900
31566	23.680815	-42.082593	-16.542292
31567	23.605967	-42.684674	-16.616993
31568	23.496590	-43.225099	-16.682303
31569	23.316424	-43.726450	-16.707722
31570	23.061797	-44.180451	-16.683967
31571	22.748125	-44.568713	-16.608385
31572	22.395295	-44.887388	-16.503689
31573	22.037365	-45.130458	-16.393963
31574	21.686205	-45.309937	-16.299539
31575	21.324502	-45.428975	-16.202515
31576	20.938963	-45.488517	-16.077688
31577	20.518630	-45.496966	-15.916484
31578	20.086027	-45.450241	-15.747861
31579	19.655716	-45.354805	-15.572980
31580	19.233061	-45.229251	-15.394273
31581	18.803122	-45.087511	-15.215841
31582	18.407654	-44.902634	-15.097895
31583	18.046609	-44.662501	-15.037917
31584	17.709403	-44.361605	-14.989990
31585	17.404044	-44.016452	-14.957373
31586	17.143124	-43.646740	-14.960049
31587	16.928907	-43.263827	-15.021453
31588	16.721308	-42.895666	-15.101863
31589	16.479626	-42.545212	-15.127515
31590	16.208903	-42.212050	-15.100589
31591	15.912340	-41.889164	-15.018476
31592	15.635376	-41.544970	-14.918381
31593	15.401633	-41.191826	-14.841226
31594	15.197422	-40.845914	-14.763821
31595	14.993058	-40.529885	-14.649450
31596	14.767750	-40.257498	-14.471374
31597	14.515188	-40.032413	-14.229935
31598	14.214110	-39.894509	-13.922214
31599	13.964029	-39.758592	-13.653004
31600	13.763455	-39.631654	-13.435769
31601	13.563005	-39.549306	-13.228544
31602	13.385319	-39.488311	-13.045594
31603	13.276678	-39.411539	-12.959143
31604	13.284445	-39.298728	-13.044402
31605	13.395866	-39.159179	-13.287899
31606	13.559454	-39.008619	-13.602922
31607	13.718210	-38.875800	-13.916193
31608	13.862637	-38.766471	-14.201369
31609	14.000596	-38.653142	-14.474429
31610	14.139825	-38.510743	-14.741688
31611	14.263638	-38.341749	-14.995055
31612	14.371880	-38.139348	-15.220546
31613	14.443189	-37.916893	-15.373946
31614	14.467600	-37.696920	-15.440893
31615	14.455643	-37.484166	-15.449030
31616	14.426425	-37.275432	-15.415878
31617	14.409992	-37.035782	-15.373904
31618	14.424179	-36.769098	-15.334222
31619	14.468336	-36.494846	-15.286246
31620	14.495614	-36.289963	-15.185205
31621	14.438223	-36.264696	-15.021348
31622	14.363754	-36.317720	-14.841496
31623	14.434711	-36.266465	-14.778200
31624	14.679825	-36.148414	-14.971523
31625	15.018706	-35.959826	-15.307220
31626	15.362653	-35.681025	-15.652177
31627	15.667260	-35.347424	-15.958750
31628	15.911378	-35.012732	-16.269001
31629	16.046861	-34.711988	-16.494003
31630	16.106003	-34.391681	-16.645632
31631	16.233674	-33.941538	-16.839846
31632	16.462823	-33.405083	-17.128278
31633	16.716449	-32.882334	-17.465614
31634	16.963652	-32.393687	-17.818468
31635	17.053430	-32.051454	-18.081109
31636	17.061568	-31.719640	-18.220498
31637	16.971339	-31.385367	-18.216786
31638	16.746737	-31.089956	-18.092237
31639	16.462634	-30.754220	-17.894455
31640	16.237638	-30.308981	-17.719037
31641	16.069722	-29.811051	-17.589850
31642	15.945326	-29.259034	-17.464299
31643	15.791406	-28.706159	-17.255809
31644	15.610378	-28.098226	-17.016176
31645	15.413401	-27.406799	-16.792457
31646	15.215736	-26.635832	-16.591959
31647	15.008245	-25.801822	-16.386133
31648	14.783652	-24.953950	-16.170370
31649	14.516535	-24.157500	-15.870060
31650	14.210429	-23.424609	-15.499144
31651	13.862340	-22.779150	-15.050260
31652	13.502527	-22.199524	-14.593822
31653	13.146847	-21.661629	-14.187582
31654	12.798147	-21.128957	-13.886687
31655	12.417088	-20.624045	-13.656515
31656	12.024883	-20.121858	-13.510744
31657	11.632643	-19.592707	-13.464623
31658	11.254181	-19.041096	-13.527912
31659	10.907414	-18.460833	-13.687136
31660	10.591516	-17.879156	-13.893097
31661	10.299053	-17.283001	-14.125787
31662	10.030438	-16.666507	-14.384689
31663	9.792767	-16.018202	-14.655008
31664	9.578710	-15.354027	-14.919704
31665	9.345249	-14.704645	-15.140910
31666	9.081742	-14.062780	-15.301356
31667	8.795771	-13.458724	-15.408282
31668	8.509890	-12.892215	-15.469747
31669	8.237531	-12.324929	-15.527530
31670	7.977191	-11.759894	-15.623277
31671	7.707755	-11.186181	-15.719334
31672	7.413168	-10.614829	-15.794871
31673	7.108550	-10.042358	-15.811244
31674	6.766784	-9.497340	-15.745058
31675	6.400326	-8.994436	-15.633084
31676	6.052322	-8.537491	-15.520014
31677	5.731218	-8.120086	-15.365238
31678	5.426245	-7.712455	-15.238619
31679	5.148919	-7.291961	-15.108359
31680	4.862697	-6.892017	-14.952983
31681	4.562953	-6.505775	-14.879120
31682	4.284218	-6.123903	-14.802352
31683	4.045577	-5.742601	-14.707293
31684	3.853748	-5.377956	-14.624772
31685	3.723139	-4.964085	-14.568440
31686	3.575042	-4.531758	-14.492584
31687	3.442752	-4.073304	-14.352439
31688	3.331959	-3.611782	-14.143449
31689	3.166618	-3.223858	-13.818951
31690	3.002042	-2.867187	-13.356143
31691	2.844536	-2.557737	-12.786835
31692	2.684511	-2.291487	-12.228694
31693	2.505150	-2.048748	-11.746274
31694	2.290680	-1.842887	-11.390618
31695	2.070275	-1.648240	-11.171080
31696	1.842909	-1.470358	-11.033846
31697	1.609235	-1.310028	-10.987205
31698	1.393589	-1.155844	-10.966082
31699	1.196913	-0.999387	-10.942355
31700	1.052192	-0.849323	-10.905876
31701	0.958990	-0.723148	-10.803925
31702	0.932611	-0.602601	-10.589767
31703	0.960090	-0.491437	-10.224640
31704	1.035469	-0.373990	-9.797910
31705	1.132066	-0.255887	-9.352216
31706	1.240899	-0.150693	-8.880049
31707	1.341084	-0.058554	-8.381683
31708	1.427998	0.015534	-7.843602
31709	1.491510	0.059554	-7.227394
31710	1.543065	0.075867	-6.554948
31711	1.611978	0.072185	-5.846163
31712	1.708948	0.063052	-5.102251
31713	1.821164	0.062077	-4.358048
31714	1.920591	0.055837	-3.667891
31715	2.005262	0.044103	-3.082967
31716	2.075303	0.043165	-2.635859
31717	2.122793	0.056414	-2.291189
31718	2.131674	0.074476	-1.973571
31719	2.110825	0.110986	-1.674237
31720	2.072289	0.171678	-1.433360
31721	2.031570	0.258806	-1.238356
31722	1.996453	0.355675	-1.068079
31723	1.967586	0.454131	-0.910738
31724	1.933768	0.552271	-0.772635
31725	1.881799	0.660226	-0.651748
31726	1.814485	0.772211	-0.560097
31727	1.722880	0.879417	-0.529587
31728	1.609564	0.988056	-0.556004
31729	1.464937	1.117439	-0.655992
31730	1.293174	1.265816	-0.835349
31731	1.104889	1.416848	-1.092733
31732	0.916838	1.566351	-1.392824
31733	0.728279	1.708311	-1.712349
31734	0.540295	1.834330	-2.042183
31735	0.360988	1.946432	-2.360971
31736	0.215721	2.043691	-2.631605
31737	0.099002	2.123686	-2.845675
31738	0.009158	2.177331	-3.008828
31739	-0.054662	2.212566	-3.096108
31740	-0.092967	2.236471	-3.126442
31741	-0.108147	2.262225	-3.129038
31742	-0.100141	2.284950	-3.122861
31743	-0.082512	2.292884	-3.117609
31744	-0.064436	2.275650	-3.119722
31745	-0.030119	2.242327	-3.111578
31746	0.032594	2.199817	-3.052654
31747	0.123548	2.158885	-2.947846
31748	0.224361	2.132232	-2.862180
31749	0.319446	2.106634	-2.818332
31750	0.399113	2.078963	-2.801218
31751	0.467934	2.055026	-2.781062
31752	0.507282	2.023171	-2.749009
31753	0.526789	1.988466	-2.715412
31754	0.547237	1.959498	-2.675801
31755	0.570435	1.942459	-2.650181
31756	0.580942	1.930561	-2.646403
31757	0.575594	1.925805	-2.665094
31758	0.562209	1.933014	-2.702279
31759	0.542525	1.938232	-2.748387
31760	0.517846	1.939465	-2.797354
31761	0.496826	1.944599	-2.845864
31762	0.482617	1.972835	-2.905631
31763	0.477195	2.020859	-2.971304
31764	0.469833	2.066762	-3.044028
31765	0.461498	2.104481	-3.141596
31766	0.455641	2.131719	-3.263347
31767	0.441649	2.144236	-3.394197
31768	0.427478	2.146789	-3.536015
31769	0.416694	2.142625	-3.665310
31770	0.407783	2.131265	-3.789044
31771	0.405249	2.112416	-3.903670
31772	0.411695	2.091922	-4.015188
31773	0.422489	2.067080	-4.122744
31774	0.433659	2.039242	-4.226337
31775	0.458635	2.022126	-4.325532
31776	0.488845	2.002869	-4.394350
31777	0.523360	1.983890	-4.434515
31778	0.556206	1.972759	-4.450718
31779	0.577963	1.964232	-4.454437
31780	0.591256	1.960486	-4.453235
31781	0.603208	1.974020	-4.451998
31782	0.613484	2.002698	-4.454117
31783	0.609740	2.024025	-4.454913
31784	0.605796	2.044037	-4.456041
31785	0.600975	2.065548	-4.431425
31786	0.597111	2.092780	-4.404679
31787	0.588597	2.128394	-4.382806
31788	0.573478	2.162015	-4.371295
31789	0.549868	2.201879	-4.376576
31790	0.534057	2.234068	-4.390582
31791	0.525539	2.266798	-4.413408
31792	0.526792	2.301342	-4.424422
31793	0.529407	2.327299	-4.431232
31794	0.528981	2.343023	-4.434258
31795	0.515996	2.337763	-4.437640
31796	0.502026	2.327083	-4.441421
31797	0.482112	2.316101	-4.463127
31798	0.461566	2.306579	-4.498861
31799	0.435401	2.301956	-4.548151
31800	0.406344	2.309394	-4.621263
31801	0.377552	2.321319	-4.697545
31802	0.353723	2.334161	-4.759855
31803	0.334174	2.347346	-4.795450
31804	0.316784	2.364857	-4.814404
31805	0.299337	2.381168	-4.836200
31806	0.283383	2.397456	-4.860211
31807	0.269313	2.407385	-4.891731
31808	0.265171	2.411049	-4.924790
31809	0.267945	2.407448	-4.947535
31810	0.278576	2.396779	-4.958981
31811	0.290776	2.381282	-4.978319
31812	0.300704	2.362472	-4.996522
31813	0.310969	2.334212	-5.004295
31814	0.317249	2.302433	-5.020402
31815	0.318949	2.269876	-5.047347
31816	0.325665	2.234784	-5.069742
31817	0.339986	2.210657	-5.080485
31818	0.362129	2.199658	-5.084868
31819	0.377954	2.192259	-5.084838
31820	0.387235	2.177674	-5.086603
31821	0.392977	2.159460	-5.074517
31822	0.402937	2.137874	-5.040682
31823	0.422020	2.130493	-4.996284
31824	0.452521	2.122817	-4.951387
31825	0.482991	2.112860	-4.903867
31826	0.501130	2.094788	-4.874034
31827	0.510868	2.076184	-4.868886
31828	0.514861	2.055601	-4.874852
31829	0.514500	2.032394	-4.894412
31830	0.511400	2.008667	-4.924561
31831	0.504437	1.988971	-4.951350
31832	0.491796	1.963843	-4.977931
31833	0.484827	1.940756	-4.995368
31834	0.486211	1.919417	-5.001433
31835	0.489194	1.909010	-5.005446
31836	0.494911	1.904354	-5.012742
31837	0.498438	1.905677	-5.025214
31838	0.504381	1.909193	-5.036717
31839	0.503231	1.905956	-5.029834
31840	0.495059	1.898864	-5.018447
31841	0.484504	1.891775	-5.004089
31842	0.477323	1.881791	-4.990740
31843	0.473711	1.865206	-4.974686
31844	0.478578	1.846837	-4.958668
31845	0.487937	1.826382	-4.942602
31846	0.506617	1.806515	-4.931229
31847	0.528977	1.789597	-4.940551
31848	0.557753	1.772370	-4.959764
31849	0.585003	1.749016	-4.970577
31850	0.616755	1.724103	-4.968659
31851	0.650630	1.694650	-4.943720
31852	0.681286	1.661670	-4.905160
31853	0.709714	1.638236	-4.887012
31854	0.731736	1.624549	-4.890789
31855	0.752004	1.614580	-4.892710
31856	0.765959	1.607849	-4.896654
31857	0.772109	1.616799	-4.906924
31858	0.766401	1.629784	-4.898675
31859	0.752882	1.646940	-4.876231
31860	0.734752	1.666732	-4.835782
31861	0.717694	1.686649	-4.767548
31862	0.704841	1.708592	-4.679125
31863	0.694983	1.736518	-4.583487
31864	0.688238	1.764096	-4.492839
31865	0.681166	1.791623	-4.406602
31866	0.669604	1.804869	-4.321825
31867	0.656691	1.813021	-4.236056
31868	0.640297	1.810917	-4.172431
31869	0.612675	1.803410	-4.122694
31870	0.590912	1.797445	-4.089068
31871	0.574226	1.799625	-4.080279
31872	0.560314	1.803732	-4.085396
31873	0.542901	1.813230	-4.097345
31874	0.524014	1.820513	-4.093589
31875	0.504280	1.826154	-4.059516
31876	0.483874	1.830828	-4.002997
31877	0.467704	1.836410	-3.932263
31878	0.452889	1.846563	-3.855910
31879	0.433135	1.858866	-3.783256
31880	0.414101	1.876200	-3.727719
31881	0.397557	1.892751	-3.683953
31882	0.381531	1.903754	-3.649151
31883	0.362780	1.910138	-3.624352
31884	0.344576	1.916080	-3.613185
31885	0.329403	1.922230	-3.610148
31886	0.317682	1.930507	-3.608901
31887	0.307131	1.932094	-3.608473
31888	0.295679	1.929198	-3.608139
31889	0.289770	1.923091	-3.600077
31890	0.286240	1.916525	-3.584237
31891	0.286278	1.911571	-3.550994
31892	0.284683	1.902354	-3.508109
31893	0.281437	1.894404	-3.461477
31894	0.275324	1.882734	-3.414089
31895	0.264954	1.872346	-3.371421
31896	0.247825	1.865409	-3.343935
31897	0.232005	1.862995	-3.336265
31898	0.215609	1.866928	-3.342278
31899	0.198877	1.867682	-3.345954
31900	0.183301	1.863017	-3.338735
31901	0.167971	1.859011	-3.330381
31902	0.154425	1.848924	-3.320021
31903	0.144424	1.839706	-3.318937
31904	0.131351	1.825265	-3.334047
31905	0.115863	1.809222	-3.362471
31906	0.101425	1.793231	-3.396428
31907	0.085352	1.776785	-3.433184
31908	0.070305	1.759894	-3.472645
31909	0.053652	1.744273	-3.506029
31910	0.043008	1.726401	-3.536729
31911	0.031094	1.713992	-3.576406
31912	0.024296	1.705944	-3.636215
31913	0.020248	1.705328	-3.719683
31914	0.015402	1.700832	-3.806005
31915	0.011894	1.690901	-3.872548
31916	0.007943	1.675720	-3.913945
31917	-0.000246	1.656004	-3.936412
31918	-0.009173	1.630017	-3.936603
31919	-0.022114	1.597882	-3.927974
31920	-0.030667	1.557602	-3.914603
31921	-0.040759	1.517797	-3.915834
31922	-0.054559	1.481008	-3.938992
31923	-0.072658	1.450317	-4.005403
31924	-0.091868	1.422646	-4.085386
31925	-0.115276	1.388263	-4.156023
31926	-0.134915	1.353482	-4.214547
31927	-0.145032	1.316352	-4.260527
31928	-0.146851	1.286159	-4.298069
31929	-0.137372	1.258111	-4.324789
31930	-0.123234	1.232175	-4.357881
31931	-0.113419	1.196977	-4.418176
31932	-0.110720	1.147016	-4.482054
31933	-0.106610	1.075773	-4.542266
31934	-0.106725	0.981017	-4.592273
31935	-0.091996	0.871372	-4.626419
31936	-0.068764	0.742650	-4.648434
31937	-0.025706	0.614960	-4.673556
31938	0.032206	0.480298	-4.697695
31939	0.098515	0.334116	-4.711184
31940	0.166067	0.174570	-4.728350
31941	0.225881	-0.006666	-4.726180
31942	0.278174	-0.217007	-4.666511
31943	0.322179	-0.470022	-4.539308
31944	0.361613	-0.751824	-4.373354
31945	0.400056	-1.066093	-4.183920
31946	0.444909	-1.404784	-3.984533
31947	0.502257	-1.758462	-3.821253
31948	0.580413	-2.120368	-3.731784
31949	0.683097	-2.502361	-3.728310
31950	0.807416	-2.911356	-3.808199
31951	0.953515	-3.356729	-3.963008
31952	1.128126	-3.837309	-4.200822
31953	1.320034	-4.366699	-4.502645
31954	1.536876	-4.954484	-4.871533
31955	1.800408	-5.605433	-5.268812
31956	2.118229	-6.316332	-5.640669
31957	2.490560	-7.093643	-5.949709
31958	2.915778	-7.938510	-6.198127
31959	3.386308	-8.855942	-6.408097
31960	3.895474	-9.836929	-6.597576
31961	4.444656	-10.874466	-6.801990
31962	5.037491	-11.969442	-7.005947
31963	5.679906	-13.130140	-7.231619
31964	6.360498	-14.365534	-7.487765
31965	7.066632	-15.681520	-7.751905
31966	7.793532	-17.052857	-8.041672
31967	8.557568	-18.450926	-8.446888
31968	9.384246	-19.815493	-9.022656
31969	10.296080	-21.112702	-9.757374
31970	11.291211	-22.326747	-10.633586
31971	12.342716	-23.477710	-11.623415
31972	13.409855	-24.580948	-12.668722
31973	14.448237	-25.659740	-13.703908
31974	15.431332	-26.725585	-14.705298
31975	16.349359	-27.780468	-15.663109
31976	17.185628	-28.840716	-16.569325
31977	17.941183	-29.908446	-17.406319
31978	18.636221	-30.971574	-18.140426
31979	19.286557	-32.038238	-18.794756
31980	19.879784	-33.138705	-19.403173
31981	20.393453	-34.274068	-19.947801
31982	20.802639	-35.431247	-20.415552
31983	21.103268	-36.582601	-20.796850
31984	21.301842	-37.738219	-21.082941
31985	21.427778	-38.874702	-21.322254
31986	21.499534	-39.997284	-21.544688
31987	21.515566	-41.095206	-21.734068
31988	21.483100	-42.137990	-21.902574
31989	21.411576	-43.100341	-22.081287
31990	21.332562	-43.970064	-22.289101
31991	21.249241	-44.736324	-22.511946
31992	21.168310	-45.387788	-22.749856
31993	21.100604	-45.941262	-23.007404
31994	21.040739	-46.421947	-23.267558
31995	20.983839	-46.830173	-23.523987
31996	20.925523	-47.167748	-23.771206
31997	20.835754	-47.449060	-23.979681
31998	20.685666	-47.687580	-24.122888
31999	20.509974	-47.868770	-24.229889
32000	20.332275	-47.985620	-24.332262
32001	20.173448	-48.028698	-24.444892
32002	20.052773	-48.005492	-24.594738
32003	19.918797	-47.923973	-24.721488
32004	19.763124	-47.791677	-24.806765
32005	19.574545	-47.633261	-24.835961
32006	19.338648	-47.463279	-24.787909
32007	19.080888	-47.279169	-24.701710
32008	18.803636	-47.102687	-24.574456
32009	18.485059	-46.946107	-24.378453
32010	18.111418	-46.816670	-24.058520
32011	17.681636	-46.708180	-23.633770
32012	17.222833	-46.587193	-23.156989
32013	16.805503	-46.429950	-22.724543
32014	16.434615	-46.245565	-22.344167
32015	16.093736	-46.043687	-21.996550
32016	15.796904	-45.818443	-21.697522
32017	15.572408	-45.553289	-21.473196
32018	15.413895	-45.251260	-21.318045
32019	15.304061	-44.939758	-21.215074
32020	15.215852	-44.639718	-21.134831
32021	15.133919	-44.348264	-21.060860
32022	15.025523	-44.061994	-20.954928
32023	14.874913	-43.786627	-20.791071
32024	14.629206	-43.582251	-20.531347
32025	14.347837	-43.406781	-20.206545
32026	14.111165	-43.207841	-19.886470
32027	13.858654	-43.054171	-19.546535
32028	13.562079	-42.944448	-19.176670
32029	13.313199	-42.804470	-18.873842
32030	13.183916	-42.638114	-18.756326
32031	13.136120	-42.476582	-18.789006
32032	13.108297	-42.334160	-18.871846
32033	13.071214	-42.202221	-18.939850
32034	13.015407	-42.090950	-18.972007
32035	12.955407	-41.995118	-18.969171
32036	12.893808	-41.908326	-18.923196
32037	12.854637	-41.818458	-18.866237
32038	12.869492	-41.705736	-18.843933
32039	12.913675	-41.580588	-18.831768
32040	12.955652	-41.439700	-18.795078
32041	12.980618	-41.290152	-18.707609
32042	12.971240	-41.154260	-18.569978
32043	12.925322	-41.039364	-18.400344
32044	12.850921	-40.936089	-18.199305
32045	12.768735	-40.849826	-17.975939
32046	12.690993	-40.782448	-17.740449
32047	12.645700	-40.735376	-17.525839
32048	12.632783	-40.689576	-17.336895
32049	12.631068	-40.636555	-17.149010
32050	12.648697	-40.549912	-16.961423
32051	12.701698	-40.444643	-16.830989
32052	12.795838	-40.331534	-16.787406
32053	12.914594	-40.180578	-16.773298
32054	13.016476	-40.027107	-16.748113
32055	13.084557	-39.892674	-16.709971
32056	13.110525	-39.816042	-16.651836
32057	13.137965	-39.736783	-16.550241
32058	13.234803	-39.575052	-16.394407
32059	13.342417	-39.425059	-16.197806
32060	13.422663	-39.328755	-16.004228
32061	13.539475	-39.230208	-15.896086
32062	13.635010	-39.184981	-15.830466
32063	13.701199	-39.127745	-15.718000
32064	13.794056	-39.019196	-15.660817
32065	13.955676	-38.810038	-15.720216
32066	14.194652	-38.515312	-15.873134
32067	14.452585	-38.316212	-16.190553
32068	14.727769	-38.110274	-16.532128
32069	15.011427	-37.863777	-16.911180
32070	15.293026	-37.554399	-17.303776
32071	15.537491	-37.216772	-17.606550
32072	15.784176	-36.887163	-17.926611
32073	16.078345	-36.511490	-18.318012
32074	16.428506	-36.070694	-18.833935
32075	16.744660	-35.610285	-19.369049
32076	16.914668	-35.197112	-19.730060
32077	16.948482	-34.857122	-19.961104
32078	16.904913	-34.525157	-20.044666
32079	16.777087	-34.190144	-20.022313
32080	16.704356	-33.685242	-20.013525
32081	16.633547	-33.083806	-20.006088
32082	16.564122	-32.378632	-19.948658
32083	16.470191	-31.632961	-19.830323
32084	16.317616	-30.860390	-19.592376
32085	16.113200	-30.040692	-19.227752
32086	15.837987	-29.213487	-18.724661
32087	15.505168	-28.383919	-18.069750
32088	15.157204	-27.532855	-17.297032
32089	14.807666	-26.679246	-16.430961
32090	14.465373	-25.838331	-15.534015
32091	14.120082	-25.035092	-14.596250
32092	13.773622	-24.272230	-13.638655
32093	13.441057	-23.569037	-12.714017
32094	13.097427	-22.913577	-11.861658
32095	12.757430	-22.255085	-11.154764
32096	12.395909	-21.592758	-10.612844
32097	11.983892	-20.933569	-10.192756
32098	11.522236	-20.302850	-9.859806
32099	11.031972	-19.691549	-9.641312
32100	10.547218	-19.102875	-9.598848
32101	10.115065	-18.516053	-9.759654
32102	9.734925	-17.915909	-10.064996
32103	9.409533	-17.268664	-10.482169
32104	9.110261	-16.622617	-10.908904
32105	8.863148	-15.956699	-11.310252
32106	8.650038	-15.288776	-11.649484
32107	8.484603	-14.588628	-11.958421
32108	8.368291	-13.873667	-12.180783
32109	8.290939	-13.107838	-12.386401
32110	8.254142	-12.248270	-12.536403
32111	8.220392	-11.342967	-12.552712
32112	8.151441	-10.474154	-12.284308
32113	8.013865	-9.696152	-11.719334
32114	7.827909	-9.020243	-10.934417
32115	7.587559	-8.455870	-10.055892
32116	7.322920	-7.958686	-9.197998
32117	7.038896	-7.537700	-8.303940
32118	6.726656	-7.182601	-7.452632
32119	6.396821	-6.869220	-6.753665
32120	6.072315	-6.575167	-6.248339
32121	5.771120	-6.251231	-5.972431
32122	5.500928	-5.864099	-5.973589
32123	5.236852	-5.444144	-6.160326
32124	4.982632	-4.992885	-6.509624
32125	4.739378	-4.544096	-6.952567
32126	4.539579	-4.092600	-7.378970
32127	4.364226	-3.657894	-7.790217
32128	4.228010	-3.230368	-8.154761
32129	4.102132	-2.850148	-8.430928
32130	3.972832	-2.512697	-8.599960
32131	3.830039	-2.223402	-8.635054
32132	3.698158	-1.936783	-8.671370
32133	3.537507	-1.648043	-8.791587
32134	3.371457	-1.340464	-8.952908
32135	3.211173	-1.022505	-9.113466
32136	3.047894	-0.714837	-9.214113
32137	2.874452	-0.448228	-9.211080
32138	2.702801	-0.221061	-9.118312
32139	2.562511	-0.033049	-8.893144
32140	2.466187	0.131574	-8.608762
32141	2.414129	0.309205	-8.346805
32142	2.394588	0.487727	-8.099000
32143	2.388323	0.653324	-7.926737
32144	2.357553	0.780122	-7.809493
32145	2.288542	0.879319	-7.747514
32146	2.208683	0.991051	-7.776031
32147	2.132814	1.113859	-7.847051
32148	2.058145	1.248152	-7.909728
32149	1.989714	1.392236	-7.949338
32150	1.929737	1.544080	-7.931029
32151	1.882256	1.683795	-7.807062
32152	1.849152	1.791780	-7.529132
32153	1.842216	1.889275	-7.137071
32154	1.864787	2.000779	-6.711423
32155	1.894042	2.135840	-6.293407
32156	1.902689	2.254601	-5.883109
32157	1.896494	2.346552	-5.457946
32158	1.877450	2.413770	-5.023353
32159	1.838143	2.468757	-4.616715
32160	1.770581	2.513503	-4.288570
32161	1.686357	2.559774	-4.023692
32162	1.613109	2.623315	-3.806190
32163	1.566072	2.698082	-3.606043
32164	1.537492	2.780944	-3.408171
32165	1.505880	2.863916	-3.251756
32166	1.463922	2.938321	-3.126268
32167	1.418814	3.014304	-3.035538
32168	1.356171	3.079155	-2.980126
32169	1.284027	3.144613	-2.935972
32170	1.189303	3.208040	-2.907535
32171	1.083537	3.255663	-2.874596
32172	0.998388	3.313698	-2.804144
32173	0.927686	3.374750	-2.676657
32174	0.863901	3.421861	-2.499477
32175	0.810636	3.469742	-2.326184
32176	0.774662	3.510581	-2.177120
32177	0.754341	3.542150	-2.071437
32178	0.736874	3.564961	-2.011166
32179	0.710315	3.567864	-1.990104
32180	0.669960	3.547952	-1.997426
32181	0.639459	3.537558	-2.022383
32182	0.617420	3.529293	-2.035340
32183	0.587327	3.526332	-2.053777
32184	0.559144	3.535464	-2.112345
32185	0.526544	3.546511	-2.185692
32186	0.493055	3.560161	-2.255790
32187	0.454079	3.572121	-2.322843
32188	0.411117	3.581693	-2.376005
32189	0.365862	3.587630	-2.411125
32190	0.318755	3.574031	-2.431529
32191	0.270813	3.556927	-2.481919
32192	0.233085	3.534767	-2.564620
32193	0.207610	3.513107	-2.662356
32194	0.197297	3.491998	-2.768504
32195	0.197715	3.472678	-2.884666
32196	0.208856	3.434897	-2.978717
32197	0.228260	3.389908	-3.042087
32198	0.252966	3.335087	-3.090090
32199	0.284199	3.283012	-3.125261
32200	0.325251	3.233997	-3.156610
32201	0.379424	3.188423	-3.191596
32202	0.433932	3.141892	-3.233586
32203	0.487496	3.095588	-3.274196
32204	0.532045	3.040319	-3.313548
32205	0.579747	2.991685	-3.330355
32206	0.622861	2.944848	-3.311661
32207	0.658000	2.908099	-3.271261
32208	0.683416	2.881078	-3.214132
32209	0.710315	2.872734	-3.146254
32210	0.726611	2.884020	-3.087178
32211	0.730856	2.905932	-3.025342
32212	0.724327	2.923720	-2.977403
32213	0.707368	2.927940	-2.936433
32214	0.692229	2.925251	-2.881789
32215	0.683618	2.933528	-2.825381
32216	0.678051	2.953768	-2.782021
32217	0.670278	2.980974	-2.759400
32218	0.658819	3.016306	-2.783582
32219	0.644814	3.056169	-2.833694
32220	0.626834	3.083829	-2.893330
32221	0.599730	3.092833	-2.947899
32222	0.568465	3.087834	-2.997955
32223	0.534622	3.077236	-3.039808
32224	0.506905	3.073136	-3.098253
32225	0.485588	3.082268	-3.178741
32226	0.461349	3.095910	-3.273638
32227	0.431251	3.109853	-3.366592
32228	0.396436	3.127011	-3.448260
32229	0.353178	3.142079	-3.509019
32230	0.298074	3.150333	-3.558402
32231	0.241670	3.162850	-3.599611
32232	0.189627	3.173015	-3.627259
32233	0.138522	3.180175	-3.648396
32234	0.092452	3.190187	-3.670260
32235	0.053337	3.202408	-3.686311
32236	0.022450	3.210234	-3.683544
32237	-0.000614	3.214678	-3.674288
32238	-0.018848	3.214783	-3.669094
32239	-0.033254	3.206357	-3.665993
32240	-0.032407	3.193949	-3.645617
32241	-0.014994	3.171288	-3.586368
32242	0.013307	3.146827	-3.498294
32243	0.046043	3.121405	-3.430481
32244	0.084952	3.094987	-3.367760
32245	0.130947	3.070678	-3.301189
32246	0.170954	3.042997	-3.250621
32247	0.207241	3.013506	-3.187501
32248	0.244700	2.979793	-3.097755
32249	0.284525	2.949068	-2.988356
32250	0.321095	2.929486	-2.857551
32251	0.360455	2.925648	-2.707038
32252	0.397691	2.932106	-2.555036
32253	0.430634	2.939806	-2.411158
32254	0.458103	2.941991	-2.271161
32255	0.479759	2.939693	-2.134477
32256	0.502894	2.945673	-2.000066
32257	0.518962	2.957397	-1.883554
32258	0.530106	2.976433	-1.807650
32259	0.535282	3.002076	-1.764797
32260	0.532988	3.022621	-1.726344
32261	0.526060	3.036604	-1.692779
32262	0.515296	3.038323	-1.657770
32263	0.503613	3.029211	-1.626402
32264	0.494979	3.012634	-1.600111
32265	0.488501	2.994448	-1.589114
32266	0.486212	2.976717	-1.600085
32267	0.485896	2.961791	-1.629325
32268	0.483595	2.948779	-1.676922
32269	0.481523	2.944176	-1.738789
32270	0.474984	2.935303	-1.799777
32271	0.457209	2.924927	-1.856438
32272	0.440921	2.917284	-1.912028
32273	0.424509	2.913689	-1.960108
32274	0.407339	2.906508	-2.013769
32275	0.389383	2.902696	-2.069436
32276	0.370610	2.901579	-2.121803
32277	0.342745	2.897308	-2.185792
32278	0.313235	2.899245	-2.253104
32279	0.278007	2.902665	-2.301953
32280	0.240365	2.900809	-2.346729
32281	0.203219	2.894522	-2.378737
32282	0.168467	2.890150	-2.405825
32283	0.136347	2.881868	-2.432190
32284	0.114237	2.874826	-2.461429
32285	0.103428	2.872110	-2.494359
32286	0.105003	2.861263	-2.528730
32287	0.109186	2.846761	-2.570223
32288	0.118844	2.827562	-2.589956
32289	0.133080	2.804189	-2.588647
32290	0.151048	2.780362	-2.574054
32291	0.170068	2.754806	-2.544249
32292	0.187494	2.719546	-2.515199
32293	0.207578	2.687758	-2.496842
32294	0.227580	2.659134	-2.487816
32295	0.245686	2.633361	-2.475423
32296	0.261056	2.602381	-2.463990
32297	0.276522	2.575884	-2.449728
32298	0.286720	2.553097	-2.435162
32299	0.289477	2.534019	-2.420519
32300	0.288488	2.521102	-2.397962
32301	0.290736	2.506542	-2.362475
32302	0.291285	2.491081	-2.324665
32303	0.292362	2.472495	-2.296336
32304	0.298160	2.451751	-2.266276
32305	0.306710	2.441980	-2.249522
32306	0.315145	2.430566	-2.247195
32307	0.321121	2.414183	-2.243183
32308	0.324920	2.391037	-2.236797
32309	0.336067	2.363390	-2.222562
32310	0.353564	2.342847	-2.194682
32311	0.378748	2.325959	-2.169988
32312	0.402478	2.303634	-2.137970
32313	0.426622	2.281484	-2.097117
32314	0.449718	2.258857	-2.040501
32315	0.469725	2.241175	-1.978798
32316	0.489813	2.223224	-1.902993
32317	0.506504	2.200159	-1.811983
32318	0.524755	2.184998	-1.722478
32319	0.542277	2.177442	-1.635801
32320	0.561575	2.177085	-1.568010
32321	0.577582	2.182151	-1.509846
32322	0.588075	2.181501	-1.456965
32323	0.588869	2.170946	-1.403178
32324	0.594597	2.160387	-1.334462
32325	0.603690	2.153234	-1.251138
