// General information: 
//  MT Manager version: 2021.4.0 
//  XDA version: 2021.4.0 build 6323 rev 112641 built on 2021-09-28
// Device information: 
//  DeviceId: 00B437E8
//  ProductCode: MTW2-3A7G6
//  Firmware Version: 4.3.4
//  Hardware Version: 1.1.0
// Device settings: 
//  Filter Profile: human(46.1)
//  Option Flags: Orientation Smoother Disabled, Position/Velocity Smoother Disabled, Continuous Zero Rotation Update Disabled, AHS Disabled, ICC Disabled
// Coordinate system: ENU
PacketCounter	Roll	Pitch	Yaw
29784	-0.012698	-0.017234	-0.004820
29785	-0.010789	-0.016983	-0.005936
29786	-0.011079	-0.016180	-0.004016
29787	-0.011191	-0.017877	-0.005525
29788	-0.011407	-0.017559	-0.004827
29789	-0.010846	-0.017539	-0.004812
29790	-0.010986	-0.017707	-0.005335
29791	-0.010453	-0.016671	-0.005445
29792	-0.011283	-0.017993	-0.006439
29793	-0.010782	-0.017507	-0.005173
29794	-0.009582	-0.016871	-0.005788
29795	-0.009756	-0.017557	-0.004963
29796	-0.009207	-0.016571	-0.005016
29797	-0.010155	-0.017375	-0.004815
29798	-0.010295	-0.017544	-0.005338
29799	-0.010457	-0.017889	-0.005517
29800	-0.011173	-0.018195	-0.006699
29801	-0.010788	-0.017813	-0.005204
29802	-0.010889	-0.016478	-0.004696
29803	-0.011082	-0.016586	-0.005286
29804	-0.010874	-0.018660	-0.004774
29805	-0.011063	-0.018814	-0.005277
29806	-0.010514	-0.017831	-0.005331
29807	-0.010966	-0.018521	-0.004387
29808	-0.011870	-0.019362	-0.004160
29809	-0.010171	-0.019594	-0.003951
29810	-0.010273	-0.018261	-0.003444
29811	-0.010392	-0.019964	-0.004954
29812	-0.010419	-0.019119	-0.005667
29813	-0.010378	-0.019318	-0.006185
29814	-0.009942	-0.019356	-0.006051
29815	-0.009424	-0.019269	-0.006146
29816	-0.008989	-0.019308	-0.006012
29817	-0.009826	-0.019675	-0.004566
29818	-0.008626	-0.019046	-0.005183
29819	-0.008784	-0.019248	-0.005621
29820	-0.008536	-0.019820	-0.004077
29821	-0.008179	-0.019943	-0.003736
29822	-0.008206	-0.019101	-0.004451
29823	-0.007827	-0.018663	-0.003059
29824	-0.005589	-0.018782	-0.002170
29825	-0.006347	-0.018704	-0.001954
29826	-0.006675	-0.019413	-0.001069
29827	-0.006742	-0.017942	-0.000804
29828	-0.006306	-0.017984	-0.000670
29829	-0.006554	-0.017696	0.000108
29830	-0.006043	-0.018227	-0.000978
29831	-0.005559	-0.017759	0.000327
29832	-0.004548	-0.017666	0.001120
29833	-0.006614	-0.018423	0.001481
29834	-0.005414	-0.017800	0.000862
29835	-0.006642	-0.018244	-0.000997
29836	-0.007545	-0.019092	-0.000770
29837	-0.007156	-0.018020	-0.000906
29838	-0.007295	-0.018202	-0.001431
29839	-0.008130	-0.017980	-0.001440
29840	-0.007043	-0.018377	-0.001869
29841	-0.006548	-0.017895	-0.000610
29842	-0.006687	-0.018078	-0.001135
29843	-0.006671	-0.016185	-0.002057
29844	-0.006423	-0.016761	-0.000513
29845	-0.005374	-0.017136	-0.000945
29846	-0.005050	-0.018201	-0.000621
29847	-0.005828	-0.018039	-0.000549
29848	-0.006155	-0.018753	0.000336
29849	-0.006949	-0.020628	0.000709
29850	-0.007051	-0.019304	0.001212
29851	-0.005672	-0.018118	-0.000860
29852	-0.004885	-0.020066	0.000313
29853	-0.004559	-0.020061	0.000419
29854	-0.004661	-0.018739	0.000921
29855	-0.004205	-0.018685	0.000879
29856	-0.004995	-0.018519	0.000915
29857	-0.003028	-0.018244	-0.000305
29858	-0.004693	-0.019763	0.000674
29859	-0.005120	-0.020453	0.001574
29860	-0.004959	-0.019095	-0.000555
29861	-0.004842	-0.019302	-0.001118
29862	-0.004868	-0.018472	-0.001836
29863	-0.004490	-0.018423	-0.001838
29864	-0.003403	-0.018828	-0.002269
29865	-0.003903	-0.018629	-0.002365
29866	-0.004042	-0.018819	-0.002892
29867	-0.004293	-0.019016	-0.003340
29868	-0.003820	-0.017558	-0.002181
29869	-0.004398	-0.017330	-0.002298
29870	-0.004185	-0.019420	-0.001783
29871	-0.004509	-0.018122	-0.001136
29872	-0.004835	-0.018841	-0.000252
29873	-0.004205	-0.017833	-0.000404
29874	-0.004119	-0.015989	-0.001316
29875	-0.004537	-0.016654	-0.000474
29876	-0.004024	-0.017200	-0.001563
29877	-0.004190	-0.017386	-0.002063
29878	-0.005630	-0.016872	-0.001467
29879	-0.004472	-0.016767	-0.000739
29880	-0.003272	-0.016158	-0.001362
29881	-0.004179	-0.016532	0.000103
29882	-0.005432	-0.015493	-0.000714
29883	-0.005784	-0.016238	0.000256
29884	-0.004508	-0.016123	-0.001588
29885	-0.004808	-0.017330	-0.001877
29886	-0.005133	-0.018051	-0.000993
29887	-0.005398	-0.017792	-0.000186
29888	-0.004737	-0.015813	-0.000441
29889	-0.005909	-0.019181	-0.001015
29890	-0.004708	-0.018575	-0.001639
29891	-0.004920	-0.018735	-0.002183
29892	-0.005785	-0.018085	-0.000930
29893	-0.005344	-0.018013	-0.001015
29894	-0.005017	-0.019091	-0.000692
29895	-0.005871	-0.018389	0.000494
29896	-0.005657	-0.020485	0.001011
29897	-0.005083	-0.019502	0.000919
29898	-0.003882	-0.018898	0.000293
29899	-0.003787	-0.018085	0.002060
29900	-0.004500	-0.018425	0.000873
29901	-0.003987	-0.019443	0.001031
29902	-0.005129	-0.017392	0.000019
29903	-0.003455	-0.018735	0.000504
29904	-0.003481	-0.017918	-0.000219
29905	-0.003141	-0.017446	0.001093
29906	-0.004838	-0.020486	0.001049
29907	-0.004537	-0.018073	-0.001369
29908	-0.003988	-0.017117	-0.001434
29909	-0.003020	-0.018006	-0.000536
29910	-0.002007	-0.017929	0.000250
29911	-0.001634	-0.017892	0.000242
29912	-0.001119	-0.018450	-0.000849
29913	-0.002226	-0.018306	-0.000666
29914	-0.002328	-0.016997	-0.000170
29915	-0.002706	-0.017148	-0.000687
29916	-0.002843	-0.017353	-0.001217
29917	-0.003106	-0.017672	-0.001458
29918	-0.002557	-0.016719	-0.001525
29919	-0.002767	-0.016359	-0.000946
29920	-0.002980	-0.016068	-0.000257
29921	-0.004987	-0.016178	-0.001524
29922	-0.004007	-0.017617	-0.001762
29923	-0.004003	-0.014314	-0.001521
29924	-0.003675	-0.015398	-0.001198
29925	-0.002958	-0.014950	-0.002481
29926	-0.003747	-0.014802	-0.002450
29927	-0.004679	-0.014617	-0.002410
29928	-0.006729	-0.015768	-0.003500
29929	-0.004824	-0.013917	-0.003834
29930	-0.004927	-0.012612	-0.003341
29931	-0.006351	-0.013114	-0.005084
29932	-0.006674	-0.013844	-0.004200
29933	-0.006282	-0.013925	-0.004007
29934	-0.005843	-0.013994	-0.003880
29935	-0.005209	-0.012951	-0.004131
29936	-0.006683	-0.013963	-0.004563
29937	-0.004734	-0.013739	-0.005744
29938	-0.005278	-0.016505	-0.004470
29939	-0.004548	-0.016402	-0.003618
29940	-0.003999	-0.015455	-0.003687
29941	-0.004937	-0.015306	-0.003587
29942	-0.004575	-0.014879	-0.002242
29943	-0.004987	-0.015549	-0.001410
29944	-0.005123	-0.015762	-0.001941
29945	-0.004708	-0.015451	-0.000381
29946	-0.005995	-0.015947	-0.002227
29947	-0.004944	-0.015904	-0.001373
29948	-0.005623	-0.014744	-0.001539
29949	-0.006536	-0.015004	-0.002809
29950	-0.007324	-0.014861	-0.002779
29951	-0.007467	-0.015699	-0.001726
29952	-0.007823	-0.017949	-0.001865
29953	-0.007054	-0.017136	-0.001744
29954	-0.007377	-0.017870	-0.000861
29955	-0.007819	-0.017033	0.001013
29956	-0.007845	-0.016232	0.000285
29957	-0.008017	-0.016366	-0.000359
29958	-0.008805	-0.016225	-0.000329
29959	-0.008875	-0.016403	-0.000933
29960	-0.010425	-0.016923	-0.000147
29961	-0.007390	-0.014601	-0.002603
29962	-0.007491	-0.013299	-0.002118
29963	-0.006411	-0.014197	-0.003770
29964	-0.007274	-0.013555	-0.002528
29965	-0.006084	-0.013937	-0.003063
29966	-0.006185	-0.012635	-0.002578
29967	-0.006091	-0.013652	-0.002293
29968	-0.008213	-0.014312	-0.002168
29969	-0.006440	-0.014092	-0.003316
29970	-0.006728	-0.013309	-0.001416
29971	-0.006861	-0.013432	-0.002104
29972	-0.006419	-0.013507	-0.001983
29973	-0.005811	-0.013579	-0.001883
29974	-0.006054	-0.014813	-0.002223
29975	-0.006214	-0.014643	-0.001332
29976	-0.007000	-0.014503	-0.001308
29977	-0.005491	-0.014715	-0.001168
29978	-0.005593	-0.013416	-0.000685
29979	-0.007199	-0.016449	-0.000764
29980	-0.006539	-0.014492	-0.001039
29981	-0.006690	-0.015204	-0.000237
29982	-0.006824	-0.015425	-0.000774
29983	-0.006762	-0.014625	-0.001496
29984	-0.005558	-0.014044	-0.002135
29985	-0.006628	-0.014344	-0.000786
29986	-0.005207	-0.011730	-0.001820
29987	-0.006484	-0.012744	-0.002317
29988	-0.005389	-0.013182	-0.002758
29989	-0.005361	-0.013868	-0.002057
29990	-0.006146	-0.013731	-0.002034
29991	-0.005690	-0.013821	-0.001874
29992	-0.006662	-0.014200	-0.000435
29993	-0.004981	-0.014460	-0.000274
29994	-0.005082	-0.013165	0.000207
29995	-0.003898	-0.014115	-0.001414
29996	-0.004869	-0.014495	0.000024
29997	-0.005237	-0.014184	0.000722
29998	-0.005556	-0.014923	0.001600
29999	-0.004963	-0.015514	0.000521
30000	-0.004520	-0.015596	0.000640
30001	-0.005363	-0.015908	0.001929
30002	-0.004159	-0.015333	0.001289
30003	-0.003215	-0.015865	0.003610
30004	-0.003814	-0.015218	0.002216
30005	-0.003254	-0.015292	0.002303
30006	-0.002812	-0.015375	0.002421
30007	-0.003662	-0.015309	0.002610
30008	-0.004633	-0.015691	0.004048
30009	-0.002912	-0.015514	0.002988
30010	-0.003231	-0.016256	0.003865
30011	-0.003223	-0.015975	0.001954
30012	-0.003433	-0.015701	0.002633
30013	-0.003336	-0.015261	0.004041
30014	-0.003469	-0.015491	0.003503
30015	-0.004440	-0.014715	0.004539
30016	-0.003920	-0.015305	0.003440
30017	-0.004859	-0.015690	0.004886
30018	-0.003656	-0.015120	0.004244
30019	-0.003757	-0.015296	0.003612
30020	-0.004045	-0.014519	0.005507
30021	-0.003845	-0.014582	0.005675
30022	-0.003977	-0.014814	0.005136
30023	-0.004108	-0.014515	0.005765
30024	-0.004426	-0.015260	0.006643
30025	-0.003865	-0.014365	0.006647
30026	-0.003997	-0.014598	0.006108
30027	-0.005152	-0.015078	0.004158
30028	-0.004787	-0.014662	0.005492
30029	-0.003806	-0.014657	0.006402
30030	-0.003938	-0.014891	0.005863
30031	-0.004101	-0.014638	0.006580
30032	-0.004340	-0.015889	0.006240
30033	-0.005053	-0.015823	0.006372
30034	-0.004784	-0.013516	0.004014
30035	-0.004876	-0.013651	0.003312
30036	-0.003887	-0.015120	0.003069
30037	-0.004158	-0.014828	0.003752
30038	-0.003715	-0.014920	0.003869
30039	-0.003460	-0.016496	0.002977
30040	-0.004352	-0.017389	0.003197
30041	-0.003715	-0.017988	0.002071
30042	-0.003847	-0.018226	0.001530
30043	-0.004000	-0.017380	0.003269
30044	-0.003946	-0.017109	0.001311
30045	-0.003531	-0.018193	0.001583
30046	-0.002484	-0.016619	0.003371
30047	-0.001972	-0.016582	0.003245
30048	-0.002464	-0.014935	0.001646
30049	-0.003271	-0.015285	0.002999
30050	-0.002310	-0.018280	0.001741
30051	-0.003503	-0.017189	0.000723
30052	-0.003059	-0.017284	0.000838
30053	-0.004385	-0.015747	0.001155
30054	-0.004594	-0.015481	0.001831
30055	-0.004876	-0.015669	0.001246
30056	-0.003964	-0.016636	0.002219
30057	-0.004849	-0.017060	0.003713
30058	-0.004980	-0.017302	0.003172
30059	-0.005219	-0.016548	0.005105
30060	-0.004696	-0.017153	0.004004
30061	-0.004672	-0.017366	0.003379
30062	-0.004988	-0.018118	0.004256
30063	-0.004647	-0.017564	0.002791
30064	-0.004203	-0.017662	0.002906
30065	-0.005429	-0.019600	0.003472
30066	-0.005532	-0.018321	0.003945
30067	-0.005903	-0.018972	0.004666
30068	-0.006581	-0.017840	0.004482
30069	-0.007531	-0.017783	0.004668
30070	-0.007193	-0.018899	0.004985
30071	-0.007442	-0.019684	0.005932
30072	-0.006345	-0.020147	0.005487
30073	-0.007209	-0.020449	0.006747
30074	-0.007339	-0.020696	0.006204
30075	-0.008566	-0.019681	0.005322
30076	-0.008307	-0.020289	0.006854
30077	-0.009263	-0.021236	0.007196
30078	-0.010047	-0.021121	0.007214
30079	-0.009532	-0.021252	0.007391
30080	-0.009087	-0.021354	0.007505
30081	-0.011024	-0.021578	0.006314
30082	-0.010162	-0.020515	0.009516
30083	-0.011774	-0.023667	0.009615
30084	-0.011038	-0.022249	0.008107
30085	-0.011854	-0.021563	0.009230
30086	-0.011409	-0.021667	0.009343
30087	-0.011171	-0.022756	0.009659
30088	-0.011982	-0.024169	0.008663
30089	-0.011447	-0.023727	0.009893
30090	-0.012726	-0.024272	0.008037
30091	-0.011373	-0.023810	0.007530
30092	-0.011582	-0.023552	0.008203
30093	-0.011851	-0.023323	0.008983
30094	-0.012635	-0.023213	0.009000
30095	-0.012625	-0.022934	0.009586
30096	-0.012860	-0.024203	0.009247
30097	-0.012045	-0.021276	0.008792
30098	-0.011052	-0.022761	0.008549
30099	-0.011340	-0.021441	0.008998
30100	-0.011548	-0.021185	0.009670
30101	-0.011449	-0.021435	0.009076
30102	-0.010818	-0.021038	0.007769
30103	-0.011004	-0.022382	0.007578
30104	-0.009905	-0.022853	0.007131
30105	-0.010646	-0.023157	0.008358
30106	-0.011925	-0.023708	0.006502
30107	-0.012088	-0.022481	0.007084
30108	-0.011721	-0.022078	0.008412
30109	-0.012039	-0.023364	0.008148
30110	-0.010913	-0.022310	0.008712
30111	-0.010462	-0.022283	0.008599
30112	-0.011351	-0.023193	0.008819
30113	-0.009749	-0.023502	0.009041
30114	-0.011028	-0.024057	0.007185
30115	-0.011322	-0.023274	0.009069
30116	-0.010876	-0.023385	0.009181
30117	-0.011809	-0.023187	0.009086
30118	-0.010814	-0.024679	0.008843
30119	-0.011082	-0.024436	0.009565
30120	-0.013199	-0.025131	0.009689
30121	-0.011168	-0.023379	0.009373
30122	-0.011271	-0.022112	0.009839
30123	-0.011495	-0.022369	0.009333
30124	-0.011624	-0.022631	0.008788
30125	-0.012562	-0.021938	0.009929
30126	-0.011462	-0.022417	0.009480
30127	-0.011577	-0.022085	0.009991
30128	-0.011785	-0.021835	0.010661
30129	-0.011625	-0.022961	0.011050
30130	-0.011728	-0.021696	0.011515
30131	-0.013289	-0.022618	0.010857
30132	-0.014072	-0.022517	0.010871
30133	-0.014239	-0.023230	0.011630
30134	-0.014447	-0.022981	0.012300
30135	-0.014257	-0.022148	0.011358
30136	-0.013261	-0.023644	0.011115
30137	-0.014182	-0.022040	0.012247
30138	-0.014495	-0.022806	0.013123
30139	-0.016023	-0.023713	0.012432
30140	-0.014713	-0.022166	0.011572
30141	-0.014808	-0.022350	0.010875
30142	-0.013892	-0.023333	0.011846
30143	-0.014700	-0.022155	0.011579
30144	-0.016266	-0.024235	0.011349
30145	-0.015654	-0.023377	0.011333
30146	-0.015967	-0.024145	0.012208
30147	-0.014986	-0.024092	0.012956
30148	-0.015010	-0.023346	0.012204
30149	-0.015875	-0.023302	0.012350
30150	-0.015508	-0.022906	0.013674
30151	-0.015458	-0.022169	0.012939
30152	-0.016240	-0.022073	0.012952
30153	-0.014207	-0.022415	0.013080
30154	-0.015693	-0.025014	0.011636
30155	-0.015824	-0.024278	0.013558
30156	-0.017157	-0.022802	0.013923
30157	-0.016043	-0.023315	0.013558
30158	-0.016171	-0.023586	0.013011
30159	-0.016380	-0.023773	0.012336
30160	-0.016954	-0.021650	0.011935
30161	-0.011190	-0.020742	0.001609
30162	-0.012435	-0.019778	0.000744
30163	-0.012654	-0.020020	0.000198
30164	-0.011727	-0.021002	0.001154
30165	-0.013035	-0.020029	0.000314
30166	-0.013154	-0.020297	-0.000248
30167	-0.012797	-0.020479	0.000013
30168	-0.012916	-0.020748	-0.000549
30169	-0.012430	-0.021401	-0.001614
30170	-0.012733	-0.022168	-0.000755
30171	-0.014019	-0.021107	-0.001777
30172	-0.012885	-0.020062	-0.001236
30173	-0.012869	-0.020261	-0.001926
30174	-0.013172	-0.021029	-0.001067
30175	-0.012762	-0.021022	-0.001160
30176	-0.012857	-0.019762	-0.000716
30177	-0.013634	-0.019656	-0.000703
30178	-0.012627	-0.021159	-0.000962
30179	-0.012468	-0.019495	-0.001741
30180	-0.012196	-0.020113	-0.000227
30181	-0.012405	-0.019831	0.000410
30182	-0.012053	-0.020967	0.000710
30183	-0.011743	-0.021125	0.000921
30184	-0.010816	-0.022111	0.001876
30185	-0.008765	-0.021968	0.000652
30186	-0.009044	-0.021206	0.002517
30187	-0.007710	-0.022227	0.000827
30188	-0.007231	-0.020819	0.001925
30189	-0.007389	-0.020516	0.002476
30190	-0.008163	-0.020424	0.002472
30191	-0.008109	-0.022212	0.000820
30192	-0.009066	-0.022616	0.002238
30193	-0.008115	-0.020736	-0.000702
30194	-0.007107	-0.022243	-0.000961
30195	-0.007518	-0.021473	0.000942
30196	-0.006981	-0.022118	-0.000180
30197	-0.006575	-0.022219	-0.000083
30198	-0.006222	-0.023359	0.000217
30199	-0.007004	-0.023226	0.000164
30200	-0.007880	-0.024151	0.000368
30201	-0.007062	-0.021205	-0.000237
30202	-0.008696	-0.022776	0.000734
30203	-0.008631	-0.021134	-0.000019
30204	-0.008174	-0.021261	0.000072
30205	-0.007671	-0.021378	0.000168
30206	-0.007788	-0.021658	-0.000396
30207	-0.008267	-0.022176	-0.001499
30208	-0.008259	-0.019909	-0.001267
30209	-0.007941	-0.021056	-0.000929
30210	-0.006748	-0.022074	-0.002610
30211	-0.007044	-0.021336	-0.000669
30212	-0.006977	-0.021124	-0.002656
30213	-0.007144	-0.020904	-0.001938
30214	-0.007261	-0.021187	-0.002502
30215	-0.008036	-0.020584	-0.001276
30216	-0.008153	-0.020867	-0.001840
30217	-0.007605	-0.021495	-0.002966
30218	-0.009033	-0.021041	-0.002414
30219	-0.007889	-0.022070	-0.004026
30220	-0.008087	-0.021833	-0.003377
30221	-0.008112	-0.022181	-0.003829
30222	-0.007655	-0.022313	-0.003738
30223	-0.007465	-0.022384	-0.003651
30224	-0.007028	-0.024052	-0.004565
30225	-0.006375	-0.024667	-0.005751
30226	-0.006471	-0.023418	-0.005312
30227	-0.006788	-0.024188	-0.004432
30228	-0.008033	-0.023245	-0.005304
30229	-0.009021	-0.023113	-0.005331
30230	-0.009137	-0.023400	-0.005896
30231	-0.008719	-0.022488	-0.006006
30232	-0.008158	-0.021609	-0.006127
30233	-0.009175	-0.022059	-0.004574
30234	-0.007959	-0.021551	-0.005253
30235	-0.007950	-0.021771	-0.005942
30236	-0.008331	-0.022028	-0.003871
30237	-0.008994	-0.021431	-0.005339
30238	-0.008536	-0.021568	-0.005250
30239	-0.008856	-0.021242	-0.004715
30240	-0.008397	-0.021379	-0.004626
30241	-0.009106	-0.019798	-0.003566
30242	-0.009406	-0.020579	-0.002708
30243	-0.009497	-0.020741	-0.003503
30244	-0.009613	-0.021032	-0.004069
30245	-0.009010	-0.021188	-0.003976
30246	-0.008633	-0.020804	-0.002674
30247	-0.007822	-0.020939	-0.002666
30248	-0.006626	-0.021971	-0.004348
30249	-0.006695	-0.022115	-0.001508
30250	-0.007960	-0.022715	-0.003383
30251	-0.007938	-0.023099	-0.003787
30252	-0.008608	-0.022009	-0.004006
30253	-0.009533	-0.021401	-0.002772
30254	-0.008973	-0.020529	-0.002894
30255	-0.009184	-0.020245	-0.002331
30256	-0.010530	-0.020323	-0.002993
30257	-0.010090	-0.019414	-0.003139
30258	-0.009056	-0.019402	-0.002396
30259	-0.009242	-0.019779	-0.002778
30260	-0.010197	-0.020193	-0.001361
30261	-0.009851	-0.019272	-0.001510
30262	-0.010150	-0.020057	-0.000651
30263	-0.010099	-0.019436	-0.001227
30264	-0.009640	-0.019579	-0.001138
30265	-0.010426	-0.019983	0.000265
30266	-0.011690	-0.020589	-0.001611
30267	-0.010614	-0.020066	-0.002299
30268	-0.011467	-0.019468	-0.001095
30269	-0.010451	-0.019492	-0.000281
30270	-0.011121	-0.018407	-0.000501
30271	-0.011710	-0.018352	-0.000491
30272	-0.010656	-0.016805	0.001252
30273	-0.011214	-0.017786	-0.001184
30274	-0.011512	-0.018573	-0.000326
30275	-0.011798	-0.017902	0.001704
30276	-0.011913	-0.018203	0.001138
30277	-0.012748	-0.018123	0.001152
30278	-0.011632	-0.018641	0.000681
30279	-0.011939	-0.018379	0.001299
30280	-0.013366	-0.017938	0.001848
30281	-0.011562	-0.018378	0.002180
30282	-0.011657	-0.017142	0.002613
30283	-0.011609	-0.019010	0.001055
30284	-0.010865	-0.017659	-0.000496
30285	-0.010690	-0.018329	0.001123
30286	-0.010905	-0.019645	0.000769
30287	-0.010828	-0.019392	0.001338
30288	-0.009036	-0.018745	0.001308
30289	-0.009680	-0.019676	-0.001187
30290	-0.011271	-0.018183	0.001785
30291	-0.011280	-0.020057	0.000241
30292	-0.011375	-0.018823	0.000673
30293	-0.011531	-0.018562	0.001287
30294	-0.011645	-0.018868	0.000720
30295	-0.010569	-0.019380	0.000244
30296	-0.010191	-0.019004	0.001543
30297	-0.011904	-0.019321	0.000308
30298	-0.009537	-0.018522	0.000932
30299	-0.009980	-0.019879	0.003402
30300	-0.009892	-0.018162	0.002407
30301	-0.010298	-0.018776	0.002949
30302	-0.010411	-0.019084	0.002381
30303	-0.010358	-0.020228	0.002745
30304	-0.010453	-0.018997	0.003175
30305	-0.010156	-0.020074	0.003331
30306	-0.010252	-0.018843	0.003761
30307	-0.010199	-0.018550	0.001578
30308	-0.009738	-0.018705	0.001664
30309	-0.008649	-0.017755	0.002346
30310	-0.008762	-0.018066	0.001778
30311	-0.008993	-0.017852	0.002456
30312	-0.010520	-0.018430	0.003217
30313	-0.009998	-0.017548	0.003086
30314	-0.008962	-0.017548	0.003826
30315	-0.009218	-0.018451	0.004903
30316	-0.008100	-0.018981	0.004431
30317	-0.007387	-0.018606	0.002999
30318	-0.007582	-0.018390	0.003642
30319	-0.006644	-0.018394	0.004423
30320	-0.005526	-0.018925	0.003951
30321	-0.006428	-0.019303	0.005303
30322	-0.005228	-0.020364	0.003619
30323	-0.005559	-0.019605	0.005463
30324	-0.004915	-0.019281	0.004122
30325	-0.004158	-0.019373	0.004038
30326	-0.004371	-0.020701	0.003684
30327	-0.004380	-0.019444	0.004062
30328	-0.005249	-0.020399	0.004266
30329	-0.004804	-0.019462	0.004046
30330	-0.005099	-0.020261	0.004903
30331	-0.003929	-0.019724	0.004148
30332	-0.003649	-0.020367	0.005660
30333	-0.003986	-0.021089	0.006381
30334	-0.003524	-0.021250	0.006466
30335	-0.002468	-0.021709	0.005882
30336	-0.002006	-0.021871	0.005966
30337	-0.001566	-0.020992	0.005837
30338	-0.001662	-0.019769	0.006263
30339	-0.000753	-0.021317	0.006042
30340	-0.002279	-0.021901	0.006802
30341	-0.001186	-0.021933	0.007608
30342	-0.001298	-0.022254	0.007038
30343	-0.000995	-0.021898	0.008379
30344	-0.000991	-0.019665	0.008588
30345	-0.000735	-0.022858	0.009297
30346	-0.000847	-0.023180	0.008727
30347	-0.001121	-0.022355	0.010426
30348	-0.001233	-0.022678	0.009856
30349	-0.001906	-0.022721	0.010012
30350	-0.001918	-0.022033	0.009226
30351	-0.001378	-0.022173	0.009242
30352	-0.002147	-0.022122	0.009229
30353	-0.002867	-0.021988	0.009081
30354	-0.004095	-0.019539	0.009193
30355	-0.004453	-0.019727	0.008440
30356	-0.003532	-0.022293	0.008399
30357	-0.002839	-0.022480	0.008473
30358	-0.004182	-0.022588	0.007806
30359	-0.003741	-0.023821	0.008204
30360	-0.003278	-0.023989	0.008286
30361	-0.006041	-0.019810	0.009220
30362	-0.006155	-0.020133	0.008647
30363	-0.005091	-0.020162	0.009422
30364	-0.005205	-0.020486	0.008848
30365	-0.004045	-0.019995	0.008131
30366	-0.003584	-0.020162	0.008210
30367	-0.003855	-0.019530	0.007613
30368	-0.003953	-0.018310	0.008033
30369	-0.004552	-0.018270	0.008027
30370	-0.004848	-0.019073	0.008881
30371	-0.004589	-0.016766	0.006233
30372	-0.004030	-0.015922	0.006095
30373	-0.002928	-0.015874	0.006749
30374	-0.002566	-0.017054	0.007045
30375	-0.002651	-0.016774	0.007552
30376	-0.003324	-0.015714	0.007318
30377	-0.002921	-0.016794	0.007461
30378	-0.003216	-0.017599	0.008314
30379	-0.003449	-0.016925	0.010281
30380	-0.002708	-0.015607	0.008714
30381	-0.001824	-0.016569	0.009594
30382	-0.002511	-0.017057	0.008366
30383	-0.003298	-0.016965	0.008292
30384	-0.003396	-0.015748	0.008710
30385	-0.004332	-0.017719	0.009113
30386	-0.004430	-0.016504	0.009531
30387	-0.003215	-0.017527	0.007765
30388	-0.004266	-0.018969	0.009394
30389	-0.003715	-0.019067	0.009367
30390	-0.004486	-0.019022	0.009349
30391	-0.005201	-0.017888	0.008967
30392	-0.003409	-0.017267	0.008923
30393	-0.005386	-0.017565	0.007681
30394	-0.004154	-0.015557	0.007976
30395	-0.005742	-0.017173	0.009012
30396	-0.005280	-0.017347	0.009090
30397	-0.005924	-0.017385	0.009226
30398	-0.006022	-0.016172	0.009642
30399	-0.006208	-0.016546	0.009170
30400	-0.004416	-0.015927	0.009125
30401	-0.005477	-0.016330	0.010533
30402	-0.006737	-0.016983	0.008651
30403	-0.005554	-0.017023	0.009414
30404	-0.004994	-0.016188	0.009273
30405	-0.005749	-0.015130	0.009033
30406	-0.004713	-0.015147	0.009764
30407	-0.005016	-0.015382	0.009059
30408	-0.005870	-0.014805	0.010250
30409	-0.004034	-0.015167	0.010363
30410	-0.003937	-0.011935	0.010340
30411	-0.005387	-0.012649	0.008649
30412	-0.006241	-0.012073	0.009840
30413	-0.006925	-0.010979	0.009546
30414	-0.006462	-0.011157	0.009623
30415	-0.005938	-0.011795	0.011079
30416	-0.005559	-0.011437	0.012367
30417	-0.005903	-0.010422	0.009466
30418	-0.006377	-0.011708	0.011749
30419	-0.006474	-0.009952	0.010635
30420	-0.006683	-0.011303	0.010279
30421	-0.005963	-0.010543	0.010277
30422	-0.005500	-0.010723	0.010354
30423	-0.006188	-0.009587	0.009955
30424	-0.007532	-0.009711	0.009282
30425	-0.005474	-0.009622	0.007983
30426	-0.004437	-0.009643	0.008713
30427	-0.004687	-0.009973	0.008162
30428	-0.004980	-0.010788	0.009015
30429	-0.004446	-0.010288	0.010028
30430	-0.004557	-0.010631	0.009452
30431	-0.005374	-0.011620	0.009685
30432	-0.004910	-0.011803	0.009762
30433	-0.005992	-0.012209	0.011120
30434	-0.007251	-0.012875	0.009237
30435	-0.006134	-0.012965	0.010058
30436	-0.005967	-0.011827	0.007831
30437	-0.006122	-0.013196	0.007507
30438	-0.005645	-0.011831	0.008572
30439	-0.004452	-0.012350	0.008002
30440	-0.004562	-0.012696	0.007425
30441	-0.004048	-0.011872	0.007309
30442	-0.004339	-0.012689	0.008162
30443	-0.004433	-0.011385	0.008398
30444	-0.004543	-0.011733	0.007821
30445	-0.004003	-0.011846	0.007745
30446	-0.004294	-0.012664	0.008598
30447	-0.004995	-0.012589	0.008488
30448	-0.003202	-0.011984	0.008439
30449	-0.004195	-0.012350	0.009710
30450	-0.002988	-0.013457	0.008020
30451	-0.003039	-0.012256	0.008474
30452	-0.003904	-0.013237	0.008674
30453	-0.003346	-0.013412	0.008744
30454	-0.002881	-0.013601	0.008819
30455	-0.002282	-0.012661	0.008445
30456	-0.003147	-0.013643	0.008645
30457	-0.002497	-0.012820	0.008480
30458	-0.002776	-0.012090	0.010320
30459	-0.001713	-0.013241	0.008743
30460	-0.002088	-0.013522	0.010804
30461	-0.003240	-0.013551	0.009900
30462	-0.002775	-0.013742	0.009974
30463	-0.002796	-0.014035	0.009284
30464	-0.001853	-0.015075	0.010233
30465	-0.001380	-0.016344	0.010642
30466	-0.003955	-0.016263	0.009871
30467	-0.002972	-0.016232	0.010527
30468	-0.002314	-0.014405	0.010157
30469	-0.002473	-0.014769	0.009588
30470	-0.002752	-0.014041	0.011427
30471	-0.003647	-0.015021	0.011618
30472	-0.003278	-0.016225	0.011914
30473	-0.001516	-0.016062	0.010484
30474	-0.001806	-0.016887	0.011336
30475	-0.001616	-0.014783	0.008996
30476	-0.001905	-0.015608	0.009848
30477	-0.000509	-0.015606	0.010433
30478	-0.000044	-0.015801	0.010507
30479	0.000361	-0.015936	0.010510
30480	-0.000396	-0.014362	0.011473
30481	0.000046	-0.015011	0.010214
30482	-0.000244	-0.015837	0.011067
30483	-0.000578	-0.017124	0.013320
30484	-0.001164	-0.016636	0.011866
30485	-0.000960	-0.017326	0.013480
30486	-0.000972	-0.016676	0.012678
30487	-0.002390	-0.016683	0.011792
30488	-0.002105	-0.017347	0.013296
30489	-0.000415	-0.015724	0.013037
30490	-0.000513	-0.014532	0.013443
30491	-0.001020	-0.017256	0.014512
30492	0.000201	-0.016826	0.013806
30493	-0.000360	-0.015777	0.013511
30494	0.000766	-0.016357	0.013027
30495	0.000530	-0.016055	0.013458
30496	0.000337	-0.015874	0.014086
30497	0.000537	-0.015480	0.015292
30498	0.000439	-0.014290	0.015697
30499	0.001411	-0.015905	0.015514
30500	0.000634	-0.017441	0.014505
30501	0.000778	-0.016803	0.013707
30502	0.002392	-0.016679	0.015084
30503	0.002397	-0.017123	0.014652
30504	0.002959	-0.016316	0.014500
30505	0.003539	-0.017012	0.013292
30506	0.004570	-0.018606	0.013032
30507	0.004270	-0.017860	0.014834
30508	0.004258	-0.017217	0.014029
30509	0.003964	-0.017086	0.014738
30510	0.004516	-0.017835	0.013602
30511	0.004100	-0.016481	0.013759
30512	0.005140	-0.016522	0.014482
30513	0.004529	-0.016516	0.014465
30514	0.004432	-0.015330	0.014868
30515	0.005907	-0.014378	0.012607
30516	0.006948	-0.014420	0.013330
30517	0.008062	-0.016008	0.013013
30518	0.007296	-0.015996	0.012988
30519	0.007451	-0.015364	0.012162
30520	0.007259	-0.015189	0.012789
30521	0.007494	-0.016269	0.012857
30522	0.007388	-0.016640	0.012275
30523	0.008503	-0.016590	0.012820
30524	0.008491	-0.015952	0.012014
30525	0.007191	-0.015089	0.011100
30526	0.008232	-0.015133	0.011822
30527	0.008397	-0.016336	0.012202
30528	0.008385	-0.015700	0.011396
30529	0.008904	-0.016823	0.011476
30530	0.008617	-0.017659	0.012327
30531	0.009655	-0.017726	0.013092
30532	0.009738	-0.016082	0.012060
30533	0.009626	-0.016422	0.011432
30534	0.010667	-0.016468	0.012153
30535	0.010621	-0.016190	0.012579
30536	0.011089	-0.016400	0.012649
30537	0.011510	-0.016059	0.013935
30538	0.011412	-0.014879	0.014335
30539	0.012222	-0.016808	0.015295
30540	0.012690	-0.017020	0.015365
30541	0.012340	-0.016844	0.016047
30542	0.012809	-0.017056	0.016116
30543	0.013466	-0.015820	0.014605
30544	0.011946	-0.016441	0.015360
30545	0.012335	-0.018056	0.016922
30546	0.012403	-0.019530	0.013925
30547	0.013361	-0.018099	0.015795
30548	0.013162	-0.019487	0.015438
30549	0.013056	-0.018259	0.015798
30550	0.012291	-0.018255	0.015770
30551	0.012903	-0.018447	0.015784
30552	0.013473	-0.016096	0.016608
30553	0.013846	-0.017384	0.017047
30554	0.013748	-0.016207	0.017445
30555	0.012187	-0.017310	0.016889
30556	0.013230	-0.017361	0.017609
30557	0.012200	-0.017809	0.019029
30558	0.011615	-0.017347	0.017568
30559	0.011317	-0.017677	0.016962
30560	0.010552	-0.017676	0.016934
30561	0.006818	-0.019394	0.008454
30562	0.006531	-0.018678	0.010276
30563	0.009039	-0.017415	0.009285
30564	0.008086	-0.017874	0.010681
30565	0.008029	-0.017614	0.011077
30566	0.007169	-0.017064	0.012246
30567	0.007794	-0.016818	0.010886
30568	0.008915	-0.017421	0.010390
30569	0.009058	-0.018545	0.010563
30570	0.007798	-0.019262	0.008667
30571	0.007404	-0.018424	0.010275
30572	0.009279	-0.018405	0.008996
30573	0.009552	-0.018590	0.009032
30574	0.009353	-0.018427	0.009646
30575	0.009804	-0.018700	0.009804
30576	0.009785	-0.018079	0.008984
30577	0.010087	-0.017715	0.010212
30578	0.008660	-0.015775	0.011708
30579	0.008340	-0.017660	0.010092
30580	0.009554	-0.017259	0.009367
30581	0.010687	-0.018927	0.009184
30582	0.010574	-0.019316	0.008591
30583	0.010395	-0.019802	0.008213
30584	0.009622	-0.019807	0.008175
30585	0.010017	-0.021020	0.008425
30586	0.009724	-0.021867	0.009266
30587	0.009588	-0.020590	0.009475
30588	0.009296	-0.021438	0.010316
30589	0.009797	-0.022164	0.009112
30590	0.009597	-0.022004	0.009725
30591	0.010008	-0.021157	0.009498
30592	0.009142	-0.022172	0.009688
30593	0.009422	-0.021824	0.010926
30594	0.007994	-0.019886	0.012420
30595	0.007897	-0.021770	0.010698
30596	0.007217	-0.020770	0.010430
30597	0.006512	-0.021265	0.009113
30598	0.006220	-0.022115	0.009954
30599	0.004735	-0.022695	0.010596
30600	0.006704	-0.021678	0.009086
30601	0.004780	-0.021984	0.007695
30602	0.004494	-0.021273	0.009513
30603	0.004475	-0.021647	0.008871
30604	0.003790	-0.022209	0.007626
30605	0.003686	-0.021084	0.008131
30606	0.004721	-0.021145	0.008838
30607	0.004855	-0.021459	0.008022
30608	0.003509	-0.021637	0.007331
30609	0.004079	-0.020853	0.007135
30610	0.005110	-0.022477	0.006866
30611	0.004715	-0.021705	0.008592
30612	0.005270	-0.020928	0.008420
30613	0.004414	-0.020924	0.008465
30614	0.004784	-0.022163	0.008751
30615	0.004567	-0.022629	0.008315
30616	0.003134	-0.022255	0.008830
30617	0.006305	-0.021924	0.008856
30618	0.006019	-0.021216	0.010672
30619	0.005744	-0.021521	0.009927
30620	0.006873	-0.020579	0.010405
30621	0.008071	-0.019628	0.010849
30622	0.007873	-0.019475	0.011460
30623	0.007741	-0.019812	0.010794
30624	0.007062	-0.018819	0.010524
30625	0.007647	-0.018042	0.010395
30626	0.007357	-0.018897	0.011236
30627	0.005917	-0.018067	0.010350
30628	0.006200	-0.018755	0.011841
30629	0.006159	-0.019168	0.011299
30630	0.006531	-0.020411	0.011585
30631	0.006236	-0.019832	0.010900
30632	0.005465	-0.019849	0.010859
30633	0.007284	-0.019872	0.009619
30634	0.006994	-0.020729	0.010459
30635	0.008322	-0.018702	0.010534
30636	0.007551	-0.018720	0.010493
30637	0.007310	-0.018069	0.009633
30638	0.008347	-0.018138	0.010339
30639	0.008906	-0.018913	0.009190
30640	0.009553	-0.017136	0.008784
30641	0.008647	-0.017007	0.008542
30642	0.008537	-0.017415	0.007946
30643	0.008095	-0.019807	0.007823
30644	0.007989	-0.018651	0.008202
30645	0.006520	-0.018795	0.007503
30646	0.007554	-0.020429	0.007234
30647	0.008664	-0.019432	0.007641
30648	0.008073	-0.019003	0.006163
30649	0.008045	-0.020730	0.008028
30650	0.007935	-0.021140	0.007432
30651	0.007793	-0.019457	0.006277
30652	0.007325	-0.020768	0.008553
30653	0.006698	-0.020726	0.008352
30654	0.005839	-0.020191	0.009515
30655	0.006351	-0.019979	0.008163
30656	0.004918	-0.019614	0.008675
30657	0.005653	-0.018902	0.008581
30658	0.005368	-0.018200	0.010394
30659	0.005045	-0.019071	0.011266
30660	0.005116	-0.019034	0.009233
30661	0.004905	-0.018895	0.009833
30662	0.006605	-0.019358	0.009983
30663	0.005005	-0.019006	0.010578
30664	0.004987	-0.018413	0.009750
30665	0.006556	-0.020898	0.010350
30666	0.006450	-0.019748	0.010726
30667	0.006265	-0.018471	0.010843
30668	0.005583	-0.019055	0.009595
30669	0.004143	-0.017650	0.009804
30670	0.005269	-0.018284	0.009303
30671	0.006159	-0.018227	0.009819
30672	0.006143	-0.016070	0.009962
30673	0.006638	-0.017348	0.010275
30674	0.006530	-0.017764	0.009678
30675	0.005397	-0.016979	0.008779
30676	0.007009	-0.016886	0.010133
30677	0.006370	-0.016833	0.009884
30678	0.007500	-0.015905	0.010355
30679	0.007800	-0.016047	0.010284
30680	0.007603	-0.015907	0.010891
30681	0.008202	-0.015126	0.010637
30682	0.006770	-0.014767	0.011148
30683	0.006551	-0.015036	0.010310
30684	0.007679	-0.015674	0.009809
30685	0.007919	-0.016959	0.010190
30686	0.007061	-0.016430	0.011351
30687	0.006081	-0.016384	0.011213
30688	0.007299	-0.016018	0.010479
30689	0.006431	-0.016431	0.011720
30690	0.006325	-0.015286	0.012093
30691	0.007412	-0.016424	0.010331
