// General information: 
//  MT Manager version: 2021.4.0 
//  XDA version: 2021.4.0 build 6323 rev 112641 built on 2021-09-28
// Device information: 
//  DeviceId: 00B43773
//  ProductCode: MTW2-3A7G6
//  Firmware Version: 4.3.4
//  Hardware Version: 1.1.0
// Device settings: 
//  Filter Profile: human(46.1)
//  Option Flags: Orientation Smoother Disabled, Position/Velocity Smoother Disabled, Continuous Zero Rotation Update Disabled, AHS Disabled, ICC Disabled
// Coordinate system: ENU
PacketCounter	Roll	Pitch	Yaw
29784	0.234151	-0.142107	-0.076769
29785	0.235018	-0.145594	-0.078030
29786	0.237323	-0.146432	-0.081809
29787	0.241323	-0.150527	-0.081543
29788	0.241988	-0.152786	-0.084028
29789	0.244893	-0.154687	-0.085756
29790	0.247437	-0.156264	-0.088349
29791	0.249397	-0.158076	-0.089095
29792	0.251200	-0.160967	-0.092165
29793	0.253336	-0.161901	-0.093955
29794	0.255699	-0.164098	-0.092581
29795	0.255796	-0.166619	-0.093905
29796	0.255670	-0.168503	-0.093628
29797	0.256447	-0.170495	-0.095107
29798	0.255459	-0.173160	-0.095398
29799	0.254788	-0.174715	-0.096783
29800	0.255155	-0.177185	-0.097259
29801	0.253389	-0.176545	-0.100637
29802	0.255275	-0.177602	-0.097555
29803	0.255194	-0.177131	-0.099311
29804	0.258276	-0.178445	-0.104133
29805	0.260056	-0.177265	-0.105311
29806	0.261847	-0.177740	-0.106555
29807	0.263716	-0.178056	-0.107517
29808	0.264875	-0.178101	-0.108461
29809	0.264114	-0.178161	-0.110063
29810	0.266107	-0.179176	-0.110840
29811	0.265582	-0.178968	-0.110726
29812	0.267263	-0.181290	-0.113634
29813	0.267270	-0.182317	-0.115175
29814	0.267105	-0.183666	-0.118427
29815	0.266166	-0.184605	-0.118987
29816	0.266014	-0.187440	-0.122006
29817	0.267705	-0.188636	-0.121927
29818	0.269708	-0.191255	-0.124270
29819	0.270630	-0.191486	-0.124252
29820	0.273625	-0.193489	-0.126214
29821	0.275170	-0.196449	-0.127634
29822	0.276153	-0.198442	-0.128149
29823	0.278466	-0.202368	-0.129508
29824	0.279051	-0.204439	-0.130608
29825	0.277109	-0.208551	-0.131471
29826	0.276674	-0.211338	-0.132570
29827	0.276235	-0.212628	-0.132242
29828	0.278052	-0.216229	-0.134039
29829	0.279953	-0.221303	-0.136071
29830	0.279914	-0.226295	-0.134903
29831	0.279687	-0.231462	-0.136686
29832	0.278928	-0.234796	-0.138814
29833	0.280706	-0.237490	-0.138519
29834	0.279229	-0.241341	-0.140608
29835	0.280238	-0.243068	-0.140375
29836	0.280790	-0.246242	-0.141255
29837	0.281977	-0.247090	-0.142065
29838	0.284878	-0.246729	-0.140266
29839	0.285530	-0.246344	-0.139423
29840	0.288721	-0.245153	-0.139195
29841	0.287512	-0.245477	-0.138930
29842	0.288908	-0.243998	-0.140464
29843	0.289382	-0.244492	-0.138577
29844	0.290103	-0.243406	-0.138401
29845	0.290665	-0.241524	-0.137773
29846	0.291329	-0.238349	-0.137707
29847	0.291212	-0.236997	-0.136924
29848	0.289350	-0.234360	-0.139923
29849	0.290414	-0.232827	-0.138407
29850	0.289756	-0.231114	-0.136846
29851	0.289317	-0.232405	-0.136520
29852	0.288382	-0.234443	-0.137257
29853	0.288801	-0.234325	-0.138128
29854	0.290909	-0.232070	-0.137452
29855	0.295136	-0.228155	-0.138421
29856	0.300024	-0.221629	-0.138068
29857	0.302532	-0.212789	-0.139587
29858	0.306206	-0.204784	-0.139890
29859	0.315278	-0.198654	-0.141718
29860	0.318712	-0.190781	-0.141100
29861	0.320687	-0.184580	-0.139491
29862	0.320256	-0.177885	-0.138658
29863	0.319277	-0.170199	-0.139619
29864	0.318353	-0.163529	-0.139955
29865	0.319972	-0.155215	-0.137729
29866	0.321610	-0.148687	-0.139266
29867	0.321725	-0.143197	-0.138235
29868	0.324832	-0.139058	-0.139957
29869	0.326075	-0.136647	-0.139478
29870	0.326850	-0.134975	-0.140109
29871	0.325820	-0.134422	-0.140888
29872	0.326368	-0.134226	-0.143531
29873	0.326519	-0.133492	-0.143574
29874	0.327680	-0.133807	-0.145637
29875	0.329604	-0.134739	-0.143844
29876	0.331473	-0.132593	-0.143075
29877	0.334163	-0.130618	-0.142688
29878	0.337495	-0.128124	-0.145584
29879	0.342136	-0.126935	-0.144400
29880	0.346684	-0.127914	-0.147523
29881	0.347458	-0.129911	-0.149009
29882	0.349705	-0.132384	-0.150643
29883	0.352162	-0.134550	-0.150505
29884	0.354514	-0.138174	-0.151702
29885	0.355880	-0.142017	-0.152088
29886	0.357886	-0.146089	-0.153503
29887	0.360844	-0.148604	-0.152478
29888	0.363870	-0.148989	-0.153556
29889	0.367919	-0.149828	-0.152008
29890	0.365951	-0.151942	-0.151489
29891	0.366868	-0.152176	-0.151472
29892	0.366157	-0.153132	-0.150867
29893	0.365572	-0.156189	-0.152049
29894	0.361149	-0.160143	-0.153797
29895	0.355360	-0.163306	-0.153513
29896	0.347857	-0.166290	-0.154131
29897	0.337310	-0.169293	-0.154246
29898	0.323635	-0.175168	-0.155255
29899	0.308599	-0.178628	-0.156592
29900	0.294366	-0.184542	-0.157263
29901	0.278295	-0.190292	-0.156360
29902	0.263552	-0.197098	-0.154728
29903	0.249609	-0.202752	-0.154063
29904	0.238788	-0.207253	-0.153331
29905	0.228332	-0.211751	-0.153215
29906	0.221721	-0.216502	-0.152730
29907	0.217112	-0.219482	-0.151699
29908	0.214075	-0.219215	-0.153949
29909	0.213451	-0.217517	-0.154056
29910	0.213258	-0.216108	-0.151139
29911	0.213045	-0.213262	-0.150573
29912	0.211768	-0.207993	-0.149751
29913	0.212270	-0.205503	-0.151879
29914	0.213610	-0.200815	-0.151253
29915	0.214628	-0.194527	-0.148667
29916	0.213167	-0.190653	-0.150366
29917	0.213006	-0.184547	-0.148514
29918	0.211269	-0.179406	-0.147576
29919	0.208747	-0.173662	-0.147192
29920	0.205528	-0.167873	-0.148126
29921	0.202972	-0.161244	-0.145200
29922	0.196261	-0.155388	-0.145953
29923	0.192560	-0.149827	-0.146303
29924	0.188514	-0.146349	-0.147522
29925	0.182507	-0.141761	-0.146585
29926	0.176884	-0.139688	-0.148334
29927	0.170289	-0.137126	-0.147031
29928	0.164262	-0.132173	-0.146603
29929	0.156254	-0.130061	-0.147749
29930	0.147481	-0.127057	-0.146543
29931	0.139170	-0.123440	-0.144320
29932	0.127994	-0.121032	-0.143395
29933	0.117144	-0.118657	-0.141598
29934	0.108677	-0.114602	-0.143921
29935	0.100043	-0.109758	-0.143625
29936	0.090480	-0.106458	-0.144613
29937	0.084651	-0.100990	-0.144717
29938	0.078610	-0.095551	-0.143644
29939	0.076357	-0.090424	-0.144085
29940	0.072198	-0.085356	-0.143479
29941	0.069587	-0.078114	-0.143308
29942	0.065228	-0.072571	-0.142428
29943	0.058220	-0.067284	-0.143265
29944	0.051969	-0.061511	-0.144354
29945	0.043425	-0.058163	-0.143844
29946	0.035008	-0.053846	-0.145730
29947	0.030953	-0.050039	-0.143997
29948	0.024917	-0.046380	-0.144753
29949	0.021541	-0.042042	-0.143173
29950	0.016804	-0.038383	-0.145719
29951	0.012926	-0.033697	-0.145026
29952	0.007472	-0.031481	-0.145735
29953	0.005454	-0.026082	-0.144461
29954	-0.000171	-0.023609	-0.139739
29955	-0.005138	-0.020602	-0.139566
29956	-0.012131	-0.016032	-0.136195
29957	-0.019258	-0.012227	-0.133235
29958	-0.025274	-0.007276	-0.132991
29959	-0.033526	-0.000388	-0.129480
29960	-0.042241	0.004983	-0.128598
29961	-0.051940	0.012308	-0.124994
29962	-0.063185	0.019731	-0.122697
29963	-0.073093	0.027074	-0.115510
29964	-0.082610	0.034392	-0.115491
29965	-0.093455	0.040645	-0.115161
29966	-0.101978	0.045987	-0.114761
29967	-0.105528	0.053323	-0.113606
29968	-0.106396	0.058891	-0.109013
29969	-0.098988	0.065469	-0.107156
29970	-0.091533	0.071651	-0.108411
29971	-0.080550	0.077886	-0.106887
29972	-0.067818	0.083850	-0.106281
29973	-0.056391	0.090343	-0.106618
29974	-0.048014	0.095547	-0.105695
29975	-0.042876	0.100263	-0.105085
29976	-0.039343	0.104936	-0.107963
29977	-0.038015	0.109722	-0.108732
29978	-0.034878	0.117300	-0.107085
29979	-0.033758	0.122101	-0.104272
29980	-0.030133	0.128679	-0.102643
29981	-0.027890	0.134268	-0.101846
29982	-0.026975	0.138210	-0.101994
29983	-0.027122	0.140454	-0.098664
29984	-0.029117	0.140854	-0.098703
29985	-0.028967	0.141587	-0.098743
29986	-0.028750	0.138997	-0.100206
29987	-0.029099	0.136205	-0.099672
29988	-0.027272	0.133216	-0.101392
29989	-0.027119	0.130077	-0.099970
29990	-0.024459	0.126773	-0.099069
29991	-0.023505	0.121776	-0.100129
29992	-0.020667	0.113222	-0.102054
29993	-0.018999	0.103993	-0.104344
29994	-0.015240	0.094510	-0.108926
29995	-0.012803	0.084315	-0.111155
29996	-0.008216	0.072156	-0.117118
29997	-0.004563	0.061254	-0.121153
29998	0.003211	0.048952	-0.129506
29999	0.014462	0.037627	-0.136075
30000	0.030582	0.024379	-0.141248
30001	0.044288	0.011927	-0.146133
30002	0.058162	-0.000565	-0.152844
30003	0.068204	-0.011177	-0.157607
30004	0.070549	-0.021891	-0.162569
30005	0.066881	-0.032988	-0.164899
30006	0.054619	-0.047350	-0.166904
30007	0.036011	-0.062380	-0.168812
30008	0.014457	-0.077308	-0.167545
30009	-0.011032	-0.092276	-0.169585
30010	-0.036023	-0.105615	-0.173916
30011	-0.072138	-0.113033	-0.172345
30012	-0.117409	-0.114479	-0.170041
30013	-0.178320	-0.111492	-0.167276
30014	-0.257016	-0.105024	-0.163519
30015	-0.355236	-0.091895	-0.156291
30016	-0.468457	-0.071891	-0.146540
30017	-0.592682	-0.042797	-0.135121
30018	-0.740107	-0.011868	-0.121580
30019	-0.879503	0.022686	-0.109066
30020	-1.000176	0.064125	-0.099105
30021	-1.088645	0.112624	-0.080282
30022	-1.136068	0.164914	-0.060177
30023	-1.152937	0.221375	-0.038430
30024	-1.141936	0.281652	-0.012841
30025	-1.110881	0.341138	0.006545
30026	-1.061590	0.398330	0.025081
30027	-1.004185	0.448328	0.039536
30028	-0.937665	0.491280	0.051310
30029	-0.867803	0.529265	0.056590
30030	-0.794043	0.561193	0.062845
30031	-0.719144	0.584663	0.061916
30032	-0.643319	0.598844	0.061624
30033	-0.572982	0.605786	0.054874
30034	-0.505352	0.607243	0.050313
30035	-0.440453	0.597169	0.041392
30036	-0.375785	0.575926	0.036809
30037	-0.315590	0.538056	0.035170
30038	-0.262421	0.485517	0.038602
30039	-0.221474	0.415888	0.037406
30040	-0.185924	0.334283	0.029272
30041	-0.164211	0.239456	0.017819
30042	-0.151930	0.128759	0.003042
30043	-0.140056	-0.004343	-0.017551
30044	-0.126740	-0.148498	-0.040475
30045	-0.100199	-0.302843	-0.068979
30046	-0.043701	-0.464700	-0.102312
30047	0.034034	-0.634163	-0.137516
30048	0.134301	-0.823057	-0.185162
30049	0.265779	-1.048554	-0.246885
30050	0.431763	-1.321869	-0.317027
30051	0.635929	-1.657313	-0.380229
30052	0.892550	-2.076725	-0.431031
30053	1.210424	-2.622128	-0.449801
30054	1.460660	-3.362318	-0.511747
30055	1.746140	-4.282619	-0.552089
30056	1.981041	-5.420756	-0.621947
30057	2.141668	-6.818839	-0.757705
30058	2.223002	-8.557193	-1.017107
30059	2.117351	-10.728133	-1.515445
30060	1.968459	-13.310006	-2.174630
30061	1.663824	-16.023341	-3.061017
30062	1.318154	-18.505535	-4.241662
30063	1.141521	-20.768870	-5.595749
30064	1.317174	-22.946440	-6.915266
30065	1.357286	-24.735188	-8.127775
30066	1.252517	-25.856676	-9.083793
30067	1.539893	-26.990524	-9.476519
30068	1.826926	-28.516312	-9.453137
30069	1.629839	-30.233353	-9.364155
30070	1.185390	-31.926654	-9.332007
30071	0.780425	-33.569578	-9.334979
30072	0.415152	-35.142023	-9.378770
30073	0.043073	-36.629713	-9.462140
30074	-0.295199	-38.011452	-9.563769
30075	-0.553737	-39.250036	-9.659092
30076	-0.711346	-40.321329	-9.773822
30077	-0.744123	-41.213678	-9.994610
30078	-0.654444	-41.945377	-10.364461
30079	-0.409415	-42.523299	-10.891731
30080	0.043336	-42.955159	-11.569274
30081	0.716360	-43.239803	-12.421121
30082	1.633322	-43.356408	-13.546220
30083	2.816988	-43.283472	-14.935388
30084	4.266019	-43.011854	-16.471954
30085	5.888658	-42.534039	-18.072353
30086	7.583012	-41.834317	-19.707783
30087	9.298084	-40.914663	-21.314516
30088	10.967764	-39.805651	-22.809969
30089	12.478319	-38.558185	-24.078316
30090	13.733428	-37.219190	-25.091545
30091	14.714383	-35.836626	-25.856998
30092	15.447516	-34.451781	-26.399136
30093	15.978751	-33.086095	-26.753634
30094	16.319330	-31.730401	-26.990824
30095	16.446048	-30.344176	-27.185966
30096	16.377618	-28.944115	-27.317621
30097	16.186573	-27.536302	-27.342306
30098	15.909118	-26.130999	-27.326136
30099	15.583520	-24.764654	-27.309111
30100	15.304110	-23.436734	-27.286654
30101	15.123464	-22.167938	-27.212063
30102	15.005374	-20.984533	-27.087958
30103	14.876485	-19.901812	-26.977512
30104	14.729370	-18.887694	-26.897585
30105	14.655675	-17.944177	-26.808790
30106	14.676445	-17.130902	-26.638040
30107	14.641522	-16.461309	-26.369673
30108	14.505634	-15.891116	-26.036250
30109	14.379210	-15.452677	-25.573535
30110	14.266674	-15.157283	-24.969338
30111	14.096038	-14.945433	-24.349394
30112	13.891450	-14.796331	-23.815279
30113	13.759283	-14.758370	-23.345368
30114	13.721084	-14.853061	-22.869242
30115	13.715835	-15.049144	-22.362934
30116	13.656820	-15.330046	-21.826825
30117	13.469031	-15.664316	-21.267413
30118	13.057730	-16.050501	-20.641674
30119	12.452277	-16.500729	-19.896867
30120	11.757983	-17.048411	-18.995746
30121	10.997772	-17.707284	-17.957534
30122	10.179572	-18.454255	-16.836855
30123	9.369994	-19.263430	-15.699823
30124	8.641137	-20.084524	-14.613679
30125	7.985488	-20.857555	-13.635772
30126	7.243248	-20.897919	-13.391287
30127	6.607771	-19.911080	-14.190750
30128	6.087365	-19.064241	-14.205810
30129	5.793889	-18.014131	-14.321991
30130	5.256416	-16.954020	-14.821441
30131	4.665688	-15.834664	-15.379200
30132	4.346967	-14.657809	-15.763760
30133	4.150490	-13.501271	-16.021433
30134	3.853103	-12.361837	-16.384225
30135	3.643397	-11.344866	-16.753884
30136	3.438966	-10.435828	-17.103020
30137	3.258563	-9.601279	-17.417966
30138	3.142774	-8.866604	-17.627031
30139	3.048293	-8.263291	-17.766368
30140	3.009297	-7.769639	-17.857297
30141	3.066466	-7.360483	-17.918782
30142	3.202989	-6.995141	-17.928178
30143	3.424182	-6.592983	-17.838311
30144	3.718116	-6.134731	-17.679253
30145	4.020431	-5.631754	-17.526013
30146	4.338108	-5.116948	-17.400244
30147	4.604678	-4.609533	-17.325992
30148	4.737316	-4.191777	-17.279284
30149	4.732462	-3.914399	-17.230722
30150	4.646603	-3.740384	-17.175422
30151	4.538106	-3.611418	-17.106607
30152	4.436446	-3.504361	-17.019320
30153	4.351775	-3.405495	-16.921321
30154	4.272289	-3.295761	-16.818835
30155	4.194855	-3.174876	-16.720906
30156	4.098237	-3.061894	-16.619045
30157	3.952634	-2.982018	-16.524212
30158	3.739559	-2.952845	-16.426549
30159	3.491245	-2.954496	-16.321910
30160	3.225260	-2.971853	-16.215680
30161	2.953750	-2.980727	-16.108664
30162	2.679969	-2.979583	-16.006914
30163	2.372068	-2.989422	-15.920489
30164	2.004545	-3.058799	-15.869788
30165	1.542915	-3.283126	-15.975741
30166	0.969800	-3.768862	-16.341788
30167	0.274935	-4.455744	-16.799488
30168	-0.473730	-5.218506	-17.235073
30169	-1.243740	-6.013694	-17.639788
30170	-1.998220	-6.649799	-17.873658
30171	-2.753905	-7.061983	-17.927419
30172	-3.498240	-7.308429	-17.888847
30173	-4.231295	-7.452793	-17.795672
30174	-4.969513	-7.540536	-17.660210
30175	-5.661111	-7.604553	-17.479680
30176	-6.237107	-7.648645	-17.257876
30177	-6.672100	-7.665893	-17.010458
30178	-7.003360	-7.681320	-16.755647
30179	-7.226000	-7.727024	-16.490013
30180	-7.365402	-7.833512	-16.299166
30181	-7.518136	-8.064836	-16.313831
30182	-7.656925	-8.271171	-16.330431
30183	-7.781244	-8.454126	-16.330743
30184	-7.869279	-8.600859	-16.315811
30185	-7.910087	-8.708958	-16.267475
30186	-7.901045	-8.794091	-16.181646
30187	-7.788272	-8.849487	-16.067854
30188	-7.591669	-8.853808	-15.943554
30189	-7.367852	-8.818461	-15.852226
30190	-7.159653	-8.776642	-15.795444
30191	-6.991257	-8.737015	-15.772430
30192	-6.871255	-8.693562	-15.761275
30193	-6.767647	-8.620824	-15.733674
30194	-6.628939	-8.508270	-15.699173
30195	-6.441263	-8.340814	-15.647816
30196	-6.215368	-8.105964	-15.568202
30197	-5.944319	-7.837831	-15.465336
30198	-5.665780	-7.645997	-15.389902
30199	-5.367103	-7.477085	-15.307596
30200	-5.041835	-7.286225	-15.222386
30201	-4.718599	-7.066847	-15.131779
30202	-4.439394	-6.817281	-15.027531
30203	-4.226469	-6.558473	-14.898158
30204	-4.034727	-6.303531	-14.734358
30205	-3.820413	-6.105487	-14.583004
30206	-3.517167	-5.936409	-14.456722
30207	-3.091918	-5.752536	-14.385455
30208	-2.593825	-5.539441	-14.354772
30209	-2.091077	-5.301608	-14.332009
30210	-1.625154	-5.080166	-14.317876
30211	-1.203854	-4.897969	-14.323669
30212	-0.865908	-4.758509	-14.326275
30213	-0.679812	-4.653195	-14.313054
30214	-0.617934	-4.609064	-14.317196
30215	-0.650811	-4.605059	-14.337614
30216	-0.740042	-4.611808	-14.354913
30217	-0.860681	-4.617760	-14.372385
30218	-0.991838	-4.613461	-14.404644
30219	-1.109821	-4.570652	-14.453297
30220	-1.185792	-4.494405	-14.514033
30221	-1.210662	-4.386206	-14.563776
30222	-1.203631	-4.263384	-14.599430
30223	-1.181152	-4.135755	-14.626508
30224	-1.153459	-4.012142	-14.647838
30225	-1.127874	-3.893711	-14.659054
30226	-1.105977	-3.787291	-14.661303
30227	-1.075608	-3.697276	-14.651957
30228	-1.040404	-3.644697	-14.612021
30229	-1.013166	-3.640901	-14.563344
30230	-1.007193	-3.678567	-14.521684
30231	-1.026744	-3.742424	-14.499400
30232	-1.065150	-3.804433	-14.492689
30233	-1.139501	-3.860420	-14.493044
30234	-1.253726	-3.923368	-14.471522
30235	-1.421525	-3.999030	-14.455293
30236	-1.617733	-4.066188	-14.440717
30237	-1.812963	-4.125080	-14.420075
30238	-2.001928	-4.175677	-14.396565
30239	-2.176946	-4.215497	-14.376373
30240	-2.339169	-4.260428	-14.350993
30241	-2.485223	-4.326673	-14.327211
30242	-2.603019	-4.426172	-14.303578
30243	-2.687714	-4.576645	-14.267618
30244	-2.737485	-4.791075	-14.221787
30245	-2.765605	-5.092977	-14.171265
30246	-2.832165	-5.484030	-14.130655
30247	-2.984194	-5.976014	-14.144888
30248	-3.268861	-6.640246	-14.228360
30249	-3.695136	-7.546482	-14.372336
30250	-4.094884	-8.685567	-14.436951
30251	-4.558971	-10.042171	-14.506752
30252	-5.038236	-11.598305	-14.537754
30253	-5.529256	-13.358468	-14.507732
30254	-6.126930	-15.300394	-14.493342
30255	-6.607822	-17.412959	-14.395754
30256	-7.147465	-19.827478	-14.276007
30257	-7.914052	-22.339214	-14.072029
30258	-9.035692	-24.859216	-13.734134
30259	-9.873988	-26.914141	-13.200197
30260	-10.184430	-28.564464	-12.290712
30261	-10.305400	-30.228526	-11.328233
30262	-10.577456	-32.122697	-10.723729
30263	-10.928497	-34.160087	-10.488602
30264	-11.085050	-36.181059	-10.442098
30265	-10.994050	-38.124806	-10.454812
30266	-10.787038	-39.978782	-10.549310
30267	-10.561911	-41.713686	-10.787248
30268	-10.323319	-43.283099	-11.146956
30269	-10.010524	-44.654767	-11.544428
30270	-9.623180	-45.836038	-11.889573
30271	-9.200607	-46.831280	-12.146005
30272	-8.762122	-47.602265	-12.362735
30273	-8.298416	-48.100483	-12.617295
30274	-7.721872	-48.321157	-13.005662
30275	-6.892063	-48.309935	-13.630907
30276	-5.747188	-48.096092	-14.526675
30277	-4.315487	-47.697696	-15.700492
30278	-2.609174	-47.087732	-17.174508
30279	-0.659508	-46.228140	-18.866785
30280	1.458478	-45.102090	-20.668118
30281	3.583909	-43.729776	-22.449002
30282	5.538468	-42.146666	-24.109120
30283	7.270207	-40.431986	-25.585652
30284	8.784390	-38.644195	-26.843072
30285	10.083034	-36.793465	-27.942698
30286	11.219957	-34.881043	-28.925979
30287	12.215969	-32.942784	-29.714219
30288	13.041901	-31.050546	-30.202141
30289	13.622909	-29.282546	-30.398381
30290	13.907442	-27.655704	-30.401053
30291	14.000229	-26.154357	-30.328832
30292	14.058902	-24.798761	-30.204266
30293	14.118566	-23.625803	-30.032655
30294	14.217924	-22.632973	-29.814665
30295	14.388983	-21.820520	-29.508078
30296	14.582018	-21.175836	-29.130337
30297	14.714663	-20.727258	-28.591121
30298	14.656912	-20.550154	-27.702545
30299	14.277460	-20.628702	-26.464711
30300	13.579837	-20.951066	-24.955622
30301	12.626236	-21.460425	-23.263077
30302	11.560488	-22.014350	-21.490655
30303	10.553078	-22.531121	-19.789703
30304	9.679831	-23.063098	-18.312681
30305	8.924098	-23.668203	-17.104019
30306	8.239818	-24.368255	-16.088096
30307	7.542338	-25.147789	-15.234322
30308	6.719499	-25.926046	-14.511114
30309	5.691382	-26.589661	-13.835845
30310	4.563536	-26.870476	-13.312618
30311	3.962237	-25.555444	-14.215942
30312	3.721344	-24.324771	-14.921039
30313	3.638666	-22.995419	-15.098464
30314	3.367898	-21.447162	-15.724542
30315	3.009997	-19.916544	-16.350347
30316	2.825532	-18.231585	-16.872613
30317	2.800247	-16.632764	-17.228323
30318	2.853962	-15.086002	-17.581280
30319	3.067154	-13.680583	-17.915027
30320	3.235053	-12.484843	-18.203305
30321	3.391825	-11.510712	-18.404586
30322	3.496120	-10.732785	-18.498443
30323	3.502986	-10.133365	-18.523486
30324	3.466957	-9.641248	-18.483528
30325	3.380276	-9.160338	-18.410969
30326	3.321583	-8.631319	-18.328226
30327	3.319317	-8.046768	-18.274206
30328	3.368509	-7.368425	-18.287720
30329	3.442070	-6.632091	-18.334225
30330	3.543878	-5.893068	-18.365643
30331	3.691441	-5.230038	-18.353282
30332	3.786689	-4.753510	-18.308494
30333	3.717481	-4.479890	-18.232612
30334	3.529998	-4.319766	-18.128684
30335	3.300039	-4.176092	-18.010515
30336	3.082223	-4.000974	-17.888445
30337	2.880653	-3.778220	-17.763410
30338	2.680232	-3.509063	-17.635710
30339	2.469066	-3.211703	-17.515649
30340	2.222884	-2.938898	-17.388810
30341	1.935481	-2.694981	-17.254743
30342	1.636643	-2.476719	-17.109344
30343	1.379549	-2.280608	-16.946961
30344	1.218256	-2.088469	-16.797875
30345	1.137341	-1.884711	-16.653471
30346	1.073249	-1.685580	-16.509579
30347	1.006651	-1.495671	-16.357631
30348	1.003547	-1.322261	-16.193134
30349	1.099681	-1.167960	-16.050049
30350	1.240078	-1.020029	-15.918918
30351	1.341696	-0.911878	-15.781337
30352	1.379611	-0.881842	-15.669462
30353	1.376957	-0.883395	-15.574734
30354	1.317210	-0.895315	-15.487218
30355	1.185100	-0.941160	-15.400815
30356	0.960301	-1.054874	-15.405793
30357	0.674462	-1.215798	-15.526612
30358	0.357820	-1.375963	-15.665555
30359	-0.002469	-1.497650	-15.759988
30360	-0.428875	-1.653040	-15.848872
30361	-0.875655	-1.800739	-15.887436
30362	-1.283236	-1.877837	-15.871226
30363	-1.655638	-1.893152	-15.810411
30364	-1.995855	-1.893690	-15.714196
30365	-2.303956	-1.902710	-15.620412
30366	-2.606472	-1.931267	-15.555381
30367	-2.898845	-1.946451	-15.481069
30368	-3.142818	-1.929555	-15.379280
30369	-3.288469	-1.864763	-15.254628
30370	-3.333116	-1.768701	-15.100805
30371	-3.330508	-1.724374	-14.940972
30372	-3.308837	-1.729613	-14.807506
30373	-3.242796	-1.725779	-14.679566
30374	-3.127503	-1.690865	-14.548241
30375	-3.006856	-1.631068	-14.418385
30376	-2.918897	-1.562151	-14.297533
30377	-2.895560	-1.505346	-14.211115
30378	-2.968418	-1.474602	-14.191099
30379	-3.104766	-1.469985	-14.193010
30380	-3.279440	-1.477408	-14.210065
30381	-3.484044	-1.484896	-14.217936
30382	-3.689066	-1.480818	-14.217268
30383	-3.894147	-1.467272	-14.198862
30384	-4.029103	-1.452459	-14.174158
30385	-4.117895	-1.411604	-14.129891
30386	-4.156061	-1.385579	-14.091898
30387	-4.127522	-1.336898	-14.052868
30388	-4.110834	-1.289051	-14.004379
30389	-4.062016	-1.269878	-13.970082
30390	-4.007096	-1.263913	-13.932484
30391	-3.966135	-1.284473	-13.912317
30392	-3.982121	-1.369018	-13.942737
30393	-4.082447	-1.491282	-14.001071
30394	-4.228944	-1.651344	-14.080092
30395	-4.393146	-1.796415	-14.147866
30396	-4.543345	-1.909693	-14.197265
30397	-4.661618	-1.994502	-14.232388
30398	-4.744190	-2.081119	-14.280113
30399	-4.780414	-2.138006	-14.316840
30400	-4.780466	-2.166043	-14.339068
30401	-4.749769	-2.175223	-14.345633
30402	-4.699572	-2.164869	-14.339410
30403	-4.636033	-2.142689	-14.322685
30404	-4.585494	-2.130267	-14.316840
30405	-4.581425	-2.154410	-14.330734
30406	-4.596128	-2.194241	-14.348101
30407	-4.613349	-2.239095	-14.366455
30408	-4.624625	-2.291556	-14.384909
30409	-4.625473	-2.347987	-14.395810
30410	-4.621405	-2.407806	-14.400354
30411	-4.647376	-2.499173	-14.412307
30412	-4.725068	-2.641278	-14.442588
30413	-4.831165	-2.817884	-14.480106
30414	-4.961764	-3.003945	-14.527823
30415	-5.101785	-3.183108	-14.571653
30416	-5.232802	-3.356723	-14.612386
30417	-5.331627	-3.524815	-14.642871
30418	-5.387781	-3.685754	-14.654985
30419	-5.403261	-3.853051	-14.647278
30420	-5.339379	-4.034579	-14.608844
30421	-5.201302	-4.247332	-14.538594
30422	-5.026399	-4.538399	-14.407031
30423	-4.832141	-4.916739	-14.230176
30424	-4.648090	-5.364155	-14.057605
30425	-4.511072	-5.906290	-13.895046
30426	-4.423485	-6.541121	-13.727048
30427	-4.139119	-7.224387	-13.396694
30428	-3.865606	-7.965663	-13.024882
30429	-3.529753	-8.767419	-12.564391
30430	-3.179283	-9.647739	-12.042181
30431	-2.853150	-10.612049	-11.489633
30432	-2.465470	-11.684947	-10.861201
30433	-2.091319	-12.867526	-10.231266
30434	-1.736071	-14.199849	-9.660197
30435	-1.434297	-15.666943	-9.221790
30436	-1.233758	-17.234311	-8.992448
30437	-1.033750	-18.955672	-8.922787
30438	-1.000658	-20.868182	-8.992677
30439	-1.140155	-22.979734	-9.100788
30440	-1.462541	-25.249367	-9.251693
30441	-1.886224	-27.537957	-9.431893
30442	-2.376370	-29.369280	-9.487488
30443	-2.848745	-30.951286	-9.335217
30444	-3.434935	-32.522904	-9.049599
30445	-4.276200	-34.195443	-8.723716
30446	-5.298931	-35.932848	-8.410979
30447	-6.292340	-37.643563	-8.112630
30448	-7.058236	-39.268434	-7.883001
30449	-7.555808	-40.774830	-7.799704
30450	-7.800554	-42.153167	-7.953956
30451	-7.747323	-43.388045	-8.379109
30452	-7.363937	-44.474314	-9.042429
30453	-6.725668	-45.346417	-9.776764
30454	-5.890853	-45.977140	-10.474629
30455	-4.923261	-46.378238	-11.115468
30456	-3.885785	-46.558565	-11.770519
30457	-2.766435	-46.524289	-12.564006
30458	-1.509712	-46.267491	-13.562457
30459	-0.074445	-45.778707	-14.767134
30460	1.563806	-45.051237	-16.185405
30461	3.397717	-44.099445	-17.853385
30462	5.343043	-42.893361	-19.746162
30463	7.266818	-41.409128	-21.738283
30464	9.106303	-39.674549	-23.657218
30465	10.749095	-37.812817	-25.322057
30466	12.064802	-35.899159	-26.700938
30467	12.973156	-33.998706	-27.804980
30468	13.467148	-32.152920	-28.573688
30469	13.601568	-30.382277	-28.970909
30470	13.496097	-28.725028	-29.022807
30471	13.192847	-27.217467	-28.784537
30472	12.713877	-25.814965	-28.364720
30473	12.158860	-24.496535	-27.817478
30474	11.612155	-23.260378	-27.249307
30475	11.136275	-22.121115	-26.768813
30476	10.807040	-21.071665	-26.373548
30477	10.684739	-20.132497	-26.014133
30478	10.715996	-19.352447	-25.602511
30479	10.761066	-18.748831	-25.051645
30480	10.781487	-18.356858	-24.292710
30481	10.759411	-18.236502	-23.305694
30482	10.704695	-18.311978	-22.233747
30483	10.606479	-18.401507	-21.360336
30484	10.584497	-18.461836	-20.804892
30485	10.763842	-18.528637	-20.488075
30486	11.079179	-18.642164	-20.326939
30487	11.387091	-18.847749	-20.253541
30488	11.576922	-19.166458	-20.163892
30489	11.601687	-19.598256	-19.936536
30490	11.429821	-20.178575	-19.515049
30491	10.927047	-20.874611	-18.912759
30492	9.942132	-21.597151	-18.067712
30493	8.464409	-21.484777	-17.465988
30494	7.548903	-20.215023	-18.529555
30495	7.025733	-19.239798	-18.699486
30496	6.505524	-17.928228	-18.895109
30497	5.834864	-16.635590	-19.371457
30498	5.136317	-15.244127	-19.813811
30499	4.736454	-13.774624	-20.138710
30500	4.324079	-12.295989	-20.492722
30501	4.002612	-10.853262	-20.725322
30502	3.744068	-9.527326	-21.016967
30503	3.573395	-8.396123	-21.335852
30504	3.566825	-7.468126	-21.615939
30505	3.655141	-6.757787	-21.847068
30506	3.767153	-6.240370	-22.016164
30507	3.851369	-5.863369	-22.099331
30508	3.833900	-5.578730	-22.052254
30509	3.741361	-5.313292	-21.862232
30510	3.610034	-4.975766	-21.576152
30511	3.459257	-4.552598	-21.237397
30512	3.328119	-4.112904	-20.912127
30513	3.236937	-3.704215	-20.660391
30514	3.158023	-3.342051	-20.454373
30515	3.040523	-3.006252	-20.258332
30516	2.875170	-2.682389	-20.059593
30517	2.695657	-2.368244	-19.865251
30518	2.529779	-2.053428	-19.673340
30519	2.340251	-1.726780	-19.480388
30520	2.134498	-1.421032	-19.292173
30521	1.947336	-1.166237	-19.101539
30522	1.718837	-0.957322	-18.948578
30523	1.390227	-0.784914	-18.827758
30524	1.011824	-0.690606	-18.748153
30525	0.627221	-0.767989	-18.851982
30526	0.213752	-1.032706	-19.142583
30527	-0.276372	-1.623859	-19.709935
30528	-0.866546	-2.433560	-20.320829
30529	-1.628018	-3.109423	-20.695657
30530	-2.301079	-3.664143	-20.909743
30531	-2.840925	-3.998117	-20.952961
30532	-3.297070	-4.121909	-20.832905
30533	-3.603593	-4.161302	-20.709301
30534	-3.973140	-4.088671	-20.490055
30535	-4.226109	-3.947491	-20.201182
30536	-4.401297	-3.801068	-19.825792
30537	-4.401844	-3.616924	-19.396501
30538	-4.265268	-3.428679	-18.944658
30539	-4.053326	-3.224387	-18.470149
30540	-3.812783	-3.100279	-18.156482
30541	-3.670478	-3.032108	-17.975444
30542	-3.546781	-2.944181	-17.794878
30543	-3.487812	-2.830295	-17.608885
30544	-3.496125	-2.710676	-17.432524
30545	-3.580210	-2.569223	-17.288710
30546	-3.734756	-2.406868	-17.251630
30547	-3.987828	-2.244257	-17.241057
30548	-4.310416	-2.123331	-17.268936
30549	-4.701601	-2.075283	-17.325640
30550	-5.164426	-2.078177	-17.439196
30551	-5.650749	-2.021854	-17.489335
30552	-6.131526	-1.943907	-17.485872
30553	-6.550301	-1.846545	-17.468113
30554	-6.900596	-1.747787	-17.432267
30555	-7.200468	-1.649302	-17.405457
30556	-7.449523	-1.527331	-17.379128
30557	-7.618030	-1.393365	-17.349840
30558	-7.709289	-1.278892	-17.309168
30559	-7.738254	-1.168421	-17.268333
30560	-7.709383	-1.103214	-17.209550
30561	-7.594003	-1.078504	-17.152001
30562	-7.545390	-1.058826	-17.105498
30563	-7.582444	-1.061243	-17.067063
30564	-7.651321	-1.146091	-17.040251
30565	-7.740773	-1.259843	-17.037354
30566	-7.884147	-1.398081	-17.048693
30567	-8.019120	-1.589824	-17.077060
30568	-8.112107	-1.825372	-17.099121
30569	-8.142380	-2.052766	-17.096175
30570	-8.098911	-2.266353	-17.070072
30571	-7.967156	-2.454149	-16.992757
30572	-7.718200	-2.613185	-16.853640
30573	-7.391717	-2.728159	-16.694973
30574	-7.059127	-2.797030	-16.529131
30575	-6.746354	-2.832809	-16.415217
30576	-6.482178	-2.857669	-16.341642
30577	-6.227256	-2.888234	-16.301357
30578	-5.929306	-2.913237	-16.297634
30579	-5.576575	-2.920577	-16.329151
30580	-5.205722	-2.919446	-16.346740
30581	-4.870189	-2.905522	-16.337089
30582	-4.597964	-2.876795	-16.297641
30583	-4.425882	-2.842825	-16.260541
30584	-4.332621	-2.810058	-16.228536
30585	-4.311898	-2.782412	-16.207855
30586	-4.343973	-2.781316	-16.189982
30587	-4.376520	-2.805386	-16.171774
30588	-4.386545	-2.842208	-16.146815
30589	-4.359284	-2.882796	-16.120007
30590	-4.293908	-2.924112	-16.100906
30591	-4.208756	-2.958239	-16.087834
30592	-4.107410	-2.979260	-16.081688
30593	-4.001412	-2.977938	-16.070809
30594	-3.901969	-2.948729	-16.051943
30595	-3.803658	-2.892522	-16.000129
30596	-3.700596	-2.811983	-15.904663
30597	-3.579123	-2.723372	-15.794310
30598	-3.442077	-2.636412	-15.691429
30599	-3.289677	-2.544915	-15.596835
30600	-3.126123	-2.449346	-15.513276
30601	-2.952916	-2.345583	-15.440226
30602	-2.777917	-2.237154	-15.381880
30603	-2.602083	-2.126986	-15.334215
30604	-2.436555	-2.017236	-15.299097
30605	-2.288637	-1.910799	-15.276730
30606	-2.175459	-1.835297	-15.255630
30607	-2.095092	-1.788269	-15.242772
30608	-2.045738	-1.754194	-15.234990
30609	-2.018432	-1.727820	-15.230755
30610	-2.003787	-1.714920	-15.223148
30611	-2.001166	-1.722585	-15.193558
30612	-2.001240	-1.736760	-15.168234
30613	-1.999173	-1.749135	-15.144107
30614	-1.993339	-1.758879	-15.127174
30615	-1.977021	-1.768247	-15.114374
30616	-1.945730	-1.774313	-15.102864
30617	-1.903848	-1.773501	-15.094198
30618	-1.862270	-1.764924	-15.088437
30619	-1.831063	-1.751117	-15.088743
30620	-1.809370	-1.732872	-15.091317
30621	-1.793335	-1.709521	-15.097236
30622	-1.778283	-1.685534	-15.107189
30623	-1.766743	-1.658713	-15.121107
30624	-1.753416	-1.627308	-15.137592
30625	-1.741123	-1.591835	-15.153741
30626	-1.729205	-1.553683	-15.168787
30627	-1.716735	-1.510791	-15.184534
30628	-1.704888	-1.468554	-15.193887
30629	-1.681758	-1.428253	-15.203837
30630	-1.656500	-1.391684	-15.213443
30631	-1.628721	-1.362196	-15.218873
30632	-1.594195	-1.336850	-15.222737
30633	-1.569766	-1.318135	-15.229255
30634	-1.551712	-1.313323	-15.229931
30635	-1.537962	-1.317902	-15.231794
30636	-1.530054	-1.334514	-15.232896
30637	-1.525467	-1.354877	-15.233809
30638	-1.525308	-1.378613	-15.233876
30639	-1.529227	-1.402828	-15.238138
30640	-1.542516	-1.435642	-15.241843
30641	-1.556987	-1.478684	-15.242928
30642	-1.562394	-1.527196	-15.244017
30643	-1.562980	-1.573534	-15.244218
30644	-1.556778	-1.619779	-15.245909
30645	-1.544822	-1.661150	-15.247246
30646	-1.530222	-1.700254	-15.247694
30647	-1.516638	-1.741572	-15.247610
30648	-1.501052	-1.780622	-15.248943
30649	-1.483866	-1.817601	-15.252249
30650	-1.463090	-1.851652	-15.258017
30651	-1.440780	-1.879552	-15.260114
30652	-1.417819	-1.901133	-15.262590
30653	-1.401309	-1.920691	-15.263923
30654	-1.387668	-1.936745	-15.265641
30655	-1.383044	-1.947936	-15.264859
30656	-1.390597	-1.955695	-15.265945
30657	-1.412790	-1.958217	-15.264850
30658	-1.443833	-1.954286	-15.260909
30659	-1.476607	-1.946295	-15.258943
30660	-1.507965	-1.934679	-15.255421
30661	-1.538712	-1.918045	-15.251104
30662	-1.561607	-1.901952	-15.246738
30663	-1.576558	-1.885850	-15.243026
30664	-1.584661	-1.870345	-15.238374
30665	-1.588404	-1.854979	-15.234015
30666	-1.583745	-1.838921	-15.232214
30667	-1.573414	-1.825046	-15.228919
30668	-1.564652	-1.809118	-15.226682
30669	-1.554067	-1.790496	-15.223378
30670	-1.544889	-1.771577	-15.222436
30671	-1.537869	-1.749542	-15.219339
30672	-1.529767	-1.727392	-15.219590
30673	-1.521504	-1.704741	-15.214330
30674	-1.519223	-1.681990	-15.210197
30675	-1.515094	-1.658580	-15.207816
30676	-1.511848	-1.635153	-15.207014
30677	-1.506602	-1.611408	-15.203988
30678	-1.491581	-1.591668	-15.202076
30679	-1.468219	-1.572489	-15.201512
30680	-1.438691	-1.557457	-15.201704
30681	-1.404631	-1.544324	-15.203470
30682	-1.363137	-1.531154	-15.204396
30683	-1.320545	-1.516194	-15.205591
30684	-1.273734	-1.501903	-15.206325
30685	-1.227542	-1.486783	-15.207807
30686	-1.183847	-1.472289	-15.209816
30687	-1.145488	-1.457455	-15.212881
30688	-1.110314	-1.444780	-15.215399
30689	-1.074594	-1.428011	-15.216135
30690	-1.043076	-1.412828	-15.217902
30691	-1.010319	-1.392022	-15.218965
