// General information: 
//  MT Manager version: 2021.4.0 
//  XDA version: 2021.4.0 build 6323 rev 112641 built on 2021-09-28
// Device information: 
//  DeviceId: 00B43859
//  ProductCode: MTW2-3A7G6
//  Firmware Version: 4.3.4
//  Hardware Version: 1.1.0
// Device settings: 
//  Filter Profile: human(46.1)
//  Option Flags: Orientation Smoother Disabled, Position/Velocity Smoother Disabled, Continuous Zero Rotation Update Disabled, AHS Disabled, ICC Disabled
// Coordinate system: ENU
PacketCounter	Roll	Pitch	Yaw
26049	0.413931	-0.232937	0.402700
26050	0.407197	-0.225494	0.392594
26051	0.396941	-0.213806	0.394593
26052	0.386222	-0.205606	0.393459
26053	0.380159	-0.197905	0.404412
26054	0.376336	-0.190426	0.406034
26055	0.373732	-0.183579	0.420046
26056	0.372054	-0.180143	0.426701
26057	0.368033	-0.175527	0.428837
26058	0.361400	-0.170156	0.421455
26059	0.354092	-0.166425	0.407505
26060	0.344104	-0.162141	0.387801
26061	0.333059	-0.158679	0.369379
26062	0.320524	-0.157593	0.347763
26063	0.308103	-0.155447	0.337952
26064	0.296264	-0.154398	0.324018
26065	0.285743	-0.152105	0.320553
26066	0.275361	-0.153056	0.308229
26067	0.264422	-0.151583	0.308292
26068	0.253651	-0.150517	0.297013
26069	0.240782	-0.150310	0.295206
26070	0.227528	-0.151451	0.287637
26071	0.216643	-0.151405	0.289346
26072	0.204792	-0.153510	0.282024
26073	0.193843	-0.157360	0.281585
26074	0.179167	-0.164726	0.271878
26075	0.160647	-0.173352	0.270539
26076	0.146858	-0.180716	0.266002
26077	0.134234	-0.189066	0.268852
26078	0.121836	-0.198486	0.275425
26079	0.110372	-0.208626	0.294240
26080	0.101137	-0.218980	0.311393
26081	0.091475	-0.233457	0.331194
26082	0.083521	-0.249934	0.352214
26083	0.076321	-0.267332	0.376058
26084	0.066374	-0.286934	0.387645
26085	0.055389	-0.305588	0.393364
26086	0.044446	-0.325168	0.392815
26087	0.033999	-0.344633	0.391082
26088	0.027995	-0.360863	0.385723
26089	0.023894	-0.378253	0.377158
26090	0.020037	-0.400553	0.372590
26091	0.016784	-0.425842	0.366528
26092	0.012116	-0.449197	0.358171
26093	0.006518	-0.473776	0.348269
26094	-0.002046	-0.498294	0.326925
26095	-0.009340	-0.517990	0.300382
26096	-0.016329	-0.535238	0.277292
26097	-0.024993	-0.559206	0.264587
26098	-0.030611	-0.576480	0.256857
26099	-0.035996	-0.597975	0.244219
26100	-0.045305	-0.616483	0.237470
26101	-0.057293	-0.634298	0.222673
26102	-0.070314	-0.649887	0.208929
26103	-0.083590	-0.665610	0.194663
26104	-0.093799	-0.683129	0.181407
26105	-0.102253	-0.696825	0.175472
26106	-0.116823	-0.708456	0.173882
26107	-0.130586	-0.714775	0.177278
26108	-0.140578	-0.720034	0.185738
26109	-0.148008	-0.724380	0.196669
26110	-0.154633	-0.729452	0.202308
26111	-0.162107	-0.733765	0.206880
26112	-0.169154	-0.739852	0.203700
26113	-0.174319	-0.740803	0.194597
26114	-0.181566	-0.744802	0.181703
26115	-0.187620	-0.750704	0.175551
26116	-0.194150	-0.753661	0.167707
26117	-0.197222	-0.757624	0.164668
26118	-0.198133	-0.759282	0.163638
26119	-0.197502	-0.762931	0.170827
26120	-0.198470	-0.763591	0.176669
26121	-0.203034	-0.763646	0.185884
26122	-0.208682	-0.761451	0.189066
26123	-0.212116	-0.760048	0.196436
26124	-0.217282	-0.757837	0.201568
26125	-0.222801	-0.756995	0.202905
26126	-0.228394	-0.755835	0.207455
26127	-0.232930	-0.755976	0.210629
26128	-0.236258	-0.755716	0.212335
26129	-0.239130	-0.755534	0.212756
26130	-0.245492	-0.754388	0.210892
26131	-0.250574	-0.752504	0.210913
26132	-0.255877	-0.751315	0.211691
26133	-0.259866	-0.749156	0.218218
26134	-0.263201	-0.746856	0.224170
26135	-0.264577	-0.745789	0.231571
26136	-0.264928	-0.743343	0.239725
26137	-0.265074	-0.741292	0.249385
26138	-0.267305	-0.737905	0.255353
26139	-0.273173	-0.733011	0.261547
26140	-0.278629	-0.728758	0.266461
26141	-0.282858	-0.721614	0.270988
26142	-0.287401	-0.716295	0.278433
26143	-0.291254	-0.710191	0.284657
26144	-0.291951	-0.704668	0.291222
26145	-0.293532	-0.699546	0.299571
26146	-0.294226	-0.696064	0.301890
26147	-0.297916	-0.690731	0.301368
26148	-0.298461	-0.688272	0.303797
26149	-0.302075	-0.684017	0.298759
26150	-0.303643	-0.678515	0.300164
26151	-0.303130	-0.673029	0.304548
26152	-0.303542	-0.667475	0.307337
26153	-0.302007	-0.660954	0.306833
26154	-0.302322	-0.653350	0.312610
26155	-0.299200	-0.645071	0.320126
26156	-0.298110	-0.636391	0.330387
26157	-0.294050	-0.626638	0.346394
26158	-0.291772	-0.617958	0.366284
26159	-0.286573	-0.607753	0.393507
26160	-0.282427	-0.599048	0.422465
26161	-0.275339	-0.589546	0.446002
26162	-0.266582	-0.576487	0.472513
26163	-0.259841	-0.565893	0.491928
26164	-0.247026	-0.553603	0.508171
26165	-0.231466	-0.541516	0.525207
26166	-0.214271	-0.532101	0.539650
26167	-0.193592	-0.525874	0.553937
26168	-0.168556	-0.521226	0.566484
26169	-0.135472	-0.523545	0.578840
26170	-0.102995	-0.531899	0.585757
26171	-0.062316	-0.543238	0.588998
26172	-0.019775	-0.555165	0.587156
26173	0.029725	-0.574200	0.586326
26174	0.083981	-0.596943	0.585402
26175	0.143621	-0.625700	0.583622
26176	0.209005	-0.657195	0.578900
26177	0.275959	-0.692893	0.572924
26178	0.348679	-0.732278	0.562627
26179	0.424690	-0.776544	0.544845
26180	0.502929	-0.821768	0.524137
26181	0.583829	-0.874017	0.488582
26182	0.665850	-0.930174	0.449448
26183	0.751039	-0.987261	0.402783
26184	0.837142	-1.045067	0.348876
26185	0.928725	-1.106277	0.291014
26186	1.021262	-1.170852	0.227406
26187	1.118588	-1.233613	0.154671
26188	1.219856	-1.297549	0.079067
26189	1.327342	-1.360671	-0.002905
26190	1.442666	-1.426104	-0.073366
26191	1.561890	-1.492264	-0.141183
26192	1.690382	-1.564173	-0.172093
26193	1.826513	-1.632619	-0.193446
26194	1.971035	-1.707769	-0.196235
26195	2.114264	-1.779004	-0.208169
26196	2.256112	-1.852045	-0.226854
26197	2.392399	-1.921444	-0.257166
26198	2.528940	-1.986480	-0.279091
26199	2.662465	-2.044663	-0.307437
26200	2.803635	-2.087702	-0.333145
26201	2.943658	-2.127466	-0.338923
26202	3.077740	-2.166366	-0.314474
26203	3.218940	-2.205430	-0.257687
26204	3.363217	-2.239872	-0.185860
26205	3.505304	-2.279719	-0.123998
26206	3.643738	-2.310259	-0.092297
26207	3.781391	-2.324433	-0.087511
26208	3.914438	-2.327744	-0.070598
26209	4.053845	-2.323310	-0.019863
26210	4.193728	-2.319772	0.049243
26211	4.339257	-2.320374	0.131907
26212	4.487931	-2.319652	0.228004
26213	4.634124	-2.327916	0.323205
26214	4.779283	-2.335233	0.415631
26215	4.915741	-2.348474	0.507006
26216	5.055642	-2.363341	0.606278
26217	5.218821	-2.368891	0.720726
26218	5.381897	-2.386108	0.848918
26219	5.528033	-2.422598	0.968849
26220	5.644626	-2.467267	1.076062
26221	5.741901	-2.512910	1.171400
26222	5.830182	-2.556109	1.243482
26223	5.913653	-2.602021	1.288657
26224	5.998872	-2.645333	1.312210
26225	6.073650	-2.689213	1.324710
26226	6.150494	-2.730579	1.332737
26227	6.226556	-2.770434	1.345749
26228	6.302733	-2.807177	1.360423
26229	6.375501	-2.843658	1.382437
26230	6.442186	-2.878055	1.405587
26231	6.502224	-2.914661	1.413527
26232	6.553347	-2.950855	1.389621
26233	6.589961	-2.982551	1.318020
26234	6.608996	-3.008876	1.204607
26235	6.602981	-3.030456	1.066035
26236	6.584649	-3.047660	0.924235
26237	6.565777	-3.058977	0.798124
26238	6.552084	-3.070138	0.685079
26239	6.537864	-3.082657	0.572767
26240	6.522240	-3.088277	0.452422
26241	6.504685	-3.084336	0.311408
26242	6.481481	-3.079706	0.143866
26243	6.449628	-3.076777	-0.036935
26244	6.413985	-3.083012	-0.209557
26245	6.368938	-3.107263	-0.356341
26246	6.319781	-3.147614	-0.468162
26247	6.262716	-3.203082	-0.547776
26248	6.203236	-3.268353	-0.606375
26249	6.138151	-3.340529	-0.661279
26250	6.066545	-3.413791	-0.718565
26251	5.978574	-3.489978	-0.773188
26252	5.870994	-3.570555	-0.816560
26253	5.738526	-3.658764	-0.853888
26254	5.590938	-3.752007	-0.867386
26255	5.435638	-3.843540	-0.864181
26256	5.265250	-3.937772	-0.859273
26257	5.083833	-4.028310	-0.856937
26258	4.902622	-4.123105	-0.855963
26259	4.718415	-4.218631	-0.871256
26260	4.529143	-4.309986	-0.893146
26261	4.341749	-4.398732	-0.910856
26262	4.155154	-4.490116	-0.920435
26263	3.975553	-4.587359	-0.919284
26264	3.805114	-4.687888	-0.909971
26265	3.634676	-4.798220	-0.901586
26266	3.470112	-4.906829	-0.908376
26267	3.305849	-5.009766	-0.935440
26268	3.144244	-5.102374	-0.989295
26269	2.985596	-5.181020	-1.059445
26270	2.820834	-5.254092	-1.123161
26271	2.656852	-5.322916	-1.165295
26272	2.487866	-5.399129	-1.186705
26273	2.315758	-5.483923	-1.183912
26274	2.146012	-5.572152	-1.169642
26275	1.984598	-5.644382	-1.150675
26276	1.834728	-5.689445	-1.129090
26277	1.677830	-5.730781	-1.111199
26278	1.508018	-5.776996	-1.096078
26279	1.337684	-5.817093	-1.083819
26280	1.168574	-5.847404	-1.080430
26281	1.016329	-5.852716	-1.065977
26282	0.870011	-5.851348	-1.042225
26283	0.718640	-5.851626	-1.014721
26284	0.554489	-5.854814	-0.972421
26285	0.383157	-5.855646	-0.908385
26286	0.209387	-5.854385	-0.832567
26287	0.033560	-5.857600	-0.774136
26288	-0.155544	-5.851743	-0.735089
26289	-0.352941	-5.832802	-0.712314
26290	-0.558228	-5.804698	-0.695388
26291	-0.764463	-5.771756	-0.675169
26292	-0.957887	-5.734811	-0.673870
26293	-1.141655	-5.699917	-0.691578
26294	-1.316624	-5.657160	-0.732681
26295	-1.492040	-5.613075	-0.798809
26296	-1.667380	-5.570423	-0.882117
26297	-1.833641	-5.542759	-0.967130
26298	-1.985585	-5.533536	-1.057689
26299	-2.121002	-5.538619	-1.149505
26300	-2.242464	-5.560989	-1.244363
26301	-2.352582	-5.600064	-1.341054
26302	-2.449149	-5.651272	-1.449603
26303	-2.532231	-5.706609	-1.581020
26304	-2.607922	-5.769507	-1.731506
26305	-2.693023	-5.846802	-1.892768
26306	-2.776016	-5.939541	-2.062860
26307	-2.858023	-6.055065	-2.226238
26308	-2.927053	-6.187754	-2.378565
26309	-2.983945	-6.335637	-2.521971
26310	-3.035159	-6.497562	-2.671613
26311	-3.080674	-6.663640	-2.848361
26312	-3.125199	-6.829139	-3.054965
26313	-3.174931	-6.997735	-3.281661
26314	-3.226810	-7.158233	-3.522686
26315	-3.288849	-7.313886	-3.755645
26316	-3.357790	-7.459029	-3.960107
26317	-3.426614	-7.591098	-4.122693
26318	-3.489110	-7.700326	-4.243824
26319	-3.547754	-7.780987	-4.334436
26320	-3.612140	-7.842927	-4.403970
26321	-3.682023	-7.895402	-4.460091
26322	-3.756625	-7.935338	-4.494366
26323	-3.835824	-7.971264	-4.518981
26324	-3.923472	-7.997728	-4.532338
26325	-4.008543	-8.016687	-4.547716
26326	-4.096349	-8.042000	-4.556678
26327	-4.179974	-8.072483	-4.546243
26328	-4.247913	-8.101204	-4.522824
26329	-4.295389	-8.126631	-4.500998
26330	-4.339697	-8.152518	-4.478422
26331	-4.378721	-8.177562	-4.449326
26332	-4.409333	-8.198784	-4.412875
26333	-4.438287	-8.226399	-4.374812
26334	-4.470041	-8.257057	-4.330098
26335	-4.504315	-8.287660	-4.276438
26336	-4.542858	-8.317138	-4.216064
26337	-4.591134	-8.349781	-4.149692
26338	-4.639537	-8.372928	-4.072485
26339	-4.684915	-8.386044	-3.976007
26340	-4.721606	-8.383879	-3.862240
26341	-4.760792	-8.375157	-3.739115
26342	-4.806363	-8.355623	-3.625978
26343	-4.863398	-8.323919	-3.538986
26344	-4.936046	-8.273434	-3.494667
26345	-5.033288	-8.201038	-3.487215
26346	-5.145438	-8.106396	-3.480254
26347	-5.268766	-7.991717	-3.454782
26348	-5.411351	-7.876046	-3.413081
26349	-5.535803	-7.733649	-3.353069
26350	-5.662778	-7.582191	-3.249459
26351	-5.796007	-7.394625	-3.120158
26352	-5.952801	-7.161186	-2.993065
26353	-6.159715	-6.878456	-2.869737
26354	-6.403157	-6.518726	-2.736661
26355	-6.673429	-6.070030	-2.620592
26356	-7.007136	-5.535312	-2.535991
26357	-7.383199	-4.914002	-2.477808
26358	-7.786932	-4.200073	-2.460511
26359	-8.196097	-3.384420	-2.500207
26360	-8.612118	-2.489585	-2.651905
26361	-9.032897	-1.535768	-2.938285
26362	-9.520061	-0.552852	-3.338289
26363	-10.060714	0.459812	-3.797951
26364	-10.621251	1.519526	-4.274488
26365	-11.162580	2.588062	-4.774918
26366	-11.748281	3.655585	-5.333019
26367	-12.529442	4.739509	-6.026234
26368	-13.543769	5.925077	-6.867237
26369	-14.725050	7.332433	-7.799588
26370	-16.049528	8.949936	-8.724316
26371	-17.436755	10.602945	-9.673202
26372	-18.716694	12.184786	-10.524338
26373	-19.793202	13.740343	-11.244449
26374	-20.723892	15.249466	-11.908702
26375	-21.601024	16.676555	-12.591594
26376	-22.476050	18.005137	-13.365697
26377	-23.346880	19.257420	-14.183443
26378	-24.182716	20.453197	-14.979181
26379	-24.920422	21.548634	-15.714908
26380	-25.468597	22.488550	-16.294130
26381	-25.762732	23.290516	-16.667716
26382	-25.797133	23.978680	-16.827277
26383	-25.570569	24.556239	-16.765584
26384	-25.109607	24.994361	-16.534182
26385	-24.466385	25.250498	-16.173573
26386	-23.679898	25.322278	-15.729523
26387	-22.793939	25.218925	-15.235320
26388	-21.884219	24.904066	-14.746852
26389	-20.952014	24.368112	-14.261322
26390	-19.945311	23.641103	-13.720082
26391	-18.840987	22.737324	-13.103323
26392	-17.652098	21.660715	-12.398243
26393	-16.419904	20.427736	-11.642394
26394	-15.199063	19.066917	-10.882647
26395	-14.028163	17.594509	-10.147066
26396	-12.907346	16.041492	-9.434794
26397	-11.816342	14.453009	-8.712263
26398	-10.750399	12.846496	-8.017909
26399	-9.726730	11.213287	-7.393564
26400	-8.781648	9.539463	-6.922717
26401	-7.926205	7.848069	-6.597186
26402	-7.155060	6.173017	-6.439595
26403	-6.460504	4.565320	-6.358548
26404	-5.833138	3.089956	-6.383009
26405	-5.335328	1.710538	-6.487934
26406	-4.927845	0.466631	-6.619755
26407	-4.585337	-0.646953	-6.699479
26408	-4.253033	-1.649276	-6.629161
26409	-3.910674	-2.601072	-6.321478
26410	-3.602314	-3.497830	-5.730510
26411	-3.303016	-4.314753	-5.027545
26412	-3.027969	-5.096502	-4.261080
26413	-2.734028	-5.829329	-3.446804
26414	-2.421477	-6.491196	-2.615618
26415	-2.139908	-7.042480	-1.833105
26416	-1.929815	-7.470156	-1.200826
26417	-1.811996	-7.788130	-0.713728
26418	-1.768585	-8.002256	-0.371350
26419	-1.773975	-8.126974	-0.131952
26420	-1.823538	-8.180637	0.047087
26421	-1.912617	-8.174305	0.179532
26422	-2.040326	-8.123331	0.250025
26423	-2.182426	-8.045445	0.311951
26424	-2.295508	-7.924193	0.412735
26425	-2.387528	-7.759763	0.551785
26426	-2.477698	-7.556033	0.729972
26427	-2.565933	-7.308523	0.938652
26428	-2.645618	-7.007866	1.157371
26429	-2.724284	-6.655515	1.374122
26430	-2.822867	-6.259737	1.570212
26431	-2.976219	-5.819974	1.722980
26432	-3.180659	-5.329343	1.847485
26433	-3.396289	-4.786844	1.963683
26434	-3.598234	-4.190029	2.094498
26435	-3.780326	-3.558616	2.239872
26436	-3.938594	-2.918383	2.423160
26437	-4.061478	-2.275721	2.634429
26438	-4.141384	-1.634086	2.859081
26439	-4.051431	-1.047627	2.935088
26440	-3.682736	-0.635410	3.314865
26441	-3.333944	-0.358953	3.443141
26442	-3.118612	-0.112693	3.405742
26443	-2.962342	0.233492	3.229132
26444	-2.996151	0.630852	2.959536
26445	-3.584185	1.038825	2.570980
26446	-4.306803	1.710175	2.186644
26447	-4.824233	2.507182	1.989788
26448	-5.087356	3.197319	1.995226
26449	-5.050126	3.758367	2.123944
26450	-4.804189	4.174243	2.301754
26451	-4.533943	4.478763	2.439578
26452	-4.348571	4.759720	2.504352
26453	-4.208719	5.052450	2.513962
26454	-4.132047	5.283690	2.463571
26455	-4.121668	5.435967	2.365200
26456	-4.162907	5.566706	2.267181
26457	-4.171301	5.677790	2.229970
26458	-4.085439	5.736631	2.269514
26459	-3.928238	5.736469	2.385435
26460	-3.716609	5.689147	2.538834
26461	-3.514325	5.589125	2.729527
26462	-3.331952	5.435753	2.953967
26463	-3.114692	5.256265	3.191907
26464	-2.889420	5.040579	3.410633
26465	-2.630094	4.816881	3.607343
26466	-2.358499	4.567907	3.743181
26467	-2.093140	4.308332	3.798183
26468	-1.837593	4.042725	3.799453
26469	-1.598458	3.776346	3.756486
26470	-1.384639	3.499630	3.711150
26471	-1.149708	3.232724	3.713077
26472	-0.898122	2.977742	3.769726
26473	-0.607966	2.746574	3.868625
26474	-0.280584	2.521933	3.987546
26475	0.070337	2.275741	4.129037
26476	0.432695	2.016271	4.249482
26477	0.785236	1.746263	4.319422
26478	1.102810	1.468887	4.339027
26479	1.377585	1.206515	4.309753
26480	1.608146	0.958762	4.259789
26481	1.812740	0.730649	4.219569
26482	2.024854	0.545166	4.164466
26483	2.230946	0.367209	4.086088
26484	2.421810	0.197335	4.005155
26485	2.588590	0.026173	3.927823
26486	2.740257	-0.150359	3.848963
26487	2.874874	-0.328430	3.761826
26488	2.991748	-0.514746	3.670001
26489	3.122684	-0.689629	3.577236
26490	3.252586	-0.845842	3.467049
26491	3.357575	-0.987337	3.325481
26492	3.420474	-1.138739	3.158887
26493	3.456740	-1.285693	3.016855
26494	3.486281	-1.421815	2.880518
26495	3.522692	-1.564997	2.724217
26496	3.553434	-1.712078	2.575207
26497	3.573167	-1.840240	2.391137
26498	3.558472	-1.971703	2.216419
26499	3.541529	-2.100041	2.085829
26500	3.534369	-2.220049	1.986042
26501	3.538975	-2.328573	1.903711
26502	3.558591	-2.406356	1.817597
26503	3.571923	-2.475336	1.723502
26504	3.561574	-2.536293	1.646081
26505	3.525662	-2.585940	1.582547
26506	3.477651	-2.624161	1.534526
26507	3.448118	-2.661420	1.490492
26508	3.433913	-2.709914	1.427352
26509	3.419929	-2.758553	1.330048
26510	3.388041	-2.801216	1.196769
26511	3.336889	-2.835359	1.051464
26512	3.288670	-2.863571	0.909837
26513	3.268154	-2.893633	0.788231
26514	3.278786	-2.915681	0.685558
26515	3.293485	-2.931411	0.582870
26516	3.290675	-2.942902	0.472251
26517	3.280505	-2.949845	0.349475
26518	3.268845	-2.963869	0.199122
26519	3.251482	-2.992663	0.021436
26520	3.251188	-3.023566	-0.192202
26521	3.240889	-3.059645	-0.398594
26522	3.232120	-3.094132	-0.599253
26523	3.202306	-3.143963	-0.765040
26524	3.183641	-3.194881	-0.857220
26525	3.190315	-3.240827	-0.901021
26526	3.180566	-3.315613	-0.928515
26527	3.178331	-3.374676	-0.948141
26528	3.165386	-3.436986	-0.975307
26529	3.133382	-3.508239	-1.008918
26530	3.104359	-3.585865	-1.041278
26531	3.071834	-3.673160	-1.074507
26532	3.063918	-3.763002	-1.126759
26533	3.050301	-3.866880	-1.229125
26534	3.006308	-3.972349	-1.380143
26535	2.925070	-4.057096	-1.566993
26536	2.831109	-4.138799	-1.754696
26537	2.725284	-4.224649	-1.948419
26538	2.613715	-4.305027	-2.147091
26539	2.494711	-4.372542	-2.316534
26540	2.369133	-4.428129	-2.457286
26541	2.218974	-4.477142	-2.522048
26542	2.054451	-4.504380	-2.487216
26543	1.893322	-4.500017	-2.311331
26544	1.752579	-4.453900	-2.007493
26545	1.652259	-4.368926	-1.650205
26546	1.505603	-4.257631	-1.329981
26547	1.281861	-4.101344	-1.131922
26548	1.004918	-3.870628	-1.028459
26549	0.668944	-3.574981	-0.966558
26550	0.280464	-3.215845	-0.972699
26551	-0.151431	-2.793520	-1.006378
26552	-0.622228	-2.270936	-1.086449
26553	-1.156094	-1.654620	-1.229836
26554	-1.734773	-0.940631	-1.400931
26555	-2.320982	-0.125660	-1.617772
26556	-2.914793	0.744842	-1.829897
26557	-3.504355	1.631126	-2.056683
26558	-4.159018	2.512499	-2.245444
26559	-4.893636	3.406215	-2.451836
26560	-5.719348	4.259294	-2.759765
26561	-6.579261	5.204148	-3.033560
26562	-7.432248	6.435956	-3.275195
26563	-8.396609	7.888388	-3.542074
26564	-9.485737	9.582473	-3.875115
26565	-10.650857	11.555072	-4.233848
26566	-11.931547	13.713950	-4.612197
26567	-13.383968	15.916526	-5.129757
26568	-14.970502	18.068536	-5.846048
26569	-16.606131	20.115189	-6.724632
26570	-18.182380	22.079193	-7.738870
26571	-19.726977	23.955701	-8.881726
26572	-21.309514	25.695158	-10.198794
26573	-22.949811	27.223309	-11.648128
26574	-24.577881	28.473997	-13.101252
26575	-26.067184	29.436246	-14.430441
26576	-27.306228	30.207394	-15.547045
26577	-28.247249	30.835141	-16.391225
26578	-28.892431	31.273382	-16.944847
26579	-29.219479	31.542603	-17.170855
26580	-29.184444	31.692600	-17.068107
26581	-28.779081	31.719826	-16.626819
26582	-28.048084	31.641406	-15.908844
26583	-27.115265	31.450221	-15.011168
26584	-26.069835	31.113465	-14.010369
26585	-24.938140	30.615188	-12.926277
26586	-23.748862	29.934751	-11.802404
26587	-22.520381	29.060456	-10.680588
26588	-21.292687	27.998413	-9.608692
26589	-20.123893	26.757606	-8.665194
26590	-18.996741	25.375064	-7.830883
26591	-17.861094	23.898547	-7.040812
26592	-16.716240	22.374428	-6.282484
26593	-15.601139	20.814773	-5.598251
26594	-14.559826	19.207946	-5.022920
26595	-13.605584	17.578618	-4.585370
26596	-12.727424	15.976074	-4.283342
26597	-11.932360	14.401064	-4.069899
26598	-11.191822	12.900638	-3.903426
26599	-10.502005	11.515955	-3.712635
26600	-9.869781	10.303948	-3.521175
26601	-9.341108	9.201815	-3.381571
26602	-8.849872	8.220638	-3.263987
26603	-8.405641	7.324188	-3.146614
26604	-8.010892	6.530895	-3.022123
26605	-7.699571	5.821187	-2.892349
26606	-7.441926	5.227785	-2.734163
26607	-7.246378	4.702794	-2.605124
26608	-7.080432	4.216495	-2.464165
26609	-6.931829	3.760539	-2.287807
26610	-6.792431	3.374611	-2.043659
26611	-6.672846	3.062751	-1.795699
26612	-6.576142	2.805057	-1.549713
26613	-6.493676	2.614703	-1.325187
26614	-6.426150	2.483561	-1.116075
26615	-6.368302	2.423132	-0.919940
26616	-6.337662	2.421844	-0.720003
26617	-6.339253	2.493335	-0.547610
26618	-6.382766	2.608074	-0.425420
26619	-6.436925	2.755956	-0.320212
26620	-6.497655	2.955031	-0.231631
26621	-6.571374	3.202583	-0.147264
26622	-6.645667	3.488867	-0.056377
26623	-6.707605	3.820051	0.022687
26624	-6.799736	4.167548	0.060223
26625	-6.945262	4.515574	0.076376
26626	-7.135364	4.865498	0.093133
26627	-7.323140	5.226747	0.167508
26628	-7.484374	5.609923	0.311910
26629	-7.551429	5.903094	0.319541
26630	-7.282336	6.103405	0.891125
26631	-7.087992	6.144428	1.162292
26632	-6.807606	6.232226	1.657175
26633	-6.555711	6.427935	2.032340
26634	-6.309473	6.648792	2.419164
26635	-6.041337	6.928111	2.706031
26636	-5.848613	7.217025	2.881207
26637	-5.857516	7.514074	2.889976
26638	-6.089269	7.839334	2.704112
26639	-6.442467	8.208868	2.422279
26640	-6.765966	8.606225	2.143920
26641	-6.982274	8.958246	1.953811
26642	-7.033302	9.211781	1.886107
26643	-6.908123	9.338483	1.945390
26644	-6.645427	9.353045	2.115456
26645	-6.278280	9.315773	2.388875
26646	-5.869079	9.254689	2.730258
26647	-5.503356	9.191019	3.068660
26648	-5.213418	9.147184	3.330149
26649	-4.938552	9.114634	3.475746
26650	-4.678430	9.041376	3.464734
26651	-4.467956	8.899444	3.291348
26652	-4.307859	8.730471	3.044016
26653	-4.214359	8.592809	2.784155
26654	-4.135700	8.479872	2.539782
26655	-3.985021	8.358505	2.391208
26656	-3.711939	8.204307	2.361725
26657	-3.323896	8.034725	2.473843
26658	-2.862712	7.862175	2.685926
26659	-2.397779	7.699845	2.939759
26660	-1.991454	7.530668	3.148943
26661	-1.664336	7.351428	3.287306
26662	-1.414040	7.161607	3.342767
26663	-1.205210	6.961207	3.346065
26664	-1.010969	6.755924	3.320471
26665	-0.824611	6.548193	3.274346
26666	-0.663594	6.326484	3.199283
26667	-0.501092	6.101191	3.115334
26668	-0.297524	5.890257	3.034246
26669	-0.063469	5.694259	2.949902
26670	0.200460	5.505390	2.866626
26671	0.455243	5.299808	2.770610
26672	0.706690	5.076603	2.692451
26673	0.994537	4.875005	2.657378
26674	1.277672	4.671514	2.641946
26675	1.531699	4.455814	2.577176
26676	1.752425	4.234400	2.468588
26677	1.941807	4.010371	2.259401
26678	2.097679	3.747997	1.957456
26679	2.224508	3.472697	1.589085
26680	2.281534	3.197305	1.179348
26681	2.318576	2.928393	0.742911
26682	2.378555	2.626846	0.364772
26683	2.529576	2.336848	0.084391
26684	2.684452	2.015166	-0.131903
26685	2.822889	1.714238	-0.285577
26686	2.948209	1.447747	-0.448038
26687	3.086455	1.190417	-0.619587
26688	3.243545	0.929372	-0.798302
26689	3.388037	0.652000	-0.969260
26690	3.511343	0.369112	-1.141866
26691	3.599939	0.109703	-1.290479
26692	3.680950	-0.136537	-1.431850
26693	3.779634	-0.399063	-1.511325
26694	3.905047	-0.641892	-1.564464
26695	3.999674	-0.882144	-1.610157
26696	4.088542	-1.097520	-1.647040
26697	4.149924	-1.285843	-1.661267
26698	4.208920	-1.458696	-1.679662
26699	4.264989	-1.644019	-1.702925
26700	4.319717	-1.817622	-1.754042
26701	4.351849	-1.987179	-1.852621
26702	4.368849	-2.131403	-1.948491
26703	4.389420	-2.252148	-2.064722
26704	4.422515	-2.375881	-2.181172
26705	4.465534	-2.495095	-2.295272
26706	4.521247	-2.610267	-2.401766
26707	4.582133	-2.724625	-2.480293
26708	4.646629	-2.851091	-2.533576
26709	4.734055	-2.979756	-2.568920
26710	4.849946	-3.111082	-2.598611
26711	4.982108	-3.249211	-2.628437
26712	5.126582	-3.390301	-2.642481
26713	5.285673	-3.527395	-2.644690
26714	5.452552	-3.660794	-2.657578
26715	5.600095	-3.790776	-2.718793
26716	5.724667	-3.906594	-2.833291
26717	5.829090	-4.005859	-2.981300
26718	5.909720	-4.101373	-3.153101
26719	5.981475	-4.180145	-3.322900
26720	6.045063	-4.265539	-3.513867
26721	6.091539	-4.347674	-3.699058
26722	6.117716	-4.412812	-3.865190
26723	6.154933	-4.467322	-3.970531
26724	6.178988	-4.529442	-4.017208
26725	6.193065	-4.590826	-4.013440
26726	6.186260	-4.646378	-3.964394
26727	6.165483	-4.710224	-3.879266
26728	6.138126	-4.769002	-3.793993
26729	6.092611	-4.821703	-3.749512
26730	6.024526	-4.862118	-3.760188
26731	5.925809	-4.892134	-3.839568
26732	5.811578	-4.912929	-3.962264
26733	5.699544	-4.920681	-4.092772
26734	5.594712	-4.919331	-4.214996
26735	5.485054	-4.930273	-4.301080
26736	5.383866	-4.949178	-4.336629
26737	5.292137	-4.979861	-4.326448
26738	5.213327	-5.022744	-4.276657
26739	5.137329	-5.066723	-4.203886
26740	5.058355	-5.105489	-4.129513
26741	4.968024	-5.152872	-4.066598
26742	4.872665	-5.199445	-4.023427
26743	4.777598	-5.238092	-4.009474
26744	4.670937	-5.273523	-4.029574
26745	4.556007	-5.304528	-4.064042
26746	4.432300	-5.329461	-4.103544
26747	4.305179	-5.354632	-4.146891
26748	4.174487	-5.384558	-4.189486
26749	4.048568	-5.413997	-4.217906
26750	3.931439	-5.446351	-4.245091
26751	3.806936	-5.478909	-4.256716
26752	3.678824	-5.493294	-4.271264
26753	3.536837	-5.498414	-4.273583
26754	3.388823	-5.488939	-4.273788
26755	3.241226	-5.473552	-4.264176
26756	3.087704	-5.438628	-4.237674
26757	2.924210	-5.387747	-4.198053
26758	2.741118	-5.326008	-4.165762
26759	2.549887	-5.243001	-4.152927
26760	2.358029	-5.141944	-4.134577
26761	2.141211	-5.025555	-4.128070
26762	1.877886	-4.884615	-4.166788
26763	1.581874	-4.708152	-4.222618
26764	1.242499	-4.484097	-4.284174
26765	0.867295	-4.212965	-4.374189
26766	0.453612	-3.889762	-4.473131
26767	-0.013265	-3.520988	-4.554151
26768	-0.516562	-3.085319	-4.609125
26769	-1.036474	-2.567194	-4.667432
26770	-1.582868	-1.955156	-4.736021
26771	-2.135955	-1.229216	-4.788192
26772	-2.710120	-0.388904	-4.894976
26773	-3.387159	0.490065	-4.987041
26774	-4.143244	1.390270	-5.121283
26775	-4.963939	2.284626	-5.289559
26776	-5.828184	3.151030	-5.446516
26777	-6.728339	4.021170	-5.534623
26778	-7.635259	5.044348	-5.498252
26779	-8.528810	6.307870	-5.339857
26780	-9.448048	7.861565	-5.172686
26781	-10.375028	9.679008	-5.048065
26782	-11.500989	11.541715	-5.049909
26783	-12.752390	13.332062	-5.286742
26784	-14.002629	15.025031	-5.690906
26785	-15.207218	16.652292	-6.213532
26786	-16.451938	18.210189	-6.909538
26787	-17.804755	19.667166	-7.810850
26788	-19.253087	21.016952	-8.873351
26789	-20.724059	22.275023	-10.004893
26790	-22.127486	23.436223	-11.145287
26791	-23.391518	24.412623	-12.225013
26792	-24.432342	25.169989	-13.105388
26793	-25.167439	25.797281	-13.716412
26794	-25.602012	26.358912	-14.064573
26795	-25.747247	26.818722	-14.139789
26796	-25.627104	27.146045	-13.968657
26797	-25.272880	27.335428	-13.632351
26798	-24.741657	27.369015	-13.210782
26799	-24.078336	27.193010	-12.721345
26800	-23.264493	26.813383	-12.150621
26801	-22.308655	26.246884	-11.509985
26802	-21.276163	25.497877	-10.864830
26803	-20.188908	24.559709	-10.215976
26804	-19.059174	23.480735	-9.599792
26805	-17.902669	22.303704	-8.996075
26806	-16.753085	21.063796	-8.438479
26807	-15.636814	19.762912	-7.910085
26808	-14.552567	18.430966	-7.436739
26809	-13.521443	17.039464	-7.021544
26810	-12.506461	15.611615	-6.645903
26811	-11.527907	14.150448	-6.383035
26812	-10.628703	12.645222	-6.250171
26813	-9.785288	11.139495	-6.232203
26814	-9.010815	9.671188	-6.271969
26815	-8.310336	8.276419	-6.371356
26816	-7.687424	6.953855	-6.463846
26817	-7.141115	5.744415	-6.545682
26818	-6.686767	4.632506	-6.644493
26819	-6.285209	3.612024	-6.712150
26820	-5.923093	2.649299	-6.700512
26821	-5.596740	1.778807	-6.557204
26822	-5.295854	0.999708	-6.294472
26823	-5.016803	0.322905	-5.912617
26824	-4.745844	-0.253701	-5.481928
26825	-4.525227	-0.765711	-4.955712
26826	-4.337861	-1.177024	-4.425030
26827	-4.194396	-1.547862	-3.893533
26828	-4.066679	-1.843490	-3.383344
26829	-3.979705	-2.067329	-2.952825
26830	-3.943415	-2.211244	-2.575661
26831	-3.966289	-2.264464	-2.289459
26832	-4.052309	-2.240672	-2.094386
26833	-4.172174	-2.158115	-1.942972
26834	-4.324740	-2.030679	-1.803436
26835	-4.516905	-1.863239	-1.649739
26836	-4.726614	-1.660987	-1.473301
26837	-4.903235	-1.418409	-1.229842
26838	-5.013165	-1.158894	-0.903484
26839	-5.047007	-0.908699	-0.465020
26840	-4.963581	-0.716116	-0.143492
26841	-4.688386	-0.701583	0.443688
26842	-4.281091	-0.675017	1.012699
26843	-3.865891	-0.638756	1.428934
26844	-3.730654	-0.620129	1.674233
26845	-3.894493	-0.345787	1.870039
26846	-4.119467	0.311843	2.078260
26847	-4.416692	1.130046	2.189936
26848	-4.728297	1.924363	2.233353
26849	-4.975047	2.617075	2.145094
26850	-5.161172	3.089643	1.930146
26851	-5.286784	3.301451	1.694750
26852	-5.330896	3.403709	1.526397
26853	-5.311675	3.552904	1.487347
26854	-5.225456	3.807072	1.583243
26855	-5.063372	4.148611	1.750643
26856	-4.851923	4.554629	1.946412
26857	-4.656023	4.981780	2.140527
26858	-4.516566	5.382139	2.286202
26859	-4.427225	5.696971	2.338500
26860	-4.317037	5.888330	2.323379
26861	-4.182080	5.992353	2.258860
26862	-4.087689	6.041401	2.124802
26863	-4.028909	6.079658	1.929150
26864	-4.003148	6.149370	1.684256
26865	-3.997181	6.227369	1.417109
26866	-3.958457	6.250332	1.220286
26867	-3.820552	6.198228	1.168236
26868	-3.592689	6.063435	1.266545
26869	-3.306167	5.905094	1.455257
26870	-2.967948	5.748730	1.661013
26871	-2.619685	5.574380	1.849274
26872	-2.289383	5.382982	1.996146
26873	-1.993022	5.172189	2.104856
26874	-1.734277	4.954718	2.175234
26875	-1.507007	4.727330	2.200086
26876	-1.264924	4.502508	2.220060
26877	-0.993375	4.283867	2.252883
26878	-0.710766	4.066799	2.319654
26879	-0.417194	3.890193	2.408986
26880	-0.141337	3.721707	2.541377
26881	0.118894	3.538923	2.727637
26882	0.385272	3.348884	2.953204
26883	0.669276	3.145929	3.184689
26884	0.997134	2.913600	3.407483
26885	1.364175	2.671688	3.593295
26886	1.657892	2.433474	3.687739
26887	1.858742	2.234169	3.706016
26888	1.999095	2.072384	3.693939
26889	2.130162	1.922319	3.679920
26890	2.308520	1.762606	3.686686
26891	2.537045	1.561040	3.696424
26892	2.800248	1.312278	3.722220
26893	3.046487	1.055234	3.730748
26894	3.209391	0.812883	3.696498
26895	3.312407	0.625268	3.615453
26896	3.385014	0.465078	3.502822
26897	3.446592	0.298978	3.391902
26898	3.515334	0.108279	3.302451
26899	3.616114	-0.104988	3.255957
26900	3.752559	-0.334643	3.262463
26901	3.911303	-0.544672	3.292834
26902	4.069402	-0.773025	3.361735
26903	4.236694	-1.038789	3.464371
26904	4.418871	-1.333128	3.572076
26905	4.634632	-1.605118	3.642984
26906	4.839410	-1.840539	3.655469
26907	4.990379	-2.042663	3.590992
26908	5.057551	-2.202921	3.512432
26909	5.093197	-2.344574	3.416889
26910	5.143892	-2.505986	3.349806
26911	5.231766	-2.654913	3.330231
26912	5.336512	-2.777634	3.336557
26913	5.436735	-2.876096	3.327470
26914	5.511989	-2.964100	3.311881
26915	5.560161	-3.040973	3.299236
26916	5.611021	-3.117399	3.298772
26917	5.677881	-3.176007	3.299167
26918	5.764818	-3.217074	3.289203
26919	5.854283	-3.261350	3.269938
26920	5.944053	-3.295625	3.245806
26921	6.034007	-3.312879	3.204543
26922	6.122251	-3.320567	3.116381
26923	6.207753	-3.337038	2.985165
26924	6.303416	-3.345772	2.858720
26925	6.407968	-3.340249	2.729245
26926	6.501701	-3.347785	2.603363
26927	6.607882	-3.343430	2.568796
26928	6.719372	-3.351991	2.560301
26929	6.815176	-3.422523	2.562802
26930	6.922778	-3.522107	2.571066
26931	7.006391	-3.643894	2.572082
26932	7.039953	-3.778925	2.539977
26933	7.033365	-3.891048	2.496155
26934	7.001095	-3.962015	2.399038
26935	6.930285	-4.020845	2.206818
26936	6.839613	-4.043663	1.951091
26937	6.737628	-4.028428	1.649393
26938	6.624238	-4.011245	1.387178
26939	6.519300	-3.990386	1.201523
26940	6.415783	-3.973592	1.118828
26941	6.321615	-3.957769	1.133717
26942	6.230809	-3.953231	1.215693
26943	6.173229	-3.947110	1.340009
26944	6.136921	-3.939577	1.419680
26945	6.093791	-3.941334	1.413677
26946	6.030136	-3.936727	1.328333
26947	5.944101	-3.936729	1.193811
26948	5.851773	-3.943783	1.040213
26949	5.774288	-3.952637	0.900812
26950	5.720355	-3.954185	0.791548
26951	5.672020	-3.968100	0.742621
26952	5.643243	-3.987768	0.739909
26953	5.629333	-4.018835	0.766902
26954	5.630731	-4.047986	0.783817
26955	5.626035	-4.076429	0.794078
26956	5.612615	-4.092108	0.783146
26957	5.573945	-4.102465	0.751148
26958	5.522256	-4.104155	0.695361
26959	5.454825	-4.102903	0.630484
26960	5.391559	-4.099963	0.568905
26961	5.333359	-4.110442	0.511923
26962	5.275265	-4.123362	0.468352
26963	5.219246	-4.135914	0.443911
26964	5.159858	-4.157158	0.431074
26965	5.097923	-4.183739	0.417738
26966	5.034842	-4.212637	0.393066
26967	4.970279	-4.245052	0.359643
26968	4.906126	-4.279066	0.318111
26969	4.844972	-4.309315	0.270894
26970	4.786827	-4.330410	0.227889
26971	4.734249	-4.356017	0.200570
26972	4.680733	-4.386173	0.186748
26973	4.632912	-4.412861	0.196510
26974	4.592783	-4.435960	0.240056
26975	4.560880	-4.458075	0.311213
26976	4.530734	-4.483083	0.390835
26977	4.502097	-4.504105	0.474194
26978	4.472576	-4.526585	0.549350
26979	4.437953	-4.547692	0.620470
26980	4.403375	-4.566876	0.681993
26981	4.361441	-4.584816	0.728602
26982	4.314603	-4.600260	0.771084
26983	4.273384	-4.612885	0.831467
26984	4.238559	-4.630605	0.901255
26985	4.201977	-4.654248	0.977025
26986	4.165965	-4.677814	1.039500
26987	4.118777	-4.698439	1.092538
26988	4.074701	-4.716006	1.135396
26989	4.029914	-4.730176	1.164119
26990	3.991934	-4.741410	1.184066
26991	3.955504	-4.749584	1.193778
26992	3.910752	-4.757830	1.191098
26993	3.864532	-4.769888	1.194946
26994	3.821430	-4.772792	1.218106
26995	3.787620	-4.778948	1.254531
26996	3.751928	-4.794048	1.307242
26997	3.725678	-4.815180	1.367673
26998	3.699451	-4.846185	1.429919
26999	3.674957	-4.874172	1.494658
27000	3.650680	-4.900855	1.556794
27001	3.628643	-4.920631	1.601506
27002	3.596824	-4.937926	1.617112
27003	3.560576	-4.952680	1.603202
27004	3.516548	-4.968675	1.564921
27005	3.469205	-4.980460	1.527589
27006	3.424789	-4.985629	1.500779
27007	3.381729	-4.991999	1.488100
27008	3.340298	-4.997179	1.486838
27009	3.299705	-4.996710	1.495473
27010	3.263289	-4.996696	1.509983
27011	3.225295	-4.988442	1.529061
27012	3.190406	-4.977923	1.547449
27013	3.153516	-4.964900	1.561187
27014	3.116974	-4.952150	1.565388
27015	3.078274	-4.941302	1.565833
27016	3.041770	-4.932762	1.568375
27017	3.006805	-4.925698	1.575531
27018	2.971648	-4.922030	1.584772
27019	2.936144	-4.918599	1.596583
27020	2.899299	-4.912977	1.608191
27021	2.863415	-4.906292	1.619786
27022	2.829727	-4.899425	1.629514
27023	2.798481	-4.890000	1.634097
27024	2.778434	-4.864986	1.634234
27025	2.795096	-4.794512	1.622611
27026	2.823824	-4.699025	1.637195
27027	2.874757	-4.591185	1.686240
27028	2.899935	-4.516747	1.758711
27029	2.911828	-4.462961	1.856182
27030	2.919180	-4.412632	1.956226
27031	2.913461	-4.370594	2.049336
27032	2.906763	-4.324703	2.135784
27033	2.894372	-4.277180	2.200956
27034	2.879324	-4.228766	2.243667
27035	2.860472	-4.186824	2.259930
27036	2.835702	-4.148611	2.244344
27037	2.807471	-4.114257	2.209792
27038	2.771293	-4.090151	2.155807
27039	2.735689	-4.077074	2.091106
27040	2.701157	-4.076209	2.017017
27041	2.659994	-4.085183	1.943316
27042	2.623899	-4.096601	1.885854
27043	2.587773	-4.121171	1.830535
27044	2.560493	-4.143513	1.801475
27045	2.536442	-4.165838	1.785925
27046	2.509724	-4.197059	1.773374
27047	2.487652	-4.224288	1.765233
27048	2.467717	-4.248581	1.760787
27049	2.448305	-4.268540	1.756110
27050	2.428458	-4.288569	1.752045
27051	2.405411	-4.305467	1.748961
27052	2.384201	-4.322716	1.750403
27053	2.366058	-4.340553	1.759658
27054	2.352305	-4.355706	1.776508
27055	2.342032	-4.369238	1.800401
27056	2.332534	-4.379896	1.829201
27057	2.324518	-4.387074	1.854677
27058	2.315151	-4.392604	1.872976
27059	2.308048	-4.393213	1.883434
27060	2.297829	-4.396219	1.883095
27061	2.283267	-4.398929	1.878154
27062	2.269505	-4.399192	1.869878
27063	2.255589	-4.398945	1.868599
27064	2.246777	-4.397125	1.875622
27065	2.241848	-4.397392	1.881676
27066	2.239683	-4.398353	1.897387
27067	2.240739	-4.397273	1.914369
27068	2.242458	-4.396837	1.926308
27069	2.244293	-4.394746	1.930519
27070	2.244067	-4.394057	1.925202
27071	2.240362	-4.396463	1.917430
27072	2.242114	-4.392710	1.914521
27073	2.249597	-4.389347	1.916958
27074	2.259961	-4.393699	1.921886
27075	2.270753	-4.397600	1.934458
27076	2.282284	-4.401624	1.948944
27077	2.288933	-4.402306	1.961160
27078	2.297345	-4.397164	1.968570
27079	2.306172	-4.393730	1.969775
27080	2.315110	-4.389591	1.962643
27081	2.321994	-4.384159	1.952200
27082	2.327677	-4.380608	1.938635
27083	2.337168	-4.377960	1.922739
27084	2.348687	-4.377894	1.912787
27085	2.360961	-4.379877	1.901120
27086	2.375836	-4.382017	1.892064
27087	2.391829	-4.382784	1.879170
27088	2.407455	-4.385185	1.859983
27089	2.421284	-4.390915	1.841620
27090	2.433943	-4.390171	1.823400
27091	2.447941	-4.391505	1.804121
27092	2.462370	-4.390903	1.787880
27093	2.475761	-4.389293	1.772197
27094	2.486137	-4.387824	1.758306
27095	2.496760	-4.387825	1.749013
27096	2.507001	-4.389040	1.741648
27097	2.511730	-4.388140	1.734000
27098	2.516896	-4.383999	1.726755
27099	2.523469	-4.383147	1.719760
27100	2.529789	-4.380810	1.708221
27101	2.535420	-4.379552	1.696115
27102	2.544176	-4.377306	1.685937
27103	2.551804	-4.375471	1.680211
27104	2.560943	-4.371877	1.680131
