// General information: 
//  MT Manager version: 2021.4.0 
//  XDA version: 2021.4.0 build 6323 rev 112641 built on 2021-09-28
// Device information: 
//  DeviceId: 00B43859
//  ProductCode: MTW2-3A7G6
//  Firmware Version: 4.3.4
//  Hardware Version: 1.1.0
// Device settings: 
//  Filter Profile: human(46.1)
//  Option Flags: Orientation Smoother Disabled, Position/Velocity Smoother Disabled, Continuous Zero Rotation Update Disabled, AHS Disabled, ICC Disabled
// Coordinate system: ENU
PacketCounter	Roll	Pitch	Yaw
57535	-13.481320	-8.343120	167.437356
57536	-13.495560	-8.337831	167.438213
57537	-13.509883	-8.330608	167.441188
57538	-13.523239	-8.325307	167.445085
57539	-13.538679	-8.320530	167.452711
57540	-13.552065	-8.313757	167.459168
57541	-13.562882	-8.309344	167.455339
57542	-13.571311	-8.304911	167.444692
57543	-13.580228	-8.300790	167.425927
57544	-13.586678	-8.296760	167.404439
57545	-13.593378	-8.293361	167.387126
57546	-13.599942	-8.290529	167.374358
57547	-13.605212	-8.282305	167.368268
57548	-13.606054	-8.278606	167.371699
57549	-13.606386	-8.273918	167.380806
57550	-13.603128	-8.272455	167.393321
57551	-13.596349	-8.273386	167.412427
57552	-13.583326	-8.274728	167.433820
57553	-13.565336	-8.277975	167.461227
57554	-13.538956	-8.282259	167.488290
57555	-13.509897	-8.291931	167.513742
57556	-13.476227	-8.300865	167.536430
57557	-13.441167	-8.310318	167.555498
57558	-13.401882	-8.321238	167.571301
57559	-13.362404	-8.335000	167.584030
57560	-13.319871	-8.346938	167.593027
57561	-13.276514	-8.357069	167.601500
57562	-13.232562	-8.367105	167.612477
57563	-13.188830	-8.377906	167.621923
57564	-13.145853	-8.390703	167.635983
57565	-13.104876	-8.399980	167.644510
57566	-13.065258	-8.410266	167.654068
57567	-13.027301	-8.418993	167.662163
57568	-12.991809	-8.425561	167.674950
57569	-12.959092	-8.430219	167.690438
57570	-12.930439	-8.432926	167.702976
57571	-12.902076	-8.439055	167.710390
57572	-12.878337	-8.438096	167.717487
57573	-12.856823	-8.438825	167.717510
57574	-12.839965	-8.438080	167.718197
57575	-12.826308	-8.434649	167.716495
57576	-12.813607	-8.431441	167.713764
57577	-12.806506	-8.423120	167.711309
57578	-12.800914	-8.416980	167.708860
57579	-12.798936	-8.408902	167.706084
57580	-12.800472	-8.398318	167.696747
57581	-12.803253	-8.386781	167.686995
57582	-12.808192	-8.374973	167.676251
57583	-12.815286	-8.360746	167.664635
57584	-12.824318	-8.346636	167.654560
57585	-12.837115	-8.330370	167.645700
57586	-12.851080	-8.315397	167.630674
57587	-12.866881	-8.298487	167.611701
57588	-12.883496	-8.283546	167.597273
57589	-12.903837	-8.267910	167.581514
57590	-12.924169	-8.251306	167.568750
57591	-12.947231	-8.232816	167.558664
57592	-12.972345	-8.212855	167.548628
57593	-12.994019	-8.190962	167.533428
57594	-13.015109	-8.167605	167.517608
57595	-13.039282	-8.146015	167.501383
57596	-13.066075	-8.117863	167.487799
57597	-13.093184	-8.093049	167.474782
57598	-13.122016	-8.065937	167.465334
57599	-13.150402	-8.040576	167.457950
57600	-13.181768	-8.015106	167.450600
57601	-13.210775	-7.988828	167.439598
57602	-13.244297	-7.962820	167.425107
57603	-13.278203	-7.934448	167.406106
57604	-13.314692	-7.908057	167.385519
57605	-13.349538	-7.881124	167.366356
57606	-13.383589	-7.855875	167.349759
57607	-13.417566	-7.828998	167.333615
57608	-13.452462	-7.802480	167.320595
57609	-13.487789	-7.774943	167.306053
57610	-13.526400	-7.746828	167.294638
57611	-13.564478	-7.717852	167.278886
57612	-13.605530	-7.687463	167.260313
57613	-13.648131	-7.657121	167.237333
57614	-13.693530	-7.627018	167.217291
57615	-13.740933	-7.596195	167.197666
57616	-13.790053	-7.564551	167.179199
57617	-13.839342	-7.530818	167.164097
57618	-13.893683	-7.497965	167.153385
57619	-13.949332	-7.464012	167.143669
57620	-14.004047	-7.429395	167.128781
57621	-14.058508	-7.390690	167.112117
57622	-14.117284	-7.354173	167.092107
57623	-14.177572	-7.317743	167.067963
57624	-14.241888	-7.281157	167.046454
57625	-14.310902	-7.247940	167.025366
57626	-14.383758	-7.215036	166.999883
57627	-14.458493	-7.177502	166.975264
57628	-14.537320	-7.137044	166.948696
57629	-14.618439	-7.098608	166.910749
57630	-14.702090	-7.059817	166.869295
57631	-14.788543	-7.017824	166.828697
57632	-14.876921	-6.974623	166.796363
57633	-14.968243	-6.929169	166.769711
57634	-15.065376	-6.885117	166.742487
57635	-15.164916	-6.838417	166.717313
57636	-15.261723	-6.791031	166.692919
57637	-15.358912	-6.747074	166.665014
57638	-15.456793	-6.702615	166.639478
57639	-15.552195	-6.658747	166.617517
57640	-15.641969	-6.613133	166.595246
57641	-15.728336	-6.569445	166.577086
57642	-15.810762	-6.526649	166.562820
57643	-15.891474	-6.487507	166.548123
57644	-15.969978	-6.444041	166.534160
57645	-16.045189	-6.404852	166.526438
57646	-16.118791	-6.368692	166.517599
57647	-16.188727	-6.333390	166.512361
57648	-16.255476	-6.299007	166.512108
57649	-16.317606	-6.271397	166.508429
57650	-16.376808	-6.244443	166.507193
57651	-16.432749	-6.217743	166.508533
57652	-16.482171	-6.195660	166.512925
57653	-16.530967	-6.173902	166.520436
57654	-16.573257	-6.152499	166.532949
57655	-16.613463	-6.133589	166.548632
57656	-16.650708	-6.116833	166.564286
57657	-16.685644	-6.099269	166.576341
57658	-16.718275	-6.084268	166.587883
57659	-16.747531	-6.069749	166.600475
57660	-16.771880	-6.052274	166.610831
57661	-16.796517	-6.039136	166.624950
57662	-16.818712	-6.027323	166.639561
57663	-16.838328	-6.019159	166.651225
57664	-16.856286	-6.010898	166.666938
57665	-16.871286	-6.002571	166.682658
57666	-16.881578	-5.998812	166.701029
57667	-16.888673	-5.992875	166.715742
57668	-16.894373	-5.986617	166.731946
57669	-16.896582	-5.983817	166.748265
57670	-16.895821	-5.982009	166.761497
57671	-16.893300	-5.981244	166.772209
57672	-16.888735	-5.980115	166.779285
57673	-16.882015	-5.980556	166.784879
57674	-16.873609	-5.983622	166.795149
57675	-16.865143	-5.990359	166.807089
57676	-16.854086	-5.995678	166.823057
57677	-16.841012	-6.003800	166.836546
57678	-16.824946	-6.014104	166.850078
57679	-16.807136	-6.023918	166.863582
57680	-16.784109	-6.034111	166.872443
57681	-16.759081	-6.042877	166.880727
57682	-16.729731	-6.055730	166.890648
57683	-16.697857	-6.067985	166.899493
57684	-16.663365	-6.084276	166.913573
57685	-16.625830	-6.099281	166.928594
57686	-16.585682	-6.117158	166.945735
57687	-16.545652	-6.136066	166.959798
57688	-16.503266	-6.159128	166.970892
57689	-16.457970	-6.183662	166.979405
57690	-16.412046	-6.205032	166.995509
57691	-16.362960	-6.226623	167.014112
57692	-16.310869	-6.250158	167.038388
57693	-16.256798	-6.276538	167.060110
57694	-16.202880	-6.301737	167.082310
57695	-16.146076	-6.324216	167.103832
57696	-16.086782	-6.350870	167.126475
57697	-16.026046	-6.376831	167.146463
57698	-15.964397	-6.405998	167.166515
57699	-15.902487	-6.434035	167.183902
57700	-15.839419	-6.461333	167.205870
57701	-15.775041	-6.487663	167.226711
57702	-15.709880	-6.515712	167.246037
57703	-15.645650	-6.544906	167.263320
57704	-15.581289	-6.574714	167.281078
57705	-15.516811	-6.600394	167.297054
57706	-15.452202	-6.629397	167.314203
57707	-15.387992	-6.653425	167.330199
57708	-15.323770	-6.680765	167.343143
57709	-15.260970	-6.704432	167.350847
57710	-15.197531	-6.728034	167.361099
57711	-15.137511	-6.751591	167.370913
57712	-15.080511	-6.773713	167.379115
57713	-15.024942	-6.793374	167.385230
57714	-14.969763	-6.814262	167.389797
57715	-14.916849	-6.832781	167.393470
57716	-14.862713	-6.853554	167.396465
57717	-14.809257	-6.873004	167.399376
57718	-14.759470	-6.892607	167.403398
57719	-14.711065	-6.909760	167.409659
57720	-14.661828	-6.924381	167.416146
57721	-14.610652	-6.937623	167.422138
57722	-14.561804	-6.951734	167.427567
57723	-14.513903	-6.962684	167.433343
57724	-14.468073	-6.973578	167.437727
57725	-14.423013	-6.985800	167.438624
57726	-14.379264	-6.999079	167.440481
57727	-14.336586	-7.010390	167.441725
57728	-14.295978	-7.024377	167.442078
57729	-14.252951	-7.035092	167.440653
57730	-14.211634	-7.048921	167.435842
57731	-14.169364	-7.057199	167.429574
57732	-14.127536	-7.067687	167.426240
57733	-14.085614	-7.075339	167.419485
57734	-14.045233	-7.083605	167.416138
57735	-14.004841	-7.090391	167.411833
57736	-13.963924	-7.096775	167.407422
57737	-13.922839	-7.103226	167.403651
57738	-13.884025	-7.110500	167.399268
57739	-13.845793	-7.115367	167.390558
57740	-13.805496	-7.123625	167.383067
57741	-13.767122	-7.130083	167.375534
57742	-13.729520	-7.135485	167.373699
57743	-13.693153	-7.142893	167.370521
57744	-13.657474	-7.153621	167.365144
57745	-13.622588	-7.161478	167.358126
57746	-13.584621	-7.170317	167.348070
57747	-13.546917	-7.179853	167.336408
57748	-13.508679	-7.187751	167.325815
57749	-13.469049	-7.193307	167.320763
57750	-13.427709	-7.199145	167.314198
57751	-13.383603	-7.204801	167.309122
57752	-13.339931	-7.212907	167.305583
57753	-13.295174	-7.220978	167.301490
57754	-13.247567	-7.228369	167.298373
57755	-13.198656	-7.238827	167.297785
57756	-13.147340	-7.247895	167.302786
57757	-13.096666	-7.258385	167.308290
57758	-13.043786	-7.271334	167.314773
57759	-12.990418	-7.282000	167.323728
57760	-12.935746	-7.293702	167.333227
57761	-12.882005	-7.305041	167.343211
57762	-12.824702	-7.314066	167.351611
57763	-12.767935	-7.323328	167.361534
57764	-12.712809	-7.333148	167.365844
57765	-12.657015	-7.342397	167.378251
57766	-12.601705	-7.351239	167.387663
57767	-12.547005	-7.360183	167.394485
57768	-12.492037	-7.369924	167.400283
57769	-12.437520	-7.377241	167.401418
57770	-12.386403	-7.390597	167.401603
57771	-12.331689	-7.399617	167.398623
57772	-12.281063	-7.410852	167.396240
57773	-12.227758	-7.421821	167.391179
57774	-12.176662	-7.433785	167.384138
57775	-12.125584	-7.445314	167.370893
57776	-12.074461	-7.457226	167.354078
57777	-12.026567	-7.469197	167.335226
57778	-11.977158	-7.477052	167.318460
57779	-11.930264	-7.487532	167.304751
57780	-11.880229	-7.497921	167.298693
57781	-11.830781	-7.501620	167.295737
57782	-11.782138	-7.507172	167.293335
57783	-11.736351	-7.510633	167.289442
57784	-11.692238	-7.515900	167.283022
57785	-11.647806	-7.517163	167.273519
57786	-11.608593	-7.517521	167.268283
57787	-11.571236	-7.518936	167.273294
57788	-11.537696	-7.517578	167.284613
57789	-11.507492	-7.514691	167.292398
57790	-11.481655	-7.512170	167.300818
57791	-11.458875	-7.503172	167.311416
57792	-11.443309	-7.490139	167.326877
57793	-11.433913	-7.473932	167.343513
57794	-11.429784	-7.458173	167.367460
57795	-11.433046	-7.437356	167.395196
57796	-11.451071	-7.410446	167.439748
57797	-11.477417	-7.381158	167.491136
57798	-11.516806	-7.345555	167.551571
57799	-11.563171	-7.299681	167.601981
57800	-11.619027	-7.250016	167.644873
57801	-11.682554	-7.190276	167.673110
57802	-11.762925	-7.123443	167.691363
57803	-11.856358	-7.048071	167.714454
57804	-11.956130	-6.968658	167.735442
57805	-12.063116	-6.882794	167.737522
57806	-12.179784	-6.790459	167.727234
57807	-12.308304	-6.691618	167.709301
57808	-12.444947	-6.586338	167.686548
57809	-12.589482	-6.471402	167.665754
57810	-12.742366	-6.352570	167.647691
57811	-12.909369	-6.224061	167.625403
57812	-13.085204	-6.088478	167.594395
57813	-13.274378	-5.944808	167.555376
57814	-13.477858	-5.792851	167.506979
57815	-13.695127	-5.628499	167.451372
57816	-13.932349	-5.452819	167.400919
57817	-14.192027	-5.259310	167.366920
57818	-14.478938	-5.049976	167.348776
57819	-14.798978	-4.815780	167.354543
57820	-15.151888	-4.544911	167.359480
57821	-15.536057	-4.240133	167.368629
57822	-15.959931	-3.895601	167.387637
57823	-16.420448	-3.495000	167.418232
57824	-16.916756	-3.062295	167.481001
57825	-17.459940	-2.595111	167.566059
57826	-18.021793	-2.120787	167.719279
57827	-18.618509	-1.645615	167.802841
57828	-19.268970	-1.163629	167.838977
57829	-19.938145	-0.675428	167.804788
57830	-20.628953	-0.224648	167.647280
57831	-21.342479	0.181646	167.331953
57832	-22.104647	0.535458	166.833737
57833	-22.914241	0.863810	166.232920
57834	-23.773306	1.227477	165.678220
57835	-24.697059	1.650588	165.222971
57836	-25.688065	2.124999	164.918132
57837	-26.699779	2.714567	164.933899
57838	-27.762831	3.355125	165.125316
57839	-28.836192	4.098776	165.514035
57840	-29.824946	4.961050	165.984719
57841	-30.759523	5.783593	166.360180
57842	-31.675691	6.497080	166.611412
57843	-32.583474	7.091177	166.685050
57844	-33.458150	7.601242	166.599495
57845	-34.307021	8.006205	166.383307
57846	-35.119472	8.286146	166.032565
57847	-35.853449	8.482297	165.610722
57848	-36.511689	8.588177	165.133837
57849	-37.073893	8.612557	164.632682
57850	-37.531552	8.556608	164.133411
57851	-37.872291	8.421530	163.664153
57852	-38.084205	8.213402	163.249720
57853	-38.152735	7.931803	162.914265
57854	-38.060349	7.598148	162.681633
57855	-37.809999	7.217460	162.558239
57856	-37.409484	6.790157	162.532411
57857	-36.869609	6.317645	162.585431
57858	-36.209051	5.787826	162.697188
57859	-35.441637	5.189350	162.849105
57860	-34.584605	4.509626	163.003511
57861	-33.645894	3.761986	163.150629
57862	-32.647327	2.941601	163.269244
57863	-31.601215	2.054366	163.325751
57864	-30.514452	1.151415	163.372119
57865	-29.401037	0.227134	163.392671
57866	-28.266242	-0.709683	163.379431
57867	-27.131521	-1.626027	163.358690
57868	-25.988089	-2.469032	163.388871
57869	-24.855345	-3.279412	163.415644
57870	-23.753056	-4.037249	163.470914
57871	-22.673979	-4.729595	163.506977
57872	-21.642090	-5.369470	163.494546
57873	-20.660887	-5.965496	163.371440
57874	-19.742729	-6.551435	163.067439
57875	-18.872681	-7.129912	162.560288
57876	-18.053503	-7.662865	161.842999
57877	-17.277615	-8.102625	161.115851
57878	-16.523137	-8.476792	160.327056
57879	-15.824065	-8.800548	159.531762
57880	-15.168006	-9.083002	158.728632
57881	-14.572143	-9.359560	157.837865
57882	-14.026296	-9.563500	156.998961
57883	-13.582439	-9.721120	156.246569
57884	-13.243273	-9.833783	155.577934
57885	-12.978906	-9.897191	155.022129
57886	-12.758427	-9.923389	154.528748
57887	-12.578766	-9.933862	154.049351
57888	-12.431829	-9.938727	153.570901
57889	-12.316031	-9.946795	153.033970
57890	-12.363453	-10.187953	152.264754
57891	-12.928778	-10.771566	151.672562
57892	-13.704345	-11.012317	151.418263
57893	-14.343902	-10.758219	151.813036
57894	-14.843106	-10.113195	152.798666
57895	-15.175557	-9.422795	153.954492
57896	-15.280355	-8.964716	154.726762
57897	-15.270528	-8.819183	154.922231
57898	-15.339234	-8.898790	154.664580
57899	-15.617878	-9.067158	154.169359
57900	-16.109701	-9.175353	153.727615
57901	-16.652493	-9.164243	153.447110
57902	-17.147430	-9.142158	153.187583
57903	-17.532150	-9.187486	152.932089
57904	-17.796053	-9.358965	152.652270
57905	-18.005739	-9.554864	152.416310
57906	-18.268115	-9.691472	152.202258
57907	-18.591150	-9.716884	152.017838
57908	-18.939729	-9.580317	151.970235
57909	-19.307992	-9.340108	152.079510
57910	-19.636267	-9.102078	152.262226
57911	-19.905035	-8.969804	152.408398
57912	-20.150439	-8.972176	152.441762
57913	-20.403566	-9.029360	152.399067
57914	-20.672315	-9.071439	152.351031
57915	-20.940190	-9.110613	152.269897
57916	-21.140415	-9.198313	152.105844
57917	-21.283770	-9.343982	151.894021
57918	-21.427695	-9.490613	151.724301
57919	-21.590616	-9.567742	151.579303
57920	-21.753096	-9.589799	151.553253
57921	-21.880981	-9.605925	151.634167
57922	-21.963063	-9.605846	151.809215
57923	-22.015225	-9.592256	151.972437
57924	-22.045843	-9.588967	152.063776
57925	-22.073260	-9.601071	152.111695
57926	-22.072686	-9.633965	152.082543
57927	-22.046887	-9.688953	152.039996
57928	-22.002142	-9.755376	151.987933
57929	-21.933905	-9.800726	151.937959
57930	-21.860856	-9.836428	151.929525
57931	-21.788331	-9.879767	151.944728
57932	-21.713856	-9.901941	152.021127
57933	-21.637665	-9.894457	152.156283
57934	-21.559836	-9.873947	152.348824
57935	-21.464112	-9.844314	152.559465
57936	-21.361048	-9.827671	152.790474
57937	-21.252623	-9.832543	152.980207
57938	-21.133507	-9.850104	153.133942
57939	-20.991094	-9.862413	153.301574
57940	-20.825375	-9.885764	153.443010
57941	-20.654844	-9.914139	153.606417
57942	-20.484311	-9.959343	153.779614
57943	-20.297271	-9.982436	153.953632
57944	-20.079186	-9.977415	154.101570
57945	-19.851757	-9.964839	154.235865
57946	-19.609188	-9.984447	154.382411
57947	-19.340144	-10.027150	154.471171
57948	-19.060578	-10.087679	154.498399
57949	-18.735337	-10.126079	154.453500
57950	-18.422534	-10.197507	154.400644
57951	-18.090488	-10.262104	154.347883
57952	-17.746172	-10.324297	154.282228
57953	-17.392499	-10.375565	154.204668
57954	-17.037039	-10.428123	154.138858
57955	-16.669497	-10.475961	154.046974
57956	-16.291772	-10.513893	153.963812
57957	-15.913455	-10.531626	153.869670
57958	-15.548207	-10.541301	153.834352
57959	-15.205393	-10.565988	153.831878
57960	-14.887951	-10.597608	153.860137
57961	-14.582821	-10.633736	153.884942
57962	-14.280447	-10.668097	153.876408
57963	-13.984425	-10.694164	153.841683
57964	-13.693086	-10.724013	153.814888
57965	-13.418564	-10.746477	153.810985
57966	-13.157161	-10.759896	153.818779
57967	-12.910705	-10.767225	153.832125
57968	-12.696152	-10.768412	153.862207
57969	-12.509847	-10.758345	153.924505
57970	-12.343885	-10.744026	154.007920
57971	-12.198774	-10.729526	154.092447
57972	-12.078594	-10.706351	154.177314
57973	-11.987690	-10.675734	154.264947
57974	-11.925008	-10.637884	154.356187
57975	-11.879553	-10.579933	154.466452
57976	-11.855437	-10.519260	154.564582
57977	-11.849590	-10.447213	154.649347
57978	-11.864775	-10.384339	154.706809
57979	-11.907394	-10.312559	154.716935
57980	-11.983987	-10.193310	154.663723
57981	-12.080702	-10.051387	154.633669
57982	-12.178170	-9.927698	154.628712
57983	-12.265846	-9.812760	154.654056
57984	-12.374243	-9.692340	154.752519
57985	-12.516272	-9.531910	154.906084
57986	-12.642957	-9.351859	155.095785
57987	-12.730548	-9.217472	155.296206
57988	-12.787692	-9.099625	155.461136
57989	-12.852875	-8.951235	155.606460
57990	-12.907644	-8.787097	155.753081
57991	-12.929065	-8.652738	155.907209
57992	-12.958822	-8.536643	156.078419
57993	-13.013900	-8.403330	156.273041
57994	-13.039857	-8.260844	156.424658
57995	-13.047308	-8.134221	156.528487
57996	-13.069715	-8.013616	156.592629
57997	-13.100554	-7.882909	156.632234
57998	-13.120454	-7.765657	156.664193
57999	-13.140993	-7.656248	156.704338
58000	-13.166644	-7.546316	156.748671
58001	-13.193342	-7.452425	156.810000
58002	-13.212970	-7.369155	156.882150
58003	-13.238194	-7.286747	156.955238
58004	-13.264735	-7.203543	157.049222
58005	-13.289375	-7.133944	157.147131
58006	-13.308487	-7.070398	157.244994
58007	-13.326798	-7.008216	157.334345
58008	-13.339294	-6.953466	157.412200
58009	-13.351439	-6.908615	157.473188
58010	-13.357771	-6.863435	157.515970
58011	-13.361603	-6.826147	157.541397
58012	-13.362593	-6.796359	157.553315
58013	-13.358418	-6.768444	157.559904
58014	-13.350729	-6.743082	157.565015
58015	-13.336844	-6.725343	157.582498
58016	-13.317674	-6.712625	157.609990
58017	-13.295023	-6.700659	157.648293
58018	-13.266001	-6.694739	157.701307
58019	-13.227858	-6.693490	157.761955
58020	-13.185271	-6.690427	157.831621
58021	-13.134414	-6.689943	157.907860
58022	-13.078505	-6.692402	157.989449
58023	-13.020849	-6.696573	158.075509
58024	-12.959973	-6.705140	158.165344
58025	-12.896679	-6.713617	158.248187
58026	-12.831877	-6.723663	158.327527
58027	-12.771456	-6.733909	158.407176
58028	-12.714192	-6.748151	158.482785
58029	-12.658975	-6.760205	158.549355
58030	-12.607247	-6.777810	158.599901
58031	-12.558031	-6.796703	158.633068
58032	-12.512950	-6.815617	158.646615
58033	-12.471413	-6.835947	158.637078
58034	-12.434317	-6.851502	158.618371
58035	-12.402765	-6.867956	158.598989
58036	-12.374705	-6.887015	158.587011
58037	-12.349246	-6.903944	158.586887
58038	-12.327496	-6.919562	158.594729
58039	-12.310063	-6.935193	158.602965
58040	-12.295382	-6.948718	158.613446
58041	-12.282214	-6.960121	158.620180
58042	-12.274697	-6.977044	158.620748
58043	-12.266454	-6.988667	158.618126
58044	-12.259181	-7.004423	158.612977
58045	-12.248512	-7.018058	158.609276
58046	-12.237704	-7.030355	158.617165
58047	-12.228510	-7.039517	158.635382
58048	-12.218205	-7.051399	158.659414
58049	-12.206571	-7.062367	158.680709
58050	-12.194916	-7.078999	158.695819
58051	-12.181975	-7.093878	158.700915
58052	-12.166718	-7.109550	158.709766
58053	-12.150284	-7.124799	158.724722
58054	-12.132731	-7.141528	158.746552
58055	-12.116054	-7.157778	158.771370
58056	-12.099131	-7.172665	158.790613
58057	-12.080918	-7.185786	158.799841
58058	-12.067751	-7.200587	158.798272
58059	-12.058743	-7.216125	158.787214
58060	-12.049920	-7.230002	158.765371
58061	-12.045031	-7.242442	158.734598
58062	-12.040488	-7.256051	158.703924
58063	-12.037993	-7.267543	158.677341
58064	-12.036636	-7.278827	158.657127
58065	-12.034905	-7.288742	158.640982
58066	-12.030514	-7.300553	158.617094
58067	-12.026375	-7.310384	158.593639
58068	-12.020584	-7.320820	158.561943
58069	-12.011202	-7.332016	158.528012
58070	-12.001949	-7.343248	158.497838
58071	-11.991120	-7.356007	158.469592
58072	-11.980826	-7.367060	158.445136
58073	-11.970597	-7.380267	158.416353
58074	-11.954222	-7.388351	158.391894
58075	-11.940702	-7.402608	158.377656
58076	-11.928911	-7.414132	158.379744
58077	-11.916160	-7.431423	158.380048
58078	-11.902922	-7.449360	158.387752
58079	-11.888137	-7.466500	158.395328
58080	-11.871653	-7.486157	158.405055
58081	-11.851804	-7.503680	158.416221
58082	-11.833093	-7.522288	158.432710
58083	-11.813454	-7.540543	158.448536
58084	-11.790895	-7.560241	158.471737
58085	-11.769639	-7.581297	158.498949
58086	-11.748917	-7.600901	158.525795
58087	-11.730315	-7.618779	158.548375
58088	-11.714065	-7.636724	158.564851
58089	-11.698505	-7.650259	158.570330
58090	-11.687121	-7.664967	158.572304
58091	-11.676811	-7.677109	158.564309
58092	-11.671104	-7.685935	158.559137
58093	-11.667888	-7.692341	158.552877
58094	-11.667664	-7.697352	158.553553
58095	-11.669120	-7.698583	158.553165
58096	-11.672749	-7.701043	158.552358
58097	-11.675419	-7.700829	158.548882
58098	-11.679860	-7.699997	158.543971
58099	-11.684554	-7.699704	158.537387
58100	-11.685956	-7.696866	158.530922
58101	-11.688427	-7.694669	158.523832
58102	-11.688618	-7.690949	158.518413
58103	-11.690287	-7.686123	158.512404
58104	-11.690277	-7.681483	158.506479
58105	-11.691536	-7.675016	158.495283
58106	-11.693348	-7.665992	158.480587
58107	-11.696024	-7.652244	158.456502
58108	-11.700874	-7.641004	158.430919
58109	-11.714898	-7.628245	158.405862
58110	-11.734364	-7.613338	158.387745
58111	-11.760577	-7.596207	158.375356
58112	-11.790804	-7.579967	158.370354
58113	-11.825326	-7.564792	158.368921
58114	-11.857800	-7.543950	158.373889
58115	-11.890916	-7.520887	158.374116
58116	-11.925404	-7.501281	158.374875
58117	-11.954044	-7.479716	158.365642
58118	-11.977584	-7.462469	158.363152
58119	-12.002774	-7.445068	158.360595
58120	-12.027115	-7.430475	158.357010
58121	-12.048247	-7.418255	158.356421
58122	-12.065691	-7.407309	158.362125
58123	-12.075892	-7.396961	158.366658
58124	-12.084007	-7.389575	158.374353
58125	-12.089351	-7.379227	158.384069
58126	-12.094425	-7.372145	158.392265
58127	-12.099355	-7.366286	158.395658
58128	-12.105031	-7.360917	158.402268
58129	-12.109553	-7.355308	158.410868
58130	-12.117454	-7.349095	158.424271
58131	-12.124201	-7.342866	158.435491
58132	-12.133104	-7.341687	158.443096
58133	-12.137808	-7.342279	158.443801
58134	-12.137199	-7.339573	158.440450
58135	-12.143727	-7.336897	158.435474
58136	-12.151022	-7.331587	158.424360
58137	-12.158765	-7.328406	158.399588
58138	-12.164028	-7.327628	158.375900
58139	-12.168730	-7.325797	158.354749
58140	-12.174811	-7.322374	158.338392
58141	-12.176481	-7.321420	158.329205
58142	-12.174044	-7.323477	158.326312
58143	-12.170855	-7.326073	158.323320
58144	-12.165378	-7.329461	158.324052
58145	-12.156728	-7.332863	158.325723
58146	-12.150032	-7.338696	158.332676
58147	-12.137950	-7.342411	158.344237
58148	-12.125592	-7.346883	158.356404
58149	-12.113727	-7.348769	158.374759
58150	-12.097935	-7.351499	158.390586
58151	-12.082016	-7.354175	158.402661
58152	-12.067443	-7.354245	158.416437
58153	-12.053556	-7.353093	158.428565
58154	-12.037566	-7.353680	158.444935
58155	-12.024891	-7.353430	158.456010
58156	-12.011517	-7.355071	158.456211
58157	-12.006285	-7.362377	158.436451
58158	-12.001365	-7.373628	158.410478
58159	-11.996714	-7.383089	158.380785
58160	-11.990384	-7.391061	158.360581
58161	-11.985780	-7.394372	158.355994
58162	-11.982539	-7.391501	158.352109
58163	-11.982571	-7.395359	158.336571
58164	-11.985506	-7.408844	158.302755
58165	-11.991492	-7.418149	158.241270
58166	-11.997654	-7.416866	158.180537
58167	-12.008803	-7.405688	158.132383
58168	-12.028875	-7.392795	158.112520
58169	-12.042600	-7.372275	158.111437
58170	-12.042154	-7.345557	158.128223
58171	-12.041932	-7.321894	158.141239
58172	-12.044750	-7.285144	158.155024
58173	-12.043542	-7.250059	158.159323
58174	-12.039642	-7.219336	158.177710
58175	-12.033994	-7.183012	158.222692
58176	-12.031114	-7.141007	158.292832
58177	-12.022398	-7.087605	158.372929
58178	-12.018780	-7.036695	158.470762
58179	-12.015543	-6.981487	158.564371
58180	-12.015596	-6.922683	158.653371
58181	-12.023310	-6.863579	158.732880
58182	-12.036953	-6.798486	158.810380
58183	-12.062064	-6.729098	158.882064
58184	-12.099999	-6.654402	158.950597
58185	-12.152981	-6.571794	159.015380
58186	-12.227738	-6.488029	159.073684
58187	-12.323690	-6.398362	159.142132
58188	-12.435396	-6.293126	159.215008
58189	-12.565430	-6.171961	159.305714
58190	-12.708940	-6.039555	159.416181
58191	-12.858095	-5.900255	159.545369
58192	-13.006080	-5.757948	159.691189
58193	-13.159196	-5.613911	159.839537
58194	-13.318288	-5.463345	159.988222
58195	-13.479032	-5.304054	160.131611
58196	-13.649736	-5.144238	160.270497
58197	-13.833768	-4.972772	160.400602
58198	-14.031406	-4.796743	160.533665
58199	-14.244561	-4.611539	160.667022
58200	-14.474064	-4.419451	160.802943
58201	-14.729870	-4.218007	160.945271
58202	-15.011025	-4.000944	161.097015
58203	-15.322376	-3.778499	161.247871
58204	-15.664922	-3.546737	161.402279
58205	-16.028254	-3.299301	161.565098
58206	-16.395582	-3.035405	161.691406
58207	-16.745141	-2.723895	161.808030
58208	-17.114923	-2.357801	161.878910
58209	-17.486296	-1.947680	161.970277
58210	-17.869587	-1.535188	162.014495
58211	-18.262288	-1.126868	162.028043
58212	-18.699594	-0.719998	161.961117
58213	-19.195573	-0.319648	161.812318
58214	-19.764140	0.075879	161.600816
58215	-20.512684	0.503580	161.291817
58216	-21.511354	0.980057	160.941824
58217	-22.687391	1.528600	160.664272
58218	-24.028586	2.114876	160.434568
58219	-25.516324	2.754765	160.357192
58220	-27.120068	3.495685	160.447422
58221	-28.781012	4.378998	160.726874
58222	-30.452642	5.410625	161.113090
58223	-32.070860	6.573183	161.563290
58224	-33.642291	7.760632	161.963920
58225	-35.164928	8.924215	162.306821
58226	-36.662375	10.036779	162.560517
58227	-38.153127	11.085696	162.737572
58228	-39.623898	12.080471	162.791326
58229	-41.058836	13.002792	162.734906
58230	-42.451028	13.852006	162.629291
58231	-43.803587	14.576587	162.440760
58232	-45.112794	15.154763	162.145009
58233	-46.372533	15.590783	161.736763
58234	-47.574655	15.884892	161.241110
58235	-48.713387	16.024912	160.684753
58236	-49.771936	15.976327	160.058730
58237	-50.723075	15.769463	159.407215
58238	-51.507275	15.463335	158.806452
58239	-52.114688	15.074236	158.296448
58240	-52.523060	14.650460	157.916176
58241	-52.728759	14.239085	157.691129
58242	-52.729929	13.867747	157.623229
58243	-52.529138	13.539589	157.701620
58244	-52.151844	13.215103	157.888790
58245	-51.626115	12.844467	158.145195
58246	-50.977242	12.412135	158.441322
58247	-50.227654	11.861575	158.716383
58248	-49.401234	11.185224	158.941745
58249	-48.500410	10.417482	159.130608
58250	-47.541200	9.561118	159.272157
58251	-46.516015	8.648868	159.388754
58252	-45.433631	7.726522	159.507336
58253	-44.290441	6.862031	159.695078
58254	-43.087686	6.070457	159.960665
58255	-41.852893	5.348075	160.306642
58256	-40.602473	4.693429	160.728909
58257	-39.356133	4.077624	161.180175
58258	-38.129608	3.482264	161.628543
58259	-36.944357	2.885536	162.019894
58260	-35.813120	2.276318	162.321902
58261	-34.747102	1.650819	162.504833
58262	-33.754742	1.009766	162.550526
58263	-32.828451	0.385690	162.479595
58264	-31.967121	-0.247132	162.248362
58265	-31.168929	-0.858305	161.919599
58266	-30.443230	-1.467849	161.474228
58267	-29.769152	-1.998797	161.043930
58268	-29.139375	-2.474679	160.600579
58269	-28.533195	-2.803352	160.350375
58270	-27.978099	-3.068628	160.233736
58271	-27.464285	-3.274032	160.212232
58272	-27.001872	-3.442696	160.226744
58273	-26.578624	-3.598997	160.205778
58274	-26.194699	-3.789348	160.073601
58275	-25.840422	-4.028441	159.768718
58276	-25.515295	-4.320958	159.288321
58277	-25.207803	-4.644254	158.649730
58278	-24.906261	-4.999950	157.884167
58279	-24.603747	-5.380411	157.042898
58280	-24.294516	-5.773092	156.186684
58281	-23.980893	-6.135515	155.404699
58282	-23.704335	-6.528182	154.790713
58283	-23.837075	-7.269547	154.345496
58284	-24.155926	-7.870180	153.681064
58285	-24.492015	-7.684162	153.997113
58286	-24.781642	-7.090831	154.940893
58287	-24.870553	-6.503176	155.929532
58288	-24.843056	-6.305360	156.548133
58289	-24.852060	-6.349857	156.652864
58290	-25.068972	-6.422127	156.408262
58291	-25.360157	-6.515015	156.011679
58292	-25.557023	-6.697318	155.595057
58293	-25.646101	-6.934382	155.179728
58294	-25.694515	-7.143523	154.810620
58295	-25.778600	-7.274560	154.532027
58296	-25.940044	-7.293743	154.466957
58297	-26.127285	-7.235778	154.546142
58298	-26.268025	-7.159022	154.715014
58299	-26.375007	-7.133743	154.875279
58300	-26.463424	-7.134631	154.949375
58301	-26.560842	-7.130211	154.934955
58302	-26.669355	-7.139487	154.877489
58303	-26.786104	-7.170074	154.783396
58304	-26.897425	-7.226423	154.649344
58305	-27.010074	-7.302677	154.504315
58306	-27.109206	-7.402451	154.363008
58307	-27.196674	-7.491143	154.277391
58308	-27.282587	-7.555772	154.265672
58309	-27.349836	-7.595558	154.292860
58310	-27.417799	-7.675411	154.311466
58311	-27.437642	-7.754699	154.342028
58312	-27.411412	-7.851121	154.324061
58313	-27.370541	-7.944878	154.255621
58314	-27.290404	-8.036543	154.115619
58315	-27.190760	-8.141087	153.962638
58316	-27.082858	-8.277188	153.816418
58317	-26.986864	-8.415326	153.700094
58318	-26.888354	-8.525890	153.645564
58319	-26.799397	-8.614220	153.662241
58320	-26.707457	-8.693264	153.722696
58321	-26.622423	-8.795450	153.772447
58322	-26.547143	-8.917622	153.822900
58323	-26.479510	-9.044010	153.874434
58324	-26.420126	-9.163594	153.942525
58325	-26.374066	-9.276450	154.051039
58326	-26.328539	-9.379951	154.184632
58327	-26.283148	-9.482684	154.332910
58328	-26.231662	-9.562703	154.478839
58329	-26.167237	-9.615065	154.623537
58330	-26.086660	-9.661466	154.774218
58331	-26.005773	-9.721588	154.912810
58332	-25.914803	-9.771025	155.046622
58333	-25.808384	-9.815981	155.181614
58334	-25.688505	-9.850606	155.310829
58335	-25.549439	-9.874111	155.435253
58336	-25.391823	-9.897860	155.555024
58337	-25.217185	-9.920058	155.651747
58338	-25.028389	-9.931037	155.731470
58339	-24.830776	-9.958520	155.798270
58340	-24.630907	-10.000918	155.857265
58341	-24.418657	-10.028142	155.919456
58342	-24.210518	-10.065941	156.007317
58343	-23.991511	-10.098787	156.109856
58344	-23.752227	-10.125673	156.224537
58345	-23.497604	-10.152915	156.317188
58346	-23.232294	-10.169166	156.423085
58347	-22.941010	-10.180965	156.552163
58348	-22.630840	-10.205535	156.697359
58349	-22.305247	-10.234925	156.830183
58350	-21.966476	-10.260019	156.958100
58351	-21.632388	-10.296705	157.091953
58352	-21.319525	-10.378917	157.197136
58353	-21.003546	-10.462357	157.296215
58354	-20.660733	-10.544823	157.386088
58355	-20.302081	-10.620131	157.476620
58356	-19.932061	-10.701053	157.550881
58357	-19.560542	-10.777987	157.614946
58358	-19.184956	-10.850091	157.689150
58359	-18.800461	-10.902148	157.759861
58360	-18.418204	-10.949079	157.841458
58361	-18.045219	-10.989360	157.933709
58362	-17.683580	-11.031142	158.007307
58363	-17.338398	-11.077372	158.080569
58364	-17.007275	-11.127767	158.146401
58365	-16.683599	-11.170434	158.205722
58366	-16.362986	-11.208430	158.260986
58367	-16.055858	-11.252084	158.300789
58368	-15.751942	-11.296637	158.339838
58369	-15.461996	-11.342658	158.343955
58370	-15.183776	-11.386394	158.320177
58371	-14.914827	-11.432553	158.280904
58372	-14.654998	-11.482928	158.215333
58373	-14.407258	-11.528728	158.152215
58374	-14.176027	-11.569331	158.097718
58375	-13.958857	-11.604000	158.043764
58376	-13.755610	-11.635522	158.002697
58377	-13.569643	-11.666709	157.962353
58378	-13.399764	-11.693275	157.927688
58379	-13.246324	-11.714309	157.892810
58380	-13.108041	-11.718250	157.878000
58381	-12.976338	-11.709636	157.880250
58382	-12.859573	-11.700354	157.904043
58383	-12.760136	-11.684246	157.942052
58384	-12.685687	-11.663034	157.985665
58385	-12.634291	-11.634781	158.041066
58386	-12.592974	-11.602390	158.096347
58387	-12.569355	-11.555087	158.145512
58388	-12.551408	-11.498298	158.194471
58389	-12.546497	-11.437550	158.223901
58390	-12.577527	-11.344909	158.235292
58391	-12.649180	-11.232034	158.202296
58392	-12.715058	-11.102665	158.202734
58393	-12.785326	-10.983473	158.169971
58394	-12.869349	-10.859458	158.135190
58395	-12.954474	-10.736919	158.140727
58396	-13.037468	-10.612507	158.170567
58397	-13.132656	-10.453170	158.218595
58398	-13.238371	-10.297623	158.272580
58399	-13.312168	-10.167661	158.358193
58400	-13.348899	-10.071460	158.445449
58401	-13.376450	-9.967732	158.507927
58402	-13.413873	-9.856752	158.557797
58403	-13.420468	-9.761975	158.617689
58404	-13.393329	-9.694212	158.684422
58405	-13.366704	-9.631871	158.737553
58406	-13.348197	-9.565409	158.793366
58407	-13.325930	-9.503939	158.879494
58408	-13.293772	-9.452018	158.970727
58409	-13.267031	-9.399274	159.041597
58410	-13.245665	-9.344987	159.105700
58411	-13.227587	-9.287272	159.166697
58412	-13.209420	-9.225425	159.220369
58413	-13.198456	-9.163952	159.252139
58414	-13.194208	-9.103916	159.284963
58415	-13.196317	-9.044447	159.331943
58416	-13.207919	-8.983648	159.393544
58417	-13.226509	-8.921600	159.457254
58418	-13.247082	-8.868329	159.525060
58419	-13.265169	-8.816417	159.596507
58420	-13.285971	-8.771427	159.660049
58421	-13.305616	-8.725114	159.715759
58422	-13.323210	-8.683387	159.766701
58423	-13.334898	-8.644107	159.811906
58424	-13.340899	-8.608348	159.843493
58425	-13.346230	-8.579026	159.874059
58426	-13.344135	-8.551549	159.903550
58427	-13.338616	-8.529187	159.935155
58428	-13.332933	-8.509891	159.973520
58429	-13.323355	-8.492512	160.020768
58430	-13.310654	-8.479588	160.078438
58431	-13.296958	-8.467161	160.148101
58432	-13.281473	-8.460016	160.224539
58433	-13.259536	-8.454775	160.302533
58434	-13.238891	-8.463138	160.383664
58435	-13.213500	-8.468604	160.472589
58436	-13.187525	-8.478086	160.558384
58437	-13.162595	-8.491887	160.643107
58438	-13.135197	-8.509845	160.721058
58439	-13.106033	-8.528575	160.792203
58440	-13.075988	-8.551820	160.854494
58441	-13.043707	-8.576470	160.906854
58442	-13.007714	-8.602064	160.944626
58443	-12.973321	-8.631264	160.970905
58444	-12.937480	-8.658242	160.987283
58445	-12.904527	-8.685731	160.998422
58446	-12.870036	-8.714708	161.010072
58447	-12.837831	-8.738770	161.021183
58448	-12.808315	-8.759814	161.035425
58449	-12.782155	-8.778207	161.049660
58450	-12.759855	-8.798169	161.069625
58451	-12.739596	-8.813544	161.087515
58452	-12.721700	-8.826361	161.102807
58453	-12.700536	-8.835581	161.113934
58454	-12.678820	-8.846185	161.124005
58455	-12.658493	-8.853041	161.138263
58456	-12.639065	-8.860551	161.153029
58457	-12.618116	-8.867035	161.174573
58458	-12.594705	-8.873780	161.192448
58459	-12.570402	-8.882391	161.207717
58460	-12.544365	-8.891506	161.216191
58461	-12.519618	-8.899515	161.222599
58462	-12.489987	-8.907335	161.226371
58463	-12.459104	-8.916273	161.229619
58464	-12.425595	-8.924441	161.239613
58465	-12.389166	-8.931052	161.249090
58466	-12.352277	-8.938908	161.261663
58467	-12.311651	-8.945061	161.265903
58468	-12.270714	-8.947262	161.268068
58469	-12.232632	-8.952457	161.269707
58470	-12.197227	-8.957079	161.272385
58471	-12.167585	-8.958289	161.281887
58472	-12.144216	-8.959004	161.298172
58473	-12.129876	-8.958013	161.313476
58474	-12.127712	-8.958386	161.335047
58475	-12.127832	-8.951361	161.358266
58476	-12.137257	-8.947063	161.377829
58477	-12.139578	-8.934402	161.383403
58478	-12.128410	-8.913277	161.367096
58479	-12.114073	-8.890821	161.335222
58480	-12.100349	-8.869334	161.291321
58481	-12.092597	-8.847707	161.232400
58482	-12.084511	-8.825982	161.170812
58483	-12.082225	-8.804460	161.110341
58484	-12.081156	-8.784469	161.050831
58485	-12.082375	-8.764525	160.997640
58486	-12.081523	-8.746857	160.951128
58487	-12.082128	-8.727875	160.910944
58488	-12.081715	-8.712173	160.879000
58489	-12.082144	-8.698431	160.850749
58490	-12.083154	-8.684549	160.825041
58491	-12.084678	-8.670601	160.799393
58492	-12.084966	-8.656497	160.776811
58493	-12.089360	-8.642397	160.760022
58494	-12.095610	-8.632572	160.745741
58495	-12.104090	-8.620361	160.728932
58496	-12.111121	-8.608290	160.706848
58497	-12.120812	-8.600634	160.679058
58498	-12.134540	-8.596790	160.652213
58499	-12.149907	-8.598705	160.626952
58500	-12.156555	-8.603166	160.603174
58501	-12.161992	-8.607373	160.584159
58502	-12.162152	-8.609513	160.561443
58503	-12.157250	-8.612896	160.541915
58504	-12.147129	-8.615312	160.528586
58505	-12.132480	-8.615816	160.516902
58506	-12.118876	-8.614299	160.511945
58507	-12.099767	-8.613413	160.508089
58508	-12.079597	-8.617023	160.504660
58509	-12.055315	-8.618198	160.495051
58510	-12.032726	-8.622605	160.491613
58511	-12.013172	-8.627216	160.498129
58512	-11.991582	-8.632711	160.516572
58513	-11.973436	-8.636668	160.538206
58514	-11.956103	-8.637705	160.559287
58515	-11.942208	-8.637203	160.583562
58516	-11.926803	-8.639352	160.600458
58517	-11.912482	-8.636983	160.610158
58518	-11.901382	-8.633353	160.617199
58519	-11.892025	-8.627987	160.625364
58520	-11.885259	-8.623443	160.636059
58521	-11.877125	-8.615216	160.646338
58522	-11.867321	-8.613534	160.655445
58523	-11.857834	-8.607133	160.667274
58524	-11.850232	-8.601272	160.677982
58525	-11.849118	-8.600762	160.689222
58526	-11.844804	-8.605182	160.695657
58527	-11.837774	-8.608921	160.695399
58528	-11.833728	-8.611746	160.697679
58529	-11.831290	-8.611776	160.704747
58530	-11.829882	-8.613527	160.715373
58531	-11.826106	-8.614141	160.725045
58532	-11.826181	-8.612662	160.732572
58533	-11.827286	-8.606697	160.739699
58534	-11.830427	-8.599851	160.744145
58535	-11.836487	-8.592106	160.748678
58536	-11.845040	-8.584120	160.759378
58537	-11.856049	-8.572176	160.770195
58538	-11.866781	-8.562476	160.780380
58539	-11.878996	-8.548906	160.792248
58540	-11.893122	-8.535860	160.802969
58541	-11.907543	-8.518071	160.809652
58542	-11.920513	-8.502876	160.808921
58543	-11.936865	-8.487358	160.803590
58544	-11.956496	-8.470550	160.795545
58545	-11.980478	-8.452122	160.782385
58546	-12.004321	-8.437026	160.771691
58547	-12.027448	-8.421005	160.755379
58548	-12.052542	-8.403046	160.739994
58549	-12.077778	-8.380571	160.723179
58550	-12.102286	-8.361004	160.709350
58551	-12.127864	-8.339339	160.697201
58552	-12.155509	-8.316822	160.689084
58553	-12.185054	-8.293537	160.682625
58554	-12.211130	-8.270712	160.676577
58555	-12.240033	-8.249525	160.675295
58556	-12.268954	-8.226545	160.678061
58557	-12.295710	-8.205838	160.671558
58558	-12.310159	-8.177874	160.665042
58559	-12.322545	-8.153258	160.652400
58560	-12.333959	-8.131852	160.641175
58561	-12.347423	-8.107035	160.631077
58562	-12.362403	-8.089413	160.622401
58563	-12.376436	-8.066272	160.617535
58564	-12.391199	-8.045297	160.610424
58565	-12.404529	-8.025622	160.598709
58566	-12.417613	-8.008175	160.586379
58567	-12.431318	-7.988036	160.573641
58568	-12.444787	-7.968894	160.561301
58569	-12.461462	-7.949641	160.553801
58570	-12.480493	-7.931509	160.553896
58571	-12.498112	-7.908512	160.554652
58572	-12.514557	-7.887815	160.549553
58573	-12.530263	-7.867443	160.544565
58574	-12.549578	-7.847803	160.540460
58575	-12.569424	-7.824423	160.532863
58576	-12.588886	-7.803420	160.527176
58577	-12.606684	-7.780350	160.518563
58578	-12.626522	-7.758891	160.511813
58579	-12.640805	-7.733144	160.510354
58580	-12.657262	-7.710073	160.507276
58581	-12.672462	-7.685498	160.509966
58582	-12.687049	-7.662382	160.514190
58583	-12.703898	-7.640469	160.516871
58584	-12.719978	-7.616685	160.515849
58585	-12.737508	-7.593786	160.523475
58586	-12.756693	-7.572980	160.533853
58587	-12.777310	-7.548356	160.545826
58588	-12.794760	-7.523652	160.564018
58589	-12.812962	-7.492437	160.582318
58590	-12.829927	-7.461244	160.592669
58591	-12.849283	-7.429877	160.599763
58592	-12.867739	-7.398031	160.604853
58593	-12.883545	-7.364199	160.608353
58594	-12.900558	-7.329626	160.604060
58595	-12.918255	-7.297132	160.599350
58596	-12.937830	-7.265149	160.600200
58597	-12.961470	-7.229519	160.603232
58598	-12.987884	-7.192079	160.608068
58599	-13.018497	-7.149633	160.613565
58600	-13.056546	-7.101555	160.625363
58601	-13.103493	-7.050614	160.641071
58602	-13.160802	-6.993668	160.669505
58603	-13.226710	-6.933182	160.697614
58604	-13.298383	-6.870571	160.726569
58605	-13.376642	-6.806995	160.755717
58606	-13.457527	-6.742224	160.774340
58607	-13.541474	-6.674055	160.789527
58608	-13.622559	-6.601835	160.808869
58609	-13.702931	-6.526039	160.832588
58610	-13.784624	-6.448903	160.867715
58611	-13.864899	-6.366738	160.904328
58612	-13.940892	-6.285630	160.954875
58613	-14.016840	-6.196554	161.007209
58614	-14.092815	-6.107214	161.051091
58615	-14.173899	-6.016012	161.076055
58616	-14.253853	-5.922684	161.091358
58617	-14.335662	-5.825798	161.088334
58618	-14.423592	-5.727969	161.083716
58619	-14.513060	-5.623039	161.093491
58620	-14.601109	-5.517746	161.120020
58621	-14.693379	-5.408885	161.163236
58622	-14.787863	-5.298673	161.215460
58623	-14.885931	-5.181402	161.272253
58624	-14.985394	-5.062921	161.333430
58625	-15.091934	-4.935386	161.395423
58626	-15.211971	-4.799559	161.457740
58627	-15.341055	-4.654504	161.522307
58628	-15.484969	-4.500549	161.587859
58629	-15.641083	-4.337863	161.639111
58630	-15.811678	-4.168910	161.682058
58631	-15.992158	-3.996231	161.719466
58632	-16.181263	-3.823252	161.756867
58633	-16.380744	-3.640448	161.785953
58634	-16.585635	-3.459883	161.820145
58635	-16.781006	-3.276234	161.845474
58636	-17.003906	-3.092851	161.886167
58637	-17.235933	-2.902282	161.972495
58638	-17.501802	-2.719351	162.058274
58639	-17.777032	-2.509779	162.140168
58640	-18.067050	-2.284259	162.217460
58641	-18.351494	-2.020606	162.279861
58642	-18.646486	-1.738181	162.291204
58643	-18.953469	-1.448282	162.289388
58644	-19.273458	-1.151656	162.268748
58645	-19.610537	-0.856528	162.180041
58646	-19.961961	-0.564183	162.031292
58647	-20.337695	-0.275203	161.810075
58648	-20.750903	0.028903	161.551982
58649	-21.250441	0.368521	161.251834
58650	-21.905872	0.734218	160.901277
58651	-22.715815	1.155010	160.572308
58652	-23.664966	1.627858	160.285411
58653	-24.746121	2.141387	160.075272
58654	-25.938195	2.722147	160.001230
58655	-27.223577	3.375207	160.054748
58656	-28.577360	4.120261	160.212390
58657	-29.951417	4.970491	160.460121
58658	-31.311946	5.890627	160.748789
58659	-32.654927	6.842408	161.025347
58660	-34.000384	7.792221	161.253320
58661	-35.348702	8.732537	161.420978
58662	-36.689581	9.666515	161.568193
58663	-38.005031	10.579472	161.658099
58664	-39.291582	11.436520	161.660844
58665	-40.542058	12.252507	161.648023
58666	-41.776557	12.986802	161.592707
58667	-42.987791	13.620914	161.453899
58668	-44.190876	14.145460	161.209597
58669	-45.334296	14.616879	160.920828
58670	-46.425225	15.011154	160.612426
58671	-47.466170	15.304922	160.259443
58672	-48.435030	15.532765	159.898490
58673	-49.306874	15.667197	159.518697
58674	-50.086806	15.698956	159.139662
58675	-50.751178	15.644906	158.789479
58676	-51.284733	15.523920	158.491543
58677	-51.663547	15.374111	158.268928
58678	-51.885080	15.196022	158.119465
58679	-51.958134	14.986315	158.038502
58680	-51.886660	14.764862	158.043515
58681	-51.682827	14.472602	158.085581
58682	-51.354070	14.108243	158.153328
58683	-50.906682	13.663775	158.216907
58684	-50.354583	13.145600	158.274099
58685	-49.704241	12.568439	158.339938
58686	-48.956250	11.930004	158.405725
58687	-48.111938	11.259893	158.494819
58688	-47.180093	10.578112	158.625104
58689	-46.162981	9.889022	158.789735
58690	-45.074067	9.225079	159.012221
58691	-43.918204	8.578644	159.285813
58692	-42.713767	7.944709	159.600376
58693	-41.482055	7.318567	159.946804
58694	-40.230491	6.683628	160.300584
58695	-38.976914	6.026531	160.635846
58696	-37.734000	5.376782	160.968640
58697	-36.506485	4.735636	161.293890
58698	-35.309559	4.117449	161.626513
58699	-34.161848	3.504935	161.937929
58700	-33.076566	2.884211	162.193626
58701	-32.058503	2.254922	162.364190
58702	-31.116968	1.629236	162.463380
58703	-30.236240	1.012286	162.493685
58704	-29.417705	0.406484	162.454028
58705	-28.657029	-0.159142	162.385218
58706	-27.954136	-0.713377	162.256504
58707	-27.315032	-1.273160	162.035379
58708	-26.734323	-1.828932	161.719413
58709	-26.208350	-2.392502	161.268365
58710	-25.727303	-2.958024	160.704255
58711	-25.281136	-3.523706	160.056008
58712	-24.866147	-4.099444	159.326848
58713	-24.463813	-4.640795	158.578034
58714	-24.076143	-5.110294	157.879481
58715	-23.693545	-5.479976	157.341491
58716	-23.315141	-5.788463	156.963207
58717	-22.942659	-6.039873	156.722601
58718	-22.580767	-6.242811	156.580294
58719	-22.229180	-6.394232	156.488844
58720	-21.886373	-6.517284	156.417420
58721	-21.552411	-6.637605	156.309261
58722	-21.224110	-6.750387	156.146729
58723	-20.903347	-6.861162	155.904886
58724	-20.590858	-6.967735	155.589262
58725	-20.278624	-7.065774	155.213682
58726	-19.964829	-7.157379	154.793595
58727	-19.646916	-7.233272	154.378923
58728	-19.424463	-7.570265	153.904356
58729	-19.335527	-8.181978	153.483705
58730	-19.513539	-8.493807	153.195554
58731	-19.884867	-8.247221	153.231789
58732	-20.344113	-7.595542	153.837493
58733	-20.559384	-6.900007	154.740875
58734	-20.454458	-6.672667	155.287362
58735	-20.254606	-6.845790	155.433526
58736	-20.211130	-7.072629	155.334531
58737	-20.370874	-7.258855	155.032226
58738	-20.636040	-7.400295	154.707920
58739	-20.867848	-7.501283	154.502554
58740	-21.029697	-7.585037	154.371942
58741	-21.175898	-7.657245	154.346221
58742	-21.322720	-7.702926	154.340717
58743	-21.495485	-7.677063	154.379911
58744	-21.682897	-7.623077	154.450996
58745	-21.867208	-7.574385	154.565167
58746	-22.047120	-7.564380	154.688830
58747	-22.222750	-7.582868	154.794445
58748	-22.394023	-7.612972	154.862099
58749	-22.562543	-7.647979	154.883394
58750	-22.729374	-7.681824	154.864534
58751	-22.896392	-7.707998	154.801818
58752	-23.070797	-7.745513	154.683002
58753	-23.243147	-7.797580	154.509468
58754	-23.406567	-7.865393	154.318650
58755	-23.570586	-7.930992	154.131648
58756	-23.741995	-7.968109	154.007941
58757	-23.898444	-7.955064	153.976666
58758	-24.038164	-7.899493	154.023352
58759	-24.164914	-7.831921	154.110233
58760	-24.280301	-7.784703	154.175059
58761	-24.391412	-7.748884	154.177989
58762	-24.497445	-7.736971	154.101987
58763	-24.589251	-7.751737	153.942669
58764	-24.670385	-7.780384	153.739937
58765	-24.746685	-7.825855	153.523883
58766	-24.823070	-7.865863	153.337763
58767	-24.894103	-7.875022	153.217586
58768	-24.951119	-7.868464	153.161925
58769	-24.998972	-7.865963	153.145481
58770	-25.043432	-7.862896	153.142688
58771	-25.088426	-7.880681	153.138065
58772	-25.129528	-7.909443	153.125305
58773	-25.160876	-7.967608	153.081634
58774	-25.186563	-8.047213	153.014915
58775	-25.203363	-8.139521	152.940111
58776	-25.208395	-8.240846	152.874992
58777	-25.209713	-8.341445	152.825301
58778	-25.196596	-8.426629	152.789902
58779	-25.172684	-8.510335	152.765358
58780	-25.128166	-8.586145	152.743804
58781	-25.072985	-8.666260	152.707873
58782	-25.006676	-8.751253	152.662819
58783	-24.930164	-8.824269	152.614033
58784	-24.847731	-8.893819	152.583484
58785	-24.755896	-8.963638	152.571816
58786	-24.655665	-9.037654	152.564177
58787	-24.548256	-9.092022	152.571799
58788	-24.439213	-9.154752	152.584622
58789	-24.321562	-9.217759	152.593686
58790	-24.195279	-9.274682	152.609015
58791	-24.075408	-9.345190	152.616869
58792	-23.962175	-9.427661	152.618018
58793	-23.856584	-9.497079	152.631833
58794	-23.734995	-9.556082	152.622289
58795	-23.599485	-9.599992	152.590122
58796	-23.487342	-9.659238	152.567058
58797	-23.378202	-9.727670	152.556623
58798	-23.271576	-9.804787	152.536101
58799	-23.173428	-9.884020	152.521528
58800	-23.091553	-9.989463	152.480612
58801	-22.980045	-10.065630	152.423946
58802	-22.838362	-10.120953	152.342941
58803	-22.691267	-10.163247	152.254810
58804	-22.535575	-10.195557	152.174280
58805	-22.365594	-10.226912	152.101235
58806	-22.183638	-10.260399	152.025471
58807	-21.991088	-10.279538	151.944323
58808	-21.788623	-10.281984	151.880669
58809	-21.581446	-10.300051	151.798461
58810	-21.381782	-10.352128	151.694545
58811	-21.166817	-10.408707	151.600408
58812	-20.930517	-10.467568	151.542224
58813	-20.701966	-10.532275	151.504538
58814	-20.487117	-10.602195	151.499988
58815	-20.229814	-10.647731	151.494391
58816	-19.989266	-10.720648	151.540155
58817	-19.745456	-10.795709	151.620780
58818	-19.497833	-10.876329	151.720231
58819	-19.242034	-10.952753	151.834350
58820	-18.974326	-11.025998	151.945500
58821	-18.681784	-11.090019	152.081455
58822	-18.372926	-11.156698	152.221048
58823	-18.065679	-11.220471	152.368653
58824	-17.750208	-11.275336	152.526382
58825	-17.437167	-11.331529	152.689049
58826	-17.117258	-11.385731	152.860423
58827	-16.798206	-11.431657	153.054698
58828	-16.484440	-11.471002	153.263461
58829	-16.172833	-11.491580	153.480615
58830	-15.854852	-11.508173	153.683085
58831	-15.548215	-11.546815	153.833241
58832	-15.258583	-11.598520	153.968403
58833	-15.002031	-11.644612	154.098029
58834	-14.750068	-11.681761	154.209947
58835	-14.496862	-11.723302	154.305221
58836	-14.245407	-11.761835	154.397769
58837	-13.993369	-11.783008	154.509421
58838	-13.751000	-11.796050	154.635563
58839	-13.515294	-11.801132	154.760212
58840	-13.284150	-11.805730	154.877013
58841	-13.065102	-11.810768	154.988126
58842	-12.846220	-11.827513	155.075297
58843	-12.612273	-11.834101	155.152386
58844	-12.381553	-11.842609	155.208872
58845	-12.165267	-11.846871	155.277369
58846	-11.960339	-11.854632	155.351400
58847	-11.765252	-11.865961	155.422396
58848	-11.583919	-11.871852	155.493856
58849	-11.410083	-11.867690	155.568984
58850	-11.244496	-11.853097	155.647359
58851	-11.088285	-11.833099	155.733111
58852	-10.939941	-11.802453	155.850818
58853	-10.817599	-11.770359	155.975532
58854	-10.704036	-11.732710	156.145306
58855	-10.596139	-11.691456	156.347772
58856	-10.504613	-11.647400	156.558695
58857	-10.456942	-11.587588	156.704209
58858	-10.461718	-11.483518	156.819687
58859	-10.449172	-11.354585	157.004039
58860	-10.386963	-11.245540	157.153053
58861	-10.386027	-11.152586	157.218511
58862	-10.369856	-11.004065	157.370592
58863	-10.363633	-10.889393	157.474491
58864	-10.340537	-10.767893	157.644539
58865	-10.330350	-10.646275	157.824339
58866	-10.356760	-10.520676	158.004473
58867	-10.359522	-10.398371	158.207670
58868	-10.315995	-10.300037	158.392311
58869	-10.265446	-10.210416	158.534860
58870	-10.235249	-10.115761	158.660942
58871	-10.182751	-10.029764	158.827503
58872	-10.094404	-9.966741	159.012605
58873	-9.997554	-9.905459	159.196856
58874	-9.914844	-9.840352	159.401357
58875	-9.835429	-9.780456	159.628997
58876	-9.742135	-9.746010	159.832570
58877	-9.647394	-9.717190	160.004745
58878	-9.554914	-9.681368	160.150615
58879	-9.478600	-9.642658	160.285255
58880	-9.405787	-9.608734	160.403243
58881	-9.336719	-9.572366	160.504803
58882	-9.274388	-9.528340	160.598454
58883	-9.224572	-9.475081	160.683205
58884	-9.186062	-9.422079	160.776529
58885	-9.160542	-9.365844	160.874883
58886	-9.150727	-9.303409	160.973565
58887	-9.153579	-9.239417	161.058902
58888	-9.169997	-9.174688	161.126071
58889	-9.194919	-9.107316	161.169491
58890	-9.234048	-9.038100	161.188462
58891	-9.283717	-8.966637	161.196696
58892	-9.346675	-8.911320	161.196668
58893	-9.409306	-8.854320	161.191716
58894	-9.466520	-8.798615	161.195262
58895	-9.519302	-8.742749	161.210602
58896	-9.565388	-8.685989	161.229826
58897	-9.601700	-8.630860	161.248344
58898	-9.629459	-8.584799	161.276310
58899	-9.648428	-8.543961	161.305594
58900	-9.660963	-8.507857	161.339216
58901	-9.668433	-8.472104	161.377363
58902	-9.667241	-8.444067	161.419313
58903	-9.655911	-8.419541	161.463182
58904	-9.639206	-8.399658	161.514028
58905	-9.617174	-8.379009	161.562126
58906	-9.592606	-8.366377	161.616047
58907	-9.565184	-8.353532	161.672906
58908	-9.536080	-8.343884	161.734118
58909	-9.508627	-8.331177	161.790965
58910	-9.483956	-8.322349	161.841656
58911	-9.469631	-8.317724	161.884037
58912	-9.459027	-8.314165	161.914057
58913	-9.452522	-8.307538	161.936040
58914	-9.450864	-8.301089	161.958691
58915	-9.451478	-8.295260	161.997226
58916	-9.458020	-8.284986	162.045890
58917	-9.466371	-8.271841	162.101137
58918	-9.475891	-8.261103	162.149227
58919	-9.489091	-8.250159	162.188180
58920	-9.504606	-8.242086	162.212136
58921	-9.519509	-8.235650	162.219698
58922	-9.536151	-8.229883	162.224304
58923	-9.553441	-8.223755	162.230775
58924	-9.573010	-8.222714	162.239914
58925	-9.591076	-8.223075	162.251437
58926	-9.604179	-8.226187	162.263200
58927	-9.617852	-8.229178	162.279428
58928	-9.630068	-8.233887	162.298465
58929	-9.639703	-8.238973	162.318362
58930	-9.647873	-8.245790	162.341071
58931	-9.657424	-8.251136	162.363568
58932	-9.666506	-8.262490	162.380441
58933	-9.676923	-8.268589	162.393536
58934	-9.687940	-8.276735	162.400027
58935	-9.701267	-8.283257	162.404737
58936	-9.715981	-8.289830	162.408596
58937	-9.733998	-8.297231	162.413738
58938	-9.752213	-8.305769	162.407607
58939	-9.770766	-8.311604	162.397150
58940	-9.789553	-8.315053	162.378609
58941	-9.808233	-8.316612	162.359382
58942	-9.826200	-8.317128	162.332574
58943	-9.844470	-8.317333	162.299313
58944	-9.863638	-8.318139	162.262055
58945	-9.887288	-8.318230	162.227140
58946	-9.912001	-8.319389	162.201759
58947	-9.938815	-8.325647	162.181266
58948	-9.963281	-8.333257	162.155771
58949	-9.985789	-8.341904	162.137400
58950	-10.006792	-8.352468	162.124425
58951	-10.026854	-8.359165	162.121247
58952	-10.044025	-8.368234	162.119315
58953	-10.058943	-8.377174	162.117228
58954	-10.073608	-8.388537	162.116868
58955	-10.087779	-8.396417	162.121599
58956	-10.099910	-8.405588	162.129665
58957	-10.110322	-8.414065	162.140711
58958	-10.120936	-8.421827	162.151958
58959	-10.126274	-8.424532	162.151715
58960	-10.132696	-8.431097	162.145853
58961	-10.140623	-8.436939	162.133536
58962	-10.150268	-8.444657	162.117173
58963	-10.160101	-8.447855	162.103810
58964	-10.169880	-8.452243	162.097407
58965	-10.178426	-8.457753	162.095031
58966	-10.186141	-8.464109	162.095932
58967	-10.193979	-8.471859	162.094498
58968	-10.200298	-8.479865	162.090185
58969	-10.208181	-8.490921	162.083042
58970	-10.210991	-8.498784	162.077229
58971	-10.213948	-8.506850	162.070190
58972	-10.216806	-8.511161	162.067562
58973	-10.219024	-8.518151	162.067324
58974	-10.218622	-8.524850	162.072016
58975	-10.219854	-8.529856	162.078080
58976	-10.220310	-8.536653	162.083799
58977	-10.219828	-8.541467	162.087792
58978	-10.222046	-8.550583	162.090836
58979	-10.221814	-8.556292	162.095391
58980	-10.225533	-8.562331	162.102109
58981	-10.226964	-8.571797	162.105442
58982	-10.227142	-8.580060	162.108536
58983	-10.228700	-8.586910	162.111533
58984	-10.227896	-8.593194	162.120933
58985	-10.225295	-8.597396	162.127577
58986	-10.227286	-8.604425	162.131181
58987	-10.226132	-8.609111	162.138315
58988	-10.225010	-8.611918	162.142560
58989	-10.226096	-8.614606	162.146637
58990	-10.227797	-8.618609	162.154466
58991	-10.230548	-8.619369	162.165270
58992	-10.235621	-8.622822	162.180873
58993	-10.243996	-8.627158	162.197782
58994	-10.249304	-8.632699	162.212828
58995	-10.252450	-8.633895	162.218915
58996	-10.257784	-8.639919	162.220915
58997	-10.265341	-8.646288	162.232134
58998	-10.271589	-8.651681	162.245603
58999	-10.278792	-8.655291	162.263551
59000	-10.286700	-8.659941	162.282740
59001	-10.296178	-8.666477	162.300081
59002	-10.299179	-8.677120	162.305708
59003	-10.303078	-8.691193	162.298526
59004	-10.305728	-8.708035	162.297289
59005	-10.311380	-8.719465	162.307397
59006	-10.313663	-8.729040	162.319836
59007	-10.314602	-8.736259	162.335291
59008	-10.313588	-8.744478	162.351456
59009	-10.307651	-8.752117	162.357787
59010	-10.303834	-8.766935	162.357733
59011	-10.295426	-8.778262	162.348734
59012	-10.290761	-8.787788	162.342511
59013	-10.287087	-8.797663	162.335915
59014	-10.286867	-8.807180	162.329616
59015	-10.287589	-8.815394	162.314777
59016	-10.287362	-8.820901	162.302277
59017	-10.283786	-8.822989	162.290095
59018	-10.278809	-8.826663	162.280830
59019	-10.273745	-8.828543	162.271051
59020	-10.269442	-8.823368	162.272343
59021	-10.263345	-8.813790	162.273276
59022	-10.256648	-8.808772	162.262606
59023	-10.252151	-8.802491	162.252951
59024	-10.250374	-8.797154	162.247942
59025	-10.253256	-8.794679	162.246195
59026	-10.257419	-8.791450	162.249921
59027	-10.264368	-8.787359	162.253917
59028	-10.273315	-8.783600	162.256524
59029	-10.285969	-8.778815	162.257963
59030	-10.297658	-8.773675	162.259497
59031	-10.311291	-8.768502	162.256524
59032	-10.325572	-8.762962	162.249146
59033	-10.338789	-8.753386	162.244553
59034	-10.353017	-8.742918	162.234631
59035	-10.362126	-8.735220	162.227185
59036	-10.377957	-8.724257	162.225583
59037	-10.395112	-8.711995	162.223837
59038	-10.409022	-8.700892	162.216004
59039	-10.422698	-8.689436	162.208879
59040	-10.435195	-8.675504	162.202669
59041	-10.447225	-8.659140	162.197765
59042	-10.461931	-8.643902	162.200391
59043	-10.476981	-8.631088	162.201132
59044	-10.492167	-8.618843	162.203701
59045	-10.507211	-8.604842	162.205390
59046	-10.523041	-8.589434	162.210584
59047	-10.539627	-8.573252	162.212643
59048	-10.556171	-8.558946	162.211016
59049	-10.574378	-8.544958	162.203120
59050	-10.593986	-8.529964	162.198295
59051	-10.617045	-8.513136	162.191740
59052	-10.641024	-8.498405	162.189413
59053	-10.666608	-8.481876	162.185462
59054	-10.687832	-8.465751	162.176934
59055	-10.709083	-8.445301	162.168091
59056	-10.731619	-8.426184	162.159026
59057	-10.755241	-8.411009	162.150839
59058	-10.780337	-8.393389	162.143771
59059	-10.803154	-8.376973	162.135969
59060	-10.826786	-8.360088	162.127345
59061	-10.851047	-8.345117	162.115726
59062	-10.874955	-8.332486	162.101825
59063	-10.900823	-8.317585	162.085311
59064	-10.927820	-8.303131	162.069249
59065	-10.954585	-8.289605	162.052947
59066	-10.978330	-8.275930	162.035899
59067	-11.007807	-8.257712	162.024473
59068	-11.036718	-8.243454	162.014587
59069	-11.067582	-8.228526	162.009284
59070	-11.095094	-8.212989	162.009337
59071	-11.124225	-8.198474	162.014308
59072	-11.153195	-8.184971	162.023161
59073	-11.179668	-8.171527	162.027467
59074	-11.209006	-8.160877	162.029495
59075	-11.234528	-8.146056	162.026846
59076	-11.259923	-8.134452	162.022709
59077	-11.284253	-8.122236	162.014713
59078	-11.309728	-8.110444	162.007952
59079	-11.334284	-8.098173	162.004644
59080	-11.358074	-8.086547	162.005220
59081	-11.384107	-8.074805	162.009008
59082	-11.409430	-8.064979	162.015782
59083	-11.435275	-8.052441	162.018866
59084	-11.462216	-8.041508	162.021933
59085	-11.488408	-8.028432	162.025023
59086	-11.516312	-8.015028	162.028575
59087	-11.541665	-7.998373	162.032486
59088	-11.568160	-7.980941	162.038676
59089	-11.594576	-7.967624	162.042587
59090	-11.621872	-7.952367	162.038299
59091	-11.651423	-7.936997	162.037939
59092	-11.679038	-7.925129	162.038837
59093	-11.708410	-7.911382	162.042408
59094	-11.736532	-7.900120	162.045361
59095	-11.765104	-7.886157	162.043822
59096	-11.793979	-7.874910	162.040999
59097	-11.823763	-7.862729	162.034235
59098	-11.854416	-7.852681	162.029777
59099	-11.883033	-7.838732	162.029671
59100	-11.914106	-7.822551	162.038734
59101	-11.941561	-7.808107	162.049317
59102	-11.969375	-7.794120	162.065772
