// General information: 
//  MT Manager version: 2021.4.0 
//  XDA version: 2021.4.0 build 6323 rev 112641 built on 2021-09-28
// Device information: 
//  DeviceId: 00B43773
//  ProductCode: MTW2-3A7G6
//  Firmware Version: 4.3.4
//  Hardware Version: 1.1.0
// Device settings: 
//  Filter Profile: human(46.1)
//  Option Flags: Orientation Smoother Disabled, Position/Velocity Smoother Disabled, Continuous Zero Rotation Update Disabled, AHS Disabled, ICC Disabled
// Coordinate system: ENU
PacketCounter	Roll	Pitch	Yaw
53161	1.771984	-1.377795	170.473044
53162	1.774121	-1.377837	170.470364
53163	1.776640	-1.376343	170.470141
53164	1.776344	-1.377620	170.467048
53165	1.776137	-1.379091	170.466644
53166	1.774751	-1.381241	170.464517
53167	1.773337	-1.382556	170.464499
53168	1.771038	-1.383371	170.467476
53169	1.769188	-1.385361	170.465796
53170	1.768077	-1.385700	170.466520
53171	1.767353	-1.386364	170.465731
53172	1.763904	-1.387100	170.469727
53173	1.762962	-1.388102	170.468107
53174	1.761986	-1.389913	170.466330
53175	1.761262	-1.390577	170.465541
53176	1.760739	-1.391812	170.466058
53177	1.760060	-1.393596	170.467255
53178	1.758026	-1.396592	170.467479
53179	1.758684	-1.395953	170.465149
53180	1.756123	-1.397065	170.466193
53181	1.756650	-1.399004	170.467004
53182	1.755585	-1.399702	170.462731
53183	1.755079	-1.400029	170.462772
53184	1.754155	-1.400836	170.458498
53185	1.753949	-1.402305	170.458093
53186	1.754259	-1.400393	170.456650
53187	1.755397	-1.400200	170.457968
53188	1.754380	-1.400947	170.453862
53189	1.753793	-1.399792	170.455180
53190	1.753670	-1.399597	170.452560
53191	1.751958	-1.399768	170.452984
53192	1.751207	-1.400644	170.448864
53193	1.750827	-1.403572	170.449613
53194	1.751516	-1.403827	170.448780
53195	1.751827	-1.406103	170.448758
53196	1.753259	-1.408409	170.448474
53197	1.753663	-1.407746	170.448575
53198	1.752353	-1.409835	170.454213
53199	1.751414	-1.410835	170.452590
53200	1.750372	-1.412838	170.454863
53201	1.749650	-1.413501	170.454070
53202	1.749856	-1.411452	170.453313
53203	1.750993	-1.411259	170.454630
53204	1.748697	-1.413297	170.451091
53205	1.747459	-1.413153	170.449913
53206	1.747478	-1.412363	170.446545
53207	1.748181	-1.412843	170.446199
53208	1.748556	-1.413328	170.443263
53209	1.748960	-1.412664	170.443362
53210	1.748810	-1.413453	170.443107
53211	1.749906	-1.412137	170.442436
53212	1.749216	-1.411255	170.441535
53213	1.751220	-1.408951	170.440926
53214	1.751742	-1.406635	170.440207
53215	1.752756	-1.403838	170.440813
53216	1.753582	-1.402212	170.441111
53217	1.753687	-1.400403	170.441654
53218	1.753762	-1.398205	170.439825
53219	1.754858	-1.396888	170.439153
53220	1.754950	-1.393375	170.438413
53221	1.755179	-1.394169	170.439665
53222	1.754820	-1.392938	170.439158
53223	1.755441	-1.391936	170.440086
53224	1.755187	-1.391795	170.441199
53225	1.754291	-1.393914	170.441558
53226	1.753596	-1.390477	170.438546
53227	1.755766	-1.391898	170.440633
53228	1.755017	-1.391014	170.441734
53229	1.754038	-1.391653	170.443368
53230	1.754877	-1.391849	170.446111
53231	1.756190	-1.390194	170.446270
53232	1.755929	-1.389767	170.442382
53233	1.755425	-1.390090	170.442415
53234	1.758207	-1.388419	170.438983
53235	1.757919	-1.388405	170.439847
53236	1.758022	-1.384888	170.439512
53237	1.758766	-1.386490	170.441149
53238	1.759286	-1.386284	170.438046
53239	1.760899	-1.385774	170.437759
53240	1.762010	-1.385365	170.438407
53241	1.764316	-1.384203	170.437350
53242	1.765741	-1.384139	170.437917
53243	1.767271	-1.382147	170.438905
53244	1.768252	-1.382185	170.438775
53245	1.769051	-1.379722	170.438544
53246	1.769428	-1.378904	170.438226
53247	1.770826	-1.378731	170.437106
53248	1.772532	-1.376644	170.435701
53249	1.773754	-1.377932	170.435736
53250	1.774445	-1.376010	170.434579
53251	1.773688	-1.375544	170.431789
53252	1.774469	-1.375300	170.430653
53253	1.777292	-1.374945	170.429981
53254	1.778305	-1.374696	170.434349
53255	1.781343	-1.374004	170.434510
53256	1.783290	-1.373654	170.432763
53257	1.786291	-1.371838	170.430936
53258	1.785909	-1.372701	170.434633
53259	1.787048	-1.372507	170.435943
53260	1.787619	-1.372399	170.438735
53261	1.790403	-1.370918	170.436077
53262	1.793573	-1.370972	170.435091
53263	1.796096	-1.369471	170.434864
53264	1.798881	-1.367105	170.438841
53265	1.801797	-1.363805	170.438290
53266	1.801815	-1.361908	170.439050
53267	1.803944	-1.362205	170.439147
53268	1.806216	-1.360055	170.440205
53269	1.807790	-1.358416	170.437927
53270	1.809840	-1.356164	170.438563
53271	1.812839	-1.354345	170.436736
53272	1.814731	-1.352965	170.440349
53273	1.814621	-1.351488	170.440051
53274	1.815793	-1.349687	170.434589
53275	1.816929	-1.349492	170.435897
53276	1.818601	-1.350220	170.441400
53277	1.822293	-1.347746	170.438804
53278	1.822541	-1.346377	170.439581
53279	1.823638	-1.345055	170.438902
53280	1.824326	-1.342379	170.440117
53281	1.826725	-1.338267	170.439177
53282	1.825241	-1.335961	170.433105
53283	1.827723	-1.333329	170.430889
53284	1.829701	-1.330193	170.434639
53285	1.832830	-1.326552	170.434919
53286	1.834941	-1.324034	170.430690
53287	1.839278	-1.320549	170.430590
53288	1.842739	-1.317929	170.431765
53289	1.846383	-1.315098	170.432432
53290	1.850013	-1.309203	170.432824
53291	1.855304	-1.305078	170.429524
53292	1.857565	-1.300365	170.420987
53293	1.859868	-1.299195	170.419926
53294	1.861817	-1.297354	170.424131
53295	1.863903	-1.296518	170.422238
53296	1.864671	-1.294295	170.415452
53297	1.866241	-1.292649	170.413170
53298	1.865155	-1.289215	170.418162
53299	1.868065	-1.285907	170.417609
53300	1.872054	-1.279572	170.418795
53301	1.876780	-1.274280	170.418371
53302	1.882227	-1.265754	170.418749
53303	1.888731	-1.257347	170.416464
53304	1.896551	-1.249331	170.419388
53305	1.907202	-1.237765	170.417751
53306	1.916766	-1.229471	170.407655
53307	1.923660	-1.219254	170.405046
53308	1.932899	-1.212578	170.399012
53309	1.941438	-1.201057	170.392434
53310	1.948788	-1.192194	170.392721
53311	1.956794	-1.185073	170.389613
53312	1.964896	-1.178993	170.389847
53313	1.972768	-1.173686	170.384630
53314	1.980168	-1.170271	170.390560
53315	1.986438	-1.166613	170.386047
53316	1.991276	-1.163576	170.397281
53317	1.997067	-1.160240	170.394368
53318	2.002716	-1.157943	170.389577
53319	2.010747	-1.156381	170.387065
53320	2.016371	-1.155349	170.386036
53321	2.022884	-1.156920	170.382950
53322	2.027835	-1.153104	170.386387
53323	2.031291	-1.150941	170.382956
53324	2.034679	-1.149255	170.400789
53325	2.037525	-1.149232	170.396850
53326	2.039193	-1.148352	170.383287
53327	2.043200	-1.148137	170.382235
53328	2.046991	-1.144361	170.379822
53329	2.052214	-1.139865	170.379788
53330	2.056879	-1.132605	170.368117
53331	2.064002	-1.127600	170.366938
53332	2.071950	-1.121407	170.361016
53333	2.080836	-1.118502	170.361838
53334	2.089578	-1.112329	170.367640
53335	2.100540	-1.107442	170.366160
53336	2.110148	-1.100391	170.362898
53337	2.120594	-1.094690	170.361028
53338	2.126973	-1.089850	170.369587
53339	2.136509	-1.085141	170.367653
53340	2.142143	-1.082967	170.361368
53341	2.146104	-1.081608	170.358326
53342	2.147765	-1.082592	170.350258
53343	2.150600	-1.082561	170.346318
53344	2.152710	-1.082166	170.340092
53345	2.155799	-1.082942	170.338975
53346	2.157077	-1.084134	170.346489
53347	2.160127	-1.083769	170.343382
53348	2.159787	-1.083406	170.350565
53349	2.162620	-1.083375	170.346625
53350	2.162826	-1.083295	170.337521
53351	2.164966	-1.083925	170.334348
53352	2.165401	-1.084179	170.334737
53353	2.166208	-1.082037	170.331229
53354	2.163371	-1.085622	170.336089
53355	2.158775	-1.086161	170.335572
53356	2.155593	-1.089877	170.333124
53357	2.151989	-1.090899	170.331396
53358	2.146149	-1.094083	170.331077
53359	2.140552	-1.098571	170.330374
53360	2.134318	-1.103221	170.337791
53361	2.131230	-1.105056	170.336453
53362	2.129167	-1.107856	170.334588
53363	2.128411	-1.108513	170.333773
53364	2.128289	-1.109681	170.331686
53365	2.131073	-1.109311	170.331017
53366	2.133918	-1.108733	170.332432
53367	2.137395	-1.107700	170.330996
53368	2.141061	-1.106026	170.332219
53369	2.146654	-1.104149	170.330472
53370	2.151900	-1.100786	170.325549
53371	2.157584	-1.095952	170.323921
53372	2.167013	-1.091262	170.316996
53373	2.174336	-1.085910	170.316658
53374	2.180801	-1.079899	170.319567
53375	2.185492	-1.074579	170.319149
53376	2.189342	-1.071040	170.316661
53377	2.192216	-1.067711	170.316109
53378	2.193410	-1.067313	170.318360
53379	2.196886	-1.066276	170.316921
53380	2.196197	-1.065195	170.316185
53381	2.196954	-1.062712	170.315942
53382	2.196860	-1.060635	170.317562
53383	2.199348	-1.054678	170.318730
53384	2.203990	-1.044911	170.316618
53385	2.210196	-1.036446	170.316776
53386	2.214936	-1.030875	170.316042
53387	2.222082	-1.026994	170.316862
53388	2.225739	-1.025279	170.316340
53389	2.232455	-1.022063	170.315491
53390	2.236046	-1.020425	170.315830
53391	2.238313	-1.019236	170.314765
53392	2.237051	-1.020205	170.311891
53393	2.233569	-1.023851	170.310865
53394	2.227814	-1.026507	170.311127
53395	2.221609	-1.033143	170.309898
53396	2.212679	-1.039414	170.307950
53397	2.206351	-1.043424	170.306007
53398	2.200964	-1.046288	170.306914
53399	2.197999	-1.050747	170.306279
53400	2.194723	-1.054086	170.303909
53401	2.191508	-1.057733	170.300448
53402	2.192276	-1.063817	170.297277
53403	2.193080	-1.066103	170.292367
53404	2.196085	-1.071127	170.293598
53405	2.200215	-1.072716	170.288005
53406	2.203354	-1.076425	170.281296
53407	2.208516	-1.079641	170.276484
53408	2.211831	-1.083422	170.269401
53409	2.218718	-1.087601	170.264603
53410	2.222592	-1.088202	170.258471
53411	2.227988	-1.085832	170.250628
53412	2.237095	-1.076548	170.240053
53413	2.253358	-1.060239	170.225768
53414	2.278021	-1.039832	170.179937
53415	2.296936	-1.024278	170.122076
53416	2.310947	-1.009913	170.051386
53417	2.320268	-0.995376	169.975974
53418	2.308333	-0.973817	169.901293
53419	2.274560	-0.930201	169.855376
53420	2.234623	-0.867557	169.826032
53421	2.187475	-0.792422	169.820331
53422	2.140929	-0.708137	169.826303
53423	2.092263	-0.602921	169.846645
53424	2.042617	-0.460870	169.871055
53425	2.003984	-0.283226	169.900111
53426	1.976285	-0.088227	169.923873
53427	1.971630	0.110916	169.936211
53428	2.006436	0.303234	169.946160
53429	2.051146	0.458435	169.977868
53430	2.121635	0.573900	170.031368
53431	2.254257	0.639108	170.121950
53432	2.480312	0.596123	170.259447
53433	2.796101	0.428419	170.428601
53434	3.155030	0.157631	170.591405
53435	3.427432	-0.130767	170.696597
53436	3.631478	-0.425569	170.730096
53437	3.809807	-0.742528	170.708272
53438	3.995554	-1.095433	170.636667
53439	4.199849	-1.481820	170.532710
53440	4.191622	-1.827057	170.378498
53441	3.968426	-2.044055	170.112554
53442	3.856436	-2.303840	169.821359
53443	3.864319	-2.644015	169.572959
53444	3.773440	-2.958678	169.298583
53445	3.713610	-3.252081	168.988760
53446	3.724565	-3.574148	168.688567
53447	3.708483	-3.913174	168.391098
53448	3.624601	-4.251728	168.057887
53449	3.516970	-4.606256	167.701390
53450	3.397151	-4.982532	167.357276
53451	3.234437	-5.352230	167.025453
53452	3.052991	-5.697336	166.732132
53453	2.883284	-6.020150	166.508267
53454	2.832523	-6.267487	166.397514
53455	2.848225	-6.422960	166.416885
53456	2.833538	-6.566506	166.488591
53457	2.780862	-6.638486	166.587211
53458	2.736386	-6.624964	166.696110
53459	2.713293	-6.520662	166.812637
53460	2.672244	-6.311587	166.921788
53461	2.606335	-5.979803	167.030965
53462	2.523941	-5.513318	167.163146
53463	2.374808	-5.020550	167.288215
53464	2.166275	-4.663218	167.366736
53465	1.951291	-4.238493	167.440049
53466	1.793403	-3.779437	167.507172
53467	1.709038	-3.449064	167.560699
53468	1.632878	-3.231646	167.634654
53469	1.527064	-3.048667	167.689803
53470	1.418092	-2.921360	167.706756
53471	1.348931	-2.830103	167.704162
53472	1.324638	-2.773442	167.688493
53473	1.330876	-2.744328	167.667258
53474	1.353112	-2.734456	167.644767
53475	1.387646	-2.728051	167.615296
53476	1.435770	-2.727716	167.583865
53477	1.507865	-2.732657	167.552728
53478	1.591553	-2.729563	167.511031
53479	1.661585	-2.729669	167.466598
53480	1.719781	-2.725890	167.427506
53481	1.767932	-2.710227	167.392856
53482	1.811107	-2.697099	167.366773
53483	1.855474	-2.674862	167.336937
53484	1.903988	-2.640655	167.302438
53485	1.952045	-2.608111	167.274044
53486	2.000291	-2.567412	167.246550
53487	2.043171	-2.526748	167.224717
53488	2.071465	-2.491008	167.211114
53489	2.088476	-2.457396	167.205853
53490	2.097973	-2.426193	167.199494
53491	2.104872	-2.396417	167.197541
53492	2.101399	-2.362763	167.201432
53493	2.092752	-2.322994	167.212131
53494	2.090084	-2.273364	167.220164
53495	2.098602	-2.215735	167.228398
53496	2.114147	-2.152788	167.234604
53497	2.133839	-2.085537	167.240685
53498	2.155032	-2.013415	167.244888
53499	2.175863	-1.939712	167.244575
53500	2.197387	-1.859242	167.241278
53501	2.208211	-1.773941	167.237379
53502	2.213597	-1.690045	167.233079
53503	2.216354	-1.612956	167.224350
53504	2.212233	-1.537510	167.214765
53505	2.197085	-1.467099	167.197949
53506	2.184603	-1.401124	167.175166
53507	2.178084	-1.344068	167.159092
53508	2.187495	-1.314146	167.152494
53509	2.193462	-1.285198	167.150304
53510	2.197777	-1.250515	167.146777
53511	2.198458	-1.216457	167.139264
53512	2.193413	-1.176532	167.134201
53513	2.185075	-1.128915	167.130499
53514	2.173188	-1.076030	167.127676
53515	2.166147	-1.022380	167.124788
53516	2.156292	-0.978375	167.126645
53517	2.148061	-0.944786	167.127495
53518	2.146366	-0.916655	167.126435
53519	2.152208	-0.901391	167.120453
53520	2.161701	-0.894437	167.116976
53521	2.172295	-0.888021	167.114663
53522	2.178260	-0.881863	167.114293
53523	2.186703	-0.879145	167.114394
53524	2.191239	-0.875601	167.118871
53525	2.191884	-0.878319	167.124820
53526	2.187627	-0.884535	167.132906
53527	2.178129	-0.898399	167.144007
53528	2.165213	-0.912743	167.155610
53529	2.151068	-0.925929	167.167963
53530	2.135198	-0.936486	167.177853
53531	2.117669	-0.950758	167.188792
53532	2.102742	-0.964413	167.200654
53533	2.088986	-0.977395	167.210377
53534	2.078187	-0.988037	167.219595
53535	2.071013	-0.998100	167.226986
53536	2.068567	-1.006609	167.234958
53537	2.072795	-1.017092	167.239517
53538	2.082226	-1.036753	167.248999
53539	2.091209	-1.060377	167.258078
53540	2.095194	-1.085957	167.270536
53541	2.101039	-1.110184	167.280072
53542	2.104691	-1.134737	167.291877
53543	2.109647	-1.164048	167.304370
53544	2.120679	-1.199375	167.314393
53545	2.138071	-1.239955	167.321190
53546	2.161770	-1.286065	167.327388
53547	2.187872	-1.340351	167.331685
53548	2.212064	-1.398292	167.331257
53549	2.230669	-1.460143	167.331124
53550	2.243154	-1.522458	167.332529
53551	2.248767	-1.582629	167.336068
53552	2.249563	-1.640351	167.340835
53553	2.245396	-1.695088	167.348733
53554	2.233090	-1.747686	167.362882
53555	2.224718	-1.796098	167.378197
53556	2.209033	-1.844346	167.399750
53557	2.191549	-1.890523	167.422750
53558	2.170757	-1.935914	167.442996
53559	2.148538	-1.981411	167.467333
53560	2.127433	-2.026786	167.490036
53561	2.108440	-2.071763	167.511591
53562	2.087631	-2.123257	167.528236
53563	2.060319	-2.174963	167.547529
53564	2.025696	-2.221607	167.564809
53565	1.993755	-2.257735	167.587208
53566	1.962901	-2.292323	167.608101
53567	1.932128	-2.323217	167.626194
53568	1.902280	-2.354079	167.643956
53569	1.871201	-2.386145	167.666566
53570	1.836178	-2.425922	167.694158
53571	1.794419	-2.467644	167.735141
53572	1.746442	-2.498852	167.773147
53573	1.697752	-2.520856	167.812750
53574	1.648644	-2.533024	167.849927
53575	1.597706	-2.542014	167.885450
53576	1.549164	-2.553105	167.925140
53577	1.502463	-2.562560	167.964051
53578	1.459658	-2.571888	168.000215
53579	1.420777	-2.586927	168.039082
53580	1.391285	-2.616937	168.078453
53581	1.367963	-2.659667	168.124858
53582	1.346503	-2.701134	168.161457
53583	1.328585	-2.738485	168.191233
53584	1.313352	-2.767433	168.214895
53585	1.302267	-2.787226	168.232407
53586	1.296154	-2.796303	168.242336
53587	1.295029	-2.801109	168.245922
53588	1.295386	-2.804967	168.251738
53589	1.297594	-2.803801	168.250728
53590	1.301242	-2.803469	168.249791
53591	1.304805	-2.802740	168.245070
53592	1.307214	-2.799962	168.240470
53593	1.310559	-2.802492	168.234761
53594	1.314138	-2.806869	168.231529
53595	1.319911	-2.808512	168.223034
53596	1.332369	-2.816114	168.218696
53597	1.346134	-2.821976	168.209018
53598	1.361704	-2.826853	168.199091
53599	1.378834	-2.830198	168.190877
53600	1.394622	-2.831811	168.181933
53601	1.412174	-2.827471	168.173673
53602	1.431893	-2.820350	168.164848
53603	1.449688	-2.809804	168.157716
53604	1.471389	-2.797420	168.150031
53605	1.495662	-2.788035	168.144710
53606	1.519435	-2.777707	168.136575
53607	1.546323	-2.767085	168.129315
53608	1.572378	-2.760810	168.125623
53609	1.598337	-2.758209	168.120020
53610	1.622578	-2.766218	168.121805
53611	1.647555	-2.777518	168.117562
53612	1.682264	-2.802001	168.113440
53613	1.724314	-2.840584	168.107493
53614	1.769194	-2.897651	168.097796
53615	1.811537	-2.978939	168.082459
53616	1.853077	-3.100201	168.062001
53617	1.895427	-3.284305	168.041957
53618	1.994394	-3.541238	168.083863
53619	2.143564	-3.902004	168.161847
53620	2.178475	-4.456169	168.151219
53621	2.299094	-5.198379	168.211730
53622	2.385958	-6.134636	168.224294
53623	2.504202	-7.303532	168.237153
53624	2.646552	-8.727111	168.245110
53625	2.784086	-10.387832	168.262183
53626	2.927542	-12.220310	168.316828
53627	3.047232	-14.172972	168.363818
53628	3.117273	-16.223671	168.447960
53629	3.160328	-18.181161	168.623174
53630	3.097076	-19.885976	168.855991
53631	2.913742	-21.385331	169.195463
53632	2.672382	-22.545578	169.767061
53633	2.203758	-23.329621	170.702698
53634	1.411506	-23.657174	171.903893
53635	0.509430	-23.549742	173.229304
53636	-0.517408	-23.228727	174.557033
53637	-1.563955	-22.879346	175.754696
53638	-2.506671	-22.563776	176.789044
53639	-3.231499	-22.284870	177.623638
53640	-3.667818	-21.976648	178.223877
53641	-3.841001	-21.581357	178.556451
53642	-3.822607	-21.086818	178.605928
53643	-3.679814	-20.513617	178.395004
53644	-3.438475	-19.878613	177.976679
53645	-3.116968	-19.193013	177.427732
53646	-2.718669	-18.465983	176.838993
53647	-2.255898	-17.721281	176.292499
53648	-1.768739	-16.965150	175.848827
53649	-1.310272	-16.209866	175.557025
53650	-0.918705	-15.442463	175.420789
53651	-0.618025	-14.653728	175.433550
53652	-0.378504	-13.826013	175.554764
53653	-0.179837	-12.965589	175.731303
53654	0.005705	-12.075772	175.897740
53655	0.218551	-11.160892	176.002684
53656	0.489966	-10.204315	176.012823
53657	0.828422	-9.211515	175.896648
53658	1.227096	-8.180915	175.631455
53659	1.671683	-7.127778	175.205250
53660	2.161650	-6.067227	174.624775
53661	2.686054	-5.022590	173.916240
53662	3.237155	-3.997263	173.117573
53663	3.804173	-3.010331	172.286559
53664	4.349603	-2.076026	171.467930
53665	4.836587	-1.245893	170.695168
53666	5.227847	-0.545148	169.989392
53667	5.497970	0.005051	169.349938
53668	5.641437	0.403362	168.760449
53669	5.705601	0.649969	168.245530
53670	5.727441	0.773972	167.798443
53671	5.742708	0.788820	167.404370
53672	5.774225	0.751008	167.053032
53673	5.801558	0.708755	166.731257
53674	5.771927	0.710352	166.421665
53675	5.664646	0.779240	166.107518
53676	5.494509	0.946503	165.776075
53677	5.303595	1.208364	165.415336
53678	5.102255	1.564274	165.013911
53679	4.894710	1.998123	164.561756
53680	4.690765	2.501527	164.057504
53681	4.506647	3.054915	163.507198
53682	4.337224	3.631547	162.912283
53683	4.163760	4.189533	162.282734
53684	3.972869	4.695286	161.632828
53685	3.786311	5.112744	160.980209
53686	3.623265	5.428103	160.347003
53687	3.491742	5.640909	159.761937
53688	3.386272	5.765912	159.248709
53689	3.286385	5.824603	158.827361
53690	3.177342	5.835174	158.511328
53691	3.073866	5.794574	158.308588
53692	3.011111	5.711599	158.221073
53693	3.007210	5.580140	158.238630
53694	3.037296	5.396945	158.336779
53695	3.076017	5.161770	158.497323
53696	3.268821	4.516874	158.625366
53697	2.842760	3.505097	158.517706
53698	2.341206	1.819676	158.616789
53699	1.876654	0.199087	158.705541
53700	1.513533	-1.207821	158.682007
53701	1.354793	-1.456003	158.567412
53702	1.381228	-0.927101	158.565983
53703	1.512308	-1.096881	158.552789
53704	1.675360	-1.275593	158.533041
53705	1.797457	-1.257871	158.521865
53706	1.888282	-1.243379	158.530180
53707	1.919867	-1.319023	158.522698
53708	1.901413	-1.428813	158.496986
53709	1.866917	-1.476680	158.487787
53710	1.843637	-1.494517	158.509658
53711	1.837489	-1.492896	158.551681
53712	1.839354	-1.461329	158.592194
53713	1.838743	-1.443766	158.617376
53714	1.835493	-1.439984	158.634751
53715	1.843321	-1.460378	158.647621
53716	1.887063	-1.495801	158.659071
53717	1.962616	-1.533421	158.653765
53718	2.063277	-1.581630	158.637384
53719	2.185850	-1.634924	158.613268
53720	2.326990	-1.704732	158.593133
53721	2.469436	-1.782192	158.576293
53722	2.576985	-1.863875	158.564159
53723	2.644319	-1.945541	158.563047
53724	2.664872	-2.034004	158.600166
53725	2.618844	-2.124022	158.667973
53726	2.546603	-2.182260	158.721975
53727	2.517580	-2.216730	158.750574
53728	2.536322	-2.239246	158.773897
53729	2.588602	-2.261379	158.762201
53730	2.637533	-2.278047	158.730363
53731	2.642931	-2.299565	158.702872
53732	2.614910	-2.324555	158.687722
53733	2.589657	-2.335439	158.684837
53734	2.572421	-2.340592	158.679259
53735	2.553061	-2.346725	158.677865
53736	2.526978	-2.359866	158.680255
53737	2.498959	-2.383582	158.683496
53738	2.467004	-2.413620	158.692655
53739	2.428435	-2.449046	158.704967
53740	2.388676	-2.484440	158.716167
53741	2.363706	-2.510555	158.717914
53742	2.345240	-2.542662	158.715875
53743	2.337201	-2.589689	158.715113
53744	2.334485	-2.650607	158.711145
53745	2.344369	-2.699414	158.710505
53746	2.358281	-2.741363	158.707627
53747	2.371570	-2.775001	158.699994
53748	2.387383	-2.796112	158.686236
53749	2.406066	-2.805425	158.673386
53750	2.431164	-2.806209	158.659777
53751	2.459708	-2.800943	158.645406
53752	2.489936	-2.785221	158.632757
53753	2.523241	-2.762026	158.623140
53754	2.565168	-2.738048	158.619214
53755	2.619054	-2.714384	158.613055
53756	2.677629	-2.685959	158.607256
53757	2.737128	-2.648734	158.595907
53758	2.796780	-2.611569	158.579478
53759	2.861198	-2.574855	158.557434
53760	2.930713	-2.542814	158.529850
53761	3.002590	-2.506407	158.496130
53762	3.068939	-2.466530	158.454161
53763	3.130767	-2.417031	158.405509
53764	3.178660	-2.360478	158.353396
53765	3.232246	-2.293279	158.296342
53766	3.289444	-2.230686	158.237773
53767	3.342924	-2.164958	158.178418
53768	3.408450	-2.130309	158.132739
53769	3.486844	-2.113334	158.094410
53770	3.561506	-2.094470	158.060292
53771	3.622010	-2.067239	158.027151
53772	3.665039	-2.035823	157.997410
53773	3.702190	-2.007437	157.969896
53774	3.735470	-1.974389	157.943323
53775	3.761121	-1.940417	157.916507
53776	3.775906	-1.901532	157.891530
53777	3.773647	-1.851816	157.866499
53778	3.772093	-1.798816	157.852601
53779	3.781482	-1.724596	157.834617
53780	3.776026	-1.620905	157.799661
53781	3.818357	-1.569515	157.788519
53782	3.841010	-1.479027	157.758150
53783	3.811103	-1.388342	157.700927
53784	3.808197	-1.326234	157.667282
53785	3.786189	-1.256354	157.626901
53786	3.814411	-1.191735	157.603848
53787	3.883536	-1.150680	157.549504
53788	3.952780	-1.117105	157.501762
53789	4.015285	-1.112326	157.458497
53790	4.082310	-1.130718	157.412307
53791	4.126189	-1.151548	157.369703
53792	4.175886	-1.216077	157.343024
53793	4.217936	-1.271649	157.315713
53794	4.264698	-1.312193	157.291671
53795	4.305891	-1.349377	157.260000
53796	4.327630	-1.374961	157.245474
53797	4.331518	-1.385618	157.240915
53798	4.314333	-1.385764	157.243006
53799	4.277553	-1.383267	157.253170
53800	4.213438	-1.380600	157.269214
53801	4.137833	-1.378872	157.289923
53802	4.056425	-1.363774	157.310214
53803	3.979473	-1.355454	157.333392
53804	3.905500	-1.343113	157.352218
53805	3.847200	-1.315520	157.373625
53806	3.799946	-1.294150	157.390039
53807	3.759137	-1.275516	157.403261
53808	3.725626	-1.261564	157.415073
53809	3.704151	-1.252571	157.422460
53810	3.690254	-1.259454	157.426311
53811	3.686427	-1.274029	157.426091
53812	3.688013	-1.302148	157.430739
53813	3.692068	-1.330359	157.432594
53814	3.698816	-1.354764	157.433927
53815	3.702268	-1.375578	157.436204
53816	3.702736	-1.387200	157.440358
53817	3.702332	-1.390233	157.445598
53818	3.700176	-1.389055	157.450222
53819	3.698515	-1.382236	157.457772
53820	3.695866	-1.373583	157.461539
53821	3.695205	-1.367029	157.468975
53822	3.692929	-1.362682	157.474757
53823	3.689380	-1.358507	157.481379
53824	3.686222	-1.357065	157.486116
53825	3.683254	-1.358667	157.492253
53826	3.680250	-1.366884	157.496076
53827	3.676181	-1.376746	157.498238
53828	3.670733	-1.386698	157.501800
53829	3.663882	-1.400484	157.501930
53830	3.652757	-1.415111	157.502587
53831	3.646013	-1.430444	157.501503
53832	3.633833	-1.443510	157.496545
53833	3.625492	-1.458003	157.490575
53834	3.621365	-1.479682	157.484948
53835	3.614225	-1.515489	157.478393
53836	3.607012	-1.551411	157.469288
53837	3.604188	-1.615764	157.460785
53838	3.616164	-1.702223	157.451239
53839	3.640339	-1.818070	157.436887
53840	3.690642	-1.990563	157.399184
53841	3.776785	-2.202684	157.350686
53842	3.885949	-2.444319	157.309485
53843	3.965482	-2.751450	157.261181
53844	4.036514	-3.133383	157.206498
53845	4.132881	-3.616016	157.137332
53846	4.572710	-4.276325	157.114018
53847	4.805582	-5.191129	156.806837
53848	5.090087	-6.465536	156.424907
53849	5.774273	-8.170560	156.499967
53850	6.691175	-9.937280	157.006858
53851	7.665487	-11.817080	157.826089
53852	8.523744	-13.955512	158.677961
53853	8.761454	-16.118676	159.411118
53854	8.445093	-18.206184	160.028768
53855	7.830819	-20.327905	160.669595
53856	7.149264	-22.545127	161.474152
53857	6.402323	-24.845805	162.507625
53858	5.455485	-27.146176	163.736580
53859	4.203091	-29.361187	165.100780
53860	2.659675	-31.420502	166.541280
53861	0.936194	-33.286246	168.001574
53862	-0.846722	-34.942584	169.415878
53863	-2.580016	-36.402352	170.687357
53864	-4.142406	-37.714690	171.715269
53865	-5.435498	-38.917321	172.431657
53866	-6.371229	-40.016939	172.786594
53867	-6.921785	-41.007107	172.777728
53868	-7.095765	-41.868532	172.412977
53869	-6.938716	-42.593273	171.746263
53870	-6.523464	-43.176391	170.891189
53871	-5.940361	-43.604625	169.967802
53872	-5.302927	-43.856801	169.085974
53873	-4.709783	-43.916322	168.327112
53874	-4.224732	-43.782108	167.746967
53875	-3.867409	-43.451498	167.372460
53876	-3.631123	-42.931418	167.165388
53877	-3.464277	-42.245341	167.042245
53878	-3.294058	-41.392106	166.957901
53879	-3.071293	-40.395315	166.887700
53880	-2.781137	-39.267397	166.807377
53881	-2.434031	-38.033925	166.690760
53882	-2.047155	-36.709919	166.546822
53883	-1.630193	-35.305761	166.397167
53884	-1.209534	-33.824673	166.275649
53885	-0.801672	-32.281063	166.214521
53886	-0.430908	-30.689749	166.209321
53887	-0.116521	-29.055258	166.269225
53888	0.132699	-27.390626	166.413751
53889	0.326724	-25.739931	166.627246
53890	0.479883	-24.111668	166.893764
53891	0.608533	-22.512377	167.177734
53892	0.726530	-20.948861	167.448127
53893	0.848484	-19.452119	167.665672
53894	0.995963	-18.042869	167.787988
53895	1.183211	-16.736196	167.773888
53896	1.402444	-15.531016	167.573946
53897	1.655333	-14.412841	167.134954
53898	1.960960	-13.370127	166.474105
53899	2.334429	-12.414905	165.710570
53900	2.706190	-11.554141	164.932294
53901	2.985116	-10.782108	164.193620
53902	3.137388	-10.089344	163.541341
53903	3.196155	-9.477478	163.011026
53904	3.193449	-8.941806	162.597235
53905	3.125147	-8.476857	162.248772
53906	3.003641	-8.063272	161.921891
53907	2.858245	-7.676398	161.612302
53908	2.718633	-7.302915	161.310727
53909	2.600744	-6.948463	160.998228
53910	2.511653	-6.606890	160.669049
53911	2.399089	-6.282170	160.272315
53912	2.336924	-5.621134	160.409999
53913	2.154162	-4.545024	160.664813
53914	1.767474	-3.625360	160.651461
53915	1.531267	-3.400076	160.730828
53916	1.485625	-3.760875	160.712269
53917	1.516306	-4.337510	160.726279
53918	1.631830	-4.789620	160.683151
53919	1.841192	-4.969419	160.578681
53920	2.020860	-4.863628	160.514786
53921	2.048065	-4.639299	160.501699
53922	1.890443	-4.358812	160.529158
53923	1.689608	-4.107843	160.554786
53924	1.549414	-3.913059	160.556038
53925	1.550590	-3.749349	160.522608
53926	1.689677	-3.598719	160.458238
53927	1.857207	-3.453258	160.365160
53928	1.994154	-3.324969	160.279060
53929	2.090601	-3.215025	160.210885
53930	2.187177	-3.109095	160.126542
53931	2.301144	-2.998937	160.044301
53932	2.425659	-2.906613	159.973053
53933	2.532535	-2.846023	159.923160
53934	2.624044	-2.800439	159.890712
53935	2.706231	-2.759393	159.853571
53936	2.783056	-2.723332	159.819282
53937	2.857903	-2.700899	159.784723
53938	2.951774	-2.713063	159.757907
53939	3.062848	-2.735742	159.733706
53940	3.168019	-2.745544	159.707154
53941	3.253018	-2.733675	159.666696
53942	3.326140	-2.718476	159.622599
53943	3.391871	-2.696808	159.581255
53944	3.443205	-2.663191	159.547053
53945	3.495040	-2.631878	159.514884
53946	3.557783	-2.605134	159.483294
53947	3.608633	-2.572518	159.441142
53948	3.650781	-2.523764	159.404592
53949	3.681116	-2.463901	159.361716
53950	3.720024	-2.396367	159.309804
53951	3.756140	-2.325953	159.258289
53952	3.784905	-2.261026	159.219934
53953	3.817928	-2.192572	159.195597
53954	3.851257	-2.112449	159.170165
53955	3.873330	-2.019841	159.146519
53956	3.880455	-1.920955	159.129597
53957	3.873548	-1.821512	159.111357
53958	3.851272	-1.714823	159.099157
53959	3.812191	-1.604353	159.093404
53960	3.759488	-1.495775	159.090527
53961	3.685510	-1.411338	159.077760
53962	3.582070	-1.365580	159.051378
53963	3.470135	-1.350392	159.026501
53964	3.375451	-1.339315	159.004663
53965	3.286547	-1.310479	158.986594
53966	3.201463	-1.260117	158.971579
53967	3.115469	-1.202099	158.967803
53968	3.031702	-1.144978	158.978868
53969	2.947481	-1.084375	159.001905
53970	2.863835	-1.018669	159.041651
53971	2.790860	-0.966973	159.092750
53972	2.721091	-0.946165	159.149699
53973	2.654395	-0.911676	159.202608
53974	2.588527	-0.872897	159.253872
53975	2.521920	-0.828909	159.299345
53976	2.457409	-0.777520	159.340337
53977	2.397473	-0.723763	159.372472
53978	2.342138	-0.666085	159.394891
53979	2.294725	-0.605999	159.415675
53980	2.251712	-0.541433	159.439443
53981	2.210985	-0.481885	159.463213
53982	2.171857	-0.431406	159.488366
53983	2.141154	-0.351018	159.527141
53984	2.114823	-0.308554	159.539068
53985	2.083609	-0.323932	159.533895
53986	2.045281	-0.325783	159.558088
53987	2.073817	-0.223998	159.635411
53988	2.103426	-0.147874	159.643840
53989	2.115268	-0.198401	159.611121
53990	2.133399	-0.228076	159.620534
53991	2.139081	-0.260765	159.615040
53992	2.149998	-0.287376	159.619390
53993	2.186887	-0.313158	159.629692
53994	2.210700	-0.385170	159.616755
53995	2.217517	-0.449607	159.621393
53996	2.227414	-0.482700	159.620410
53997	2.257627	-0.478875	159.625051
53998	2.263275	-0.490412	159.620433
53999	2.248994	-0.490918	159.622176
54000	2.230376	-0.469010	159.633526
54001	2.198764	-0.438764	159.641647
54002	2.169517	-0.411555	159.653346
54003	2.142802	-0.390492	159.668272
54004	2.122113	-0.371278	159.679957
54005	2.117269	-0.350782	159.687295
54006	2.119719	-0.346743	159.689361
54007	2.132353	-0.352075	159.688842
54008	2.156995	-0.367375	159.686031
54009	2.191255	-0.384713	159.681002
54010	2.233959	-0.406675	159.678927
54011	2.277675	-0.433983	159.675124
54012	2.323309	-0.457165	159.668291
54013	2.365530	-0.478392	159.663737
54014	2.403575	-0.497082	159.656932
54015	2.434026	-0.509576	159.653990
54016	2.451621	-0.518063	159.650383
54017	2.457284	-0.523337	159.643651
54018	2.450113	-0.524609	159.636258
54019	2.439397	-0.523990	159.632447
54020	2.424050	-0.522781	159.631611
54021	2.413332	-0.518938	159.627666
54022	2.401922	-0.522124	159.627829
54023	2.394198	-0.525242	159.629545
54024	2.384565	-0.530747	159.632141
54025	2.379318	-0.535392	159.634270
54026	2.372041	-0.540885	159.638501
54027	2.365773	-0.548485	159.640874
54028	2.358044	-0.556221	159.644618
54029	2.357751	-0.565534	159.647643
54030	2.353067	-0.580531	159.651344
54031	2.346660	-0.594664	159.655282
54032	2.339937	-0.607501	159.659132
54033	2.336138	-0.618243	159.661992
54034	2.327949	-0.629826	159.665327
54035	2.322564	-0.636166	159.668823
54036	2.318904	-0.638528	159.671877
54037	2.314537	-0.643526	159.675199
54038	2.310617	-0.649277	159.680967
54039	2.305424	-0.653530	159.687529
54040	2.298451	-0.656848	159.693551
54041	2.289632	-0.659381	159.701099
54042	2.280054	-0.659638	159.707930
54043	2.270344	-0.660204	159.714229
54044	2.263507	-0.656990	159.718688
54045	2.257430	-0.654436	159.723796
54046	2.250591	-0.651219	159.728255
54047	2.243050	-0.647411	159.732844
54048	2.235767	-0.641599	159.736608
54049	2.226890	-0.636457	159.739391
54050	2.216420	-0.631521	159.744832
54051	2.198301	-0.625227	159.754353
54052	2.187129	-0.619465	159.761745
54053	2.173903	-0.618232	159.767740
54054	2.164755	-0.617847	159.775129
54055	2.157061	-0.620570	159.781288
54056	2.151657	-0.626660	159.786619
54057	2.149623	-0.634874	159.791724
54058	2.144331	-0.645720	159.795979
54059	2.138660	-0.653827	159.802139
54060	2.136746	-0.663323	159.807850
54061	2.136482	-0.673853	159.815392
54062	2.137612	-0.687388	159.820925
54063	2.138935	-0.699095	159.827698
54064	2.139482	-0.713341	159.833964
54065	2.139333	-0.725408	159.840289
54066	2.138722	-0.741070	159.848024
54067	2.139128	-0.757269	159.853828
54068	2.147397	-0.767875	159.858399
54069	2.156092	-0.784567	159.861981
54070	2.167075	-0.801385	159.864592
54071	2.179701	-0.820867	159.869099
54072	2.197954	-0.847201	159.874432
54073	2.224001	-0.877458	159.885430
54074	2.257659	-0.912283	159.892466
54075	2.296654	-0.951826	159.894677
54076	2.344517	-1.003737	159.894991
54077	2.402355	-1.066847	159.893982
54078	2.465777	-1.146447	159.892860
54079	2.537710	-1.254599	159.898215
54080	2.614479	-1.401834	159.912623
54081	2.701914	-1.618480	159.944876
54082	2.805496	-1.964176	160.004600
54083	2.919927	-2.363871	160.036115
54084	3.039323	-2.665836	160.039834
54085	3.156204	-2.937245	160.027767
54086	3.272038	-3.203169	160.012021
54087	3.389231	-3.501933	160.012815
54088	3.627471	-3.923142	160.025840
54089	3.705899	-4.555235	159.772508
54090	3.551469	-5.622839	159.282621
54091	3.689873	-7.079889	159.079958
54092	3.975535	-8.613795	159.250742
54093	4.442008	-10.289567	159.731219
54094	4.869626	-12.184480	160.317813
54095	4.917805	-14.144410	160.860998
54096	4.657592	-16.111177	161.291084
54097	4.185941	-18.113346	161.651639
54098	3.779480	-20.231207	162.112909
54099	3.451577	-22.407332	162.708638
54100	2.994744	-24.598734	163.414020
54101	2.280514	-26.756919	164.168723
54102	1.340207	-28.832662	164.965520
54103	0.269277	-30.795412	165.834472
54104	-0.859661	-32.638555	166.769744
54105	-2.012832	-34.341680	167.730926
54106	-3.160436	-35.886999	168.633326
54107	-4.264612	-37.267130	169.399704
54108	-5.261920	-38.479738	170.001806
54109	-6.098377	-39.542992	170.444070
54110	-6.743306	-40.476466	170.719232
54111	-7.169033	-41.291421	170.813995
54112	-7.381786	-41.971099	170.738996
54113	-7.395671	-42.506735	170.503104
54114	-7.253392	-42.876303	170.162615
54115	-7.003278	-43.058369	169.783840
54116	-6.692027	-43.059999	169.416971
54117	-6.345601	-42.891176	169.074302
54118	-5.963399	-42.536904	168.738785
54119	-5.551113	-42.003323	168.419579
54120	-5.111331	-41.303387	168.132049
54121	-4.657028	-40.457359	167.876853
54122	-4.204689	-39.451182	167.662986
54123	-3.760160	-38.299294	167.469913
54124	-3.310886	-37.021227	167.288943
54125	-2.857176	-35.653664	167.117048
54126	-2.398665	-34.202086	166.967893
54127	-1.957939	-32.674430	166.887408
54128	-1.556755	-31.080531	166.899502
54129	-1.217603	-29.439948	166.992100
54130	-0.940827	-27.762383	167.150319
54131	-0.701796	-26.075811	167.370048
54132	-0.480395	-24.391343	167.654167
54133	-0.281900	-22.723635	167.978709
54134	-0.105157	-21.081419	168.302148
54135	0.068460	-19.491054	168.584676
54136	0.260865	-17.955588	168.816584
54137	0.472160	-16.484604	168.982215
54138	0.686313	-15.082338	169.107714
54139	0.891164	-13.776348	169.228911
54140	1.065861	-12.578822	169.360111
54141	1.194262	-11.494843	169.509778
54142	1.271485	-10.506630	169.670717
54143	1.317446	-9.616427	169.803378
54144	1.356283	-8.825305	169.841852
54145	1.407128	-8.127352	169.704921
54146	1.511252	-7.540924	169.378917
54147	1.699688	-7.073354	168.924609
54148	1.950451	-6.712531	168.431701
54149	2.203202	-6.475466	167.958716
54150	2.384881	-6.387678	167.516087
54151	2.464675	-6.428939	167.088711
54152	2.286499	-6.614412	166.425833
54153	2.038335	-4.514659	166.484595
54154	1.933549	-3.502418	166.694394
54155	1.592985	-2.525796	166.642139
54156	1.467126	-2.250374	166.763751
54157	1.470407	-2.444737	166.820470
54158	1.472034	-3.105437	166.855306
54159	1.524482	-3.627380	166.911113
54160	1.691546	-3.997556	166.892096
54161	1.889869	-4.180317	166.817007
54162	2.054184	-4.182530	166.774507
54163	2.152394	-4.116131	166.756918
54164	2.184457	-4.032949	166.769873
54165	2.141818	-3.951257	166.767472
54166	1.997108	-3.872636	166.792180
54167	1.827792	-3.809760	166.850367
54168	1.740864	-3.760616	166.890871
54169	1.740328	-3.721101	166.891678
54170	1.798121	-3.697339	166.879601
54171	1.894286	-3.704656	166.867183
54172	2.026356	-3.738016	166.834626
54173	2.151792	-3.775473	166.775671
54174	2.238338	-3.801852	166.723852
54175	2.301338	-3.809214	166.686930
54176	2.354208	-3.799694	166.652629
54177	2.394988	-3.782113	166.618564
54178	2.424218	-3.754172	166.594666
54179	2.442831	-3.736703	166.563174
54180	2.481174	-3.718342	166.521047
54181	2.531559	-3.697127	166.473990
54182	2.574404	-3.677056	166.426708
54183	2.608334	-3.654550	166.387128
54184	2.629174	-3.625527	166.342671
54185	2.634019	-3.585535	166.298878
54186	2.625663	-3.535995	166.262925
54187	2.603204	-3.475813	166.230560
54188	2.550124	-3.417924	166.214008
54189	2.467102	-3.347561	166.197345
54190	2.359600	-3.268900	166.188730
54191	2.233355	-3.175049	166.167962
54192	2.107677	-3.049067	166.125030
54193	2.007322	-2.893040	166.072785
54194	1.933516	-2.758086	166.040645
54195	1.878974	-2.619256	166.012792
54196	1.825603	-2.482459	165.991103
54197	1.773776	-2.344327	165.976237
54198	1.747983	-2.221628	165.962932
54199	1.748400	-2.122833	165.955009
54200	1.758792	-2.026759	165.938126
54201	1.765795	-1.934362	165.911697
54202	1.766736	-1.842164	165.878912
54203	1.759730	-1.749831	165.837619
54204	1.741250	-1.659797	165.800336
54205	1.717984	-1.573297	165.767740
54206	1.705623	-1.525209	165.758350
54207	1.700704	-1.508854	165.763550
54208	1.699430	-1.500847	165.775603
54209	1.713615	-1.524461	165.812159
54210	1.734967	-1.568159	165.860734
54211	1.760234	-1.594574	165.902429
54212	1.783128	-1.600307	165.938348
54213	1.804912	-1.584376	165.965937
54214	1.816460	-1.545854	165.980968
54215	1.829096	-1.494053	165.983896
54216	1.842180	-1.439887	165.976315
54217	1.857425	-1.386469	165.966691
54218	1.882430	-1.341387	165.966391
54219	1.907519	-1.301149	165.963181
54220	1.915761	-1.254574	165.938575
54221	1.901246	-1.192141	165.880264
54222	1.880245	-1.119437	165.805540
54223	1.866495	-1.045938	165.728080
54224	1.859304	-0.981423	165.660352
54225	1.880003	-0.967741	165.640141
54226	1.900516	-0.961473	165.635547
54227	1.915534	-0.941463	165.636976
54228	1.914610	-0.918779	165.641382
54229	1.905272	-0.886402	165.646523
54230	1.891368	-0.847296	165.651208
54231	1.878001	-0.804590	165.655792
54232	1.866284	-0.758574	165.658028
54233	1.853242	-0.708611	165.655873
54234	1.839851	-0.653485	165.648322
54235	1.828313	-0.600831	165.640103
54236	1.820343	-0.551447	165.631489
54237	1.815412	-0.505972	165.624055
54238	1.805727	-0.464822	165.614013
54239	1.793499	-0.419144	165.604192
54240	1.773376	-0.365910	165.595525
54241	1.755055	-0.312038	165.587362
54242	1.731163	-0.271956	165.582798
54243	1.707508	-0.234333	165.581600
54244	1.679281	-0.207681	165.585072
54245	1.649042	-0.173922	165.592447
54246	1.612252	-0.144566	165.602539
54247	1.578241	-0.120815	165.615189
54248	1.555645	-0.103022	165.629258
54249	1.541775	-0.101045	165.641122
54250	1.539818	-0.106704	165.647354
54251	1.552093	-0.117039	165.651628
54252	1.570996	-0.128427	165.656388
54253	1.596232	-0.144974	165.657515
54254	1.628654	-0.163483	165.658452
54255	1.668459	-0.178047	165.657865
54256	1.707431	-0.170377	165.659018
54257	1.741253	-0.186387	165.640510
54258	1.789583	-0.204252	165.640264
54259	1.838885	-0.218824	165.646948
54260	1.878110	-0.209988	165.656387
54261	1.927851	-0.244729	165.654724
54262	1.963959	-0.255197	165.645906
54263	2.015320	-0.273648	165.664031
54264	2.042030	-0.304174	165.658217
54265	2.074876	-0.336916	165.664094
54266	2.100000	-0.397660	165.663957
54267	2.118648	-0.453663	165.653549
54268	2.138438	-0.504730	165.660733
54269	2.159799	-0.546545	165.652734
54270	2.187078	-0.577584	165.649383
54271	2.214274	-0.596724	165.645730
54272	2.234513	-0.607075	165.644407
54273	2.244133	-0.610353	165.644154
54274	2.241373	-0.606088	165.638546
54275	2.237615	-0.596275	165.640030
54276	2.225774	-0.584066	165.639688
54277	2.216020	-0.570363	165.644935
54278	2.207135	-0.560716	165.644338
54279	2.200431	-0.556165	165.643757
54280	2.195555	-0.549025	165.646000
54281	2.189214	-0.545492	165.646053
54282	2.185379	-0.546488	165.645874
54283	2.183939	-0.548135	165.642332
54284	2.186021	-0.554624	165.638454
54285	2.188777	-0.559044	165.633243
54286	2.190492	-0.564515	165.628730
54287	2.190797	-0.568515	165.626352
54288	2.188684	-0.572231	165.624142
54289	2.187111	-0.572381	165.621850
54290	2.182548	-0.571341	165.620405
54291	2.173824	-0.561446	165.621162
54292	2.163572	-0.550097	165.623232
54293	2.146865	-0.538785	165.626768
54294	2.124776	-0.524644	165.630720
54295	2.098882	-0.510852	165.631993
54296	2.070576	-0.496796	165.633430
54297	2.043127	-0.484892	165.634291
54298	2.016663	-0.475066	165.632445
54299	1.989201	-0.467506	165.635375
54300	1.965589	-0.458366	165.637723
54301	1.941534	-0.452777	165.640977
54302	1.921183	-0.448814	165.643776
54303	1.904387	-0.446947	165.645058
54304	1.891735	-0.446110	165.646457
54305	1.883817	-0.444476	165.646108
54306	1.878809	-0.443659	165.647292
54307	1.877893	-0.442743	165.647466
54308	1.875858	-0.440151	165.646327
54309	1.874289	-0.439933	165.647241
54310	1.868027	-0.439286	165.646644
54311	1.859527	-0.436746	165.646971
54312	1.849344	-0.435953	165.648735
54313	1.839905	-0.435822	165.651178
54314	1.830080	-0.431710	165.651504
54315	1.817848	-0.433631	165.651762
54316	1.809616	-0.430748	165.651309
54317	1.797949	-0.429250	165.648816
54318	1.789848	-0.427868	165.647116
54319	1.782863	-0.428163	165.646731
54320	1.777700	-0.430558	165.648047
54321	1.773356	-0.432011	165.649976
54322	1.766496	-0.435167	165.648941
54323	1.764763	-0.433832	165.647911
54324	1.757998	-0.434998	165.650007
54325	1.752188	-0.436728	165.651468
54326	1.747467	-0.438524	165.653358
54327	1.743488	-0.440992	165.655926
54328	1.740293	-0.445614	165.657104
54329	1.739010	-0.448017	165.658725
54330	1.742975	-0.450138	165.660297
54331	1.742787	-0.451251	165.661751
54332	1.747192	-0.452782	165.663895
54333	1.748469	-0.453619	165.665816
54334	1.752799	-0.456753	165.668025
54335	1.757223	-0.461263	165.671649
54336	1.764334	-0.467052	165.674925
54337	1.770588	-0.472300	165.679654
54338	1.775285	-0.476446	165.682498
54339	1.784153	-0.478906	165.684268
54340	1.789513	-0.477645	165.687492
54341	1.797066	-0.477171	165.688665
54342	1.803446	-0.476229	165.691786
54343	1.809323	-0.476137	165.693802
54344	1.813358	-0.476651	165.695310
54345	1.816015	-0.474489	165.695688
54346	1.823050	-0.472851	165.698071
54347	1.823010	-0.470754	165.699395
54348	1.825869	-0.469833	165.699059
54349	1.828681	-0.468792	165.701385
54350	1.833371	-0.468610	165.702154
54351	1.836762	-0.468477	165.703805
54352	1.840799	-0.468989	165.705314
54353	1.845284	-0.467568	165.706799
54354	1.848511	-0.467658	165.707099
54355	1.852555	-0.466829	165.708011
54356	1.852064	-0.466666	165.709359
54357	1.855740	-0.464823	165.709636
54358	1.857946	-0.464596	165.710040
54359	1.859946	-0.463134	165.711159
54360	1.861424	-0.465207	165.712363
54361	1.862771	-0.464443	165.714220
54362	1.863073	-0.465079	165.713580
54363	1.865572	-0.461799	165.712014
54364	1.864097	-0.465174	165.705883
54365	1.860799	-0.466472	165.698049
54366	1.857427	-0.466006	165.692001
54367	1.853847	-0.464310	165.686668
54368	1.850122	-0.462452	165.683182
54369	1.848017	-0.460104	165.681516
54370	1.846776	-0.458289	165.678399
54371	1.846274	-0.457165	165.675954
54372	1.844757	-0.461389	165.676279
54373	1.850849	-0.470230	165.677932
54374	1.853575	-0.476837	165.679792
54375	1.853393	-0.482285	165.683311
54376	1.854223	-0.485049	165.685254
54377	1.854185	-0.487287	165.688650
54378	1.849834	-0.490076	165.691169
54379	1.850522	-0.490011	165.693765
54380	1.848492	-0.487390	165.692637
54381	1.851296	-0.486352	165.694967
54382	1.851535	-0.483879	165.695519
54383	1.852354	-0.480982	165.694796
54384	1.850917	-0.478891	165.696189
54385	1.851308	-0.476208	165.698090
54386	1.848409	-0.474392	165.699011
54387	1.851285	-0.471750	165.701281
54388	1.848827	-0.469340	165.702776
54389	1.848705	-0.468853	165.704165
54390	1.848079	-0.467180	165.706767
54391	1.848028	-0.465088	165.708095
54392	1.849078	-0.463034	165.709858
54393	1.851951	-0.460394	165.712129
54394	1.853357	-0.455022	165.712460
54395	1.854613	-0.451536	165.712315
54396	1.857480	-0.450595	165.711988
54397	1.861006	-0.447258	165.713524
54398	1.862482	-0.444987	165.712665
54399	1.865997	-0.442026	165.711005
54400	1.867543	-0.438151	165.710087
54401	1.869225	-0.434451	165.707319
54402	1.872602	-0.431314	165.707509
54403	1.874213	-0.429218	165.704802
54404	1.878387	-0.426876	165.703005
54405	1.881543	-0.427231	165.702776
54406	1.885944	-0.429109	165.701733
54407	1.893915	-0.428426	165.700301
54408	1.899407	-0.429015	165.699097
54409	1.904608	-0.430002	165.698664
54410	1.911125	-0.430905	165.697358
54411	1.915377	-0.434676	165.695833
54412	1.922334	-0.434987	165.695103
54413	1.929878	-0.439224	165.695158
54414	1.938806	-0.441768	165.694283
54415	1.949048	-0.445939	165.693398
54416	1.957252	-0.450783	165.693315
54417	1.966910	-0.454049	165.693107
54418	1.976278	-0.456003	165.692807
54419	1.983521	-0.457623	165.692169
54420	1.994494	-0.460796	165.691089
54421	2.001452	-0.464129	165.691818
54422	2.010379	-0.466670	165.690942
54423	2.020902	-0.469129	165.688687
54424	2.029757	-0.473273	165.687866
54425	2.043782	-0.476091	165.685881
54426	2.056282	-0.482086	165.684077
54427	2.070012	-0.486986	165.680260
54428	2.085421	-0.492801	165.676205
54429	2.100099	-0.499621	165.672341
54430	2.114485	-0.505117	165.668387
54431	2.129015	-0.510444	165.665776
54432	2.139393	-0.517770	165.661028
54433	2.149331	-0.524025	165.658301
54434	2.159786	-0.529379	165.656695
54435	2.168049	-0.536016	165.654802
54436	2.178207	-0.538751	165.652509
54437	2.185151	-0.542452	165.650032
54438	2.195961	-0.544488	165.647005
54439	2.210541	-0.543874	165.642286
54440	2.222943	-0.542433	165.639627
54441	2.236721	-0.541026	165.636900
54442	2.247809	-0.541347	165.632511
54443	2.260495	-0.541228	165.629940
54444	2.268901	-0.546311	165.625336
54445	2.278235	-0.547322	165.621236
54446	2.286426	-0.552514	165.617941
54447	2.296641	-0.557049	165.613843
54448	2.309049	-0.560296	165.610036
54449	2.324714	-0.563090	165.604014
54450	2.340374	-0.562832	165.596547
54451	2.352472	-0.566867	165.590304
54452	2.370604	-0.566652	165.583214
54453	2.382836	-0.567478	165.576869
54454	2.393761	-0.566651	165.570544
54455	2.401698	-0.566325	165.565917
54456	2.407469	-0.565163	165.563351
54457	2.414023	-0.563145	165.561395
54458	2.423135	-0.561212	165.557165
54459	2.429755	-0.557590	165.555160
54460	2.439164	-0.558276	165.551610
