// General information: 
//  MT Manager version: 2021.4.0 
//  XDA version: 2021.4.0 build 6323 rev 112641 built on 2021-09-28
// Device information: 
//  DeviceId: 00B43856
//  ProductCode: MTW2-3A7G6
//  Firmware Version: 4.3.4
//  Hardware Version: 1.1.0
// Device settings: 
//  Filter Profile: human(46.1)
//  Option Flags: Orientation Smoother Disabled, Position/Velocity Smoother Disabled, Continuous Zero Rotation Update Disabled, AHS Disabled, ICC Disabled
// Coordinate system: ENU
PacketCounter	Roll	Pitch	Yaw
53161	-13.428384	9.623783	177.732013
53162	-13.428104	9.624235	177.735179
53163	-13.431788	9.625092	177.735812
53164	-13.437705	9.623581	177.745188
53165	-13.440768	9.625610	177.758823
53166	-13.445040	9.628051	177.779153
53167	-13.451360	9.631626	177.800519
53168	-13.457431	9.635538	177.829917
53169	-13.463788	9.639962	177.846493
53170	-13.467649	9.643875	177.861770
53171	-13.472133	9.645690	177.874646
53172	-13.476073	9.650618	177.889304
53173	-13.481619	9.654114	177.901181
53174	-13.487933	9.655048	177.919609
53175	-13.494652	9.657570	177.928888
53176	-13.502238	9.659448	177.936386
53177	-13.512344	9.663880	177.943008
53178	-13.520737	9.666464	177.955000
53179	-13.530737	9.668346	177.960931
53180	-13.538942	9.671800	177.977217
53181	-13.546687	9.675152	177.982756
53182	-13.552221	9.679250	178.002665
53183	-13.557696	9.681046	178.009063
53184	-13.562545	9.682778	178.016259
53185	-13.566383	9.684886	178.016793
53186	-13.569303	9.685121	178.007845
53187	-13.572915	9.684292	178.002998
53188	-13.576766	9.683679	177.995776
53189	-13.581014	9.679522	177.989452
53190	-13.588322	9.673941	177.983854
53191	-13.596813	9.668250	177.964952
53192	-13.606314	9.663224	177.949080
53193	-13.614910	9.660069	177.923337
53194	-13.621768	9.657833	177.897014
53195	-13.629836	9.655358	177.878687
53196	-13.635757	9.654254	177.865480
53197	-13.644161	9.652071	177.858469
53198	-13.652934	9.651958	177.853119
53199	-13.658504	9.653257	177.853927
53200	-13.661918	9.654384	177.866448
53201	-13.666337	9.654467	177.858776
53202	-13.670060	9.652752	177.848035
53203	-13.676499	9.648427	177.835381
53204	-13.681961	9.649621	177.825953
53205	-13.685209	9.650667	177.813346
53206	-13.685621	9.653295	177.809641
53207	-13.684651	9.658891	177.800824
53208	-13.683798	9.662590	177.795502
53209	-13.682899	9.664688	177.789877
53210	-13.681318	9.663613	177.788927
53211	-13.682135	9.661871	177.769748
53212	-13.680172	9.664216	177.748947
53213	-13.679549	9.664872	177.726543
53214	-13.677045	9.664741	177.720791
53215	-13.671408	9.666851	177.709003
53216	-13.663780	9.667127	177.713641
53217	-13.657798	9.668966	177.705613
53218	-13.652015	9.669338	177.702354
53219	-13.650390	9.664828	177.691674
53220	-13.649273	9.661483	177.681966
53221	-13.645021	9.662526	177.674207
53222	-13.641666	9.665681	177.678137
53223	-13.638155	9.671155	177.679428
53224	-13.635832	9.676524	177.685033
53225	-13.634827	9.681276	177.681017
53226	-13.635785	9.683863	177.678636
53227	-13.636206	9.688392	177.673854
53228	-13.636954	9.689356	177.678135
53229	-13.637298	9.692183	177.675401
53230	-13.637041	9.696758	177.680845
53231	-13.637784	9.703737	177.683387
53232	-13.640417	9.708836	177.679856
53233	-13.642783	9.717668	177.684271
53234	-13.645846	9.729016	177.697640
53235	-13.646473	9.738644	177.709325
53236	-13.646247	9.748382	177.719941
53237	-13.647848	9.754963	177.726386
53238	-13.647412	9.763572	177.741975
53239	-13.649045	9.771003	177.751166
53240	-13.650920	9.777586	177.773926
53241	-13.653379	9.783767	177.784275
53242	-13.648771	9.789550	177.807064
53243	-13.648736	9.794274	177.819177
53244	-13.646420	9.800341	177.829450
53245	-13.645304	9.805566	177.838573
53246	-13.645052	9.810203	177.848111
53247	-13.643194	9.816200	177.858023
53248	-13.640804	9.822418	177.874136
53249	-13.640893	9.827520	177.883404
53250	-13.640960	9.829642	177.893513
53251	-13.645827	9.832574	177.890312
53252	-13.648363	9.834139	177.890158
53253	-13.653547	9.836505	177.880449
53254	-13.657865	9.840416	177.897248
53255	-13.661345	9.847433	177.903865
53256	-13.662598	9.854271	177.928176
53257	-13.664525	9.864147	177.944717
53258	-13.663799	9.871850	177.980924
53259	-13.664749	9.882587	178.006708
53260	-13.664642	9.894784	178.037848
53261	-13.663601	9.905569	178.061537
53262	-13.663820	9.915192	178.079824
53263	-13.661970	9.925056	178.098808
53264	-13.658436	9.935712	178.123074
53265	-13.654512	9.946099	178.138020
53266	-13.651157	9.956232	178.164930
53267	-13.654982	9.945706	178.194992
53268	-13.662946	9.915908	178.247057
53269	-13.670910	9.892241	178.282615
53270	-13.674015	9.887261	178.307905
53271	-13.673842	9.891648	178.307808
53272	-13.676752	9.894930	178.312787
53273	-13.682413	9.901855	178.313070
53274	-13.687004	9.919836	178.318823
53275	-13.701052	9.939907	178.291370
53276	-13.714321	9.967537	178.284031
53277	-13.723231	9.995498	178.285448
53278	-13.735895	10.023165	178.306691
53279	-13.745055	10.053545	178.330550
53280	-13.749592	10.095649	178.361725
53281	-13.740524	10.157191	178.406174
53282	-13.719110	10.236413	178.501160
53283	-13.703214	10.316793	178.592340
53284	-13.694695	10.383044	178.669271
53285	-13.678579	10.458369	178.728925
53286	-13.656923	10.539854	178.759888
53287	-13.638369	10.617299	178.780443
53288	-13.617977	10.708375	178.813203
53289	-13.599294	10.793210	178.832226
53290	-13.588641	10.863266	178.837835
53291	-13.576244	10.932805	178.845711
53292	-13.568466	11.009404	178.857409
53293	-13.560661	11.089717	178.832614
53294	-13.545772	11.182870	178.808750
53295	-13.531395	11.271162	178.764655
53296	-13.513123	11.351151	178.759240
53297	-13.482477	11.435198	178.751967
53298	-13.451384	11.502879	178.749334
53299	-13.435495	11.525480	178.728114
53300	-13.410595	11.552057	178.724384
53301	-13.373429	11.588169	178.737001
53302	-13.333915	11.619649	178.779886
53303	-13.290576	11.645822	178.802343
53304	-13.257687	11.641820	178.859449
53305	-13.221074	11.643468	178.898874
53306	-13.171749	11.662060	178.958296
53307	-13.131670	11.685144	178.995618
53308	-13.089260	11.715175	179.055221
53309	-13.052623	11.743559	179.093417
53310	-13.017070	11.776253	179.163070
53311	-12.985422	11.810735	179.215508
53312	-12.964640	11.826032	179.285963
53313	-12.940136	11.854209	179.339614
53314	-12.913220	11.890064	179.415131
53315	-12.893584	11.919570	179.486259
53316	-12.876516	11.950932	179.589224
53317	-12.865488	11.982281	179.654389
53318	-12.860333	12.005815	179.743006
53319	-12.862569	12.024213	179.793304
53320	-12.876504	12.029623	179.877397
53321	-12.891867	12.040045	179.929501
53322	-12.909848	12.054736	-179.991888
53323	-12.935529	12.045329	-179.950610
53324	-12.958933	12.031307	-179.865140
53325	-12.970596	12.025557	-179.826318
53326	-12.979807	12.028489	-179.779265
53327	-12.990262	12.032233	-179.758402
53328	-13.002676	12.024954	-179.719519
53329	-13.019610	12.015668	-179.706564
53330	-13.031984	12.009245	-179.662887
53331	-13.042406	12.011513	-179.654264
53332	-13.046314	12.018841	-179.602769
53333	-13.053191	12.020097	-179.595332
53334	-13.058683	12.019224	-179.542777
53335	-13.067276	12.019381	-179.539854
53336	-13.076101	12.027342	-179.499589
53337	-13.085111	12.036461	-179.502085
53338	-13.088920	12.049017	-179.484332
53339	-13.093777	12.062920	-179.459976
53340	-13.097632	12.075112	-179.386719
53341	-13.108248	12.087938	-179.370324
53342	-13.125045	12.092221	-179.326422
53343	-13.136948	12.102578	-179.299244
53344	-13.141782	12.123404	-179.222270
53345	-13.148075	12.142741	-179.199134
53346	-13.156712	12.151776	-179.115304
53347	-13.161843	12.155322	-179.095801
53348	-13.165788	12.154022	-179.053325
53349	-13.175783	12.148093	-179.055509
53350	-13.181321	12.146801	-179.025511
53351	-13.187748	12.142893	-179.030069
53352	-13.194877	12.132306	-178.995551
53353	-13.205918	12.117227	-178.993114
53354	-13.224431	12.095670	-178.953323
53355	-13.244935	12.071966	-178.963637
53356	-13.266343	12.046085	-178.901181
53357	-13.291050	12.022799	-178.917783
53358	-13.310336	12.006629	-178.873580
53359	-13.325137	12.001124	-178.872459
53360	-13.338857	11.993839	-178.807570
53361	-13.352837	11.985367	-178.813897
53362	-13.366507	11.974642	-178.752467
53363	-13.380006	11.965176	-178.764462
53364	-13.393966	11.956172	-178.734394
53365	-13.402551	11.950969	-178.745261
53366	-13.412498	11.946061	-178.650469
53367	-13.427545	11.938462	-178.660551
53368	-13.433422	11.936963	-178.544891
53369	-13.431503	11.937518	-178.549547
53370	-13.430170	11.931086	-178.493402
53371	-13.430192	11.928234	-178.499513
53372	-13.427289	11.927895	-178.424300
53373	-13.423725	11.923684	-178.436339
53374	-13.418895	11.922201	-178.402337
53375	-13.411749	11.918851	-178.424285
53376	-13.408366	11.912324	-178.444988
53377	-13.407180	11.902208	-178.475367
53378	-13.404860	11.891313	-178.416665
53379	-13.403637	11.882028	-178.444251
53380	-13.398766	11.867970	-178.441196
53381	-13.395511	11.855935	-178.457332
53382	-13.393222	11.844976	-178.447648
53383	-13.393057	11.840787	-178.472673
53384	-13.394736	11.844489	-178.393708
53385	-13.402975	11.850605	-178.430176
53386	-13.416105	11.844849	-178.440341
53387	-13.429659	11.834476	-178.481666
53388	-13.439625	11.829737	-178.454851
53389	-13.444959	11.822542	-178.497167
53390	-13.450202	11.811798	-178.416888
53391	-13.453386	11.800025	-178.464720
53392	-13.451881	11.788369	-178.486474
53393	-13.450820	11.777013	-178.525213
53394	-13.448782	11.771875	-178.483066
53395	-13.445548	11.767070	-178.520617
53396	-13.443373	11.762477	-178.492070
53397	-13.436448	11.754381	-178.519245
53398	-13.429152	11.743085	-178.453779
53399	-13.421015	11.729012	-178.478684
53400	-13.414077	11.717387	-178.396197
53401	-13.405469	11.711814	-178.425612
53402	-13.396773	11.702898	-178.343209
53403	-13.387948	11.690507	-178.372094
53404	-13.378360	11.671615	-178.316993
53405	-13.367949	11.645190	-178.343007
53406	-13.352643	11.610155	-178.343843
53407	-13.335845	11.567414	-178.361567
53408	-13.317791	11.512113	-178.302304
53409	-13.304047	11.441978	-178.313790
53410	-13.300869	11.350491	-178.280023
53411	-13.326560	11.228731	-178.321512
53412	-13.375549	11.092492	-178.332051
53413	-13.433167	10.955244	-178.414273
53414	-13.496423	10.828475	-178.474504
53415	-13.572361	10.700646	-178.606189
53416	-13.670851	10.567366	-178.742363
53417	-13.780656	10.451053	-178.969958
53418	-13.885028	10.372826	-179.159174
53419	-13.971962	10.325825	-179.394496
53420	-14.063584	10.286492	-179.609871
53421	-14.162229	10.239557	-179.867066
53422	-14.269820	10.190935	179.868758
53423	-14.385378	10.142289	179.578298
53424	-14.513042	10.091562	179.249210
53425	-14.652345	10.036156	178.933450
53426	-14.804253	9.974620	178.571642
53427	-14.956384	9.920594	178.242884
53428	-15.113230	9.874908	177.927276
53429	-15.273750	9.837401	177.626482
53430	-15.441899	9.815610	177.288879
53431	-15.621944	9.799921	177.020990
53432	-15.819708	9.782125	176.782819
53433	-16.034700	9.769157	176.542070
53434	-16.278007	9.758146	176.324878
53435	-16.536042	9.754853	176.118715
53436	-16.792818	9.791014	175.882145
53437	-17.043720	9.870068	175.773216
53438	-17.286411	9.969854	175.649350
53439	-17.520048	10.062671	175.655073
53440	-17.744232	10.138545	175.662406
53441	-17.923233	10.251946	175.836440
53442	-18.026482	10.416975	175.887119
53443	-18.043633	10.605115	175.946597
53444	-18.042406	10.717353	175.761470
53445	-18.032561	10.718956	175.694888
53446	-18.024174	10.620142	175.521304
53447	-18.003652	10.503744	175.454583
53448	-17.965535	10.389798	175.210988
53449	-17.903930	10.272092	175.079178
53450	-17.813694	10.167702	174.820390
53451	-17.688668	10.072471	174.675106
53452	-17.538081	9.967368	174.439813
53453	-17.361571	9.854312	174.269822
53454	-17.167689	9.738788	174.011422
53455	-16.951595	9.616977	173.804600
53456	-16.714729	9.488204	173.574834
53457	-16.457280	9.348212	173.325698
53458	-16.193653	9.190473	173.060283
53459	-15.920041	9.025763	172.788152
53460	-15.637227	8.854432	172.510050
53461	-15.344076	8.677923	172.235101
53462	-15.043224	8.495307	171.978241
53463	-14.729511	8.323186	171.756484
53464	-14.406330	8.157092	171.579625
53465	-14.083559	7.992412	171.465079
53466	-13.761465	7.832809	171.438793
53467	-13.404626	7.721810	171.532831
53468	-13.011444	7.689565	171.743032
53469	-12.609996	7.728332	171.989775
53470	-12.233478	7.779399	172.202736
53471	-11.878416	7.826568	172.466009
53472	-11.528500	7.916160	172.721956
53473	-11.191911	8.024686	172.966024
53474	-10.884540	8.107072	173.141097
53475	-10.616908	8.122393	173.223993
53476	-10.392978	8.060891	173.214388
53477	-10.163372	7.973726	173.179593
53478	-9.904034	7.893179	173.156950
53479	-9.619251	7.809962	173.214919
53480	-9.306453	7.738506	173.401417
53481	-8.980186	7.690973	173.705384
53482	-8.660858	7.669923	174.091649
53483	-8.342097	7.674164	174.528283
53484	-8.030173	7.686149	174.920016
53485	-7.739966	7.703430	175.207654
53486	-7.465799	7.718889	175.407941
53487	-7.202094	7.721260	175.525965
53488	-6.949262	7.728078	175.546795
53489	-6.705681	7.735856	175.493468
53490	-6.472264	7.736186	175.410072
53491	-6.247467	7.735253	175.312229
53492	-6.024353	7.740350	175.228638
53493	-5.792857	7.766268	175.167482
53494	-5.555209	7.793486	175.161073
53495	-5.305264	7.829738	175.200612
53496	-5.047266	7.867125	175.269811
53497	-4.788641	7.897145	175.341447
53498	-4.534567	7.919695	175.394460
53499	-4.277823	7.940096	175.420799
53500	-4.023639	7.951488	175.407859
53501	-3.778914	7.949736	175.376915
53502	-3.537203	7.945731	175.328784
53503	-3.295606	7.947119	175.263336
53504	-3.057520	7.954506	175.206617
53505	-2.821771	7.960061	175.137405
53506	-2.588098	7.969281	175.056511
53507	-2.366519	7.968114	174.972315
53508	-2.143764	7.977391	174.878932
53509	-1.924222	7.981303	174.786011
53510	-1.705142	7.978233	174.694865
53511	-1.507338	7.962612	174.551494
53512	-1.320538	7.952013	174.430374
53513	-1.143947	7.935451	174.266091
53514	-0.976597	7.930556	174.077151
53515	-0.817071	7.915922	173.887066
53516	-0.665392	7.887678	173.724977
53517	-0.519676	7.857516	173.596581
53518	-0.377921	7.837424	173.480645
53519	-0.237887	7.824039	173.399032
53520	-0.096754	7.817023	173.330302
53521	0.045914	7.816679	173.291006
53522	0.182974	7.806526	173.285031
53523	0.308347	7.797380	173.286555
53524	0.424714	7.786674	173.286020
53525	0.528464	7.772237	173.293921
53526	0.619783	7.757748	173.317596
53527	0.698069	7.744240	173.342460
53528	0.764698	7.730876	173.372015
53529	0.817692	7.710721	173.414509
53530	0.849397	7.682240	173.460533
53531	0.857955	7.644216	173.487144
53532	0.853390	7.613056	173.488477
53533	0.832118	7.566558	173.510175
53534	0.798172	7.498225	173.568143
53535	0.753741	7.417681	173.655169
53536	0.700350	7.323035	173.767410
53537	0.642677	7.221930	173.904749
53538	0.588974	7.129421	174.040174
53539	0.523694	7.025212	174.161860
53540	0.433640	6.924317	174.248543
53541	0.329068	6.854048	174.306521
53542	0.220572	6.803702	174.372868
53543	0.108343	6.760479	174.470246
53544	-0.009870	6.735177	174.588004
53545	-0.147385	6.723691	174.694450
53546	-0.325226	6.709352	174.794787
53547	-0.533417	6.680616	174.901792
53548	-0.769397	6.642097	175.009823
53549	-1.026371	6.599652	175.123012
53550	-1.317359	6.547211	175.225296
53551	-1.635695	6.502251	175.289628
53552	-1.971126	6.483715	175.300421
53553	-2.316693	6.478189	175.275094
53554	-2.664559	6.469893	175.258553
53555	-3.001534	6.476426	175.268730
53556	-3.347152	6.482123	175.282751
53557	-3.691264	6.480657	175.337392
53558	-4.035324	6.482235	175.442884
53559	-4.358150	6.480221	175.556440
53560	-4.665762	6.480742	175.678708
53561	-4.969843	6.495702	175.818067
53562	-5.267041	6.513966	175.959583
53563	-5.554647	6.568373	176.110500
53564	-5.856905	6.595589	176.224092
53565	-6.148176	6.622746	176.294095
53566	-6.428780	6.634911	176.292343
53567	-6.685502	6.648038	176.250060
53568	-6.916540	6.667687	176.167795
53569	-7.126192	6.672760	176.070613
53570	-7.300997	6.671163	175.946652
53571	-7.448984	6.671644	175.779877
53572	-7.582894	6.658455	175.572455
53573	-7.686572	6.638231	175.355420
53574	-7.768789	6.617081	175.122281
53575	-7.839586	6.590395	174.860525
53576	-7.906717	6.549500	174.580783
53577	-7.963788	6.504433	174.290116
53578	-8.015920	6.451775	173.991232
53579	-8.067253	6.390477	173.684622
53580	-8.116904	6.314108	173.368767
53581	-8.167904	6.232094	173.057327
53582	-8.213624	6.150542	172.767588
53583	-8.246878	6.077997	172.496322
53584	-8.275118	6.004898	172.256759
53585	-8.295956	5.927586	172.069769
53586	-8.309552	5.861414	171.943625
53587	-8.319194	5.796444	171.880101
53588	-8.326275	5.732922	171.871956
53589	-8.336304	5.673614	171.912435
53590	-8.350118	5.619978	171.991456
53591	-8.368118	5.572986	172.088980
53592	-8.385383	5.538704	172.189384
53593	-8.396788	5.516682	172.279322
53594	-8.410076	5.492107	172.355888
53595	-8.417348	5.460564	172.433941
53596	-8.416379	5.435313	172.508758
53597	-8.409748	5.408298	172.566531
53598	-8.392870	5.382600	172.608249
53599	-8.367471	5.350227	172.645603
53600	-8.328465	5.305545	172.680868
53601	-8.276498	5.254333	172.712078
53602	-8.215073	5.197671	172.744987
53603	-8.147324	5.145815	172.803358
53604	-8.067429	5.095014	172.891076
53605	-7.977233	5.038861	173.000567
53606	-7.886746	4.973343	173.132257
53607	-7.795778	4.901832	173.275099
53608	-7.706617	4.835355	173.423272
53609	-7.624384	4.779551	173.562717
53610	-7.557524	4.734474	173.685310
53611	-7.503985	4.683740	173.772407
53612	-7.458615	4.653650	173.829434
53613	-7.452102	4.627991	173.875924
53614	-7.485838	4.607915	173.890893
53615	-7.548521	4.602893	173.867065
53616	-7.649827	4.609547	173.828652
53617	-7.779940	4.630731	173.814539
53618	-7.950161	4.645497	173.840828
53619	-8.182979	4.621979	173.859974
53620	-8.513853	4.562741	173.807458
53621	-8.936974	4.513027	173.719985
53622	-9.451565	4.466094	173.623768
53623	-10.066045	4.411471	173.444890
53624	-10.789176	4.346839	173.157100
53625	-11.623276	4.279640	172.739655
53626	-12.565194	4.235047	172.224566
53627	-13.612728	4.200145	171.597692
53628	-14.732733	4.190675	170.854545
53629	-15.885147	4.224144	170.089182
53630	-17.046553	4.298968	169.363798
53631	-18.205185	4.408473	168.689288
53632	-19.348788	4.555839	168.097280
53633	-20.468769	4.739532	167.615459
53634	-21.566576	4.957233	167.214632
53635	-22.665539	5.173324	166.855887
53636	-23.774891	5.348569	166.476903
53637	-24.903989	5.479756	166.051682
53638	-26.063137	5.588423	165.606013
53639	-27.263388	5.686610	165.135075
53640	-28.497996	5.774956	164.654712
53641	-29.744188	5.878402	164.194185
53642	-30.991773	6.019414	163.801731
53643	-32.209121	6.205609	163.497783
53644	-33.389003	6.435209	163.263428
53645	-34.546269	6.692173	163.062337
53646	-35.712209	6.970177	162.855879
53647	-36.884188	7.260753	162.646505
53648	-38.074830	7.559277	162.428400
53649	-39.268273	7.868033	162.211512
53650	-40.465834	8.177518	161.989452
53651	-41.671209	8.499137	161.772734
53652	-42.856465	8.852608	161.591470
53653	-44.004294	9.240191	161.450151
53654	-45.113268	9.667090	161.341261
53655	-46.171589	10.157341	161.274696
53656	-47.164492	10.715673	161.246051
53657	-48.086647	11.314527	161.229067
53658	-48.955342	11.920285	161.203952
53659	-49.773965	12.531008	161.169649
53660	-50.537944	13.129975	161.111782
53661	-51.248384	13.692296	160.999652
53662	-51.923379	14.169370	160.816504
53663	-52.544359	14.554165	160.577040
53664	-53.093502	14.877193	160.284354
53665	-53.562254	15.160513	159.941388
53666	-53.960690	15.407964	159.562270
53667	-54.310037	15.596775	159.146116
53668	-54.631977	15.691561	158.696418
53669	-54.930320	15.704963	158.223637
53670	-55.191896	15.661789	157.732153
53671	-55.410253	15.584454	157.235242
53672	-55.580495	15.521472	156.779356
53673	-55.688581	15.515758	156.384016
53674	-55.751128	15.535901	156.045550
53675	-55.774983	15.538001	155.765878
53676	-55.758592	15.539315	155.526163
53677	-55.694772	15.544609	155.316225
53678	-55.608080	15.522307	155.144477
53679	-55.496611	15.476991	155.014490
53680	-55.367537	15.406580	154.923492
53681	-55.222375	15.311164	154.880694
53682	-55.062036	15.212823	154.866538
53683	-54.881646	15.116674	154.866467
53684	-54.690282	14.998148	154.864171
53685	-54.504289	14.846226	154.826070
53686	-54.334557	14.650605	154.728367
53687	-54.171066	14.416169	154.581447
53688	-54.007181	14.168527	154.407315
53689	-53.829261	13.928518	154.216820
53690	-53.645296	13.705282	154.013741
53691	-53.456823	13.509860	153.806903
53692	-53.259142	13.362346	153.618090
53693	-53.044287	13.280806	153.475440
53694	-52.816023	13.273443	153.388079
53695	-52.576825	13.328440	153.344441
53696	-52.332568	13.429435	153.321776
53697	-52.099047	13.536641	153.299219
53698	-51.928365	13.604511	153.235619
53699	-51.851845	13.672906	153.041268
53700	-51.880483	13.848340	152.733651
53701	-51.992545	14.170274	152.445247
53702	-52.180590	14.500928	152.240768
53703	-52.420970	14.787418	152.071133
53704	-52.648312	15.094854	151.964710
53705	-52.803995	15.381058	151.978306
53706	-52.871803	15.579948	152.082253
53707	-52.861013	15.704244	152.228161
53708	-52.778936	15.810096	152.364811
53709	-52.643218	15.933950	152.456804
53710	-52.470693	16.085766	152.507363
53711	-52.272849	16.276763	152.538604
53712	-52.062985	16.520461	152.564149
53713	-51.847043	16.809697	152.604279
53714	-51.635904	17.095268	152.676963
53715	-51.428248	17.308148	152.773903
53716	-51.224629	17.440705	152.857871
53717	-51.001711	17.506162	152.912654
53718	-50.766527	17.423334	152.999596
53719	-50.530701	17.204898	153.127330
53720	-50.197197	17.043196	153.206659
53721	-49.744715	16.939394	153.295280
53722	-49.240583	16.780775	153.463246
53723	-48.657817	16.739778	153.674198
53724	-47.895603	17.191308	154.028994
53725	-47.029997	17.867379	154.414911
53726	-46.147566	18.501286	154.877799
53727	-45.109341	19.249363	155.640327
53728	-43.943746	19.884245	156.413422
53729	-42.814159	20.236837	156.999243
53730	-41.774707	20.424452	157.426374
53731	-40.736598	20.616533	157.799371
53732	-39.761595	20.679119	158.094397
53733	-38.819475	20.667966	158.320252
53734	-37.928032	20.552326	158.472982
53735	-36.855002	20.356770	158.412028
53736	-34.660389	21.249527	158.188722
53737	-33.508341	20.058561	157.578338
53738	-32.229766	18.840035	157.414454
53739	-30.864042	17.708747	157.501388
53740	-29.661078	16.594341	157.716596
53741	-28.914409	15.771904	158.055748
53742	-28.601496	15.653917	158.570241
53743	-28.526335	16.121219	159.227797
53744	-28.593658	16.972204	159.762256
53745	-27.985071	17.788073	160.541629
53746	-26.898464	18.185895	161.334861
53747	-25.928442	18.160027	161.861393
53748	-25.198024	17.967229	162.206892
53749	-24.649332	18.052025	162.523361
53750	-24.070451	18.502201	162.862411
53751	-23.441405	18.493169	163.231193
53752	-22.654284	18.366599	163.603363
53753	-21.894337	18.172607	163.858631
53754	-21.144298	17.963580	164.089935
53755	-20.381046	17.747533	164.314447
53756	-19.603596	17.517646	164.542178
53757	-18.831372	17.276566	164.744009
53758	-18.055564	17.048998	164.963975
53759	-17.288812	16.813495	165.205596
53760	-16.512967	16.591227	165.488788
53761	-15.728773	16.374026	165.815792
53762	-14.950256	16.152990	166.175555
53763	-14.172730	15.917355	166.576527
53764	-13.374233	15.677741	167.085282
53765	-12.556287	15.448414	167.699781
53766	-11.737562	15.212858	168.360249
53767	-10.941143	14.973770	169.001601
53768	-10.174045	14.706447	169.612212
53769	-9.428339	14.437844	170.209105
53770	-8.713096	14.185407	170.791120
53771	-8.045548	13.944473	171.324754
53772	-7.411722	13.695304	171.780271
53773	-6.797570	13.446034	172.224086
53774	-6.199162	13.199478	172.617813
53775	-5.616482	12.975571	172.923721
53776	-5.067185	12.767968	173.197871
53777	-4.543042	12.533242	173.517076
53778	-4.046999	12.262644	173.790865
53779	-3.587732	11.975711	173.993954
53780	-3.153814	11.687091	174.192693
53781	-2.751159	11.389024	174.367142
53782	-2.386307	11.081513	174.537159
53783	-2.040315	10.771227	174.735364
53784	-1.740900	10.477412	174.831792
53785	-1.478326	10.250515	174.980044
53786	-1.179498	10.037752	175.190997
53787	-0.912260	9.792226	175.348292
53788	-0.706674	9.568401	175.398038
53789	-0.536260	9.420278	175.368005
53790	-0.374698	9.299796	175.363541
53791	-0.210637	9.211922	175.387900
53792	-0.047788	9.168519	175.396669
53793	0.064752	9.122078	175.380423
53794	0.126934	9.057866	175.358754
53795	0.163037	8.987973	175.320309
53796	0.181348	8.919674	175.217690
53797	0.205429	8.866031	175.117244
53798	0.238437	8.810889	175.047405
53799	0.289326	8.768697	174.976821
53800	0.346958	8.738797	174.896126
53801	0.406961	8.715453	174.828510
53802	0.465829	8.687964	174.781045
53803	0.522122	8.662225	174.714512
53804	0.563768	8.638211	174.627075
53805	0.590969	8.607258	174.555211
53806	0.603149	8.570490	174.496222
53807	0.605408	8.525956	174.446878
53808	0.604527	8.479069	174.448348
53809	0.601815	8.426986	174.484744
53810	0.597725	8.377852	174.502036
53811	0.585991	8.330528	174.487823
53812	0.579347	8.281854	174.466668
53813	0.587634	8.241888	174.418960
53814	0.602779	8.189951	174.367294
53815	0.635439	8.117299	174.329723
53816	0.681980	8.039402	174.305388
53817	0.741424	7.953818	174.313611
53818	0.812428	7.856107	174.345867
53819	0.885336	7.746119	174.406700
53820	0.957011	7.632042	174.481976
53821	1.020842	7.523065	174.534211
53822	1.070058	7.425341	174.553241
53823	1.101446	7.330573	174.550094
53824	1.116539	7.242565	174.529402
53825	1.115195	7.160064	174.488483
53826	1.098762	7.080087	174.438972
53827	1.065540	7.004242	174.394090
53828	1.019979	6.923889	174.364873
53829	0.955621	6.847472	174.355215
53830	0.886565	6.798902	174.321792
53831	0.809113	6.773220	174.293186
53832	0.721672	6.747585	174.318837
53833	0.621108	6.714209	174.383111
53834	0.497087	6.680814	174.469015
53835	0.342352	6.641819	174.563291
53836	0.152517	6.605530	174.654872
53837	-0.080538	6.571512	174.722552
53838	-0.363966	6.530224	174.773198
53839	-0.701794	6.484307	174.810229
53840	-1.109349	6.440813	174.830241
53841	-1.586588	6.436739	174.830797
53842	-2.132239	6.482223	174.770523
53843	-2.704347	6.625878	174.597519
53844	-3.283704	6.880600	174.378475
53845	-3.884364	7.144839	174.170670
53846	-4.558114	7.338649	173.907299
53847	-5.363738	7.440709	173.635740
53848	-6.267225	7.492424	173.286543
53849	-7.240657	7.569911	172.868394
53850	-8.356723	7.611294	172.316316
53851	-9.564381	7.637464	171.635420
53852	-10.869264	7.603229	170.835672
53853	-12.239873	7.559602	169.935256
53854	-13.658332	7.537023	169.014628
53855	-15.066301	7.578930	168.223370
53856	-16.407724	7.712460	167.658483
53857	-17.647860	7.946722	167.255220
53858	-18.797649	8.261974	166.941513
53859	-19.902333	8.587463	166.638332
53860	-21.000583	8.871368	166.260292
53861	-22.111818	9.082620	165.725424
53862	-23.241554	9.246312	165.043503
53863	-24.405807	9.329788	164.273052
53864	-25.620486	9.341413	163.473132
53865	-26.854380	9.340258	162.683489
53866	-28.085612	9.370164	161.937774
53867	-29.300185	9.443864	161.239272
53868	-30.489824	9.590674	160.626026
53869	-31.666908	9.834816	160.115822
53870	-32.827333	10.157249	159.692373
53871	-33.968047	10.489884	159.284593
53872	-35.093603	10.803579	158.866633
53873	-36.200183	11.119953	158.448969
53874	-37.256606	11.455669	158.053041
53875	-38.226622	11.820559	157.712102
53876	-39.132700	12.173123	157.416941
53877	-40.017310	12.502694	157.125955
53878	-40.900365	12.832993	156.815894
53879	-41.755683	13.190193	156.531533
53880	-42.559367	13.565619	156.284033
53881	-43.303187	13.960654	156.089916
53882	-43.983355	14.360083	155.941807
53883	-44.600893	14.738524	155.805334
53884	-45.149420	15.112101	155.663268
53885	-45.613530	15.503129	155.540443
53886	-46.000573	15.880351	155.436031
53887	-46.327239	16.207133	155.306354
53888	-46.568312	16.553609	155.179269
53889	-46.734843	16.911780	155.065974
53890	-46.844527	17.240640	154.948202
53891	-46.894240	17.572358	154.839003
53892	-46.866363	17.943957	154.786003
53893	-46.783594	18.329251	154.785672
53894	-46.641884	18.754864	154.839583
53895	-46.432707	19.229317	154.957543
53896	-46.181659	19.705593	155.136801
53897	-45.896285	20.168645	155.367807
53898	-45.571869	20.598489	155.632812
53899	-45.206249	20.954358	155.856623
53900	-44.806914	21.230913	156.011283
53901	-44.393383	21.411897	156.108959
53902	-43.984230	21.480887	156.164937
53903	-43.584856	21.460353	156.193255
53904	-43.177763	21.396811	156.186404
53905	-42.752285	21.291505	156.144870
53906	-42.301289	21.145683	156.081666
53907	-41.812414	20.989933	156.018765
53908	-41.275781	20.834319	155.955952
53909	-40.682744	20.668962	155.877173
53910	-40.030286	20.471352	155.798172
53911	-39.304621	20.254527	155.734415
53912	-38.499997	20.014217	155.679516
53913	-37.720914	19.593013	155.649366
53914	-37.203242	18.786783	155.603237
53915	-36.893059	18.510023	154.990770
53916	-37.069199	18.806528	153.682837
53917	-37.205847	18.697000	153.546586
53918	-37.344023	18.881258	153.897797
53919	-37.677520	18.926219	153.885860
53920	-38.034989	18.746205	153.757612
53921	-37.892635	18.957395	153.922390
53922	-37.093502	19.547629	154.794002
53923	-35.787055	20.373825	156.142468
53924	-34.265538	20.807672	157.745806
53925	-32.703725	21.144129	159.021980
53926	-31.484712	21.209394	159.890118
53927	-30.794023	21.083040	160.242315
53928	-30.526090	20.690278	160.052357
53929	-30.369751	20.183907	159.678781
53930	-30.111978	19.663984	159.357031
53931	-29.615344	19.238497	159.199738
53932	-28.973002	18.910198	159.267372
53933	-28.189751	18.748349	159.596816
53934	-27.300016	18.747017	160.100854
53935	-26.430061	18.763163	160.566489
53936	-25.598123	18.776812	161.019296
53937	-24.839248	18.789011	161.433372
53938	-24.148434	18.819730	161.837000
53939	-23.494713	18.854447	162.250142
53940	-22.880878	18.869180	162.653094
53941	-22.278168	18.844172	163.011666
53942	-21.663865	18.753619	163.317392
53943	-21.028594	18.605298	163.534961
53944	-20.411112	18.416323	163.664367
53945	-19.837465	18.200839	163.716233
53946	-19.275149	17.970673	163.753176
53947	-18.749882	17.719944	163.738049
53948	-18.250890	17.457925	163.692871
53949	-17.728040	17.202772	163.711861
53950	-17.189499	16.947593	163.769396
53951	-16.644267	16.704029	163.870881
53952	-16.097100	16.458857	164.013010
53953	-15.549075	16.217567	164.212007
53954	-14.986891	16.000304	164.457867
53955	-14.421471	15.792921	164.673545
53956	-13.832186	15.595024	164.918835
53957	-13.246893	15.391622	165.116230
53958	-12.677111	15.168534	165.294922
53959	-12.123072	14.934128	165.442259
53960	-11.602462	14.676181	165.577179
53961	-11.091830	14.438926	165.678638
53962	-10.574904	14.213056	165.813236
53963	-10.062568	13.995753	165.952215
53964	-9.570764	13.781563	166.088293
53965	-9.096392	13.586945	166.246758
53966	-8.617786	13.417469	166.433953
53967	-8.126392	13.269877	166.671127
53968	-7.617051	13.116095	166.944067
53969	-7.093148	12.979633	167.262637
53970	-6.581697	12.852311	167.595339
53971	-6.121543	12.714100	167.866346
53972	-5.688687	12.575008	168.113850
53973	-5.279588	12.454851	168.317605
53974	-4.922346	12.325593	168.459853
53975	-4.584333	12.204645	168.541845
53976	-4.280478	12.075681	168.573499
53977	-3.993601	11.947519	168.634083
53978	-3.722203	11.795420	168.678022
53979	-3.482326	11.622876	168.722814
53980	-3.264860	11.452729	168.768286
53981	-3.084394	11.276575	168.808894
53982	-2.916297	11.098736	168.846910
53983	-2.767250	10.928146	168.899644
53984	-2.628484	10.764301	168.974740
53985	-2.483520	10.632529	169.091240
53986	-2.316973	10.518146	169.279774
53987	-2.155388	10.413804	169.445769
53988	-2.058146	10.316312	169.453648
53989	-2.021456	10.224077	169.349300
53990	-1.990196	10.126253	169.300087
53991	-1.935806	10.093098	169.404387
53992	-1.883571	10.083657	169.518703
53993	-1.822815	10.088174	169.584375
53994	-1.779602	10.083936	169.561082
53995	-1.755577	10.063135	169.537675
53996	-1.728825	10.023634	169.569291
53997	-1.683231	9.957784	169.640872
53998	-1.612284	9.872332	169.710767
53999	-1.523686	9.772643	169.796258
54000	-1.415933	9.660419	169.960320
54001	-1.291294	9.552515	170.169022
54002	-1.159507	9.451708	170.352441
54003	-1.035593	9.365740	170.497513
54004	-0.919867	9.296387	170.640921
54005	-0.822173	9.237236	170.777842
54006	-0.741773	9.179109	170.941638
54007	-0.677561	9.125072	171.127971
54008	-0.627915	9.070949	171.329992
54009	-0.602690	9.011980	171.529123
54010	-0.594012	8.958573	171.725142
54011	-0.593757	8.914322	171.930625
54012	-0.608181	8.877522	172.113703
54013	-0.627754	8.841967	172.293688
54014	-0.642381	8.804866	172.491576
54015	-0.647985	8.773123	172.688232
54016	-0.647354	8.757513	172.842881
54017	-0.646190	8.737068	172.986311
54018	-0.636119	8.715999	173.125289
54019	-0.623063	8.701553	173.246971
54020	-0.620102	8.680489	173.361709
54021	-0.616399	8.656870	173.468045
54022	-0.619178	8.640041	173.538374
54023	-0.630685	8.627425	173.581132
54024	-0.644785	8.614973	173.610243
54025	-0.663043	8.600370	173.631344
54026	-0.688887	8.582420	173.633497
54027	-0.720849	8.562251	173.614908
54028	-0.761294	8.541655	173.578537
54029	-0.808044	8.522781	173.526267
54030	-0.861683	8.505953	173.459917
54031	-0.921361	8.493119	173.380536
54032	-0.979344	8.485224	173.309533
54033	-1.032217	8.483839	173.259661
54034	-1.084817	8.471420	173.246929
54035	-1.128394	8.453467	173.276500
54036	-1.163901	8.434343	173.319122
54037	-1.201340	8.405129	173.363334
54038	-1.235246	8.373861	173.395168
54039	-1.263312	8.346626	173.404687
54040	-1.284681	8.319932	173.388794
54041	-1.301889	8.289221	173.363228
54042	-1.312865	8.254799	173.327735
54043	-1.323649	8.215824	173.281044
54044	-1.336583	8.173303	173.202168
54045	-1.350153	8.133864	173.098750
54046	-1.363115	8.091676	172.995161
54047	-1.376345	8.045057	172.905276
54048	-1.394100	8.000094	172.812187
54049	-1.413144	7.961120	172.714977
54050	-1.438637	7.924115	172.623933
54051	-1.465623	7.889574	172.543316
54052	-1.496244	7.854197	172.480422
54053	-1.532690	7.818816	172.435561
54054	-1.572948	7.785409	172.403963
54055	-1.618835	7.748400	172.388392
54056	-1.671093	7.708651	172.385211
54057	-1.725551	7.680123	172.371759
54058	-1.785209	7.653322	172.343258
54059	-1.851044	7.624182	172.329064
54060	-1.913058	7.591931	172.330917
54061	-1.975949	7.554915	172.340087
54062	-2.042831	7.509632	172.347503
54063	-2.119373	7.458906	172.349302
54064	-2.204387	7.406880	172.336325
54065	-2.289716	7.378598	172.295011
54066	-2.377576	7.369838	172.198745
54067	-2.472660	7.368148	172.100727
54068	-2.563438	7.357645	172.054238
54069	-2.640639	7.336584	172.059325
54070	-2.712606	7.301075	172.100116
54071	-2.796078	7.251028	172.146241
54072	-2.894140	7.188825	172.185237
54073	-3.005276	7.116621	172.222640
54074	-3.130029	7.042257	172.269712
54075	-3.267339	6.957276	172.329892
54076	-3.427086	6.860000	172.388591
54077	-3.611631	6.762601	172.423621
54078	-3.817718	6.686112	172.420497
54079	-4.045289	6.632686	172.384749
54080	-4.292069	6.599901	172.332459
54081	-4.555301	6.579923	172.279636
54082	-4.843088	6.558040	172.215896
54083	-5.144614	6.573444	172.141444
54084	-5.475050	6.618013	172.096868
54085	-5.832784	6.703797	172.112041
54086	-6.191244	6.864511	172.224999
54087	-6.538566	7.077386	172.410313
54088	-6.980699	7.201740	172.412631
54089	-7.558418	7.264497	172.138483
54090	-8.277133	7.287769	171.612373
54091	-9.116571	7.325806	170.937465
54092	-10.074193	7.343531	170.132403
54093	-11.119263	7.357862	169.227803
54094	-12.263517	7.344301	168.253390
54095	-13.532125	7.266108	167.248519
54096	-14.870434	7.177527	166.319263
54097	-16.217628	7.135186	165.528635
54098	-17.542520	7.176628	164.883196
54099	-18.812757	7.317495	164.359922
54100	-20.029430	7.548358	163.910398
54101	-21.180420	7.856541	163.545904
54102	-22.300832	8.181013	163.235340
54103	-23.411079	8.486003	162.879885
54104	-24.542216	8.757910	162.421144
54105	-25.726850	8.948564	161.817379
54106	-26.975445	9.049145	161.084236
54107	-28.278948	9.078957	160.307775
54108	-29.617010	9.079983	159.562806
54109	-30.958109	9.077131	158.901424
54110	-32.280544	9.109236	158.280749
54111	-33.591113	9.191477	157.680951
54112	-34.885938	9.355588	157.145839
54113	-36.155512	9.559717	156.682877
54114	-37.426352	9.765816	156.277322
54115	-38.673453	10.017533	155.934960
54116	-39.881502	10.337673	155.654995
54117	-41.047828	10.693180	155.400087
54118	-42.178053	11.067869	155.136226
54119	-43.269441	11.440524	154.859764
54120	-44.328154	11.800715	154.578913
54121	-45.355622	12.143030	154.292307
54122	-46.335462	12.513973	154.016921
54123	-47.260118	12.927787	153.800935
54124	-48.141133	13.346992	153.626401
54125	-48.964371	13.781590	153.467821
54126	-49.712189	14.216004	153.306258
54127	-50.368607	14.638780	153.146906
54128	-50.940099	15.028937	153.001570
54129	-51.454617	15.327778	152.874598
54130	-51.915101	15.542706	152.750684
54131	-52.303414	15.701094	152.623195
54132	-52.616525	15.800496	152.478263
54133	-52.846695	15.839873	152.329892
54134	-52.993722	15.846189	152.190007
54135	-53.045006	15.867422	152.075120
54136	-52.986918	15.959319	151.990092
54137	-52.814814	16.147571	151.956836
54138	-52.546075	16.424828	151.966606
54139	-52.188379	16.815358	152.044406
54140	-51.759760	17.278760	152.200328
54141	-51.268605	17.770676	152.413422
54142	-50.706199	18.310591	152.669884
54143	-50.093131	18.859339	152.964051
54144	-49.461755	19.362884	153.274450
54145	-48.820695	19.793052	153.573060
54146	-48.181199	20.072128	153.774204
54147	-47.530787	20.191632	153.837038
54148	-46.827427	20.214186	153.855021
54149	-46.083512	20.206287	153.916438
54150	-45.335419	20.121681	154.018932
54151	-44.615297	19.925086	154.084174
54152	-43.902424	19.643696	154.070804
54153	-43.195643	19.264958	154.043115
54154	-42.625462	18.532279	154.046519
54155	-42.352411	17.348660	153.998335
54156	-42.242581	16.841882	153.181980
54157	-42.642453	17.172732	151.475910
54158	-43.199516	16.870913	150.742893
54159	-43.690289	16.521828	150.637576
54160	-44.094552	16.438409	150.739003
54161	-44.252590	16.470424	151.085305
54162	-44.177385	16.623650	151.693471
54163	-43.843814	16.923488	152.342843
54164	-43.265601	17.484506	152.843360
54165	-42.499209	18.357000	153.366584
54166	-41.493844	19.502088	154.280616
54167	-40.299208	20.826374	155.596169
54168	-39.312291	21.990906	156.857523
54169	-38.880704	22.654363	157.515631
54170	-38.962417	22.568765	157.506409
54171	-39.347988	21.949518	157.016192
54172	-39.724602	21.024958	156.290016
54173	-39.975757	20.065509	155.580593
54174	-40.116706	19.196323	154.959769
54175	-40.124768	18.497856	154.377343
54176	-39.990632	18.013139	153.956247
54177	-39.703496	17.900373	153.826478
54178	-39.358858	18.051004	153.970482
54179	-38.966504	18.380717	154.337498
54180	-38.503932	18.871533	154.920082
54181	-37.990745	19.448519	155.631425
54182	-37.459267	19.994133	156.351294
54183	-36.935118	20.432832	156.983289
54184	-36.461685	20.696299	157.394015
54185	-36.069976	20.743338	157.571535
54186	-35.714871	20.629462	157.572507
54187	-35.405779	20.358757	157.386822
54188	-35.130726	19.992586	157.120280
54189	-34.831847	19.640203	156.913096
54190	-34.448157	19.368903	156.911466
54191	-33.926467	19.248468	157.230058
54192	-33.290188	19.320352	157.678113
54193	-32.568852	19.514332	158.206419
54194	-31.760483	19.794884	158.863278
54195	-30.907985	20.107903	159.633500
54196	-30.060343	20.334432	160.397530
54197	-29.228644	20.475665	161.120237
54198	-28.407613	20.550221	161.769138
54199	-27.633522	20.538390	162.285479
54200	-26.959005	20.428915	162.648499
54201	-26.346968	20.282306	162.917496
54202	-25.773568	20.124523	163.116920
54203	-25.220957	19.952263	163.288691
54204	-24.651741	19.808266	163.485980
54205	-24.044710	19.724158	163.738372
54206	-23.404052	19.672010	164.069879
54207	-22.735679	19.671860	164.458400
54208	-22.068869	19.674515	164.868216
54209	-21.404309	19.685346	165.292238
54210	-20.764058	19.670170	165.648642
54211	-20.152153	19.613870	165.939840
54212	-19.568049	19.494702	166.187361
54213	-19.007643	19.344624	166.382213
54214	-18.472227	19.172725	166.558109
54215	-17.959902	18.994952	166.677519
54216	-17.439420	18.818557	166.801779
54217	-16.907664	18.643688	166.931792
54218	-16.360154	18.477159	167.119605
54219	-15.806811	18.306766	167.339900
54220	-15.252474	18.119933	167.590619
54221	-14.703511	17.917856	167.897753
54222	-14.140579	17.743867	168.242310
54223	-13.585704	17.570804	168.600183
54224	-13.027149	17.405798	168.935299
54225	-12.478975	17.229653	169.259119
54226	-11.918825	17.067946	169.589020
54227	-11.397553	16.893639	169.828705
54228	-10.907414	16.694393	169.989600
54229	-10.426426	16.506188	170.150813
54230	-9.937449	16.345198	170.307305
54231	-9.452689	16.210855	170.486795
54232	-8.984927	16.060234	170.700429
54233	-8.530234	15.907714	170.957205
54234	-8.092515	15.768895	171.217239
54235	-7.692271	15.612378	171.477196
54236	-7.324573	15.441591	171.710783
54237	-6.947427	15.295695	171.989244
54238	-6.549412	15.178429	172.320110
54239	-6.189169	15.041020	172.620162
54240	-5.839028	14.890739	172.922233
54241	-5.498421	14.749353	173.206372
54242	-5.175096	14.626612	173.438788
54243	-4.886618	14.507019	173.590661
54244	-4.627808	14.384709	173.687841
54245	-4.388336	14.256305	173.758795
54246	-4.185906	14.102774	173.752908
54247	-3.981667	13.936350	173.703903
54248	-3.771223	13.746859	173.692259
54249	-3.576790	13.561045	173.643587
54250	-3.398728	13.387036	173.612494
54251	-3.200992	13.202433	173.654082
54252	-2.995669	13.018764	173.726475
54253	-2.806929	12.835563	173.816739
54254	-2.623169	12.647251	173.948223
54255	-2.451773	12.416897	174.128382
54256	-2.275056	12.169164	174.353945
54257	-2.099459	11.920989	174.586265
54258	-1.936276	11.684954	174.827634
54259	-1.774600	11.477249	175.084316
54260	-1.621561	11.275533	175.315269
54261	-1.527212	11.076177	175.430196
54262	-1.470861	10.912463	175.473255
54263	-1.412756	10.784229	175.512062
54264	-1.342920	10.705046	175.523731
54265	-1.262003	10.640455	175.597051
54266	-1.183351	10.565731	175.646458
54267	-1.116473	10.503241	175.660201
54268	-1.066040	10.435945	175.639233
54269	-1.015922	10.359347	175.621281
54270	-0.959506	10.256228	175.595369
54271	-0.889632	10.131882	175.588328
54272	-0.803113	9.994574	175.606985
54273	-0.700057	9.864121	175.613753
54274	-0.582707	9.746555	175.616632
54275	-0.456542	9.640950	175.640061
54276	-0.321016	9.541522	175.685410
54277	-0.186296	9.455052	175.745569
54278	-0.052446	9.374935	175.808917
54279	0.071958	9.302380	175.856687
54280	0.182346	9.235743	175.901159
54281	0.279326	9.181931	175.928979
54282	0.356908	9.139532	175.955338
54283	0.417541	9.103080	176.000986
54284	0.457081	9.078899	176.040782
54285	0.472081	9.057757	176.100204
54286	0.468277	9.040381	176.175198
54287	0.454776	9.036587	176.244636
54288	0.433063	9.043533	176.303500
54289	0.401781	9.042716	176.364260
54290	0.369819	9.032263	176.435384
54291	0.336883	9.013458	176.513334
54292	0.303918	8.993089	176.576289
54293	0.263202	8.978688	176.603176
54294	0.224208	8.969135	176.615479
54295	0.187498	8.967890	176.627420
54296	0.151576	8.974514	176.659469
54297	0.105579	8.979143	176.691169
54298	0.051881	8.980971	176.725036
54299	-0.008519	8.981703	176.760255
54300	-0.079655	8.973441	176.778765
54301	-0.149843	8.978662	176.771405
54302	-0.221100	8.989274	176.745953
54303	-0.291050	9.004898	176.712475
54304	-0.360808	9.016327	176.686045
54305	-0.428429	9.027496	176.670624
54306	-0.489024	9.030822	176.678193
54307	-0.549323	9.028598	176.705792
54308	-0.609471	9.014674	176.763110
54309	-0.669512	9.004276	176.830057
54310	-0.726894	8.992790	176.908801
54311	-0.778314	8.983525	177.006871
54312	-0.822511	8.982114	177.098499
54313	-0.868966	8.983137	177.171939
54314	-0.917094	8.982698	177.232345
54315	-0.963821	8.982248	177.278740
54316	-1.004983	8.977034	177.324326
54317	-1.048291	8.968818	177.364309
54318	-1.083600	8.963845	177.392745
54319	-1.119998	8.964616	177.401271
54320	-1.159246	8.966160	177.389555
54321	-1.202206	8.971150	177.358881
54322	-1.246815	8.976919	177.317182
54323	-1.289786	8.984711	177.282073
54324	-1.333840	8.990921	177.258984
54325	-1.374774	8.994749	177.253207
54326	-1.413565	8.993540	177.260813
54327	-1.447182	8.993126	177.288607
54328	-1.477472	8.989411	177.333550
54329	-1.504162	8.984242	177.377235
54330	-1.526170	8.976782	177.426877
54331	-1.549138	8.968938	177.462653
54332	-1.566537	8.963138	177.489738
54333	-1.585662	8.951452	177.508195
54334	-1.598767	8.939293	177.518670
54335	-1.614047	8.926667	177.506051
54336	-1.626294	8.916246	177.478427
54337	-1.634039	8.905775	177.448642
54338	-1.638872	8.892889	177.431447
54339	-1.638627	8.882584	177.419679
54340	-1.637692	8.872358	177.417127
54341	-1.630830	8.857622	177.432446
54342	-1.624077	8.841966	177.452316
54343	-1.616790	8.834739	177.468148
54344	-1.613986	8.832112	177.466937
54345	-1.613420	8.826796	177.472262
54346	-1.612643	8.822773	177.494376
54347	-1.611064	8.821064	177.519434
54348	-1.612510	8.815874	177.545362
54349	-1.617192	8.809908	177.567805
54350	-1.620653	8.802763	177.591887
54351	-1.621554	8.802520	177.602357
54352	-1.627052	8.804530	177.593757
54353	-1.632404	8.809477	177.578889
54354	-1.635396	8.812120	177.573864
54355	-1.638558	8.812548	177.564077
54356	-1.640810	8.812240	177.557847
54357	-1.642925	8.811939	177.559097
54358	-1.643601	8.812420	177.561183
54359	-1.645346	8.815697	177.557083
54360	-1.648309	8.817502	177.554790
54361	-1.646945	8.816756	177.566909
54362	-1.645832	8.817139	177.580954
54363	-1.644015	8.820318	177.591469
54364	-1.645094	8.825222	177.600436
54365	-1.642209	8.830605	177.608241
54366	-1.638179	8.837210	177.618801
54367	-1.633893	8.846365	177.620262
54368	-1.632244	8.854060	177.613396
54369	-1.633406	8.860139	177.598286
54370	-1.631240	8.872302	177.574952
54371	-1.631602	8.883140	177.548031
54372	-1.631268	8.889513	177.540234
54373	-1.627474	8.899258	177.533398
54374	-1.625950	8.909462	177.518348
54375	-1.624536	8.920198	177.503390
54376	-1.622997	8.932428	177.486631
54377	-1.626485	8.943527	177.459971
54378	-1.626961	8.953071	177.434782
54379	-1.632978	8.963537	177.404544
54380	-1.634461	8.971314	177.376504
54381	-1.635251	8.979407	177.352205
54382	-1.631782	8.987377	177.321009
54383	-1.626804	8.996746	177.288918
54384	-1.622359	9.002908	177.258445
54385	-1.620568	9.008608	177.220737
54386	-1.620600	9.016110	177.190710
54387	-1.617691	9.027947	177.156179
54388	-1.617317	9.039494	177.115260
54389	-1.613222	9.052210	177.087224
54390	-1.610598	9.058292	177.063406
54391	-1.605436	9.063936	177.039407
54392	-1.600722	9.068855	177.009760
54393	-1.595246	9.076083	176.982138
54394	-1.590115	9.077212	176.961480
54395	-1.587546	9.078921	176.943895
54396	-1.578441	9.082681	176.935235
54397	-1.566545	9.089873	176.933185
54398	-1.552413	9.095617	176.938258
54399	-1.536328	9.098946	176.951418
54400	-1.517870	9.101738	176.960595
54401	-1.501478	9.103908	176.965269
54402	-1.485634	9.107889	176.956124
54403	-1.472196	9.110506	176.943373
54404	-1.460278	9.113057	176.923245
54405	-1.449203	9.115844	176.905103
54406	-1.438070	9.116458	176.892328
54407	-1.427423	9.120913	176.876212
54408	-1.415891	9.123449	176.863558
54409	-1.400781	9.127163	176.862872
54410	-1.385041	9.128543	176.870288
54411	-1.368045	9.129705	176.880429
54412	-1.349376	9.128023	176.891108
54413	-1.330355	9.127563	176.900970
54414	-1.310098	9.123189	176.908523
54415	-1.288718	9.119127	176.912335
54416	-1.263720	9.115876	176.913107
54417	-1.235738	9.113404	176.907243
54418	-1.203811	9.110467	176.899145
54419	-1.173194	9.107555	176.887463
54420	-1.138203	9.102530	176.871519
54421	-1.105207	9.095881	176.863075
54422	-1.071059	9.088406	176.860020
54423	-1.038616	9.078874	176.862543
54424	-1.006621	9.068465	176.868706
54425	-0.976704	9.061703	176.879088
54426	-0.946543	9.052656	176.895734
54427	-0.915519	9.043507	176.913276
54428	-0.890346	9.040001	176.924241
54429	-0.869914	9.036023	176.932767
54430	-0.853452	9.030861	176.936792
54431	-0.839935	9.028759	176.943199
54432	-0.830580	9.025348	176.953488
54433	-0.822806	9.026805	176.961560
54434	-0.813601	9.033976	176.965319
54435	-0.806588	9.047917	176.958693
54436	-0.802032	9.059360	176.957582
54437	-0.793925	9.071578	176.964698
54438	-0.787048	9.080783	176.970673
54439	-0.779310	9.086660	176.978203
54440	-0.773931	9.092575	176.984007
54441	-0.769678	9.098810	176.989966
54442	-0.768172	9.102305	176.996779
54443	-0.769748	9.108904	177.005065
54444	-0.770274	9.117581	177.014344
54445	-0.773966	9.129058	177.021349
54446	-0.775016	9.142641	177.031097
54447	-0.775319	9.154115	177.042512
54448	-0.774220	9.161955	177.056259
54449	-0.772083	9.167265	177.069753
54450	-0.767830	9.169772	177.077216
54451	-0.764659	9.171731	177.087546
54452	-0.758184	9.178362	177.086822
54453	-0.754237	9.188785	177.087592
54454	-0.748182	9.197714	177.095492
54455	-0.740225	9.210419	177.117612
54456	-0.731330	9.219959	177.143075
54457	-0.722156	9.226996	177.173933
54458	-0.714440	9.232613	177.206599
54459	-0.708006	9.239986	177.230237
54460	-0.701329	9.248512	177.250194
