// General information: 
//  MT Manager version: 2021.4.0 
//  XDA version: 2021.4.0 build 6323 rev 112641 built on 2021-09-28
// Device information: 
//  DeviceId: 00B4387C
//  ProductCode: MTW2-3A7G6
//  Firmware Version: 4.3.4
//  Hardware Version: 1.1.0
// Device settings: 
//  Filter Profile: human(46.1)
//  Option Flags: Orientation Smoother Disabled, Position/Velocity Smoother Disabled, Continuous Zero Rotation Update Disabled, AHS Disabled, ICC Disabled
// Coordinate system: ENU
PacketCounter	Roll	Pitch	Yaw
45896	-0.014046	0.003393	0.010337
45897	-0.014273	0.002465	0.010739
45898	-0.014207	0.003513	0.010835
45899	-0.015901	0.004105	0.011789
45900	-0.014267	0.003497	0.010590
45901	-0.012475	0.004514	0.012697
45902	-0.014783	0.004587	0.011751
45903	-0.013930	0.003089	0.012523
45904	-0.014691	0.003854	0.012570
45905	-0.015230	0.003896	0.013710
45906	-0.015725	0.003816	0.013981
45907	-0.015874	0.002893	0.014411
45908	-0.015892	0.001719	0.013115
45909	-0.014661	0.004410	0.014968
45910	-0.015452	0.002359	0.015639
45911	-0.015149	0.002545	0.016005
45912	-0.014712	0.002623	0.015428
45913	-0.015135	0.002411	0.014693
45914	-0.013766	0.002647	0.013270
45915	-0.012762	0.001026	0.013189
45916	-0.013978	0.000538	0.012515
45917	-0.011998	0.001296	0.012934
45918	-0.013320	0.000933	0.013156
45919	-0.013288	0.001961	0.013328
45920	-0.012397	0.003292	0.013471
45921	-0.013082	0.004056	0.013484
45922	-0.013577	0.003977	0.013754
45923	-0.014907	0.003609	0.013857
45924	-0.013272	0.003001	0.012658
45925	-0.013203	0.003437	0.014792
45926	-0.014389	0.005765	0.013494
45927	-0.015269	0.004290	0.012164
45928	-0.015044	0.004619	0.013378
45929	-0.015125	0.003567	0.012926
45930	-0.014688	0.003646	0.012349
45931	-0.015107	0.003564	0.012589
45932	-0.015124	0.002390	0.011293
45933	-0.013171	0.003147	0.011694
45934	-0.014493	0.002784	0.011915
45935	-0.014853	0.002567	0.011340
45936	-0.014788	0.003616	0.011434
45937	-0.015184	0.003405	0.010720
45938	-0.014959	0.003734	0.011934
45939	-0.014852	0.004778	0.011979
45940	-0.016067	0.004290	0.011304
45941	-0.014298	0.005304	0.013454
45942	-0.015407	0.004691	0.011883
45943	-0.002000	0.000699	0.000208
45944	-0.003201	0.000206	-0.000478
45945	-0.003563	0.000130	-0.000315
45946	-0.003938	-0.000079	-0.000952
45947	-0.005015	0.001650	-0.000332
45948	-0.002912	0.002292	-0.000822
45949	-0.003236	0.001476	0.000589
45950	-0.003877	0.002111	-0.000273
45951	-0.003989	0.001048	-0.000675
45952	-0.003644	0.001248	-0.000368
45953	-0.003171	0.001309	-0.000873
45954	-0.002826	0.001509	-0.000565
45955	-0.001797	-0.000244	-0.001631
45956	-0.003211	-0.000487	-0.000526
45957	-0.001273	0.000259	-0.000015
45958	-0.002899	0.001330	-0.002047
45959	-0.003201	0.000521	-0.000702
45960	-0.003896	0.000687	0.001348
45961	-0.003496	0.000744	0.000786
45962	-0.003871	0.000536	0.000149
45963	-0.004982	0.000039	-0.000527
45964	-0.003093	0.000933	0.000775
45965	-0.004153	0.000306	-0.000797
45966	-0.004022	0.000756	0.001303
45967	-0.003990	-0.000431	0.000005
45968	-0.003645	-0.000231	0.000312
45969	-0.003593	0.000197	0.002490
45970	-0.003968	-0.000012	0.001853
45971	-0.002095	-0.001341	0.001698
45972	-0.003057	-0.000331	0.003523
45973	-0.006484	0.000418	0.003183
45974	-0.004940	-0.000067	0.002869
45975	-0.005406	-0.000153	0.003021
45976	-0.004955	-0.000078	0.002433
45977	-0.005366	-0.000304	0.001848
45978	-0.006407	-0.001516	0.002281
45979	-0.006838	-0.001607	0.002584
45980	-0.006840	-0.002785	0.001275
45981	-0.006041	-0.001343	0.002341
45982	-0.005696	-0.001143	0.002649
45983	-0.004013	-0.001763	0.001484
45984	-0.004602	-0.001722	0.002638
45985	-0.004833	-0.002664	0.003122
45986	-0.004941	-0.003717	0.002709
45987	-0.003759	-0.003245	0.003124
45988	-0.005492	-0.002049	0.001987
45989	-0.006320	-0.001180	0.003020
45990	-0.004777	-0.001664	0.002706
45991	-0.003633	-0.001186	0.002945
45992	-0.003289	-0.000986	0.003253
45993	-0.003282	0.000040	0.003336
45994	-0.002938	0.000241	0.003643
45995	-0.001434	-0.000263	0.003378
45996	-0.000531	0.001067	0.003510
45997	-0.000843	0.000251	0.004910
45998	-0.001484	0.000887	0.004047
45999	-0.001360	0.001790	0.003234
46000	-0.000642	0.001021	0.002870
46001	-0.001150	0.000924	0.003109
46002	0.000286	0.000565	0.003691
46003	0.000865	0.002720	0.003628
46004	0.000117	0.003480	0.003661
46005	0.000534	0.000730	0.003639
46006	-0.000559	0.000112	0.002056
46007	-0.000878	0.002115	0.002792
46008	-0.000534	0.002315	0.003099
46009	-0.000088	0.002379	0.002513
46010	0.000363	0.002455	0.001924
46011	0.000057	0.001648	0.003238
46012	-0.000476	0.002159	0.001478
46013	0.001518	0.002915	0.001917
46014	0.002610	0.001178	0.000882
46015	0.002601	0.002337	0.001879
46016	0.002227	0.002129	0.001240
46017	0.002851	0.001480	0.001702
46018	0.003303	0.001556	0.001113
46019	0.001636	0.002137	0.002137
46020	0.004273	0.001094	0.002098
46021	0.001236	0.000135	0.002252
46022	0.001580	0.000335	0.002559
46023	0.001213	0.000104	0.002105
46024	0.002276	0.000715	0.003358
46025	0.002723	0.000781	0.002737
46026	0.002908	0.001701	0.001923
46027	0.002352	0.001594	0.002245
46028	0.001685	-0.000588	0.002007
46029	0.001048	0.000032	0.001240
46030	0.001392	0.000233	0.001547
46031	0.000797	0.000863	0.000661
46032	0.001141	0.001064	0.000968
46033	0.000712	0.000980	0.001139
46034	0.000897	0.001901	0.000325
46035	0.002439	0.001536	0.000971
46036	-0.000412	0.000473	0.000182
46037	0.001611	0.001234	0.000605
46038	0.000304	0.000865	0.000812
46039	0.001723	0.000496	0.001372
46040	0.001457	0.000162	-0.000163
46041	0.001942	0.000232	-0.000764
46042	0.001193	0.000993	-0.000733
46043	0.002384	0.001473	-0.000412
46044	0.001635	0.002233	-0.000381
46045	0.000486	0.001594	-0.001905
46046	0.002030	0.001112	-0.002219
46047	0.000861	0.002826	-0.001521
46048	0.002030	0.003312	-0.001164
46049	0.001893	0.002247	-0.001626
46050	0.002236	0.002448	-0.001319
46051	0.000900	0.002070	-0.001198
46052	0.003003	0.002717	-0.001687
46053	0.002262	0.000658	-0.001139
46054	0.003806	0.000176	-0.001453
46055	0.002513	0.002614	-0.001896
46056	0.001656	0.003499	-0.000969
46057	0.002008	0.003694	-0.000725
46058	0.001367	0.004330	-0.001590
46059	-0.000062	0.004207	0.000428
46060	0.002041	0.004855	-0.000061
46061	0.000679	0.004473	0.000082
46062	0.001023	0.004675	0.000389
46063	0.000641	0.004446	-0.000118
46064	0.000985	0.004648	0.000188
46065	0.002102	0.005250	0.001475
46066	0.002445	0.005452	0.001782
46067	0.003905	0.005081	0.002408
46068	0.003156	0.005842	0.002438
46069	0.002891	0.005028	0.003880
46070	0.002551	0.002472	0.000953
46071	0.002508	0.003626	0.001962
46072	0.002693	0.004548	0.001147
46073	0.002098	0.005178	0.000256
46074	0.003267	0.005666	0.000613
46075	0.004113	0.004760	-0.000599
46076	0.003147	0.005770	0.001223
46077	0.003069	0.004711	0.000768
46078	0.001444	0.005782	-0.001270
46079	0.001786	0.005837	-0.001865
46080	0.001487	0.007852	-0.001114
46081	0.001504	0.006664	-0.002396
46082	0.002514	0.007871	-0.003161
46083	0.001649	0.008741	-0.002201
46084	0.001651	0.007564	-0.003512
46085	0.000993	0.008183	-0.004340
46086	0.001336	0.008385	-0.004034
46087	0.002204	0.006892	-0.003397
46088	0.001831	0.006684	-0.004037
46089	0.001704	0.005621	-0.004499
46090	0.003140	0.005265	-0.003916
46091	0.003998	0.004370	-0.005251
46092	0.003032	0.005379	-0.003429
46093	0.001964	0.004752	-0.005030
46094	0.001556	0.006891	-0.003384
46095	0.001341	0.005812	-0.003779
46096	0.000859	0.005729	-0.003524
46097	0.000948	0.006756	-0.003321
46098	0.002117	0.007244	-0.002964
46099	0.002921	0.006477	-0.003366
46100	0.002839	0.008243	-0.004408
46101	0.002478	0.007419	-0.002984
46102	0.002604	0.007870	-0.000886
46103	0.002754	0.005957	-0.001041
46104	0.004190	0.005601	-0.000458
46105	0.004021	0.007485	-0.000641
46106	0.003272	0.008245	-0.000612
46107	0.002193	0.009836	-0.000868
46108	0.004164	0.007791	0.000167
46109	0.004444	0.007975	0.000474
46110	0.003354	0.007357	-0.001114
46111	0.004340	0.007946	0.000174
46112	0.003966	0.007738	-0.000466
46113	0.004096	0.008647	-0.001347
46114	0.003614	0.008563	-0.001092
46115	0.004008	0.008627	-0.001750
46116	0.002591	0.008382	-0.000650
46117	0.003222	0.008327	-0.002110
46118	0.003565	0.008530	-0.001804
46119	0.003188	0.008311	-0.002475
46120	0.003264	0.009357	-0.002395
46121	0.002709	0.009397	-0.001350
46122	0.002604	0.008345	-0.001765
46123	0.003471	0.007314	-0.003942
46124	0.003705	0.007641	-0.002740
46125	0.003024	0.008264	-0.003642
46126	0.002700	0.007460	-0.002265
46127	0.002895	0.008370	-0.003048
46128	0.003347	0.008448	-0.003639
46129	0.003881	0.007781	-0.003036
46130	0.003399	0.007697	-0.002781
46131	0.003475	0.008731	-0.002703
46132	0.003709	0.009058	-0.001501
46133	0.004021	0.009237	-0.001087
46134	0.004364	0.009440	-0.000781
46135	0.004960	0.008782	-0.000242
46136	0.005412	0.008861	-0.000832
46137	0.005729	0.009043	-0.000449
46138	0.006788	0.009656	0.000804
46139	0.006162	0.010280	-0.000036
46140	0.005948	0.009352	0.000445
46141	0.006056	0.009789	0.002558
46142	0.007066	0.010998	0.001792
46143	-0.001151	0.003705	-0.000406
46144	-0.001750	0.003739	0.000744
46145	-0.002108	0.003651	0.000988
46146	-0.002755	0.004280	0.000119
46147	-0.002001	0.003497	-0.000210
46148	-0.002310	0.005506	0.000538
46149	-0.002907	0.006128	-0.000296
46150	-0.002571	0.006324	0.000009
46151	-0.003477	0.004833	-0.001301
46152	-0.004792	0.004456	-0.001099
46153	-0.004320	0.004514	-0.001610
46154	-0.003874	0.004586	-0.002201
46155	-0.003670	0.005494	-0.002998
46156	-0.003891	0.004559	-0.002517
46157	-0.005481	0.004422	-0.000645
46158	-0.004259	0.005376	-0.003204
46159	-0.003764	0.005440	-0.003797
46160	-0.003964	0.007325	-0.003946
46161	-0.003635	0.007511	-0.003666
46162	-0.003300	0.007707	-0.003361
46163	-0.003886	0.008330	-0.004196
46164	-0.003660	0.008651	-0.002996
46165	-0.004355	0.009263	-0.003836
46166	-0.004238	0.009707	-0.001739
46167	-0.005134	0.008221	-0.003122
46168	-0.005781	0.008851	-0.003991
46169	-0.006136	0.008627	-0.004616
46170	-0.006515	0.008412	-0.005259
46171	-0.007261	0.008560	-0.003283
46172	-0.006816	0.008632	-0.003874
46173	-0.006192	0.008580	-0.005426
46174	-0.006523	0.007769	-0.004050
46175	-0.006405	0.008809	-0.004017
46176	-0.006894	0.008719	-0.003763
46177	-0.006045	0.007214	-0.003024
46178	-0.006534	0.007124	-0.002771
46179	-0.005829	0.006345	-0.003221
46180	-0.006587	0.007099	-0.003194
46181	-0.006108	0.007029	-0.004700
46182	-0.005773	0.007225	-0.004396
46183	-0.007097	0.006840	-0.004249
46184	-0.006762	0.007036	-0.003944
46185	-0.007085	0.006071	-0.003349
46186	-0.006908	0.006988	-0.004168
46187	-0.007644	0.005381	-0.006410
46188	-0.008622	0.006383	-0.004592
46189	-0.008017	0.006324	-0.006069
46190	-0.008128	0.005266	-0.006486
46191	-0.007574	0.007419	-0.006569
46192	-0.007348	0.007740	-0.005368
46193	-0.007824	0.007636	-0.005061
46194	-0.007110	0.006864	-0.005426
46195	-0.007002	0.007758	-0.006175
46196	-0.005574	0.007397	-0.005592
46197	-0.005729	0.009279	-0.005797
46198	-0.005304	0.006532	-0.005759
46199	-0.004960	0.006719	-0.005452
46200	-0.005449	0.006629	-0.005200
46201	-0.005529	0.005561	-0.005603
46202	-0.006733	0.005059	-0.006298
46203	-0.006117	0.004263	-0.006607
46204	-0.006874	0.005017	-0.006582
46205	-0.006990	0.003948	-0.007020
46206	-0.006525	0.006840	-0.008242
46207	-0.008389	0.005325	-0.007923
46208	-0.008988	0.005359	-0.006775
46209	-0.008552	0.005417	-0.007324
46210	-0.007838	0.004646	-0.007689
46211	-0.008181	0.003824	-0.006333
46212	-0.007515	0.003649	-0.008718
46213	-0.008368	0.004518	-0.007798
46214	-0.008479	0.003459	-0.008215
46215	-0.008269	0.003771	-0.007061
46216	-0.007555	0.003000	-0.007426
46217	-0.006934	0.002944	-0.008912
46218	-0.007424	0.002854	-0.008660
46219	-0.007039	0.003044	-0.008345
46220	-0.006593	0.003117	-0.008937
46221	-0.006678	0.002049	-0.009368
46222	-0.005897	0.003501	-0.008343
46223	-0.007215	0.003714	-0.010180
46224	-0.007704	0.003624	-0.009928
46225	-0.007364	0.003810	-0.009623
46226	-0.007029	0.004007	-0.009319
46227	-0.006651	0.004202	-0.009095
46228	-0.007409	0.004956	-0.009071
46229	-0.007091	0.005133	-0.008662
46230	-0.006219	0.003641	-0.007903
46231	-0.006360	0.002568	-0.008334
46232	-0.006025	0.002765	-0.008030
46233	-0.006470	0.002675	-0.007892
46234	-0.006135	0.002872	-0.007589
46235	-0.006064	0.003905	-0.007539
46236	-0.005748	0.001282	-0.006605
46237	-0.006430	0.001892	-0.007389
46238	-0.006761	0.001082	-0.006013
46239	-0.005756	0.001668	-0.004672
46240	-0.006246	0.001578	-0.004420
46241	-0.006656	0.001346	-0.005012
46242	-0.006053	0.000699	-0.004481
46243	-0.006257	0.002576	-0.004692
46244	-0.007683	0.002323	-0.003596
46245	-0.005571	0.002823	-0.004923
46246	-0.003271	0.002155	-0.002268
46247	-0.003564	0.001805	-0.003854
46248	-0.004878	0.001427	-0.003655
46249	-0.004806	0.002465	-0.003665
46250	-0.005185	0.002251	-0.004310
46251	-0.005070	0.003296	-0.004376
46252	-0.005291	0.002362	-0.003897
46253	-0.005898	0.002987	-0.004817
46254	-0.006008	0.001929	-0.005235
46255	-0.005144	0.003250	-0.005182
46256	-0.004540	0.002603	-0.004651
46257	-0.004808	0.001649	-0.004150
46258	-0.005567	0.002403	-0.004126
46259	-0.005963	0.002183	-0.004882
46260	-0.006722	0.002937	-0.004858
46261	-0.006782	0.001872	-0.005267
46262	-0.008096	0.001494	-0.005069
46263	-0.007004	0.001957	-0.004673
46264	-0.007272	0.001619	-0.006214
46265	-0.007413	0.000543	-0.006579
46266	-0.007078	0.000740	-0.006275
46267	-0.007801	0.001487	-0.006267
46268	-0.007355	0.001560	-0.006860
46269	-0.007480	0.000492	-0.007324
46270	-0.007812	-0.000318	-0.005949
46271	-0.007337	-0.000253	-0.006556
46272	-0.008095	0.000501	-0.006533
46273	-0.007733	0.000688	-0.006207
46274	-0.007287	0.000762	-0.006800
46275	-0.007441	-0.000316	-0.007155
46276	-0.007755	0.001695	-0.006411
46277	-0.007075	0.000448	-0.003928
46278	-0.006073	0.001654	-0.004696
46279	-0.007223	0.001152	-0.005477
46280	-0.005952	0.001514	-0.006018
46281	-0.006465	0.001411	-0.005776
46282	-0.006463	0.000229	-0.007091
46283	-0.007306	0.001096	-0.006151
46284	-0.007304	-0.000086	-0.007465
46285	-0.007988	0.000527	-0.008311
46286	-0.007876	0.000973	-0.006215
46287	-0.006919	-0.000523	-0.005432
46288	-0.006965	0.000643	-0.004460
46289	-0.006459	0.000707	-0.004985
46290	-0.006282	0.001625	-0.005806
46291	-0.007513	0.001244	-0.005611
46292	-0.007290	0.001566	-0.004412
46293	-0.006651	0.001516	-0.005942
46294	-0.006983	0.000705	-0.004567
46295	-0.005409	0.002442	-0.003627
46296	-0.005898	0.002352	-0.003377
46297	-0.006428	0.002392	-0.002387
46298	-0.005982	0.002466	-0.002981
46299	-0.005122	0.001565	-0.004251
46300	-0.004676	0.001640	-0.004845
46301	-0.006140	0.004190	-0.004412
46302	-0.006029	0.004636	-0.002316
46303	-0.006174	0.003560	-0.002708
46304	-0.005570	0.002914	-0.002176
46305	-0.005349	0.003227	-0.001034
46306	-0.004903	0.003302	-0.001627
46307	-0.005880	0.004892	-0.001824
46308	-0.005434	0.004967	-0.002418
46309	-0.004211	0.004710	-0.000915
46310	-0.005302	0.004084	-0.002511
46311	-0.004340	0.004810	-0.000366
46312	-0.004829	0.004720	-0.000116
46313	-0.004342	0.004652	-0.001595
46314	-0.004831	0.004562	-0.001345
46315	-0.004791	0.005581	-0.001159
46316	-0.004345	0.005656	-0.001753
46317	-0.003226	0.003909	-0.002796
46318	-0.003559	0.003099	-0.001422
46319	-0.003115	0.003159	-0.002013
46320	-0.002781	0.003358	-0.001710
46321	-0.002577	0.003673	-0.000624
46322	-0.003066	0.003583	-0.000374
46323	-0.002427	0.002932	0.000114
46324	-0.000332	0.003584	-0.000374
46325	-0.001784	0.003183	-0.000228
46326	-0.001449	0.003382	0.000075
46327	-0.001038	0.003442	-0.000530
46328	-0.002352	0.003063	-0.000333
46329	-0.002024	0.003248	-0.000022
46330	-0.002514	0.003158	0.000227
46331	-0.002962	0.003052	0.000587
46332	-0.003183	0.002118	0.001065
46333	-0.003856	0.002739	0.000115
46334	-0.003522	0.002938	0.000417
46335	-0.002977	0.002282	0.000823
46336	-0.002912	0.003326	0.000898
46337	-0.003313	0.003098	0.000240
46338	-0.002979	0.003297	0.000543
46339	-0.002376	0.002509	0.000115
46340	-0.003803	0.002254	0.001208
46341	-0.004485	0.002863	0.000384
46342	-0.004914	0.004998	0.002022
46343	-0.002095	0.002843	-0.000411
46344	-0.002851	0.003596	-0.000392
46345	-0.002757	0.004641	-0.000513
46346	-0.003356	0.004673	0.000631
46347	-0.002518	0.003776	-0.000753
46348	-0.001626	0.005106	-0.000627
46349	-0.002014	0.004288	0.000564
46350	-0.002883	0.005164	0.001479
46351	-0.003230	0.004811	-0.000173
46352	-0.003162	0.005853	-0.000101
46353	-0.003668	0.005753	0.000068
46354	-0.003330	0.005950	0.000369
46355	-0.004783	0.006290	-0.000716
46356	-0.002909	0.007189	0.000588
46357	-0.003257	0.006373	0.001826
46358	-0.003901	0.007002	0.000948
46359	-0.004186	0.006659	-0.000728
46360	-0.003579	0.006012	-0.000199
46361	-0.004079	0.005926	-0.000214
46362	-0.003741	0.006124	0.000086
46363	-0.004695	0.004773	-0.000543
46364	-0.004913	0.003838	-0.000067
46365	-0.004080	0.005026	-0.000984
46366	-0.002762	0.004792	0.000495
46367	-0.003127	0.004585	-0.000422
46368	-0.003232	0.003526	-0.000843
46369	-0.002890	0.003728	-0.000785
46370	-0.002283	0.003082	-0.000256
46371	-0.001871	0.003155	-0.001069
46372	-0.002627	0.003908	-0.001051
46373	-0.004002	0.003520	-0.001029
46374	-0.002458	0.003039	-0.001343
46375	-0.002620	0.004204	-0.000700
46376	-0.003435	0.002732	-0.002072
46377	-0.003049	0.002662	-0.003664
46378	-0.003423	0.002447	-0.004314
46379	-0.002160	0.002810	-0.005054
46380	-0.003358	0.002306	-0.005758
46381	-0.004354	0.003171	-0.005032
46382	-0.002810	0.002691	-0.005346
46383	-0.003400	0.002591	-0.005299
46384	-0.003176	0.002913	-0.004102
46385	-0.003776	0.002809	-0.003982
46386	-0.003326	0.002883	-0.004579
46387	-0.003641	0.001944	-0.004371
46388	-0.001543	0.002597	-0.004861
46389	-0.001806	0.001518	-0.005388
46390	-0.002891	0.000890	-0.006989
46391	-0.003958	0.001746	-0.006262
46392	-0.003621	0.001944	-0.005963
46393	-0.004068	0.001723	-0.006791
46394	-0.004555	0.001632	-0.006545
46395	-0.005710	0.000996	-0.008335
46396	-0.003839	0.001897	-0.007032
46397	-0.004969	0.001261	-0.008773
46398	-0.004633	0.001459	-0.008474
46399	-0.004370	0.001652	-0.008376
46400	-0.005014	0.002282	-0.009257
46401	-0.005243	0.001345	-0.008964
46402	-0.005347	0.000286	-0.009387
46403	-0.006243	0.001155	-0.008625
46404	-0.004146	0.001809	-0.009115
46405	-0.005223	0.001176	-0.010814
46406	-0.005113	0.001621	-0.008722
46407	-0.004439	0.000841	-0.009190
46408	-0.003989	0.000916	-0.009788
46409	-0.003912	0.001944	-0.009697
46410	-0.004017	0.000885	-0.010120
46411	-0.004714	0.001618	-0.009936
46412	-0.004491	0.001940	-0.008740
46413	-0.005453	0.001304	-0.010233
46414	-0.005343	0.001749	-0.008140
46415	-0.005688	0.001511	-0.008601
46416	-0.005352	0.001710	-0.008302
46417	-0.004750	0.001033	-0.007549
46418	-0.004684	0.002076	-0.007479
46419	-0.002253	0.001870	-0.007606
46420	-0.003010	0.002623	-0.007590
46421	-0.003211	0.001789	-0.005925
46422	-0.004295	0.001161	-0.007528
46423	-0.004795	0.001165	-0.006028
46424	-0.005552	0.001918	-0.006013
46425	-0.004589	0.003231	-0.005705
46426	-0.005346	0.003984	-0.005690
46427	-0.004465	0.003073	-0.006828
46428	-0.003801	0.004653	-0.004910
46429	-0.004812	0.004010	-0.006384
46430	-0.003495	0.003777	-0.004905
46431	-0.004129	0.004384	-0.005641
46432	-0.003522	0.003738	-0.005113
46433	-0.004689	0.003213	-0.005672
46434	-0.003415	0.003578	-0.006216
46435	-0.001294	0.004348	-0.005691
46436	-0.002492	0.003844	-0.006397
46437	-0.001786	0.002586	-0.003745
46438	-0.002657	0.003462	-0.002832
46439	-0.002880	0.003107	-0.004281
46440	-0.002983	0.002048	-0.004703
46441	-0.003541	0.002062	-0.003439
46442	-0.003090	0.002138	-0.004037
46443	-0.000926	0.002781	-0.004468
46444	-0.001911	0.003781	-0.002659
46445	-0.002932	0.003140	-0.004176
46446	-0.002156	0.004596	-0.003155
46447	-0.001656	0.004658	-0.003690
46448	-0.001319	0.004857	-0.003391
46449	-0.001333	0.006008	-0.002350
46450	-0.001934	0.006040	-0.001209
46451	-0.003332	0.005766	-0.000056
46452	-0.001775	0.008110	-0.001004
46453	-0.001284	0.005349	-0.000883
46454	-0.001928	0.005979	-0.001765
46455	-0.001561	0.006164	-0.001434
46456	-0.002048	0.006073	-0.001189
46457	-0.001309	0.005291	-0.001525
46458	-0.002067	0.006044	-0.001510
46459	-0.000494	0.005554	-0.001822
46460	-0.001150	0.003361	-0.002069
46461	-0.002003	0.004224	-0.001142
46462	-0.000458	0.003746	-0.001456
46463	-0.000368	0.004776	-0.001358
46464	-0.000302	0.005820	-0.001289
46465	0.000047	0.006004	-0.000959
46466	-0.000170	0.005068	-0.000485
46467	-0.001470	0.004671	-0.000252
46468	-0.001019	0.004747	-0.000850
46469	-0.002312	0.004351	-0.000633
46470	-0.000767	0.003873	-0.000946
46471	-0.001261	0.003769	-0.000717
46472	-0.001310	0.004935	0.000249
46473	-0.001510	0.003985	0.000755
46474	-0.002154	0.004615	-0.000127
46475	-0.000611	0.004123	-0.000424
46476	-0.001369	0.004876	-0.000409
46477	-0.001460	0.003803	-0.000804
46478	-0.002332	0.004679	0.000108
46479	-0.001597	0.003899	-0.000261
46480	-0.002240	0.004529	-0.001143
46481	-0.001910	0.004714	-0.000847
46482	-0.001303	0.004069	-0.000318
46483	-0.000193	0.002319	-0.001341
46484	-0.000951	0.003072	-0.001327
46485	-0.002251	0.002677	-0.001136
46486	-0.001915	0.002877	-0.000837
46487	-0.001299	0.002220	-0.000322
46488	-0.001515	0.001285	0.000152
46489	-0.001325	0.002193	-0.000685
46490	-0.001812	0.002102	-0.000441
46491	-0.003394	0.002550	-0.000479
46492	-0.001525	0.003454	0.000826
46493	-0.002606	0.002812	-0.000782
46494	-0.001290	0.002581	0.000698
46495	-0.001099	0.003490	-0.000137
46496	-0.001857	0.004243	-0.000123
46497	-0.001514	0.004430	0.000166
46498	-0.002272	0.005183	0.000180
46499	-0.002642	0.004955	-0.000476
46500	-0.000773	0.005859	0.000829
46501	-0.000871	0.004787	0.000403
46502	-0.001515	0.005418	-0.000480
46503	-0.001771	0.005068	-0.002045
46504	-0.000455	0.004837	-0.000565
46505	-0.001640	0.004319	-0.001274
46506	-0.001189	0.004396	-0.001873
46507	0.000085	0.004749	-0.002417
46508	-0.000902	0.005748	-0.000609
46509	-0.001437	0.003418	-0.001757
46510	-0.001101	0.003618	-0.001458
46511	-0.001453	0.003393	-0.002125
46512	-0.000575	0.001904	-0.001366
46513	0.000601	0.002381	-0.001000
46514	-0.000042	0.003011	-0.001884
46515	-0.000143	0.001939	-0.002312
46516	0.001955	0.002598	-0.002801
46517	0.001624	0.001773	-0.001446
46518	0.000981	0.002403	-0.002330
46519	0.002414	0.002037	-0.001763
46520	0.002479	0.003081	-0.001694
46521	0.002824	0.003268	-0.001411
46522	0.002337	0.003177	-0.001167
46523	0.004001	0.002565	-0.002394
46524	0.002263	0.003749	-0.003563
46525	0.004024	0.004764	-0.001377
46526	0.002943	0.004136	-0.002983
46527	0.002566	0.003909	-0.003652
46528	0.002194	0.003695	-0.004306
46529	0.002141	0.004848	-0.003345
46530	0.002321	0.005769	-0.004174
46531	0.001565	0.006509	-0.004178
46532	0.003663	0.007169	-0.004666
46533	0.003133	0.004840	-0.005826
46534	0.002802	0.004027	-0.004456
46535	0.003250	0.004091	-0.005073
46536	0.002763	0.004000	-0.004830
46537	0.002011	0.004740	-0.004838
46538	0.002618	0.004096	-0.004310
46539	0.002958	0.004284	-0.004031
46540	0.001762	0.003779	-0.004740
46541	0.001125	0.004397	-0.005655
46542	0.002440	0.004167	-0.004175
46543	-0.003194	0.003554	-0.002245
46544	-0.002707	0.003032	-0.000818
46545	-0.002973	0.002681	-0.002403
46546	-0.002643	0.002880	-0.002103
46547	-0.003527	0.003742	-0.001223
46548	-0.001434	0.004401	-0.001710
46549	-0.001548	0.003329	-0.002178
46550	-0.002197	0.003959	-0.003062
46551	-0.002834	0.004574	-0.003946
46552	-0.003326	0.004482	-0.003701
46553	-0.003421	0.003409	-0.004124
46554	-0.002975	0.003486	-0.004722
46555	-0.002246	0.002705	-0.005090
46556	-0.003446	0.002198	-0.005798
46557	-0.002437	0.003397	-0.006571
46558	-0.002774	0.002583	-0.005200
46559	-0.002432	0.002769	-0.004901
46560	-0.002809	0.002554	-0.005554
46561	-0.003019	0.001604	-0.005080
46562	-0.002804	0.001926	-0.003884
46563	-0.002075	0.001145	-0.004251
46564	-0.001629	0.001222	-0.004849
46565	-0.002266	0.001838	-0.005733
46566	-0.003146	0.002712	-0.004823
46567	-0.002688	0.002776	-0.005421
46568	-0.003181	0.002683	-0.005177
46569	-0.003276	0.001611	-0.005601
46570	-0.003924	0.002240	-0.006485
46571	-0.003863	0.000446	-0.005780
46572	-0.003416	0.000523	-0.006378
46573	-0.004285	0.001384	-0.005469
46574	-0.004391	0.000325	-0.005891
46575	-0.002955	-0.000042	-0.005306
46576	-0.004270	-0.000426	-0.005118
46577	-0.005139	0.000435	-0.004209
46578	-0.004537	-0.000209	-0.003679
46579	-0.005446	0.001251	-0.004794
46580	-0.004457	-0.000361	-0.004931
46581	-0.004427	0.001268	-0.006888
46582	-0.003554	-0.000221	-0.006127
46583	-0.005014	0.000103	-0.007068
46584	-0.004684	0.000303	-0.006768
46585	-0.004894	-0.000647	-0.006295
46586	-0.004719	0.000274	-0.007123
46587	-0.003942	0.001719	-0.006103
46588	-0.003496	0.001796	-0.006701
46589	-0.003155	0.001982	-0.006402
46590	-0.003260	0.000923	-0.006825
46591	-0.002755	0.003212	-0.006036
46592	-0.003519	0.003964	-0.006023
46593	-0.004273	0.004703	-0.006012
46594	-0.003826	0.004780	-0.006610
46595	-0.005403	0.005227	-0.006654
46596	-0.005624	0.004290	-0.006180
46597	-0.006261	0.004906	-0.007065
46598	-0.006366	0.003847	-0.007488
46599	-0.004775	0.002760	-0.005775
46600	-0.005539	0.003512	-0.005763
46601	-0.005082	0.003576	-0.006361
46602	-0.005303	0.002640	-0.005887
46603	-0.005234	0.003670	-0.005820
46604	-0.005223	0.002489	-0.007140
46605	-0.004882	0.002675	-0.006842
46606	-0.005762	0.003550	-0.005933
46607	-0.006311	0.001218	-0.007099
46608	-0.006803	0.001126	-0.006856
46609	-0.006471	0.001312	-0.006564
46610	-0.005752	0.000545	-0.006931
46611	-0.006952	0.000024	-0.007655
46612	-0.006506	0.000102	-0.008253
46613	-0.008348	0.001393	-0.008528
46614	-0.008018	0.001593	-0.008229
46615	-0.007680	0.001779	-0.007927
46616	-0.007350	0.001979	-0.007628
46617	-0.008931	0.002425	-0.007676
46618	-0.008212	0.001659	-0.008043
46619	-0.008298	0.000587	-0.008469
46620	-0.008287	-0.000594	-0.009790
46621	-0.008488	0.001281	-0.009953
46622	-0.009804	0.000897	-0.009767
46623	-0.009339	0.000962	-0.010363
46624	-0.009560	0.000026	-0.009889
46625	-0.009227	0.000210	-0.009574
46626	-0.009836	0.000241	-0.008434
46627	-0.010320	0.000135	-0.008184
46628	-0.009329	-0.001476	-0.008319
46629	-0.009531	0.000398	-0.008470
46630	-0.009091	-0.002349	-0.008430
46631	-0.009136	-0.001196	-0.007454
46632	-0.008806	-0.000996	-0.007155
46633	-0.009012	-0.001947	-0.006667
46634	-0.008410	-0.002590	-0.006136
46635	-0.008493	-0.000838	-0.007190
46636	-0.008046	-0.000760	-0.007788
46637	-0.008907	0.000101	-0.006874
46638	-0.007910	0.001316	-0.007647
46639	-0.008117	0.000366	-0.007170
46640	-0.008493	0.000152	-0.007825
46641	-0.008031	0.000216	-0.008421
46642	-0.008252	-0.000720	-0.007947
46643	-0.008846	-0.000703	-0.006808
46644	-0.008833	-0.001884	-0.008129
46645	-0.007826	-0.000684	-0.008896
46646	-0.007729	-0.000238	-0.006803
46647	-0.007818	-0.001310	-0.007224
46648	-0.007760	-0.000265	-0.007157
46649	-0.009217	0.000058	-0.008098
46650	-0.009709	-0.000034	-0.007856
46651	-0.009209	-0.000569	-0.006420
46652	-0.008996	-0.000246	-0.005224
46653	-0.008542	-0.003007	-0.005183
46654	-0.007544	-0.001791	-0.005957
46655	-0.008032	-0.001898	-0.005715
46656	-0.008408	-0.002112	-0.006370
46657	-0.008381	-0.003307	-0.007687
46658	-0.008874	-0.003399	-0.007445
46659	-0.007594	-0.003043	-0.007981
46660	-0.007814	-0.003979	-0.007508
46661	-0.007477	-0.003792	-0.007210
46662	-0.005502	-0.003006	-0.006798
46663	-0.005707	-0.003955	-0.006329
46664	-0.005260	-0.003876	-0.006928
46665	-0.004653	-0.004535	-0.006396
46666	-0.004479	-0.003612	-0.007226
46667	-0.004135	-0.003425	-0.006928
46668	-0.004666	-0.002917	-0.008713
46669	-0.004997	-0.003746	-0.007338
46670	-0.004668	-0.003545	-0.007040
46671	-0.004482	-0.002636	-0.007874
46672	-0.004858	-0.002850	-0.008529
46673	-0.005340	-0.002956	-0.008290
46674	-0.005283	-0.001910	-0.008224
46675	-0.006037	-0.001172	-0.008217
46676	-0.005825	-0.000848	-0.007022
46677	-0.005915	-0.001920	-0.007445
46678	-0.004918	-0.000704	-0.008219
46679	-0.006069	-0.001825	-0.006906
46680	-0.006012	-0.000780	-0.006840
46681	-0.004733	-0.000422	-0.007389
46682	-0.004286	-0.000343	-0.007988
46683	-0.003560	-0.001122	-0.008363
46684	-0.003113	-0.001043	-0.008962
46685	-0.003318	0.000832	-0.009127
46686	-0.002011	0.000605	-0.007643
46687	-0.003358	0.000806	-0.009495
46688	-0.003616	0.000469	-0.011048
46689	-0.004100	0.000363	-0.010809
46690	-0.004593	0.000272	-0.010568
46691	-0.003822	0.001719	-0.009550
46692	-0.003807	0.000538	-0.010872
46693	-0.005114	0.000139	-0.010688
46694	-0.004117	0.001356	-0.011462
46695	-0.004598	0.001250	-0.011225
46696	-0.005246	0.001880	-0.012113
46697	-0.005456	0.000930	-0.011638
46698	-0.005399	0.001975	-0.011572
46699	-0.005612	0.001025	-0.011103
46700	-0.006142	0.001533	-0.012889
46701	-0.005495	0.000277	-0.010343
46702	-0.004498	0.001494	-0.011117
46703	-0.005105	0.001510	-0.009987
46704	-0.004503	0.000868	-0.009457
46705	-0.004868	0.000640	-0.010123
46706	-0.004694	0.001564	-0.010955
46707	-0.004356	0.001752	-0.010664
46708	-0.002696	0.001158	-0.011872
46709	-0.003135	0.003279	-0.010253
46710	-0.002138	0.004497	-0.011028
46711	-0.002352	0.003546	-0.010561
46712	-0.002845	0.003455	-0.010320
46713	-0.003488	0.004071	-0.011220
46714	-0.003708	0.003135	-0.010747
46715	-0.003640	0.004168	-0.010691
46716	-0.003625	0.002988	-0.012012
46717	-0.004263	0.003605	-0.012917
46718	-0.003933	0.003807	-0.012619
46719	-0.004972	0.002563	-0.012210
46720	-0.005465	0.002471	-0.011970
46721	-0.005131	0.002659	-0.011685
46722	-0.004252	0.003999	-0.011562
46723	-0.004034	0.004309	-0.010378
46724	-0.003822	0.004633	-0.009183
46725	-0.003797	0.006265	-0.011154
46726	-0.002922	0.004778	-0.010392
46727	-0.003405	0.004673	-0.010161
46728	-0.002958	0.004753	-0.010761
46729	-0.002619	0.004941	-0.010476
46730	-0.002994	0.004727	-0.011133
46731	-0.003209	0.003777	-0.010670
46732	-0.002762	0.003857	-0.011270
46733	-0.002666	0.004289	-0.009190
46734	-0.003745	0.003659	-0.010802
46735	-0.002976	0.005107	-0.009791
46736	-0.002529	0.005187	-0.010391
46737	-0.001802	0.004409	-0.010769
46738	-0.002140	0.003595	-0.009399
46739	-0.002625	0.003489	-0.009168
46740	-0.002178	0.003569	-0.009768
46741	-0.002508	0.002741	-0.008402
46742	-0.001511	0.003959	-0.009177
46743	-0.001436	0.002030	-0.003152
46744	-0.001380	0.003075	-0.003081
46745	-0.001043	0.003263	-0.002791
46746	-0.000441	0.002620	-0.002255
46747	-0.000097	0.002808	-0.001951
46748	0.000350	0.002888	-0.002545
46749	0.001345	0.004091	-0.003331
46750	0.000697	0.004721	-0.004215
46751	0.001069	0.004308	-0.001893
46752	0.001125	0.005354	-0.001822
46753	0.000638	0.005247	-0.001589
46754	0.000967	0.005449	-0.001285
46755	0.001143	0.003532	-0.001479
46756	0.001591	0.003612	-0.002073
46757	0.001930	0.003800	-0.001778
46758	0.002926	0.005018	-0.002547
46759	0.001612	0.004617	-0.002370
46760	0.001941	0.004818	-0.002067
46761	0.001696	0.004468	-0.003619
46762	0.001202	0.004376	-0.003374
46763	0.001654	0.004441	-0.003992
46764	0.001434	0.003505	-0.003514
46765	0.001767	0.003692	-0.003218
46766	0.002764	0.004910	-0.003987
46767	0.001608	0.003787	-0.002675
46768	0.002174	0.003745	-0.004167
46769	0.001800	0.003515	-0.004834
46770	0.003224	0.003167	-0.004241
46771	0.002895	0.005165	-0.003510
46772	0.002912	0.003985	-0.004827
46773	0.002041	0.004845	-0.003919
46774	0.001939	0.003786	-0.004338
46775	0.002393	0.003851	-0.004939
46776	0.001627	0.004603	-0.004927
46777	0.001964	0.004791	-0.004634
46778	0.000494	0.005127	-0.005577
46779	0.000321	0.006403	-0.003716
46780	0.000769	0.006483	-0.004310
46781	0.001225	0.003722	-0.004268
46782	0.000577	0.004352	-0.005153
46783	0.000756	0.002435	-0.005348
46784	0.001203	0.002515	-0.005943
46785	0.001422	0.002825	-0.004747
46786	0.001751	0.003027	-0.004444
46787	0.001266	0.002921	-0.004194
46788	0.000500	0.003673	-0.004182
46789	0.002483	0.004449	-0.003774
46790	0.003049	0.004408	-0.005266
46791	0.002993	0.005562	-0.004299
46792	0.003714	0.004799	-0.004661
46793	0.004723	0.006004	-0.005441
46794	0.005873	0.006501	-0.005080
46795	0.006722	0.005601	-0.006346
46796	0.005717	0.006597	-0.004539
46797	0.004649	0.005952	-0.006149
46798	0.004310	0.005137	-0.004774
46799	0.004375	0.006170	-0.004718
46800	0.003881	0.006078	-0.004474
46801	0.003520	0.005850	-0.005133
46802	0.003849	0.006053	-0.004830
46803	0.003248	0.006067	-0.003691
46804	0.003266	0.004888	-0.005009
46805	0.005249	0.005665	-0.004597
46806	0.004054	0.007984	-0.005949
46807	0.003572	0.007877	-0.005707
46808	0.003900	0.008080	-0.005404
46809	0.004241	0.008269	-0.005121
46810	0.003319	0.006916	-0.005600
46811	0.002869	0.006209	-0.003343
46812	0.004531	0.005619	-0.004545
46813	0.003107	0.008168	-0.004127
46814	0.004651	0.007700	-0.004431
46815	0.003901	0.008438	-0.004425
46816	0.004623	0.007675	-0.004787
46817	0.004683	0.008707	-0.004734
46818	0.005250	0.008666	-0.006227
46819	0.006683	0.008305	-0.005637
46820	0.005916	0.009058	-0.005626
46821	0.005817	0.007985	-0.006066
46822	0.004740	0.007355	-0.007675
46823	0.005499	0.008803	-0.006665
46824	0.006101	0.008162	-0.006129
46825	0.006002	0.007088	-0.006561
46826	0.006604	0.006447	-0.006025
46827	0.006823	0.006758	-0.004845
46828	0.005509	0.009198	-0.005300
46829	0.005413	0.008126	-0.005742
46830	0.004337	0.007496	-0.007352
46831	0.004395	0.008528	-0.007292
46832	0.004295	0.007470	-0.007712
46833	0.004631	0.007659	-0.007427
46834	0.004138	0.007567	-0.007184
46835	0.003255	0.008427	-0.006292
46836	0.004679	0.008081	-0.005699
46837	0.004036	0.008697	-0.006607
46838	0.004793	0.010161	-0.005582
46839	0.004701	0.009089	-0.006018
46840	0.004756	0.010136	-0.005949
46841	0.004002	0.010876	-0.005957
46842	0.004450	0.010957	-0.006553
46843	0.002079	0.010504	-0.004650
46844	0.002099	0.009325	-0.005968
46845	0.003107	0.010531	-0.006747
46846	0.002768	0.009717	-0.005372
46847	0.002831	0.010750	-0.005317
46848	0.002731	0.009693	-0.005738
46849	0.002523	0.008742	-0.005265
46850	0.002852	0.008945	-0.004963
46851	0.000834	0.008126	-0.005749
46852	0.002925	0.008798	-0.006227
46853	0.002596	0.007969	-0.004860
46854	0.001520	0.007339	-0.006471
46855	0.002123	0.006683	-0.005944
46856	0.001476	0.007313	-0.006832
46857	0.000986	0.007206	-0.006598
46858	0.000886	0.006149	-0.007019
46859	0.002440	0.005668	-0.007333
46860	0.001981	0.004974	-0.005061
46861	0.001652	0.004145	-0.003698
46862	0.000577	0.003515	-0.005309
46863	0.001028	0.003582	-0.005924
46864	0.001356	0.003786	-0.005622
46865	0.001691	0.003974	-0.005337
46866	0.001865	0.004901	-0.006167
46867	0.002593	0.004124	-0.006541
46868	0.001398	0.003615	-0.007254
46869	0.000521	0.004475	-0.006361
46870	0.000849	0.004678	-0.006059
46871	0.001306	0.004746	-0.006664
46872	0.000933	0.004532	-0.007319
46873	-0.000370	0.004132	-0.007143
46874	0.000900	0.004509	-0.007680
46875	0.002212	0.004270	-0.006188
46876	0.001565	0.002073	-0.006434
46877	0.000926	0.002689	-0.007324
46878	0.001014	0.003135	-0.005227
46879	0.001751	0.002360	-0.005611
46880	0.002079	0.002564	-0.005309
46881	0.001588	0.002456	-0.005075
46882	0.002464	0.003800	-0.004949
46883	0.003998	0.003317	-0.005260
46884	0.002254	0.004496	-0.006442
46885	0.001620	0.005113	-0.007350
46886	0.001521	0.004056	-0.007772
46887	0.001467	0.005211	-0.006815
46888	0.000974	0.005119	-0.006573
46889	0.002513	0.004637	-0.006877
46890	0.002020	0.004545	-0.006634
46891	0.000442	0.004988	-0.006700
46892	0.001439	0.003382	-0.006829
46893	0.000562	0.004241	-0.005938
46894	0.000463	0.003184	-0.006359
46895	0.000096	0.002956	-0.007030
46896	0.000424	0.003160	-0.006729
46897	0.000755	0.003348	-0.006433
46898	0.000107	0.003979	-0.007322
46899	0.001259	0.004464	-0.006980
46900	0.000492	0.005216	-0.006972
46901	-0.000821	0.004812	-0.006784
46902	-0.000493	0.005016	-0.006483
46903	0.000747	0.003152	-0.008414
46904	0.000253	0.003060	-0.008172
46905	0.000429	0.003972	-0.009014
46906	0.000210	0.003036	-0.008538
46907	-0.001215	0.002755	-0.007463
46908	0.000877	0.003429	-0.007941
46909	-0.000188	0.002784	-0.009564
46910	0.001357	0.002319	-0.009868
46911	0.001563	0.002630	-0.008697
46912	0.000916	0.003261	-0.009586
46913	0.001248	0.003450	-0.009295
46914	0.000875	0.003237	-0.009951
46915	-0.001133	0.002418	-0.010745
46916	-0.001660	0.002927	-0.012533
46917	0.000082	0.003952	-0.010324
46918	-0.001540	0.005010	-0.012405
46919	-0.001204	0.005199	-0.012115
46920	-0.000756	0.005282	-0.012712
46921	-0.001120	0.005055	-0.013386
46922	-0.000672	0.005138	-0.013983
46923	-0.002370	0.005703	-0.013167
46924	-0.002347	0.004524	-0.014487
46925	-0.003240	0.005382	-0.013599
46926	-0.001695	0.004917	-0.013902
46927	-0.002028	0.004087	-0.012539
46928	-0.002368	0.003273	-0.011165
46929	-0.002161	0.003583	-0.009982
46930	-0.002655	0.003491	-0.009741
46931	-0.003136	0.003385	-0.009519
46932	-0.004330	0.002876	-0.010235
46933	-0.002349	0.003659	-0.009826
46934	-0.003238	0.004533	-0.008921
46935	-0.003601	0.004305	-0.009585
46936	-0.004095	0.004213	-0.009344
46937	-0.004186	0.003143	-0.009796
46938	-0.004130	0.001363	-0.009085
46939	-0.004381	0.001013	-0.010652
46940	-0.003507	0.002358	-0.010526
46941	-0.003602	0.001287	-0.010975
46942	-0.004491	0.002160	-0.010070
46943	-0.002258	0.001793	-0.003557
46944	-0.002049	0.002120	-0.002351
46945	-0.002528	0.002014	-0.002100
46946	-0.003019	0.001922	-0.001852
46947	-0.001461	0.001444	-0.002150
46948	-0.002651	0.000935	-0.002860
46949	-0.003534	0.001794	-0.001962
46950	-0.002535	0.003019	-0.002727
46951	-0.003144	0.003032	-0.001581
46952	-0.002418	0.002272	-0.001937
46953	-0.002206	0.002584	-0.000757
46954	-0.001054	0.003086	-0.000390
46955	-0.000451	0.002432	0.000127
46956	-0.001641	0.001923	-0.000583
46957	-0.000639	0.003132	-0.001359
46958	-0.000308	0.003337	-0.001052
46959	0.000147	0.003405	-0.001641
46960	-0.000190	0.002591	-0.000262
46961	-0.000431	0.002242	-0.001826
46962	-0.000525	0.001186	-0.002242
46963	0.000212	0.000411	-0.002619
46964	0.001089	0.001757	-0.002487
46965	0.000758	0.000929	-0.001130
46966	0.000114	0.001561	-0.002015
46967	0.000722	0.000906	-0.001472
46968	0.000506	-0.000030	-0.000991
46969	0.000836	0.000159	-0.000681
46970	0.000742	-0.000898	-0.001097
46971	0.002014	-0.000534	-0.001625
46972	0.001005	0.000461	0.000183
46973	-0.000294	0.000058	0.000376
46974	0.000036	0.000264	0.000683
46975	0.000621	0.000212	-0.000825
46976	0.001772	0.000715	-0.000458
46977	0.002650	-0.000785	0.000313
46978	0.002980	-0.000579	0.000620
46979	0.002373	-0.000566	0.001758
46980	0.002401	-0.001743	0.000444
46981	0.001769	-0.001125	-0.000456
46982	0.003074	-0.001346	0.001043
46983	0.003529	-0.001278	0.000457
46984	0.003860	-0.001072	0.000764
46985	0.002957	-0.002442	0.000276
46986	0.003134	-0.001513	-0.000550
46987	0.003466	-0.001324	-0.000247
46988	0.002276	-0.001833	-0.000958
46989	0.001644	-0.001218	-0.001820
46990	0.002948	-0.001438	-0.000321
46991	0.002189	-0.000702	-0.000306
46992	0.002520	-0.000496	0.000000
46993	0.001900	-0.000483	0.001122
46994	0.002077	0.000446	0.000296
46995	0.002534	0.000516	-0.000321
46996	0.001894	-0.001682	-0.000562
46997	0.001014	-0.000823	0.000335
46998	0.002563	-0.001285	0.000039
46999	0.002758	-0.000977	0.001249
47000	0.002813	0.000073	0.001320
47001	0.002733	-0.000999	0.000898
47002	0.003884	-0.000496	0.001265
47003	0.002885	0.000482	0.003092
47004	0.003888	-0.001121	0.002971
47005	0.002830	-0.001766	0.001353
47006	0.004558	-0.000724	0.003575
47007	0.003913	-0.000108	0.002677
47008	0.004641	-0.000867	0.002320
47009	0.005794	-0.000381	0.002688
47010	0.006124	-0.000175	0.002994
47011	0.004682	-0.000459	0.004051
47012	0.006776	0.000221	0.003580
47013	0.006685	-0.000851	0.003164
47014	0.007015	-0.000645	0.003470
47015	0.006243	0.000091	0.003467
47016	0.005875	-0.000121	0.002815
47017	0.005660	-0.001073	0.003289
47018	0.005746	-0.000625	0.005391
47019	0.006893	-0.000141	0.005772
47020	0.004062	-0.001244	0.004939
47021	0.005793	-0.000219	0.007166
47022	0.004726	-0.000849	0.005556
47023	0.004666	0.000306	0.006528
47024	0.005149	-0.000211	0.007968
47025	0.004656	-0.000321	0.008203
47026	0.004986	-0.000114	0.008509
47027	0.004614	-0.000343	0.007819
47028	0.004399	-0.001278	0.008299
47029	0.004737	-0.001086	0.008588
47030	0.004822	-0.000638	0.010690
47031	0.004580	-0.000988	0.009130
47032	0.005185	-0.001625	0.009671
47033	0.004812	-0.001856	0.009029
47034	0.004597	-0.002791	0.009509
47035	0.004115	-0.002897	0.009742
47036	0.004323	-0.002570	0.010946
47037	0.004254	-0.003639	0.010517
47038	0.003187	-0.004269	0.008906
47039	0.003954	-0.002816	0.009944
47040	0.004406	-0.002730	0.009352
47041	0.005557	-0.002244	0.009715
47042	0.004644	-0.003597	0.009238
47043	0.003999	-0.002981	0.008318
47044	0.004206	-0.002653	0.009522
47045	0.004541	-0.002464	0.009824
47046	0.003897	-0.001832	0.008936
47047	0.005085	-0.001946	0.011331
47048	0.005935	-0.002825	0.010076
47049	0.005463	-0.002931	0.010308
47050	0.006314	-0.003810	0.009053
47051	0.005835	-0.003917	0.009272
47052	0.006417	-0.006782	0.008427
47053	0.005524	-0.005924	0.009313
47054	0.005854	-0.005717	0.009618
47055	0.004798	-0.006365	0.008006
47056	0.005128	-0.006158	0.008311
47057	0.004918	-0.007108	0.008766
47058	0.004550	-0.007320	0.008113
47059	0.004607	-0.006287	0.008189
47060	0.004637	-0.007463	0.006874
47061	0.005940	-0.007698	0.008347
47062	0.005050	-0.006825	0.009255
47063	0.005385	-0.006634	0.009549
47064	0.005837	-0.006547	0.008957
47065	0.005871	-0.007741	0.007628
47066	0.006200	-0.007534	0.007933
47067	0.005864	-0.005534	0.008669
47068	0.006868	-0.007137	0.008547
47069	0.006794	-0.008206	0.008099
47070	0.007791	-0.006978	0.007332
47071	0.005666	-0.007680	0.007435
47072	0.005843	-0.006750	0.006607
47073	0.006457	-0.007403	0.007136
47074	0.006235	-0.005508	0.006971
47075	0.006966	-0.006283	0.006618
47076	0.006199	-0.005529	0.006627
47077	0.006522	-0.005340	0.006924
47078	0.006430	-0.006396	0.006506
47079	0.006485	-0.005361	0.006541
47080	0.006117	-0.005572	0.005887
47081	0.006588	-0.006106	0.007301
47082	0.006765	-0.005176	0.006473
47083	0.006800	-0.006369	0.005149
47084	0.005787	-0.005375	0.006955
47085	0.006363	-0.005427	0.005474
47086	0.006024	-0.006241	0.006852
47087	0.007311	-0.005873	0.006328
47088	0.006544	-0.005120	0.006337
47089	0.006602	-0.004084	0.006378
47090	0.006779	-0.003153	0.005550
47091	0.007507	-0.003928	0.005185
47092	0.006493	-0.002934	0.006990
47093	0.008052	-0.003409	0.006682
47094	0.007539	-0.005727	0.005540
47095	0.008409	-0.004396	0.005658
47096	0.007918	-0.004487	0.005903
47097	0.007308	-0.004473	0.007018
47098	0.007913	-0.005109	0.007559
47099	0.008102	-0.004195	0.006732
47100	0.007888	-0.005130	0.007212
47101	0.008221	-0.004939	0.007507
47102	0.006910	-0.005328	0.007690
47103	0.007246	-0.005137	0.007981
47104	0.007155	-0.006193	0.007563
47105	0.006799	-0.006422	0.006926
47106	0.006308	-0.006513	0.007170
47107	0.006636	-0.006325	0.007478
47108	0.006421	-0.007260	0.007958
47109	0.007423	-0.006049	0.007205
47110	0.007753	-0.005841	0.007510
47111	0.007405	-0.006067	0.006844
47112	0.006914	-0.006158	0.007088
47113	0.006270	-0.005542	0.006172
47114	0.005379	-0.004668	0.007078
47115	0.005700	-0.004481	0.007388
47116	0.005601	-0.002706	0.006322
47117	0.005259	-0.003539	0.007704
47118	0.004747	-0.005857	0.006562
47119	0.006163	-0.003382	0.006497
47120	0.004727	-0.003651	0.007578
47121	0.005057	-0.003461	0.007878
47122	0.004843	-0.004396	0.008358
47123	0.005064	-0.004082	0.009534
47124	0.005517	-0.003995	0.008940
47125	0.006104	-0.004043	0.007433
47126	0.005765	-0.004858	0.008811
47127	0.005263	-0.004360	0.007013
47128	0.006289	-0.003733	0.008278
47129	0.006344	-0.002699	0.008335
47130	0.005853	-0.002789	0.008579
47131	0.006033	-0.001877	0.007748
47132	0.005818	-0.002812	0.008227
47133	0.005745	-0.003884	0.007811
47134	0.005522	-0.001988	0.007644
47135	0.004074	-0.004502	0.007337
47136	0.005223	-0.003995	0.007704
47137	0.004583	-0.003378	0.006795
47138	0.005856	-0.002992	0.006263
47139	0.005909	-0.001960	0.006354
47140	0.006114	-0.001632	0.007557
47141	0.006024	-0.002707	0.007161
47142	0.006773	-0.001236	0.008189
47143	0.001084	0.000483	-0.001488
47144	0.002506	0.000148	-0.000893
47145	0.001489	-0.001098	-0.000503
47146	0.001813	-0.000887	-0.000206
47147	0.002269	-0.000813	-0.000825
47148	0.001497	-0.000057	-0.000826
47149	0.002075	-0.000103	-0.002348
47150	0.002533	-0.002844	-0.002301
47151	0.002194	-0.000841	-0.001591
47152	0.001698	-0.000929	-0.001355
47153	0.001341	-0.001155	-0.002017
47154	0.001246	-0.002208	-0.002444
47155	0.000896	-0.000207	-0.001719
47156	0.001174	-0.001621	-0.004840
47157	0.001256	-0.001188	-0.002750
47158	0.001828	-0.001217	-0.004250
47159	0.002570	0.000239	-0.003244
47160	0.002894	0.000451	-0.002947
47161	0.001302	0.000890	-0.003027
47162	0.002599	0.000676	-0.001534
47163	0.002784	0.001592	-0.002364
47164	0.002012	0.002348	-0.002365
47165	0.002606	0.002301	-0.003849
47166	0.002511	0.001248	-0.004276
47167	0.003672	0.001742	-0.003932
47168	0.003997	0.001953	-0.003635
47169	0.003505	0.001846	-0.003405
47170	0.003677	0.002782	-0.004243
47171	0.002827	0.003036	-0.001305
47172	0.002304	0.003552	-0.003103
47173	0.002639	0.003746	-0.002818
47174	0.001572	0.003119	-0.004441
47175	0.002997	0.002766	-0.003842
47176	0.002920	0.003941	-0.002884
47177	0.002551	0.003715	-0.003556
47178	0.002456	0.002662	-0.003983
47179	0.002671	0.002977	-0.002791
47180	0.002701	0.001805	-0.004116
47181	0.001503	0.004110	-0.005485
47182	-0.000231	0.002459	-0.006036
47183	0.001072	0.002226	-0.004531
47184	0.001272	0.002558	-0.003336
47185	0.001600	0.002749	-0.003028
47186	0.001505	0.001697	-0.003455
47187	0.001853	0.001893	-0.003173
47188	0.002302	0.001984	-0.003775
47189	0.002068	0.003862	-0.003940
47190	0.002811	0.005338	-0.002919
47191	0.002474	0.004505	-0.001532
47192	0.002950	0.003993	-0.000100
47193	0.003012	0.005033	-0.000069
47194	0.002765	0.004705	-0.001631
47195	0.002709	0.005863	-0.000665
47196	0.002739	0.004691	-0.001990
47197	0.003727	0.005905	-0.002761
47198	0.003801	0.006358	-0.000667
47199	0.002888	0.004983	-0.001131
47200	0.002392	0.004896	-0.000897
47201	0.002727	0.005089	-0.000598
47202	0.002774	0.006145	-0.000539
47203	0.003516	0.005374	-0.000910
47204	0.003715	0.005706	0.000285
47205	0.004056	0.005902	0.000567
47206	0.004798	0.007378	0.001587
47207	0.004719	0.006305	0.001175
47208	0.005043	0.006517	0.001471
47209	0.004700	0.006290	0.000827
47210	0.004470	0.008190	0.000650
47211	0.004399	0.009347	0.001610
47212	0.006070	0.008774	0.000409
47213	0.005420	0.009387	-0.000458
47214	0.007938	0.008510	0.000437
47215	0.006638	0.008104	0.000610
47216	0.005724	0.006752	0.000120
47217	0.005108	0.006762	0.001278
47218	0.005557	0.006854	0.000676
47219	0.004804	0.007591	0.000688
47220	0.004835	0.006419	-0.000638
47221	0.005179	0.006614	-0.000341
47222	0.005920	0.008090	0.000679
47223	0.004711	0.007560	-0.000056
47224	0.004758	0.008617	0.000003
47225	0.004816	0.009656	0.000040
47226	0.005140	0.009868	0.000337
47227	0.005471	0.010062	0.000619
47228	0.005253	0.009130	0.001090
47229	0.004599	0.009746	0.000186
47230	0.004505	0.008694	-0.000241
47231	0.004996	0.008164	0.001184
47232	0.005570	0.008136	-0.000316
47233	0.005894	0.008330	-0.000039
47234	0.005941	0.009386	0.000020
47235	0.005050	0.010244	0.000909
47236	0.005249	0.010576	0.002104
47237	0.005438	0.009269	-0.000131
47238	0.004928	0.006953	-0.001282
47239	0.005933	0.007564	-0.000034
47240	0.005980	0.008620	0.000025
47241	0.006446	0.008691	-0.000545
47242	0.006895	0.008784	-0.001147
47243	0.008323	0.008434	-0.000573
47244	0.007133	0.007926	-0.001301
47245	0.009079	0.008720	-0.000912
47246	0.008181	0.009596	-0.000018
47247	0.008627	0.009669	-0.000632
47248	0.009228	0.009037	-0.000099
47249	0.008720	0.008926	0.000142
47250	0.009044	0.009139	0.000438
47251	0.010057	0.007523	0.000312
47252	0.008867	0.007015	-0.000415
47253	0.010053	0.009741	0.001310
47254	0.008988	0.009113	-0.000317
47255	0.008368	0.009126	0.000802
47256	0.008024	0.008314	0.002171
47257	0.007521	0.008203	0.002418
47258	0.006999	0.008720	0.000617
47259	0.005983	0.009697	0.002404
47260	0.006016	0.008526	0.001078
47261	0.005657	0.007693	0.002430
47262	0.007203	0.007242	0.002127
47263	0.007531	0.007432	0.002443
47264	0.007035	0.007344	0.002676
47265	0.007370	0.007538	0.002965
47266	0.007416	0.008595	0.003023
47267	0.006104	0.008187	0.003189
47268	0.005582	0.008704	0.001387
47269	0.005216	0.007868	0.002757
47270	0.006762	0.007418	0.002455
47271	0.006672	0.008571	0.003418
47272	0.006302	0.008364	0.002753
47273	0.005684	0.008376	0.003880
47274	0.005037	0.009013	0.002977
47275	0.003689	0.009206	0.001126
47276	0.003470	0.008275	0.001596
47277	0.002272	0.010578	0.000229
47278	0.004122	0.008679	0.002199
47279	0.002374	0.009840	0.000983
47280	0.002156	0.008908	0.001453
47281	0.001643	0.008798	0.001686
47282	0.001147	0.008710	0.001918
47283	0.002823	0.008119	0.000722
47284	0.001798	0.009115	0.002513
47285	0.001446	0.008281	0.003889
47286	0.000382	0.007653	0.002262
47287	0.000714	0.007849	0.002526
47288	0.000092	0.007882	0.003657
47289	0.000568	0.007959	0.003027
47290	-0.000748	0.007571	0.003197
47291	-0.002325	0.008009	0.003121
47292	-0.000489	0.008943	0.004441
47293	-0.001538	0.008297	0.002798
47294	-0.001467	0.008750	0.004891
47295	-0.000737	0.007980	0.004513
47296	-0.001233	0.007892	0.004746
47297	-0.001326	0.006821	0.004297
47298	-0.001002	0.007035	0.004592
47299	-0.002436	0.006746	0.005663
47300	-0.002402	0.005574	0.004336
47301	-0.000710	0.006605	0.006564
47302	-0.001773	0.005977	0.004936
47303	-0.003492	0.006534	0.005744
47304	-0.002765	0.005783	0.005378
47305	-0.002045	0.005008	0.005039
47306	-0.002541	0.004920	0.005271
47307	-0.004275	0.006081	0.004068
47308	-0.001631	0.005088	0.004067
47309	-0.001981	0.004254	0.005433
47310	-0.002629	0.004891	0.004529
47311	-0.002166	0.004969	0.003884
47312	-0.002121	0.006027	0.003941
47313	-0.002609	0.005919	0.004167
47314	-0.002701	0.004868	0.003738
47315	-0.002478	0.005185	0.004913
47316	-0.002443	0.004014	0.003585
47317	-0.003056	0.004632	0.002696
47318	-0.001347	0.005688	0.004914
47319	-0.000634	0.004917	0.004529
47320	-0.001130	0.004829	0.004761
47321	-0.000818	0.005018	0.005074
47322	-0.000773	0.006076	0.005131
47323	-0.000034	0.005304	0.004779
47324	-0.001476	0.005036	0.005845
47325	-0.002116	0.005651	0.004953
47326	-0.001378	0.007130	0.005972
47327	-0.000512	0.008469	0.006079
47328	0.000089	0.007839	0.006613
47329	-0.000692	0.008576	0.006576
47330	-0.000910	0.007644	0.007045
47331	0.000346	0.008016	0.006505
47332	-0.002735	0.007145	0.007445
47333	-0.000772	0.007941	0.007854
47334	-0.001673	0.008818	0.008745
47335	-0.002449	0.007324	0.007368
47336	-0.002530	0.008502	0.008323
47337	-0.002772	0.007543	0.008813
47338	-0.002449	0.007757	0.009108
47339	-0.002677	0.006804	0.009558
47340	-0.000589	0.007501	0.009081
47341	-0.001905	0.007093	0.009227
47342	-0.000358	0.006644	0.008925
47343	-0.000073	0.001306	-0.002223
47344	0.000529	0.000670	-0.001699
47345	-0.000236	0.001404	-0.001708
47346	-0.000731	0.001311	-0.001486
47347	-0.000818	0.000234	-0.001905
47348	-0.002259	-0.000040	-0.000848
47349	-0.002893	0.000574	-0.001766
47350	-0.001344	0.000121	-0.002077
47351	-0.001121	0.000434	-0.000910
47352	-0.000105	0.001064	0.000338
47353	0.000377	0.001140	-0.000330
47354	-0.000937	0.000746	-0.000172
47355	0.000215	0.001236	0.000181
47356	-0.000669	-0.000726	0.001715
47357	0.001065	0.000310	0.003895
