// General information: 
//  MT Manager version: 2021.4.0 
//  XDA version: 2021.4.0 build 6323 rev 112641 built on 2021-09-28
// Device information: 
//  DeviceId: 00B43773
//  ProductCode: MTW2-3A7G6
//  Firmware Version: 4.3.4
//  Hardware Version: 1.1.0
// Device settings: 
//  Filter Profile: human(46.1)
//  Option Flags: Orientation Smoother Disabled, Position/Velocity Smoother Disabled, Continuous Zero Rotation Update Disabled, AHS Disabled, ICC Disabled
// Coordinate system: ENU
PacketCounter	Roll	Pitch	Yaw
45896	-0.043166	-0.055291	-0.020850
45897	-0.043284	-0.052113	-0.020650
45898	-0.040262	-0.050974	-0.022687
45899	-0.040330	-0.048258	-0.025423
45900	-0.039294	-0.047076	-0.027703
45901	-0.038376	-0.047681	-0.028940
45902	-0.037646	-0.048637	-0.025601
45903	-0.038493	-0.050555	-0.026806
45904	-0.038750	-0.053014	-0.023480
45905	-0.038021	-0.053762	-0.023713
45906	-0.038957	-0.055924	-0.026040
45907	-0.040432	-0.055273	-0.026621
45908	-0.040009	-0.056733	-0.023034
45909	-0.041378	-0.053980	-0.022875
45910	-0.042060	-0.055433	-0.021308
45911	-0.041550	-0.054825	-0.021731
45912	-0.040913	-0.054146	-0.022042
45913	-0.040077	-0.052792	-0.021535
45914	-0.038180	-0.049621	-0.016304
45915	-0.037972	-0.045698	-0.015172
45916	-0.033996	-0.044398	-0.019824
45917	-0.033211	-0.042584	-0.016380
45918	-0.032227	-0.038812	-0.012227
45919	-0.032126	-0.036992	-0.011835
45920	-0.030959	-0.034616	-0.005846
45921	-0.029420	-0.032229	-0.006415
45922	-0.029046	-0.031731	-0.002368
45923	-0.028431	-0.029022	-0.002048
45924	-0.026233	-0.027204	0.000175
45925	-0.025102	-0.023606	0.000421
45926	-0.023254	-0.022748	0.001705
45927	-0.022608	-0.021538	0.003217
45928	-0.021124	-0.018623	0.009106
45929	-0.020509	-0.015914	0.009427
45930	-0.019780	-0.014633	0.011508
45931	-0.018976	-0.011781	0.010825
45932	-0.018995	-0.011958	0.011937
45933	-0.020365	-0.009206	0.012100
45934	-0.018556	-0.009744	0.010508
45935	-0.018752	-0.010169	0.011163
45936	-0.018993	-0.009233	0.013399
45937	-0.019409	-0.008303	0.013866
45938	-0.018939	-0.007739	0.011301
45939	-0.020279	-0.006487	0.012656
45940	-0.019625	-0.007976	0.011024
45941	-0.021995	-0.008502	0.012524
45942	-0.021396	-0.007890	0.016696
45943	-0.021296	-0.006071	0.017091
45944	-0.022194	-0.005856	0.013666
45945	-0.021359	-0.004504	0.014177
45946	-0.021118	-0.002749	0.021692
45947	-0.020391	-0.003498	0.021461
45948	-0.022172	-0.001532	0.019545
45949	-0.020164	-0.003357	0.020549
45950	-0.018826	0.000340	0.015919
45951	-0.017067	0.001369	0.015543
45952	-0.015427	0.002611	0.013753
45953	-0.015108	0.003073	0.014337
45954	-0.013820	0.003287	0.015872
45955	-0.012903	0.002683	0.014637
45956	-0.012141	0.003889	0.020089
45957	-0.010134	0.002064	0.021093
45958	-0.008697	0.004554	0.024674
45959	-0.007348	0.006794	0.025114
45960	-0.007231	0.007290	0.023753
45961	-0.006913	0.007753	0.024337
45962	-0.006177	0.008298	0.027987
45963	-0.007655	0.008948	0.027408
45964	-0.006567	0.010619	0.022042
45965	-0.006817	0.010649	0.025637
45966	-0.004109	0.010546	0.024043
45967	-0.005231	0.010442	0.025587
45968	-0.006372	0.008533	0.026646
45969	-0.006055	0.008995	0.027231
45970	-0.006364	0.007865	0.025452
45971	-0.006888	0.006694	0.025177
45972	-0.006176	0.008013	0.025316
45973	-0.004638	0.010397	0.024754
45974	-0.003840	0.009574	0.020844
45975	-0.003634	0.013490	0.021986
45976	-0.003552	0.014639	0.015001
45977	-0.003780	0.015711	0.014466
45978	-0.003197	0.017637	0.014329
45979	-0.003969	0.019320	0.012675
45980	-0.003240	0.020561	0.017327
45981	-0.001701	0.022944	0.016766
45982	-0.002631	0.024665	0.011907
45983	-0.000358	0.026581	0.011461
45984	0.000558	0.029642	0.000853
45985	0.002126	0.030525	0.001481
45986	0.002506	0.032633	-0.001913
45987	0.002687	0.032495	-0.003266
45988	0.004732	0.034336	0.001951
45989	0.005239	0.034942	0.001531
45990	0.008558	0.036427	-0.002441
45991	0.010096	0.038810	-0.003003
45992	0.011227	0.040449	-0.007808
45993	0.012984	0.041476	-0.008183
45994	0.013877	0.043009	-0.012541
45995	0.013869	0.042727	-0.012892
45996	0.014945	0.044365	-0.016196
45997	0.015451	0.044971	-0.016616
45998	0.015145	0.042483	-0.025448
45999	0.014128	0.044476	-0.023162
46000	0.015210	0.045818	-0.022237
46001	0.016262	0.045812	-0.021539
46002	0.016592	0.046423	-0.021723
46003	0.016909	0.046884	-0.021141
46004	0.018300	0.046875	-0.023460
46005	0.018398	0.048690	-0.023064
46006	0.019142	0.047826	-0.022425
46007	0.018695	0.050253	-0.023149
46008	0.018960	0.050599	-0.021693
46009	0.019467	0.051204	-0.022114
46010	0.021288	0.050730	-0.031068
46011	0.022204	0.050127	-0.032307
46012	0.022959	0.051440	-0.031735
46013	0.024526	0.052323	-0.031107
46014	0.026215	0.056358	-0.034828
46015	0.028517	0.056774	-0.034085
46016	0.029933	0.056757	-0.040494
46017	0.028484	0.055908	-0.039890
46018	0.028770	0.055025	-0.028821
46019	0.029277	0.055631	-0.029244
46020	0.027963	0.053359	-0.025307
46021	0.027029	0.053398	-0.024773
46022	0.025040	0.051818	-0.020721
46023	0.026607	0.052700	-0.020094
46024	0.026655	0.053619	-0.030052
46025	0.026048	0.054400	-0.028584
46026	0.025444	0.054621	-0.028086
46027	0.025407	0.055839	-0.029628
46028	0.025501	0.054135	-0.024237
46029	0.025979	0.056240	-0.025849
46030	0.026751	0.053923	-0.025708
46031	0.026524	0.054995	-0.026247
46032	0.026234	0.054831	-0.013199
46033	0.025900	0.053806	-0.014486
46034	0.025526	0.053539	-0.006931
46035	0.023750	0.051948	-0.007260
46036	0.023864	0.050203	-0.004375
46037	0.022930	0.050242	-0.003840
46038	0.021720	0.046206	-0.002687
46039	0.021004	0.044891	-0.001966
46040	0.021255	0.044747	0.000321
46041	0.021055	0.044319	0.000973
46042	0.022356	0.045806	-0.001786
46043	0.021612	0.045990	-0.002253
46044	0.023667	0.048925	-0.004118
46045	0.024202	0.048031	-0.003350
46046	0.025764	0.050531	-0.001836
46047	0.026215	0.051587	0.000684
46048	0.028063	0.052651	0.002303
46049	0.029630	0.053532	0.002933
46050	0.029656	0.053140	0.000555
46051	0.028778	0.052728	-0.001850
46052	0.030900	0.054651	-0.004337
46053	0.030997	0.056465	-0.003940
46054	0.032323	0.055552	0.002018
46055	0.033564	0.055690	0.001714
46056	0.034398	0.055574	0.008218
46057	0.035039	0.056775	0.009737
46058	0.036104	0.058310	0.013136
46059	0.036095	0.058027	0.012785
46060	0.036615	0.059195	0.027380
46061	0.037122	0.059800	0.026962
46062	0.037142	0.060244	0.033071
46063	0.036532	0.061024	0.034544
46064	0.037754	0.061163	0.041768
46065	0.035759	0.060926	0.041256
46066	0.036019	0.059105	0.044339
46067	0.036962	0.057001	0.044291
46068	0.033224	0.055230	0.050338
46069	0.031043	0.049302	0.049515
46070	0.029591	0.046324	0.055103
46071	0.028139	0.045474	0.055713
46072	0.027092	0.045674	0.058414
46073	0.025640	0.044824	0.059024
46074	0.024169	0.045419	0.055663
46075	0.023041	0.045310	0.057207
46076	0.021058	0.045565	0.054009
46077	0.020942	0.043186	0.052912
46078	0.019592	0.043197	0.053277
46079	0.018141	0.042346	0.053887
46080	0.017665	0.041307	0.051691
46081	0.015564	0.038973	0.050431
46082	0.013198	0.037889	0.050931
46083	0.010580	0.034668	0.049740
46084	0.006994	0.030316	0.057072
46085	0.004376	0.027095	0.055882
46086	0.001978	0.023871	0.057323
46087	-0.002790	0.019049	0.058162
46088	-0.007789	0.015067	0.057621
46089	-0.012584	0.011744	0.057273
46090	-0.016379	0.008183	0.056572
46091	-0.021174	0.004860	0.056225
46092	-0.025832	0.001310	0.059619
46093	-0.030277	-0.002772	0.061397
46094	-0.031279	-0.005386	0.059997
46095	-0.035234	-0.007081	0.060517
46096	-0.036335	-0.007752	0.062430
46097	-0.037595	-0.008459	0.062040
46098	-0.039328	-0.009919	0.056845
46099	-0.041541	-0.008805	0.056154
46100	-0.043469	-0.008363	0.061059
46101	-0.046908	-0.009171	0.061510
46102	-0.048525	-0.008119	0.065519
46103	-0.051964	-0.008927	0.065971
46104	-0.053727	-0.009222	0.070767
46105	-0.054146	-0.008300	0.071244
46106	-0.054529	-0.006590	0.064407
46107	-0.054265	-0.003136	0.062622
46108	-0.053268	-0.000382	0.059459
46109	-0.051753	0.003494	0.057721
46110	-0.051137	0.008014	0.060957
46111	-0.050979	0.009373	0.058422
46112	-0.050397	0.010240	0.058212
46113	-0.051465	0.009678	0.056819
46114	-0.053768	0.010903	0.058448
46115	-0.055440	0.011402	0.058878
46116	-0.058962	0.010024	0.061628
46117	-0.061580	0.006799	0.060442
46118	-0.065985	0.007272	0.059441
46119	-0.070588	0.004092	0.058093
46120	-0.075509	0.000875	0.060211
46121	-0.080716	-0.001243	0.060687
46122	-0.085452	-0.004466	0.058072
46123	-0.086738	-0.003676	0.056496
46124	-0.088111	-0.002931	0.053492
46125	-0.090568	0.001032	0.051431
46126	-0.092998	0.002131	0.052284
46127	-0.096140	0.003561	0.052484
46128	-0.103837	0.004368	0.051844
46129	-0.113019	0.002336	0.051997
46130	-0.122250	-0.000154	0.043696
46131	-0.134801	-0.003161	0.041703
46132	-0.145022	-0.007045	0.041918
46133	-0.155176	-0.011306	0.039271
46134	-0.163130	-0.011989	0.037483
46135	-0.174211	-0.015932	0.035727
46136	-0.183386	-0.018735	0.033168
46137	-0.198634	-0.022739	0.032096
46138	-0.216637	-0.026376	0.034341
46139	-0.234430	-0.032273	0.037316
46140	-0.258720	-0.041455	0.041592
46141	-0.303416	-0.055172	0.045466
46142	-0.349414	-0.072184	0.044041
46143	-0.397382	-0.090354	0.045268
46144	-0.438687	-0.109829	0.042900
46145	-0.476017	-0.127192	0.043888
46146	-0.507549	-0.143072	0.047349
46147	-0.531773	-0.155775	0.045766
46148	-0.552301	-0.166280	0.046339
46149	-0.567019	-0.176480	0.045168
46150	-0.582899	-0.187738	0.047608
46151	-0.591287	-0.200302	0.050232
46152	-0.598254	-0.209654	0.050012
46153	-0.600614	-0.217244	0.051450
46154	-0.599410	-0.223154	0.047147
46155	-0.595111	-0.228335	0.046771
46156	-0.586762	-0.231744	0.043809
46157	-0.577196	-0.234017	0.047461
46158	-0.564364	-0.235157	0.045803
46159	-0.549609	-0.234095	0.047412
46160	-0.536033	-0.234975	0.056447
46161	-0.522512	-0.235836	0.059215
46162	-0.507184	-0.236237	0.063480
46163	-0.494379	-0.238134	0.067329
46164	-0.480618	-0.241139	0.069098
46165	-0.466253	-0.245925	0.071430
46166	-0.450145	-0.250074	0.067254
46167	-0.436300	-0.255751	0.069659
46168	-0.419697	-0.266042	0.065639
46169	-0.405956	-0.279373	0.066002
46170	-0.390776	-0.298087	0.068467
46171	-0.373989	-0.316736	0.068730
46172	-0.353766	-0.342740	0.070285
46173	-0.333950	-0.370766	0.067951
46174	-0.311136	-0.406486	0.072757
46175	-0.284402	-0.453137	0.067280
46176	-0.255593	-0.511544	0.065899
46177	-0.224727	-0.582943	0.059840
46178	-0.198697	-0.667857	0.051942
46179	-0.163047	-0.776703	0.046963
46180	-0.140759	-0.925453	0.034304
46181	-0.163691	-1.202579	0.001768
46182	-0.175429	-1.741328	-0.024617
46183	-0.194555	-2.334655	-0.052398
46184	-0.204979	-3.035731	-0.053766
46185	-0.216315	-3.890839	-0.065305
46186	-0.208395	-4.879558	-0.041480
46187	-0.149181	-5.953796	-0.022407
46188	0.020816	-7.114007	0.015572
46189	0.264308	-8.366436	0.035394
46190	0.611766	-9.727620	0.030533
46191	1.080568	-11.181027	0.014865
46192	1.584742	-12.651588	-0.056939
46193	2.090537	-14.130327	-0.221376
46194	2.631442	-15.661636	-0.485055
46195	3.149299	-17.216276	-0.830172
46196	3.785066	-18.660166	-1.092356
46197	4.605887	-20.220874	-1.165786
46198	5.416200	-21.772175	-1.029208
46199	6.126673	-23.413836	-0.658949
46200	6.765090	-25.137456	-0.005508
46201	7.226090	-27.158702	0.785290
46202	7.287600	-28.905152	1.624871
46203	6.982990	-30.480084	2.232091
46204	6.642526	-32.037151	2.574523
46205	6.415459	-33.623256	2.648925
46206	6.375808	-35.219490	2.415403
46207	6.521803	-36.764709	1.906734
46208	6.845516	-38.187645	1.184528
46209	7.334326	-39.436566	0.273446
46210	7.968049	-40.489955	-0.763556
46211	8.702100	-41.340035	-1.875613
46212	9.474881	-41.984895	-3.009487
46213	10.219207	-42.390706	-4.107529
46214	10.877539	-42.531193	-5.083959
46215	11.427390	-42.416658	-5.884419
46216	11.847590	-42.064349	-6.471634
46217	12.122144	-41.541250	-6.876532
46218	12.238755	-40.906505	-7.122457
46219	12.183942	-40.215065	-7.233819
46220	11.953449	-39.489898	-7.238981
46221	11.572989	-38.730780	-7.154520
46222	11.074672	-37.905064	-6.949095
46223	10.506485	-36.996206	-6.636733
46224	9.922119	-36.005384	-6.233597
46225	9.340600	-34.937729	-5.779372
46226	8.716865	-33.779518	-5.365686
46227	8.108825	-32.529408	-5.035047
46228	7.546397	-31.196350	-4.783301
46229	7.043904	-29.815414	-4.627816
46230	6.590663	-28.397574	-4.534563
46231	6.160443	-26.979401	-4.494854
46232	5.722906	-25.559123	-4.510870
46233	5.247980	-24.113724	-4.561349
46234	4.731012	-22.615755	-4.629872
46235	4.166058	-21.084640	-4.727707
46236	3.545382	-19.514272	-4.850435
46237	2.860850	-17.950125	-5.003455
46238	2.141873	-16.432055	-5.178585
46239	1.426756	-14.985519	-5.371097
46240	0.725155	-13.651815	-5.576343
46241	0.038883	-12.421421	-5.780438
46242	-0.629900	-11.266418	-5.948210
46243	-1.261322	-10.188445	-6.064281
46244	-1.871277	-9.181279	-6.137989
46245	-2.486433	-8.231442	-6.203458
46246	-3.093281	-7.306523	-6.282985
46247	-3.642893	-6.382610	-6.353858
46248	-4.134763	-5.459233	-6.426293
46249	-4.569202	-4.587075	-6.517581
46250	-4.944754	-3.796013	-6.615992
46251	-5.273331	-3.115083	-6.704731
46252	-5.552110	-2.539449	-6.758921
46253	-5.742633	-2.058785	-6.738306
46254	-5.842302	-1.677949	-6.635833
46255	-5.870794	-1.441655	-6.485730
46256	-5.858869	-1.321254	-6.313526
46257	-5.846010	-1.235866	-6.145114
46258	-5.866772	-1.094633	-5.995498
46259	-5.924093	-0.901550	-5.849725
46260	-5.978103	-0.684374	-5.684105
46261	-5.951211	-0.486136	-5.467457
46262	-5.813716	-0.291701	-5.183259
46263	-5.601008	-0.103434	-4.836537
46264	-5.367662	0.071392	-4.454404
46265	-5.151646	0.239640	-4.083842
46266	-4.915950	0.386748	-3.745964
46267	-4.607145	0.496829	-3.431930
46268	-4.210795	0.542637	-3.138554
46269	-3.742618	0.527771	-2.876659
46270	-3.224346	0.454463	-2.660482
46271	-2.701541	0.337227	-2.506794
46272	-2.206706	0.192218	-2.426762
46273	-1.770242	0.012007	-2.412974
46274	-1.422028	-0.207681	-2.452676
46275	-1.172058	-0.484204	-2.525470
46276	-1.022528	-0.833958	-2.598610
46277	-0.977524	-1.272131	-2.649660
46278	-1.040237	-1.807387	-2.647552
46279	-1.222356	-2.453975	-2.592231
46280	-1.472918	-3.186456	-2.467174
46281	-1.785074	-3.836409	-2.270159
46282	-2.101821	-4.212872	-1.992984
46283	-2.175272	-4.276276	-1.565585
46284	-1.351665	-3.949242	-0.828226
46285	-0.702809	-3.563445	-0.034916
46286	-0.521545	-3.232983	0.589312
46287	-0.511022	-2.904741	0.962638
46288	-0.496909	-2.581518	1.149948
46289	-0.444272	-2.228092	1.215043
46290	-0.378005	-1.913543	1.203220
46291	-0.283372	-1.631872	1.173405
46292	-0.173519	-1.343194	1.155588
46293	-0.099836	-1.124722	1.118122
46294	0.035255	-0.976846	1.117628
46295	0.293278	-0.953524	1.123069
46296	0.596988	-1.008345	1.131700
46297	0.816809	-1.008927	1.108623
46298	0.932746	-0.932329	1.043582
46299	1.010459	-0.908580	1.004170
46300	1.041671	-0.867646	0.988312
46301	1.042718	-0.808715	0.970125
46302	1.030257	-0.728579	0.948371
46303	1.026202	-0.628612	0.926111
46304	1.047793	-0.521314	0.906068
46305	1.101825	-0.421983	0.889771
46306	1.154407	-0.334531	0.880798
46307	1.196433	-0.275726	0.878353
46308	1.222129	-0.237987	0.876852
46309	1.233777	-0.225915	0.883138
46310	1.239340	-0.222931	0.888832
46311	1.244836	-0.237815	0.890555
46312	1.244810	-0.260718	0.882575
46313	1.231339	-0.276513	0.865727
46314	1.218715	-0.282341	0.849780
46315	1.201561	-0.278247	0.833434
46316	1.188796	-0.263141	0.819167
46317	1.175294	-0.241299	0.799147
46318	1.158208	-0.209113	0.775591
46319	1.139816	-0.171251	0.755386
46320	1.121486	-0.129997	0.735738
46321	1.068704	-0.108960	0.706444
46322	0.959052	-0.101269	0.670733
46323	0.808922	-0.095335	0.630934
46324	0.640157	-0.067688	0.591113
46325	0.461031	-0.040653	0.557667
46326	0.287287	-0.001592	0.532266
46327	0.143694	0.052953	0.516655
46328	0.028403	0.113756	0.519578
46329	-0.095620	0.155669	0.537142
46330	-0.235555	0.183690	0.563028
46331	-0.383959	0.196644	0.593212
46332	-0.571749	0.185138	0.613215
46333	-0.803185	0.151852	0.625795
46334	-1.055316	0.108619	0.637361
46335	-1.313689	0.068369	0.645656
46336	-1.570429	0.049984	0.646542
46337	-1.839213	0.043260	0.641439
46338	-2.101198	0.043691	0.642155
46339	-2.364326	0.048212	0.636600
46340	-2.602096	0.067624	0.637948
46341	-2.834295	0.089651	0.637578
46342	-3.047631	0.130332	0.639871
46343	-3.246066	0.179787	0.651121
46344	-3.450846	0.254303	0.660168
46345	-3.654656	0.334112	0.667541
46346	-3.817424	0.413183	0.686704
46347	-3.959053	0.471162	0.713566
46348	-4.059996	0.488291	0.756361
46349	-4.090250	0.431655	0.817331
46350	-4.096355	0.352594	0.875251
46351	-4.094028	0.298965	0.932938
46352	-4.037246	0.204517	1.001391
46353	-3.932989	0.086168	1.073561
46354	-3.818390	-0.055426	1.142734
46355	-3.750553	-0.113765	1.191080
46356	-3.678665	-0.189620	1.248342
46357	-3.574056	-0.275203	1.314210
46358	-3.412722	-0.370050	1.381800
46359	-3.240621	-0.488114	1.448480
46360	-3.053183	-0.578914	1.513804
46361	-2.861118	-0.652245	1.566651
46362	-2.658916	-0.709865	1.606548
46363	-2.485556	-0.749916	1.624924
46364	-2.340900	-0.792729	1.632752
46365	-2.227510	-0.820800	1.632494
46366	-2.125972	-0.847162	1.630175
46367	-2.037798	-0.869172	1.623417
46368	-1.969537	-0.888748	1.617011
46369	-1.934894	-0.895130	1.605639
46370	-1.920899	-0.893625	1.593786
46371	-1.913811	-0.883944	1.584451
46372	-1.923454	-0.865172	1.565602
46373	-1.935371	-0.836421	1.545267
46374	-1.949373	-0.801354	1.523833
46375	-1.984885	-0.765302	1.497903
46376	-2.040849	-0.729245	1.473597
46377	-2.106639	-0.688154	1.452045
46378	-2.175291	-0.654238	1.437303
46379	-2.240041	-0.630726	1.430437
46380	-2.313013	-0.627285	1.428874
46381	-2.383442	-0.633769	1.432041
46382	-2.455035	-0.647764	1.435167
46383	-2.524442	-0.664903	1.445082
46384	-2.588270	-0.688647	1.454262
46385	-2.643676	-0.712539	1.467153
46386	-2.690498	-0.737836	1.479737
46387	-2.724218	-0.759976	1.490749
46388	-2.740897	-0.780822	1.503571
46389	-2.758795	-0.789942	1.514665
46390	-2.772172	-0.806330	1.530082
46391	-2.780471	-0.822358	1.545838
46392	-2.786909	-0.838095	1.565645
46393	-2.793576	-0.855683	1.592887
46394	-2.795613	-0.870515	1.621955
46395	-2.794771	-0.883601	1.651018
46396	-2.791835	-0.894784	1.681877
46397	-2.785634	-0.906931	1.713158
46398	-2.778154	-0.915844	1.742946
46399	-2.774175	-0.920170	1.771920
46400	-2.769279	-0.910625	1.795764
46401	-2.775832	-0.908786	1.816096
46402	-2.750028	-0.908380	1.849663
46403	-2.749616	-0.897996	1.871172
46404	-2.728071	-0.888462	1.892992
46405	-2.702026	-0.883556	1.912809
46406	-2.676265	-0.882633	1.926031
46407	-2.640196	-0.877606	1.940361
46408	-2.609531	-0.872190	1.952215
46409	-2.574981	-0.870327	1.963891
46410	-2.546860	-0.865766	1.975730
46411	-2.532418	-0.855400	1.992039
46412	-2.519531	-0.847247	2.011556
46413	-2.510436	-0.834157	2.034252
46414	-2.506993	-0.817339	2.055983
46415	-2.496996	-0.794697	2.076332
46416	-2.486516	-0.767473	2.091915
46417	-2.468621	-0.734950	2.097121
46418	-2.444750	-0.695913	2.095611
46419	-2.414560	-0.653343	2.083941
46420	-2.369952	-0.600152	2.066562
46421	-2.327936	-0.546319	2.038914
46422	-2.282372	-0.488158	2.004800
46423	-2.252942	-0.432549	1.963027
46424	-2.245439	-0.380006	1.911086
46425	-2.300914	-0.330040	1.841175
46426	-2.479881	-0.277118	1.743205
46427	-2.555487	-0.172874	1.658077
46428	-2.542901	-0.066992	1.595873
46429	-2.500750	0.027123	1.533528
46430	-2.420122	0.116070	1.466629
46431	-2.328168	0.192513	1.394503
46432	-2.244337	0.243951	1.310232
46433	-2.182789	0.274367	1.212281
46434	-2.121871	0.307811	1.117966
46435	-2.072951	0.342778	1.026762
46436	-2.014307	0.382455	0.954860
46437	-1.946562	0.436117	0.899091
46438	-1.873821	0.489429	0.851882
46439	-1.806258	0.553196	0.812151
46440	-1.737971	0.612959	0.782134
46441	-1.673225	0.660347	0.762683
46442	-1.614087	0.714506	0.738915
46443	-1.568319	0.762558	0.719022
46444	-1.526763	0.808945	0.711074
46445	-1.481641	0.846098	0.721817
46446	-1.421012	0.878436	0.734439
46447	-1.361786	0.897849	0.754722
46448	-1.298866	0.903327	0.780052
46449	-1.241242	0.896523	0.805542
46450	-1.193528	0.877879	0.831613
46451	-1.145241	0.850242	0.858904
46452	-1.111428	0.821450	0.883036
46453	-1.092544	0.804894	0.893382
46454	-1.078543	0.788167	0.902263
46455	-1.062201	0.772258	0.911305
46456	-1.047697	0.757893	0.918925
46457	-1.032559	0.749600	0.923901
46458	-1.017249	0.741312	0.928822
46459	-1.001393	0.734039	0.932724
46460	-0.985669	0.731540	0.936966
46461	-0.968126	0.728980	0.941437
46462	-0.955196	0.727437	0.948348
46463	-0.946781	0.728235	0.951640
46464	-0.952792	0.736422	0.950728
46465	-0.960649	0.745386	0.950643
46466	-0.968090	0.750028	0.953066
46467	-0.976366	0.753197	0.953656
46468	-0.981381	0.753609	0.957809
46469	-0.986286	0.750734	0.960432
46470	-0.989754	0.739802	0.964095
46471	-1.001233	0.719676	0.971310
46472	-1.009932	0.688492	0.979050
46473	-1.013093	0.655927	0.992537
46474	-1.013682	0.620644	1.006515
46475	-1.009429	0.578489	1.021818
46476	-1.004776	0.539023	1.039784
46477	-0.999393	0.502180	1.054533
46478	-0.984831	0.466902	1.069776
46479	-0.968555	0.436452	1.084625
46480	-0.950420	0.410736	1.099976
46481	-0.932798	0.385749	1.113244
46482	-0.913228	0.363562	1.125243
46483	-0.894654	0.343745	1.138949
46484	-0.874782	0.326763	1.148306
46485	-0.855379	0.314530	1.158111
46486	-0.836866	0.303545	1.165603
46487	-0.820401	0.296170	1.172550
46488	-0.804174	0.291509	1.179074
46489	-0.787593	0.287705	1.185589
46490	-0.771369	0.284536	1.190920
46491	-0.755323	0.284341	1.193924
46492	-0.737112	0.282607	1.198233
46493	-0.721231	0.286267	1.204787
46494	-0.703959	0.287844	1.207608
46495	-0.690314	0.290398	1.210084
46496	-0.677633	0.294640	1.213216
46497	-0.665655	0.297981	1.216472
46498	-0.654965	0.302281	1.219437
46499	-0.644977	0.305680	1.222525
46500	-0.635789	0.306912	1.222716
46501	-0.626005	0.311657	1.225626
46502	-0.617104	0.314666	1.228605
46503	-0.608053	0.321379	1.230210
46504	-0.598625	0.326765	1.231939
46505	-0.588315	0.333885	1.233602
46506	-0.579094	0.342117	1.233965
46507	-0.569191	0.350433	1.236462
46508	-0.559767	0.358815	1.235820
46509	-0.552911	0.366934	1.237084
46510	-0.544015	0.374437	1.236507
46511	-0.538620	0.381994	1.238728
46512	-0.536626	0.388502	1.239715
46513	-0.533869	0.393167	1.241057
46514	-0.530738	0.398007	1.241332
46515	-0.529484	0.399611	1.239890
46516	-0.527202	0.399849	1.241655
46517	-0.522699	0.400298	1.241633
46518	-0.521353	0.402356	1.243102
46519	-0.517906	0.402548	1.242013
46520	-0.516153	0.403408	1.242651
46521	-0.519404	0.402759	1.242110
46522	-0.522805	0.398413	1.242940
46523	-0.523130	0.394382	1.244058
46524	-0.525476	0.390295	1.245954
46525	-0.526656	0.387659	1.243808
46526	-0.529528	0.382694	1.245765
46527	-0.530910	0.378406	1.245818
46528	-0.531794	0.374881	1.246760
46529	-0.530861	0.371257	1.247936
46530	-0.529758	0.369169	1.247864
46531	-0.527566	0.365953	1.249096
46532	-0.524068	0.364107	1.247178
46533	-0.519156	0.360358	1.248701
46534	-0.514724	0.355193	1.248267
46535	-0.511275	0.352384	1.249554
46536	-0.507573	0.346191	1.250190
46537	-0.503514	0.340836	1.250824
46538	-0.500017	0.335993	1.251281
46539	-0.497095	0.332305	1.252628
46540	-0.495061	0.326902	1.254039
46541	-0.491612	0.324093	1.255326
46542	-0.487585	0.323131	1.253345
46543	-0.487669	0.324751	1.254816
46544	-0.487910	0.322685	1.257655
46545	-0.489782	0.320016	1.261507
46546	-0.492417	0.319211	1.265003
46547	-0.499526	0.317764	1.267264
46548	-0.510240	0.315137	1.269297
46549	-0.520598	0.313346	1.271330
46550	-0.526806	0.312972	1.272463
46551	-0.532535	0.315508	1.274364
46552	-0.537078	0.315846	1.273533
46553	-0.540612	0.319971	1.273410
46554	-0.541582	0.322880	1.272569
46555	-0.544831	0.323733	1.270843
46556	-0.549699	0.323346	1.269064
46557	-0.556320	0.320277	1.267527
46558	-0.568866	0.312370	1.267020
46559	-0.581499	0.300986	1.265984
46560	-0.594813	0.289548	1.262816
46561	-0.611550	0.274708	1.261865
46562	-0.629296	0.256087	1.260216
46563	-0.645633	0.237043	1.260829
46564	-0.664890	0.210852	1.259990
46565	-0.685659	0.187618	1.259760
46566	-0.710086	0.154705	1.260355
46567	-0.739729	0.120088	1.260828
46568	-0.776081	0.075585	1.260925
46569	-0.819302	0.016715	1.263369
46570	-0.851616	-0.065760	1.272629
46571	-0.878384	-0.165121	1.287611
46572	-0.895853	-0.282730	1.314718
46573	-0.908658	-0.422838	1.352270
46574	-0.913906	-0.582413	1.401015
46575	-0.910264	-0.769886	1.465330
46576	-0.904011	-0.994761	1.550975
46577	-0.936397	-1.292095	1.653969
46578	-1.068369	-1.725129	1.763351
46579	-1.281348	-2.293112	1.869794
46580	-1.467054	-2.973805	2.031505
46581	-1.638284	-3.798066	2.227743
46582	-1.851324	-4.722102	2.424369
46583	-2.039586	-5.738603	2.638329
46584	-2.244931	-6.855045	2.829540
46585	-2.556641	-8.120134	2.929677
46586	-2.872418	-9.475542	2.967271
46587	-3.141708	-10.889793	2.973086
46588	-3.316755	-12.280935	2.983937
46589	-3.518702	-13.678932	3.056605
46590	-3.751345	-15.017445	3.317126
46591	-4.541245	-16.287633	3.441156
46592	-5.516229	-17.470021	3.543389
46593	-6.793694	-18.912922	3.688014
46594	-7.545205	-20.118996	4.080489
46595	-7.874718	-21.335991	4.569016
46596	-7.989892	-22.772728	4.923463
46597	-8.053674	-24.386910	4.989212
46598	-8.076188	-26.094736	4.710775
46599	-7.969519	-27.806544	4.141086
46600	-7.646141	-29.494449	3.364905
46601	-7.087284	-31.132656	2.449898
46602	-6.351739	-32.710632	1.451596
46603	-5.558427	-34.184142	0.413828
46604	-4.829912	-35.482393	-0.617490
46605	-4.228951	-36.554794	-1.579334
46606	-3.723144	-37.417520	-2.382808
46607	-3.252903	-38.108264	-2.938777
46608	-2.804213	-38.642108	-3.185150
46609	-2.437372	-38.986795	-3.144575
46610	-2.207981	-39.100933	-2.858218
46611	-2.127824	-38.987422	-2.435025
46612	-2.161214	-38.643149	-1.983922
46613	-2.249861	-38.069421	-1.566720
46614	-2.334806	-37.307018	-1.220183
46615	-2.368769	-36.406916	-0.954776
46616	-2.344003	-35.376832	-0.741958
46617	-2.285958	-34.217583	-0.594579
46618	-2.206161	-32.923112	-0.496924
46619	-2.113650	-31.532439	-0.430095
46620	-2.020838	-30.099637	-0.393151
46621	-1.925562	-28.675067	-0.369649
46622	-1.860031	-27.271510	-0.358539
46623	-1.827323	-25.881353	-0.343217
46624	-1.828921	-24.487521	-0.281848
46625	-1.869056	-23.069962	-0.165216
46626	-1.949871	-21.631402	-0.018314
46627	-2.069664	-20.213006	0.135441
46628	-2.228932	-18.817478	0.265565
46629	-2.407017	-17.426333	0.358209
46630	-2.565904	-16.042550	0.392950
46631	-2.690040	-14.726335	0.347334
46632	-2.795861	-13.501138	0.223992
46633	-2.883333	-12.347966	0.069549
46634	-2.949040	-11.240335	-0.089662
46635	-2.991980	-10.159984	-0.232075
46636	-3.058846	-9.121038	-0.356277
46637	-3.165066	-8.140359	-0.457783
46638	-3.290726	-7.207656	-0.515512
46639	-3.416893	-6.334360	-0.523528
46640	-3.546483	-5.501247	-0.508789
46641	-3.653670	-4.699186	-0.476849
46642	-3.733010	-3.933875	-0.430228
46643	-3.799181	-3.230292	-0.389646
46644	-3.855241	-2.600805	-0.374485
46645	-3.878572	-2.054680	-0.373646
46646	-3.866452	-1.587221	-0.385681
46647	-3.818794	-1.193123	-0.409586
46648	-3.730794	-0.857460	-0.450336
46649	-3.614474	-0.553282	-0.500645
46650	-3.489491	-0.269532	-0.548256
46651	-3.379717	-0.004671	-0.583092
46652	-3.284860	0.239751	-0.603184
46653	-3.191363	0.441339	-0.594632
46654	-3.087991	0.579515	-0.541008
46655	-2.997646	0.619902	-0.452645
46656	-2.904058	0.535097	-0.337956
46657	-2.771667	0.314785	-0.180883
46658	-2.577059	-0.053533	0.010763
46659	-2.302958	-0.593652	0.219025
46660	-1.944483	-1.232758	0.412399
46661	-1.511068	-1.880420	0.552801
46662	-1.027627	-2.447673	0.627787
46663	-0.641019	-2.844741	0.581792
46664	-0.419465	-3.085392	0.430130
46665	-0.376272	-3.230752	0.214627
46666	-0.425721	-3.357411	0.004807
46667	-0.478603	-3.523403	-0.133129
46668	-0.360403	-3.475640	-0.064333
46669	-0.273625	-2.745765	0.109437
46670	-0.331977	-2.295792	0.110323
46671	-0.148449	-1.995434	0.122464
46672	-0.062957	-1.763954	0.061244
46673	0.065787	-1.583356	0.015994
46674	0.176457	-1.581963	0.001259
46675	0.323981	-1.661599	0.013896
46676	0.378744	-1.787326	-0.044088
46677	0.414579	-1.909959	-0.122812
46678	0.438938	-2.090585	-0.149370
46679	0.411898	-2.261484	-0.136253
46680	0.364351	-2.394489	-0.108817
46681	0.301824	-2.494857	-0.072983
46682	0.230315	-2.531594	-0.028337
46683	0.160301	-2.501676	0.025445
46684	0.113970	-2.386371	0.068137
46685	0.080022	-2.188243	0.094515
46686	0.078190	-1.916049	0.105046
46687	0.088330	-1.635269	0.075636
46688	0.104876	-1.427715	0.038663
46689	0.153080	-1.274222	0.007733
46690	0.208180	-1.164162	-0.018426
46691	0.248281	-1.114303	-0.042571
46692	0.254356	-1.095674	-0.059730
46693	0.220551	-1.142043	-0.076386
46694	0.171436	-1.173665	-0.095941
46695	0.112912	-1.187438	-0.113162
46696	0.053876	-1.174564	-0.131578
46697	0.005422	-1.157279	-0.150647
46698	-0.035300	-1.121358	-0.168385
46699	-0.071444	-1.071310	-0.183373
46700	-0.103377	-1.017823	-0.198523
46701	-0.118322	-0.944049	-0.208685
46702	-0.115778	-0.865591	-0.222110
46703	-0.097659	-0.781004	-0.235936
46704	-0.057737	-0.705647	-0.245968
46705	0.001560	-0.632933	-0.253998
46706	0.060180	-0.567940	-0.258140
46707	0.107856	-0.504847	-0.257782
46708	0.162442	-0.435814	-0.259510
46709	0.228961	-0.346792	-0.257290
46710	0.277629	-0.258020	-0.258456
46711	0.300904	-0.164736	-0.256086
46712	0.302433	-0.077613	-0.252901
46713	0.274957	-0.020823	-0.239800
46714	0.222525	0.018378	-0.220010
46715	0.172695	0.047082	-0.197776
46716	0.127552	0.061495	-0.171638
46717	0.078877	0.058384	-0.142786
46718	0.051432	0.066763	-0.115437
46719	0.035596	0.073291	-0.093822
46720	0.046988	0.104714	-0.075693
46721	0.093157	0.148758	-0.058856
46722	0.176727	0.207517	-0.043359
46723	0.298355	0.284248	-0.030223
46724	0.435742	0.370365	-0.025473
46725	0.569375	0.464875	-0.026571
46726	0.701160	0.562850	-0.027900
46727	0.801956	0.650363	-0.035715
46728	0.853151	0.702077	-0.049513
46729	0.886447	0.745283	-0.058041
46730	0.900843	0.775934	-0.061153
46731	0.899063	0.790355	-0.060132
46732	0.890654	0.795227	-0.056857
46733	0.863081	0.772901	-0.062664
46734	0.803801	0.726915	-0.080195
46735	0.706016	0.677349	-0.091859
46736	0.577636	0.622042	-0.093717
46737	0.426008	0.575328	-0.090317
46738	0.257375	0.534888	-0.081957
46739	0.109630	0.507347	-0.067746
46740	-0.006917	0.479325	-0.041558
46741	-0.119674	0.454799	-0.015200
46742	-0.211007	0.437818	0.006237
46743	-0.283913	0.422505	0.033272
46744	-0.352599	0.389099	0.057674
46745	-0.420736	0.342787	0.080725
46746	-0.475961	0.278754	0.106932
46747	-0.542495	0.210615	0.137848
46748	-0.615074	0.136938	0.167958
46749	-0.691996	0.059755	0.198348
46750	-0.757522	-0.002183	0.225957
46751	-0.835672	-0.062680	0.253569
46752	-0.931027	-0.108375	0.277086
46753	-1.038917	-0.151112	0.290407
46754	-1.153063	-0.202583	0.306399
46755	-1.260538	-0.241994	0.323683
46756	-1.369140	-0.273374	0.339950
46757	-1.465902	-0.297840	0.365504
46758	-1.563360	-0.318436	0.391551
46759	-1.669571	-0.336175	0.425808
46760	-1.818341	-0.358684	0.461595
46761	-1.970447	-0.379972	0.495228
46762	-2.124677	-0.409913	0.530976
46763	-2.264343	-0.438059	0.562770
46764	-2.396424	-0.464684	0.599036
46765	-2.512226	-0.495812	0.629210
46766	-2.611498	-0.534328	0.664637
46767	-2.701630	-0.573016	0.697885
46768	-2.781006	-0.615879	0.732488
46769	-2.853720	-0.652752	0.764852
46770	-2.924666	-0.686568	0.790859
46771	-2.990814	-0.712267	0.815164
46772	-3.061195	-0.732257	0.836354
46773	-3.133918	-0.740889	0.854881
46774	-3.212737	-0.740228	0.869632
46775	-3.291133	-0.738057	0.886319
46776	-3.352041	-0.733094	0.907714
46777	-3.407122	-0.728193	0.929571
46778	-3.462402	-0.728491	0.954149
46779	-3.514146	-0.737456	0.981320
46780	-3.562671	-0.743558	1.013296
46781	-3.601327	-0.748289	1.044758
46782	-3.639415	-0.755718	1.076606
46783	-3.667171	-0.757442	1.108328
46784	-3.691311	-0.756315	1.134728
46785	-3.705073	-0.750611	1.156083
46786	-3.713376	-0.744547	1.177660
46787	-3.718076	-0.734849	1.194925
46788	-3.715779	-0.721282	1.208943
46789	-3.703662	-0.695043	1.219718
46790	-3.690769	-0.673982	1.226191
46791	-3.664786	-0.661148	1.234757
46792	-3.628441	-0.606496	1.244858
46793	-3.615623	-0.623229	1.251908
46794	-3.566829	-0.608503	1.274789
46795	-3.548456	-0.607264	1.281577
46796	-3.520107	-0.609038	1.300538
46797	-3.508926	-0.592996	1.311813
46798	-3.505381	-0.595049	1.324176
46799	-3.495548	-0.601110	1.346710
46800	-3.493470	-0.607531	1.365706
46801	-3.487145	-0.624593	1.388613
46802	-3.484139	-0.638119	1.414794
46803	-3.473059	-0.649079	1.444218
46804	-3.459723	-0.659466	1.475675
46805	-3.453022	-0.675190	1.501465
46806	-3.436642	-0.685344	1.534098
46807	-3.421420	-0.701832	1.561555
46808	-3.400319	-0.715130	1.590888
46809	-3.368524	-0.728496	1.622992
46810	-3.344072	-0.749822	1.652692
46811	-3.308612	-0.764073	1.684140
46812	-3.273974	-0.787003	1.714709
46813	-3.235688	-0.815126	1.747328
46814	-3.190518	-0.833607	1.772825
46815	-3.151325	-0.861051	1.787097
46816	-3.098787	-0.882543	1.798237
46817	-3.040652	-0.899614	1.802024
46818	-2.980616	-0.919439	1.803227
46819	-2.915241	-0.933902	1.803031
46820	-2.858036	-0.949988	1.796409
46821	-2.804886	-0.965401	1.791516
46822	-2.751504	-0.976330	1.782909
46823	-2.700270	-0.987406	1.766111
46824	-2.653801	-0.995051	1.747469
46825	-2.609069	-1.001486	1.723523
46826	-2.569427	-1.005390	1.688705
46827	-2.569213	-1.014225	1.627734
46828	-2.666741	-1.006808	1.529776
46829	-2.819859	-0.968117	1.405719
46830	-2.882623	-0.896043	1.290805
46831	-2.885673	-0.820390	1.179331
46832	-2.818880	-0.728913	1.066237
46833	-2.699671	-0.649445	0.948532
46834	-2.588250	-0.596743	0.816076
46835	-2.510467	-0.566856	0.679670
46836	-2.446652	-0.539664	0.567022
46837	-2.373820	-0.513569	0.487615
46838	-2.313642	-0.491037	0.418939
46839	-2.247973	-0.467185	0.359674
46840	-2.196594	-0.441688	0.308266
46841	-2.153390	-0.417985	0.263650
46842	-2.106459	-0.373367	0.229679
46843	-2.034938	-0.339545	0.200043
46844	-1.963265	-0.312929	0.184476
46845	-1.888224	-0.311722	0.177544
46846	-1.827829	-0.333178	0.182453
46847	-1.769226	-0.368384	0.194038
46848	-1.712533	-0.415015	0.208884
46849	-1.660200	-0.467780	0.229233
46850	-1.617891	-0.522900	0.254101
46851	-1.581747	-0.573984	0.281053
46852	-1.544761	-0.617012	0.306989
46853	-1.512450	-0.659442	0.331537
46854	-1.478308	-0.691132	0.351783
46855	-1.442419	-0.717998	0.371593
46856	-1.406813	-0.740651	0.389788
46857	-1.369650	-0.761154	0.404851
46858	-1.332019	-0.776403	0.417218
46859	-1.295035	-0.789603	0.427316
46860	-1.254643	-0.799398	0.435171
46861	-1.214497	-0.811336	0.442319
46862	-1.169170	-0.820059	0.448393
46863	-1.125640	-0.825061	0.452918
46864	-1.077664	-0.826382	0.456269
46865	-1.032101	-0.825451	0.456198
46866	-0.988496	-0.819503	0.455330
46867	-0.947005	-0.812062	0.453175
46868	-0.919761	-0.803067	0.450730
46869	-0.900115	-0.796052	0.450023
46870	-0.886235	-0.789780	0.451946
46871	-0.879394	-0.785610	0.450621
46872	-0.879472	-0.786033	0.451290
46873	-0.885895	-0.788013	0.453736
46874	-0.890509	-0.792229	0.456536
46875	-0.895249	-0.794989	0.458197
46876	-0.897009	-0.794629	0.459652
46877	-0.895860	-0.792592	0.461177
46878	-0.895643	-0.793781	0.463979
46879	-0.895213	-0.789776	0.464204
46880	-0.893506	-0.788892	0.464852
46881	-0.893195	-0.788473	0.465503
46882	-0.894339	-0.786647	0.468844
46883	-0.895182	-0.784564	0.470214
46884	-0.894849	-0.782167	0.472591
46885	-0.895588	-0.778002	0.474724
46886	-0.895150	-0.773523	0.477866
46887	-0.892095	-0.766599	0.478947
46888	-0.889113	-0.758279	0.479804
46889	-0.885004	-0.749587	0.480754
46890	-0.882333	-0.742002	0.480670
46891	-0.877801	-0.734509	0.480792
46892	-0.873265	-0.726542	0.483830
46893	-0.869571	-0.720667	0.483076
46894	-0.866196	-0.716548	0.485483
46895	-0.861150	-0.709676	0.486729
46896	-0.856721	-0.703791	0.489007
46897	-0.851458	-0.696767	0.489246
46898	-0.845851	-0.689543	0.488432
46899	-0.843635	-0.684240	0.488645
46900	-0.840355	-0.680702	0.489103
46901	-0.842559	-0.675609	0.491016
46902	-0.844247	-0.676167	0.495611
46903	-0.849226	-0.676570	0.501999
46904	-0.855331	-0.677337	0.508293
46905	-0.865027	-0.677178	0.514252
46906	-0.875963	-0.675457	0.521893
46907	-0.886814	-0.673635	0.528573
46908	-0.901407	-0.673593	0.533113
46909	-0.919181	-0.675323	0.537674
46910	-0.938713	-0.674871	0.542797
46911	-0.955132	-0.679615	0.546822
46912	-0.970609	-0.685688	0.554056
46913	-0.989488	-0.693691	0.562326
46914	-1.009171	-0.699820	0.570262
46915	-1.027415	-0.708869	0.576702
46916	-1.044148	-0.713856	0.582719
46917	-1.062978	-0.715856	0.586250
46918	-1.078313	-0.719355	0.588164
46919	-1.092176	-0.718763	0.588734
46920	-1.105479	-0.717808	0.587239
46921	-1.117645	-0.716497	0.585835
46922	-1.129487	-0.716473	0.584567
46923	-1.139766	-0.717293	0.582558
46924	-1.147444	-0.725719	0.581631
46925	-1.154061	-0.728866	0.580185
46926	-1.160789	-0.737606	0.578362
46927	-1.168585	-0.746104	0.577485
46928	-1.173523	-0.753541	0.575640
46929	-1.176054	-0.760212	0.573929
46930	-1.180570	-0.768849	0.571256
46931	-1.181864	-0.782117	0.569439
46932	-1.185364	-0.797497	0.567672
46933	-1.185536	-0.815431	0.567523
46934	-1.185417	-0.841650	0.567363
46935	-1.182944	-0.871617	0.570912
46936	-1.177761	-0.905595	0.575114
46937	-1.173573	-0.944289	0.580881
46938	-1.168144	-0.986069	0.587079
46939	-1.164054	-1.030788	0.597628
46940	-1.160544	-1.081406	0.609836
46941	-1.155243	-1.136683	0.625836
46942	-1.146147	-1.200668	0.644163
46943	-1.134142	-1.266974	0.668093
46944	-1.111468	-1.347907	0.700625
46945	-1.083670	-1.441583	0.737182
46946	-1.053060	-1.555124	0.779419
46947	-1.044621	-1.710773	0.823503
46948	-1.045957	-1.893703	0.887659
46949	-1.096579	-2.144820	0.955669
46950	-1.195705	-2.486977	1.027161
46951	-1.347731	-2.919256	1.113250
46952	-1.467178	-3.486525	1.260561
46953	-1.729323	-4.268451	1.360811
46954	-1.969432	-5.161833	1.429915
46955	-2.212226	-6.093563	1.459279
46956	-2.498330	-7.043663	1.425141
46957	-2.831351	-8.028141	1.374764
46958	-3.186787	-9.073377	1.353676
46959	-3.554882	-10.210776	1.378447
46960	-3.901133	-11.483741	1.503927
46961	-4.230916	-12.770346	1.730055
46962	-4.930262	-14.110921	1.832054
46963	-5.565537	-15.428183	2.027927
46964	-6.452724	-16.928555	2.239131
46965	-6.951562	-18.357064	2.669878
46966	-7.085680	-19.680065	3.198096
46967	-7.067006	-21.194399	3.567199
46968	-7.017474	-22.859644	3.629836
46969	-6.901887	-24.608950	3.375493
46970	-6.643144	-26.347393	2.860438
46971	-6.190416	-28.058457	2.161390
46972	-5.548715	-29.760450	1.327668
46973	-4.775859	-31.407135	0.395058
46974	-3.962496	-32.939528	-0.609099
46975	-3.162319	-34.333802	-1.650623
46976	-2.373845	-35.581365	-2.671229
46977	-1.599989	-36.641143	-3.590546
46978	-0.894689	-37.416480	-4.321500
46979	-0.326655	-37.876881	-4.797655
46980	0.086622	-38.036047	-4.989409
46981	0.327726	-37.916592	-4.912002
46982	0.410991	-37.551799	-4.605401
46983	0.358715	-36.994242	-4.133535
46984	0.201811	-36.280276	-3.558204
46985	-0.029768	-35.409453	-2.925421
46986	-0.330885	-34.399675	-2.284432
46987	-0.678216	-33.248814	-1.686816
46988	-0.967832	-32.000899	-1.171312
46989	-1.153492	-30.704510	-0.751511
46990	-1.258421	-29.373424	-0.442891
46991	-1.309958	-28.012599	-0.239809
46992	-1.324976	-26.633043	-0.139153
46993	-1.329116	-25.247749	-0.116916
46994	-1.349790	-23.824568	-0.131363
46995	-1.393727	-22.344499	-0.122428
46996	-1.487302	-20.824428	-0.066560
46997	-1.645474	-19.291153	0.032035
46998	-1.881071	-17.765153	0.149783
46999	-2.193816	-16.243846	0.244523
47000	-2.530582	-14.694632	0.297523
47001	-2.860836	-13.143128	0.297665
47002	-3.173185	-11.611544	0.224531
47003	-3.453611	-10.104377	0.080263
47004	-3.700146	-8.598997	-0.119237
47005	-3.927939	-7.126175	-0.357324
47006	-4.145917	-5.690962	-0.603288
47007	-4.362539	-4.296954	-0.811982
47008	-4.587883	-2.958401	-0.944878
47009	-4.850703	-1.712376	-0.990284
47010	-5.171390	-0.558268	-0.975718
47011	-5.498867	0.490187	-0.903164
47012	-5.759469	1.392946	-0.761684
47013	-5.931595	2.122915	-0.565337
47014	-6.046830	2.720842	-0.377395
47015	-6.097943	3.209060	-0.237972
47016	-6.025808	3.587538	-0.176818
47017	-5.798496	3.829049	-0.200927
47018	-5.411113	3.933659	-0.308391
47019	-4.860846	3.882180	-0.474278
47020	-4.160927	3.670651	-0.664967
47021	-3.342927	3.354435	-0.848670
47022	-2.487725	2.932505	-1.000009
47023	-1.676265	2.396417	-1.129147
47024	-0.933992	1.720995	-1.221761
47025	-0.253002	0.880247	-1.257410
47026	0.315704	-0.161304	-1.230519
47027	0.676507	-1.345593	-1.161511
47028	0.757188	-2.492000	-1.075834
47029	0.625740	-3.383274	-0.957588
47030	0.470696	-3.929521	-0.763605
47031	0.414588	-4.200933	-0.454878
47032	-0.040629	-4.176872	-0.176302
47033	0.131684	-3.002368	0.240083
47034	-0.235532	-2.377728	0.269158
47035	-0.167774	-1.774477	0.311091
47036	-0.229354	-1.533502	0.276254
47037	-0.118831	-1.283295	0.289810
47038	-0.008235	-1.238213	0.279799
47039	0.132139	-1.291512	0.278184
47040	0.227737	-1.396556	0.269721
47041	0.291459	-1.528870	0.249678
47042	0.334865	-1.638518	0.214432
47043	0.365718	-1.739814	0.172293
47044	0.410172	-1.804598	0.159288
47045	0.433138	-1.811732	0.155403
47046	0.444917	-1.785926	0.167137
47047	0.428831	-1.724664	0.183964
47048	0.381505	-1.607095	0.210284
47049	0.320303	-1.491038	0.233710
47050	0.262531	-1.388275	0.250731
47051	0.234497	-1.296777	0.261265
47052	0.226033	-1.219776	0.260808
47053	0.240341	-1.165100	0.257615
47054	0.264078	-1.127219	0.256002
47055	0.293803	-1.103893	0.259524
47056	0.325964	-1.086407	0.265877
47057	0.354800	-1.069252	0.272041
47058	0.385225	-1.073552	0.279618
47059	0.394498	-1.080146	0.289786
47060	0.371210	-1.104475	0.298188
47061	0.320053	-1.142968	0.306946
47062	0.262115	-1.166964	0.316617
47063	0.211947	-1.177714	0.325538
47064	0.172204	-1.169457	0.333180
47065	0.139302	-1.142141	0.342327
47066	0.111132	-1.103456	0.351565
47067	0.098209	-1.056634	0.358131
47068	0.092362	-1.004237	0.359585
47069	0.084678	-0.966620	0.354496
47070	0.051136	-0.953833	0.341954
47071	0.001127	-0.953480	0.312370
47072	-0.082576	-0.949244	0.261510
47073	-0.175026	-0.881377	0.220048
47074	-0.284541	-0.825641	0.177488
47075	-0.432496	-0.773466	0.131253
47076	-0.619993	-0.660521	0.067844
47077	-0.804828	-0.560269	0.004006
47078	-0.945770	-0.470646	-0.044155
47079	-1.042405	-0.400435	-0.074464
47080	-1.071437	-0.367202	-0.084042
47081	-1.035583	-0.331626	-0.073515
47082	-0.941512	-0.303985	-0.059337
47083	-0.824309	-0.275835	-0.041162
47084	-0.687116	-0.262195	-0.004532
47085	-0.529720	-0.270803	0.051519
47086	-0.359319	-0.284236	0.113276
47087	-0.189585	-0.288338	0.175114
47088	-0.030881	-0.265789	0.223184
47089	0.132443	-0.217514	0.257097
47090	0.315381	-0.150768	0.288064
47091	0.528440	-0.047978	0.322570
47092	0.737434	0.083639	0.338388
47093	0.940503	0.226456	0.339281
47094	1.116716	0.371342	0.327101
47095	1.277460	0.527084	0.309085
47096	1.424620	0.670404	0.292485
47097	1.533930	0.789958	0.277655
47098	1.608629	0.892462	0.263039
47099	1.669401	0.987899	0.252804
47100	1.723065	1.070926	0.251048
47101	1.777394	1.149596	0.246851
47102	1.821387	1.220100	0.247338
47103	1.850719	1.275092	0.250615
47104	1.870652	1.311196	0.257445
47105	1.880274	1.331995	0.265444
47106	1.875089	1.331144	0.273567
47107	1.855816	1.319202	0.284100
47108	1.841397	1.311684	0.293774
47109	1.836163	1.310205	0.308000
47110	1.832261	1.305212	0.319623
47111	1.834187	1.303034	0.329671
47112	1.830482	1.298214	0.340300
47113	1.824079	1.295993	0.351454
47114	1.819723	1.295192	0.361685
47115	1.808336	1.293769	0.376250
47116	1.791586	1.291046	0.386298
47117	1.768614	1.282990	0.395138
47118	1.735302	1.274434	0.402876
47119	1.699301	1.257653	0.408039
47120	1.645101	1.226175	0.416488
47121	1.555050	1.174742	0.417861
47122	1.447394	1.094328	0.413949
47123	1.332632	0.998431	0.408920
47124	1.188361	0.871732	0.404891
47125	1.026884	0.727695	0.398245
47126	0.833066	0.566178	0.388640
47127	0.608240	0.387677	0.374592
47128	0.363185	0.207150	0.359905
47129	0.111984	0.031846	0.346395
47130	-0.143449	-0.117986	0.325931
47131	-0.375148	-0.242429	0.309882
47132	-0.584736	-0.343655	0.293874
47133	-0.763829	-0.418863	0.279092
47134	-0.914816	-0.479772	0.271357
47135	-1.036981	-0.517209	0.265534
47136	-1.139490	-0.546384	0.264458
47137	-1.228434	-0.561154	0.262885
47138	-1.306475	-0.571552	0.260672
47139	-1.378216	-0.584795	0.259362
47140	-1.447395	-0.601690	0.261723
47141	-1.513647	-0.618388	0.265371
47142	-1.578374	-0.638994	0.271636
47143	-1.641764	-0.662051	0.279391
47144	-1.694373	-0.688728	0.290436
47145	-1.740834	-0.712283	0.306679
47146	-1.785623	-0.733171	0.322719
47147	-1.832257	-0.743906	0.335410
47148	-1.869426	-0.750779	0.348313
47149	-1.889312	-0.748427	0.363406
47150	-1.894516	-0.728453	0.377364
47151	-1.924280	-0.709973	0.384668
47152	-1.901939	-0.697665	0.410717
47153	-1.890557	-0.678904	0.432153
47154	-1.895213	-0.678464	0.447585
47155	-1.864210	-0.638022	0.463773
47156	-1.834084	-0.630089	0.488971
47157	-1.800420	-0.612666	0.506228
47158	-1.751614	-0.605690	0.524913
47159	-1.705334	-0.596590	0.541153
47160	-1.672975	-0.595246	0.551218
47161	-1.630777	-0.596190	0.561323
47162	-1.598335	-0.620164	0.573467
47163	-1.573152	-0.645473	0.580176
47164	-1.551197	-0.678127	0.586491
47165	-1.532168	-0.708395	0.594332
47166	-1.512585	-0.735330	0.597743
47167	-1.492134	-0.758624	0.602818
47168	-1.471149	-0.774585	0.606012
47169	-1.446462	-0.781410	0.606380
47170	-1.424525	-0.792199	0.610030
47171	-1.397635	-0.794922	0.612091
47172	-1.370705	-0.797626	0.614139
47173	-1.341164	-0.795945	0.615878
47174	-1.310665	-0.792133	0.612376
47175	-1.280223	-0.784349	0.611447
47176	-1.253791	-0.775522	0.607048
47177	-1.232009	-0.768088	0.600460
47178	-1.217631	-0.765047	0.591786
47179	-1.205957	-0.760952	0.584820
47180	-1.198418	-0.755383	0.577341
47181	-1.190858	-0.749273	0.571842
47182	-1.181741	-0.741063	0.564181
47183	-1.169154	-0.734784	0.560066
47184	-1.155931	-0.723094	0.552324
47185	-1.140005	-0.710441	0.543689
47186	-1.122005	-0.694802	0.532841
47187	-1.107839	-0.675016	0.515173
47188	-1.098605	-0.650859	0.492563
47189	-1.100632	-0.629423	0.465369
47190	-1.130772	-0.600608	0.420945
47191	-1.183836	-0.562180	0.360492
47192	-1.239144	-0.513006	0.295555
47193	-1.290963	-0.455320	0.233960
47194	-1.320404	-0.403702	0.184918
47195	-1.333387	-0.363882	0.151707
47196	-1.336101	-0.332465	0.127344
47197	-1.330266	-0.311144	0.116965
47198	-1.320433	-0.297331	0.112808
47199	-1.306679	-0.288108	0.112546
47200	-1.297310	-0.287544	0.114930
47201	-1.291568	-0.291128	0.118522
47202	-1.289365	-0.300254	0.124463
47203	-1.289835	-0.312352	0.129543
47204	-1.287544	-0.329367	0.138419
47205	-1.288373	-0.349669	0.148453
47206	-1.287699	-0.373817	0.161052
47207	-1.277995	-0.400331	0.179718
47208	-1.260794	-0.427831	0.199084
47209	-1.236955	-0.458980	0.221439
47210	-1.206171	-0.486525	0.245930
47211	-1.174770	-0.512197	0.266232
47212	-1.140114	-0.540448	0.289087
47213	-1.107865	-0.560058	0.306729
47214	-1.076652	-0.582884	0.325646
47215	-1.052845	-0.608152	0.343257
47216	-1.035761	-0.630338	0.355917
47217	-1.018639	-0.650528	0.369378
47218	-1.005745	-0.669791	0.380354
47219	-0.992487	-0.684829	0.391902
47220	-0.979770	-0.699755	0.400345
47221	-0.968903	-0.710561	0.410205
47222	-0.957500	-0.717991	0.415664
47223	-0.947105	-0.725178	0.422042
47224	-0.938636	-0.730754	0.427054
47225	-0.931683	-0.735465	0.431864
47226	-0.925189	-0.739492	0.435532
47227	-0.921289	-0.745920	0.440296
47228	-0.918783	-0.749850	0.443636
47229	-0.915979	-0.755606	0.444199
47230	-0.912944	-0.758652	0.447479
47231	-0.908676	-0.759847	0.449654
47232	-0.905924	-0.762115	0.450803
47233	-0.903955	-0.763987	0.451864
47234	-0.900697	-0.766877	0.454134
47235	-0.897466	-0.768333	0.455247
47236	-0.892849	-0.768736	0.458351
47237	-0.887298	-0.768013	0.459399
47238	-0.882132	-0.766032	0.461266
47239	-0.874734	-0.764948	0.465449
47240	-0.867046	-0.762135	0.467422
47241	-0.858118	-0.757472	0.468292
47242	-0.850506	-0.755223	0.468306
47243	-0.844506	-0.754187	0.467338
47244	-0.837748	-0.749557	0.469031
47245	-0.834721	-0.749668	0.469975
47246	-0.831174	-0.747883	0.467698
47247	-0.830039	-0.745873	0.469259
47248	-0.828734	-0.745700	0.469006
47249	-0.827172	-0.744880	0.469727
47250	-0.827129	-0.745120	0.469419
47251	-0.829452	-0.747618	0.469196
47252	-0.829859	-0.748172	0.470907
47253	-0.831450	-0.751135	0.470795
47254	-0.833852	-0.751638	0.472341
47255	-0.835972	-0.755482	0.472287
47256	-0.835951	-0.757222	0.473157
47257	-0.836280	-0.759769	0.473100
47258	-0.837520	-0.761924	0.473916
47259	-0.839134	-0.766391	0.474984
47260	-0.841230	-0.771654	0.476084
47261	-0.844939	-0.778142	0.476205
47262	-0.849054	-0.784859	0.478321
47263	-0.850567	-0.792744	0.478776
47264	-0.852441	-0.797848	0.478870
47265	-0.854056	-0.802316	0.479939
47266	-0.856259	-0.809649	0.480261
47267	-0.858427	-0.816503	0.482568
47268	-0.859067	-0.822695	0.483895
47269	-0.856219	-0.825443	0.482096
47270	-0.854414	-0.831369	0.481568
47271	-0.854970	-0.834075	0.482522
47272	-0.853065	-0.837929	0.482776
47273	-0.850948	-0.840212	0.480866
47274	-0.849269	-0.844222	0.482129
47275	-0.848337	-0.846354	0.482126
47276	-0.847467	-0.850463	0.481317
47277	-0.847570	-0.852853	0.480252
47278	-0.844683	-0.855505	0.478428
47279	-0.844381	-0.855101	0.479097
47280	-0.841622	-0.855840	0.479065
47281	-0.838671	-0.856518	0.478047
47282	-0.837705	-0.858553	0.478021
47283	-0.836268	-0.861309	0.479138
47284	-0.833712	-0.860700	0.478938
47285	-0.831745	-0.862575	0.479997
47286	-0.830147	-0.861658	0.480696
47287	-0.827928	-0.861870	0.479567
47288	-0.826331	-0.860952	0.480266
47289	-0.826257	-0.860706	0.481944
47290	-0.824988	-0.862015	0.482869
47291	-0.824485	-0.862959	0.483706
47292	-0.821930	-0.862346	0.483506
47293	-0.820393	-0.863033	0.485406
47294	-0.817310	-0.861539	0.485149
47295	-0.816806	-0.862482	0.485986
47296	-0.814455	-0.860521	0.485618
47297	-0.812590	-0.858979	0.487293
47298	-0.811199	-0.856711	0.487824
47299	-0.809308	-0.853664	0.488321
47300	-0.806304	-0.852733	0.486104
47301	-0.804741	-0.851914	0.486827
47302	-0.804639	-0.851564	0.488482
47303	-0.804010	-0.854419	0.487525
47304	-0.805244	-0.855047	0.487164
47305	-0.805548	-0.856089	0.485929
47306	-0.806781	-0.856716	0.485568
47307	-0.806884	-0.859105	0.484500
47308	-0.808346	-0.859891	0.485149
47309	-0.809509	-0.864042	0.484196
47310	-0.810014	-0.865134	0.483946
47311	-0.809940	-0.864890	0.485625
47312	-0.810875	-0.864795	0.486218
47313	-0.810071	-0.865016	0.488008
47314	-0.808685	-0.862743	0.488541
47315	-0.808131	-0.860677	0.487024
47316	-0.806442	-0.857679	0.488510
47317	-0.804398	-0.855038	0.486037
47318	-0.800288	-0.853279	0.486846
47319	-0.797110	-0.848314	0.486223
47320	-0.795197	-0.845158	0.486701
47321	-0.792574	-0.842579	0.487312
47322	-0.788897	-0.839634	0.488966
47323	-0.784509	-0.837265	0.490753
47324	-0.781739	-0.831002	0.490952
47325	-0.777628	-0.827851	0.490610
47326	-0.772462	-0.824331	0.491310
47327	-0.768478	-0.819271	0.492765
47328	-0.764044	-0.815285	0.493356
47329	-0.760363	-0.810947	0.493858
47330	-0.755930	-0.806960	0.494450
47331	-0.753081	-0.804224	0.494056
47332	-0.748447	-0.801584	0.494813
47333	-0.745852	-0.800514	0.496604
47334	-0.743642	-0.796636	0.498041
47335	-0.741021	-0.794060	0.498656
47336	-0.738181	-0.792716	0.499415
47337	-0.737881	-0.792315	0.500085
47338	-0.736807	-0.790759	0.499668
47339	-0.735220	-0.788438	0.499219
47340	-0.731649	-0.787558	0.500091
47341	-0.728573	-0.784664	0.498690
47342	-0.724500	-0.784409	0.500686
47343	-0.721450	-0.783020	0.500460
47344	-0.717123	-0.781098	0.500265
47345	-0.714629	-0.782096	0.501269
47346	-0.710605	-0.780893	0.500119
47347	-0.705790	-0.779717	0.501070
47348	-0.703634	-0.774890	0.499374
47349	-0.699979	-0.772062	0.501059
47350	-0.694369	-0.768220	0.499753
47351	-0.687636	-0.762179	0.500324
47352	-0.681422	-0.756897	0.500924
47353	-0.674261	-0.752043	0.500654
47354	-0.667922	-0.748665	0.499464
47355	-0.661493	-0.743346	0.499084
47356	-0.653894	-0.739555	0.497951
47357	-0.647264	-0.735582	0.497738
