// General information: 
//  MT Manager version: 2021.4.0 
//  XDA version: 2021.4.0 build 6323 rev 112641 built on 2021-09-28
// Device information: 
//  DeviceId: 00B43859
//  ProductCode: MTW2-3A7G6
//  Firmware Version: 4.3.4
//  Hardware Version: 1.1.0
// Device settings: 
//  Filter Profile: human(46.1)
//  Option Flags: Orientation Smoother Disabled, Position/Velocity Smoother Disabled, Continuous Zero Rotation Update Disabled, AHS Disabled, ICC Disabled
// Coordinate system: ENU
PacketCounter	Roll	Pitch	Yaw
45896	0.003746	0.019455	0.134159
45897	0.003534	0.022082	0.126905
45898	0.002163	0.026604	0.118815
45899	0.000290	0.031198	0.105872
45900	-0.001755	0.031408	0.101776
45901	-0.004907	0.035889	0.092872
45902	-0.008450	0.038749	0.094135
45903	-0.009553	0.042386	0.093165
45904	-0.012790	0.042860	0.098874
45905	-0.013130	0.044600	0.103789
45906	-0.013456	0.047944	0.113206
45907	-0.014170	0.052704	0.114480
45908	-0.013849	0.048425	0.119538
45909	-0.012711	0.045594	0.123495
45910	-0.010526	0.043665	0.128462
45911	-0.007044	0.042541	0.128747
45912	-0.003203	0.042227	0.138833
45913	-0.000465	0.038696	0.141276
45914	0.000466	0.036167	0.154445
45915	0.003702	0.033489	0.159975
45916	0.009196	0.029377	0.164912
45917	0.014161	0.021634	0.158714
45918	0.018779	0.021007	0.154193
45919	0.024210	0.017477	0.136950
45920	0.030654	0.014042	0.122034
45921	0.038475	0.010018	0.102239
45922	0.045920	0.005069	0.083985
45923	0.052820	-0.000976	0.071312
45924	0.061491	-0.003818	0.064397
45925	0.069427	-0.008316	0.064538
45926	0.075490	-0.014425	0.068861
45927	0.085939	-0.018748	0.073373
45928	0.095387	-0.022486	0.081970
45929	0.104332	-0.024339	0.094365
45930	0.113729	-0.027276	0.121589
45931	0.121236	-0.029752	0.124453
45932	0.126817	-0.029596	0.119708
45933	0.135981	-0.033819	0.109166
45934	0.139801	-0.035972	0.104557
45935	0.146153	-0.037671	0.099293
45936	0.149542	-0.040553	0.087294
45937	0.152412	-0.042248	0.083661
45938	0.155079	-0.040437	0.076419
45939	0.156341	-0.039389	0.079828
45940	0.158123	-0.038802	0.078987
45941	0.160212	-0.037714	0.088003
45942	0.162562	-0.039041	0.091587
45943	0.165150	-0.037102	0.103688
45944	0.168278	-0.035459	0.109592
45945	0.171154	-0.034171	0.117570
45946	0.173233	-0.032514	0.117810
45947	0.174383	-0.031197	0.120379
45948	0.177634	-0.028639	0.116824
45949	0.180778	-0.025746	0.107108
45950	0.181240	-0.021708	0.095454
45951	0.183571	-0.017912	0.086218
45952	0.185739	-0.016431	0.077570
45953	0.187308	-0.015984	0.064409
45954	0.187699	-0.017271	0.050683
45955	0.190187	-0.017995	0.037884
45956	0.193250	-0.020402	0.033860
45957	0.194565	-0.025648	0.027343
45958	0.198520	-0.028986	0.020494
45959	0.202699	-0.032773	0.013945
45960	0.207060	-0.038304	0.008480
45961	0.211940	-0.042720	0.000612
45962	0.216546	-0.048973	-0.010426
45963	0.219903	-0.058043	-0.020619
45964	0.223875	-0.062474	-0.043663
45965	0.229253	-0.064881	-0.061457
45966	0.237049	-0.072059	-0.081394
45967	0.241914	-0.079455	-0.100868
45968	0.247910	-0.086299	-0.123444
45969	0.251289	-0.093264	-0.140558
45970	0.255678	-0.098640	-0.155323
45971	0.259602	-0.102864	-0.157191
45972	0.265208	-0.106037	-0.166264
45973	0.266931	-0.113346	-0.163054
45974	0.268603	-0.117539	-0.164222
45975	0.271743	-0.123119	-0.152048
45976	0.273861	-0.129356	-0.142442
45977	0.276826	-0.136602	-0.130826
45978	0.277361	-0.144112	-0.122817
45979	0.276122	-0.151670	-0.114327
45980	0.277363	-0.156280	-0.095061
45981	0.273947	-0.158639	-0.084294
45982	0.271464	-0.160041	-0.072439
45983	0.266844	-0.162622	-0.063433
45984	0.263918	-0.160318	-0.061489
45985	0.259505	-0.155003	-0.060256
45986	0.256166	-0.152727	-0.061473
45987	0.252814	-0.155196	-0.056507
45988	0.251152	-0.157011	-0.047568
45989	0.249351	-0.157975	-0.045244
45990	0.248083	-0.160762	-0.041500
45991	0.249366	-0.162856	-0.043053
45992	0.250468	-0.166973	-0.040868
45993	0.253766	-0.171794	-0.046657
45994	0.256897	-0.176276	-0.059651
45995	0.262666	-0.180762	-0.067721
45996	0.268516	-0.186327	-0.079650
45997	0.275205	-0.191981	-0.087357
45998	0.284162	-0.198005	-0.098630
45999	0.289978	-0.204691	-0.105576
46000	0.298238	-0.207947	-0.105978
46001	0.307592	-0.210648	-0.109328
46002	0.315906	-0.215346	-0.111524
46003	0.324385	-0.219080	-0.114112
46004	0.332554	-0.224589	-0.116758
46005	0.341292	-0.225825	-0.118509
46006	0.347093	-0.228819	-0.127725
46007	0.353009	-0.230528	-0.135799
46008	0.358656	-0.233924	-0.155801
46009	0.364831	-0.235182	-0.168559
46010	0.368289	-0.238280	-0.180440
46011	0.372365	-0.239693	-0.194757
46012	0.376305	-0.246206	-0.209227
46013	0.379926	-0.250677	-0.225498
46014	0.381064	-0.252784	-0.239233
46015	0.384820	-0.258625	-0.254100
46016	0.388797	-0.262787	-0.273356
46017	0.392922	-0.266397	-0.286547
46018	0.395293	-0.270821	-0.297555
46019	0.400390	-0.277802	-0.309258
46020	0.405434	-0.283683	-0.313326
46021	0.409805	-0.286882	-0.318755
46022	0.413674	-0.290080	-0.321139
46023	0.418683	-0.293793	-0.322087
46024	0.423241	-0.298174	-0.324538
46025	0.427954	-0.300090	-0.334370
46026	0.433511	-0.303663	-0.346987
46027	0.436494	-0.307606	-0.367732
46028	0.441755	-0.313800	-0.389005
46029	0.443673	-0.319339	-0.410103
46030	0.445407	-0.325372	-0.421122
46031	0.448546	-0.331824	-0.427460
46032	0.451322	-0.338209	-0.423116
46033	0.452018	-0.342009	-0.415579
46034	0.452299	-0.345781	-0.400627
46035	0.453078	-0.348748	-0.392811
46036	0.457384	-0.351615	-0.388836
46037	0.460613	-0.353099	-0.396306
46038	0.462624	-0.357547	-0.412843
46039	0.468712	-0.361658	-0.431388
46040	0.474204	-0.365085	-0.451188
46041	0.480411	-0.367371	-0.475813
46042	0.487270	-0.368683	-0.495717
46043	0.492854	-0.371592	-0.511820
46044	0.498731	-0.374766	-0.517741
46045	0.504199	-0.377445	-0.522248
46046	0.507290	-0.380151	-0.528205
46047	0.514235	-0.383293	-0.522638
46048	0.518540	-0.384141	-0.514467
46049	0.522686	-0.386821	-0.509136
46050	0.527584	-0.387759	-0.502957
46051	0.531257	-0.390309	-0.507061
46052	0.536303	-0.389053	-0.519085
46053	0.541575	-0.390205	-0.531632
46054	0.544339	-0.388118	-0.551649
46055	0.549275	-0.388460	-0.566716
46056	0.553047	-0.389789	-0.585318
46057	0.558261	-0.390822	-0.592067
46058	0.562959	-0.393734	-0.604687
46059	0.568368	-0.396293	-0.603396
46060	0.572144	-0.397607	-0.608918
46061	0.577748	-0.399602	-0.606511
46062	0.582034	-0.401174	-0.610628
46063	0.589511	-0.404512	-0.613859
46064	0.596563	-0.405134	-0.629547
46065	0.603843	-0.406945	-0.640817
46066	0.611801	-0.408796	-0.657742
46067	0.617793	-0.407528	-0.672454
46068	0.622613	-0.407000	-0.695462
46069	0.629667	-0.408265	-0.708410
46070	0.636070	-0.407972	-0.721447
46071	0.643575	-0.408265	-0.725524
46072	0.650217	-0.408600	-0.728420
46073	0.657812	-0.408105	-0.719788
46074	0.663452	-0.406452	-0.708091
46075	0.667330	-0.402286	-0.694542
46076	0.672943	-0.399019	-0.684938
46077	0.676147	-0.397376	-0.675018
46078	0.681409	-0.397280	-0.673476
46079	0.684912	-0.395300	-0.674030
46080	0.687949	-0.394078	-0.682989
46081	0.690602	-0.394193	-0.694649
46082	0.693713	-0.396855	-0.702843
46083	0.700125	-0.395603	-0.702323
46084	0.703991	-0.393946	-0.694029
46085	0.709718	-0.387975	-0.681167
46086	0.713356	-0.379874	-0.671498
46087	0.715029	-0.371469	-0.661750
46088	0.717934	-0.364520	-0.658236
46089	0.721998	-0.356645	-0.638615
46090	0.725248	-0.352863	-0.623700
46091	0.729384	-0.350342	-0.607900
46092	0.733647	-0.348048	-0.595441
46093	0.735909	-0.346232	-0.579513
46094	0.740788	-0.344929	-0.570654
46095	0.744467	-0.345472	-0.556800
46096	0.747921	-0.344828	-0.548507
46097	0.750653	-0.343104	-0.535577
46098	0.754202	-0.337947	-0.522788
46099	0.755849	-0.332584	-0.512185
46100	0.757080	-0.326426	-0.510343
46101	0.758544	-0.319579	-0.495344
46102	0.760528	-0.317380	-0.483709
46103	0.760470	-0.317279	-0.464084
46104	0.761393	-0.317638	-0.450819
46105	0.759587	-0.316455	-0.424711
46106	0.757181	-0.315951	-0.400523
46107	0.752675	-0.318701	-0.372391
46108	0.751094	-0.321881	-0.351403
46109	0.746269	-0.324920	-0.325226
46110	0.740644	-0.324827	-0.302798
46111	0.737397	-0.323323	-0.280120
46112	0.732774	-0.324546	-0.266911
46113	0.728813	-0.324461	-0.248428
46114	0.726312	-0.325627	-0.226662
46115	0.722725	-0.325390	-0.199571
46116	0.719586	-0.327844	-0.172199
46117	0.715007	-0.333601	-0.143193
46118	0.712551	-0.339585	-0.109131
46119	0.710712	-0.343613	-0.081015
46120	0.705737	-0.351583	-0.050204
46121	0.701378	-0.358967	-0.018935
46122	0.698289	-0.364015	0.024519
46123	0.696311	-0.373016	0.066252
46124	0.696860	-0.379824	0.105663
46125	0.695994	-0.377860	0.144342
46126	0.697803	-0.370185	0.181126
46127	0.698794	-0.366418	0.206652
46128	0.699377	-0.360236	0.233113
46129	0.700229	-0.354011	0.269133
46130	0.703443	-0.350147	0.325626
46131	0.708135	-0.343808	0.393556
46132	0.708991	-0.342579	0.470993
46133	0.707999	-0.340373	0.571239
46134	0.709478	-0.337649	0.685233
46135	0.718880	-0.330318	0.803537
46136	0.728734	-0.319676	0.893171
46137	0.734424	-0.308470	0.972341
46138	0.739159	-0.304063	1.012122
46139	0.741552	-0.294165	1.006951
46140	0.740137	-0.280758	0.949886
46141	0.741310	-0.269958	0.867467
46142	0.737670	-0.266500	0.794016
46143	0.734958	-0.268619	0.741405
46144	0.736223	-0.283112	0.715227
46145	0.737062	-0.304676	0.738568
46146	0.734889	-0.322533	0.794404
46147	0.725790	-0.336639	0.879005
46148	0.712822	-0.350514	0.976891
46149	0.697057	-0.363212	1.072923
46150	0.678102	-0.379637	1.142002
46151	0.642444	-0.408330	1.180577
46152	0.597608	-0.447995	1.172683
46153	0.544679	-0.498017	1.129410
46154	0.489215	-0.551198	1.056153
46155	0.431757	-0.605864	0.971076
46156	0.365818	-0.660024	0.875292
46157	0.293477	-0.715095	0.777033
46158	0.214439	-0.774334	0.677288
46159	0.131064	-0.835256	0.594888
46160	0.042700	-0.905461	0.529018
46161	-0.052350	-0.976104	0.479491
46162	-0.157047	-1.046742	0.428269
46163	-0.268896	-1.113380	0.389677
46164	-0.391522	-1.172100	0.349239
46165	-0.525582	-1.238604	0.325233
46166	-0.664458	-1.312721	0.298127
46167	-0.812154	-1.392787	0.264308
46168	-0.969536	-1.476528	0.221131
46169	-1.143880	-1.563799	0.174987
46170	-1.336256	-1.657947	0.119187
46171	-1.551410	-1.749900	0.072501
46172	-1.789824	-1.835917	0.009610
46173	-2.055471	-1.897488	-0.049518
46174	-2.346632	-1.926725	-0.102944
46175	-2.665886	-1.933039	-0.160456
46176	-3.018569	-1.939339	-0.231623
46177	-3.412759	-1.938308	-0.285910
46178	-3.842326	-1.910442	-0.344483
46179	-4.303552	-1.868287	-0.392795
46180	-4.781821	-1.804553	-0.479841
46181	-5.267707	-1.716068	-0.589951
46182	-5.768943	-1.595182	-0.693078
46183	-6.274811	-1.463916	-0.746890
46184	-6.785984	-1.345782	-0.829622
46185	-7.300912	-1.252388	-0.916229
46186	-7.816104	-1.159018	-1.023100
46187	-8.352007	-1.082573	-1.069843
46188	-8.905866	-0.995349	-1.009873
46189	-9.474770	-0.876377	-0.867950
46190	-10.053366	-0.719958	-0.649032
46191	-10.622513	-0.517632	-0.347642
46192	-11.179244	-0.257452	0.008304
46193	-11.724645	0.061079	0.388494
46194	-12.248907	0.435364	0.803193
46195	-12.753984	0.838780	1.277659
46196	-13.259477	1.272308	1.773735
46197	-13.817676	1.780779	2.272733
46198	-14.451321	2.344369	2.708476
46199	-15.196568	2.948551	2.956337
46200	-16.080530	3.589968	2.988852
46201	-17.128481	4.260683	2.806971
46202	-18.325477	4.953681	2.369218
46203	-19.641240	5.653370	1.709283
46204	-21.038997	6.377096	0.924087
46205	-22.491949	7.087791	0.048096
46206	-23.964540	7.753956	-0.912445
46207	-25.442611	8.418549	-1.934881
46208	-26.897796	9.035542	-2.973667
46209	-28.309902	9.570361	-4.033922
46210	-29.670380	10.051227	-5.147074
46211	-30.975071	10.495884	-6.288958
46212	-32.227388	10.893654	-7.421617
46213	-33.425967	11.207232	-8.503353
46214	-34.577030	11.380429	-9.550642
46215	-35.676594	11.432115	-10.605406
46216	-36.712736	11.377367	-11.642394
46217	-37.658060	11.273762	-12.624106
46218	-38.509905	11.150228	-13.553036
46219	-39.252528	11.036851	-14.401848
46220	-39.851255	10.964375	-15.118918
46221	-40.285343	10.959635	-15.653326
46222	-40.549352	11.038739	-16.014316
46223	-40.638489	11.213405	-16.195157
46224	-40.557905	11.462055	-16.215170
46225	-40.312149	11.761920	-16.114489
46226	-39.905015	12.050532	-15.933398
46227	-39.343458	12.334476	-15.671262
46228	-38.636590	12.603795	-15.347238
46229	-37.791543	12.855492	-14.967314
46230	-36.818363	13.072759	-14.568814
46231	-35.729638	13.278404	-14.139018
46232	-34.525022	13.475840	-13.664892
46233	-33.232982	13.614156	-13.196844
46234	-31.883595	13.676274	-12.792597
46235	-30.498666	13.679559	-12.447658
46236	-29.073380	13.613514	-12.141577
46237	-27.620335	13.434864	-11.927834
46238	-26.159008	13.130763	-11.853112
46239	-24.692715	12.738836	-11.916146
46240	-23.224486	12.331418	-12.103066
46241	-21.761658	11.940836	-12.328917
46242	-20.306423	11.598559	-12.531163
46243	-18.891161	11.346190	-12.725724
46244	-17.528341	11.158183	-12.856774
46245	-16.223170	10.965350	-12.891963
46246	-14.993441	10.720510	-12.890905
46247	-13.851427	10.476964	-12.885208
46248	-12.782328	10.254883	-12.825134
46249	-11.775640	10.048091	-12.718290
46250	-10.821871	9.869037	-12.589479
46251	-9.909007	9.698951	-12.409178
46252	-9.042430	9.531971	-12.187562
46253	-8.239040	9.381731	-11.943967
46254	-7.508535	9.225484	-11.688572
46255	-6.849874	9.038487	-11.442288
46256	-6.255640	8.827824	-11.221769
46257	-5.719138	8.614097	-11.017953
46258	-5.228721	8.433405	-10.808245
46259	-4.773839	8.292424	-10.596491
46260	-4.342789	8.187277	-10.373721
46261	-3.933447	8.077337	-10.133445
46262	-3.554033	7.922161	-9.872234
46263	-3.208935	7.722028	-9.585726
46264	-2.902854	7.499273	-9.233572
46265	-2.640095	7.211633	-8.810681
46266	-2.416988	6.887269	-8.380122
46267	-2.233272	6.591122	-7.958583
46268	-2.073918	6.324451	-7.509018
46269	-1.943754	6.068805	-7.052001
46270	-1.836813	5.830256	-6.625009
46271	-1.740951	5.615454	-6.223563
46272	-1.663663	5.449991	-5.848041
46273	-1.621680	5.355232	-5.522358
46274	-1.624129	5.314445	-5.259368
46275	-1.667966	5.308692	-5.080397
46276	-1.746987	5.326406	-4.996682
46277	-1.850967	5.368047	-4.999596
46278	-1.970128	5.427285	-5.060179
46279	-2.107469	5.487842	-5.140347
46280	-2.275381	5.542714	-5.227717
46281	-2.487062	5.605365	-5.294872
46282	-2.742669	5.736324	-5.334369
46283	-3.045858	5.954966	-5.351597
46284	-3.407023	6.250634	-5.370049
46285	-3.822838	6.592934	-5.387122
46286	-4.289755	6.855594	-5.455571
46287	-4.781757	6.994320	-5.555443
46288	-5.269794	7.092311	-5.513674
46289	-5.717050	7.180328	-5.254839
46290	-6.109176	7.284762	-4.842232
46291	-6.441092	7.431638	-4.340463
46292	-6.711328	7.597839	-3.760708
46293	-6.925020	7.775023	-3.168793
46294	-7.063684	7.980009	-2.631488
46295	-7.128385	8.162869	-2.183423
46296	-7.144405	8.279824	-1.851987
46297	-7.158841	8.349925	-1.616021
46298	-7.203962	8.425766	-1.453927
46299	-7.316160	8.529854	-1.393898
46300	-7.535491	8.646032	-1.472980
46301	-7.870538	8.760532	-1.717223
46302	-8.288366	8.856811	-2.125464
46303	-8.722742	8.928359	-2.644411
46304	-9.111786	8.978099	-3.181174
46305	-9.424677	9.041835	-3.663693
46306	-9.659357	9.152397	-4.040481
46307	-9.843696	9.324992	-4.281129
46308	-10.003267	9.571726	-4.365647
46309	-10.165317	9.889977	-4.321921
46310	-10.349845	10.243962	-4.186040
46311	-10.570816	10.605053	-3.986864
46312	-10.828494	10.979354	-3.742372
46313	-11.097003	11.391206	-3.481217
46314	-11.352095	11.829489	-3.241821
46315	-11.582973	12.242205	-3.057965
46316	-11.793652	12.608763	-2.942823
46317	-11.981474	12.962446	-2.871936
46318	-12.140357	13.323975	-2.830512
46319	-12.262413	13.666314	-2.835958
46320	-12.350900	13.960101	-2.844339
46321	-12.420877	14.247586	-2.823220
46322	-12.477541	14.586694	-2.713195
46323	-12.514362	14.966374	-2.500360
46324	-12.527738	15.326084	-2.195700
46325	-12.516870	15.629379	-1.859099
46326	-12.469741	15.875520	-1.506685
46327	-12.361855	16.076768	-1.123961
46328	-12.197970	16.223435	-0.759934
46329	-11.976830	16.300382	-0.457600
46330	-11.687168	16.308402	-0.146406
46331	-11.349242	16.278189	0.200210
46332	-11.006623	16.239818	0.518509
46333	-10.676163	16.200742	0.802978
46334	-10.356038	16.135187	0.999354
46335	-10.042100	16.041332	1.115372
46336	-9.726647	15.941757	1.188330
46337	-9.401840	15.866588	1.241135
46338	-9.056270	15.761039	1.304598
46339	-8.685943	15.690231	1.367456
46340	-8.299563	15.622923	1.447346
46341	-7.910727	15.545845	1.527089
46342	-7.529150	15.459354	1.600148
46343	-7.151106	15.335060	1.672457
46344	-6.772936	15.146175	1.709060
46345	-6.400621	14.894341	1.676603
46346	-6.034423	14.596487	1.558847
46347	-5.671011	14.268519	1.355159
46348	-5.299731	13.932346	1.091415
46349	-4.916169	13.605157	0.785198
46350	-4.519746	13.296920	0.456478
46351	-4.113387	12.982911	0.144062
46352	-3.693604	12.638152	-0.144097
46353	-3.251638	12.250969	-0.403550
46354	-2.803530	11.819540	-0.697051
46355	-2.347891	11.416402	-0.984159
46356	-1.893835	11.039804	-1.265214
46357	-1.438394	10.632079	-1.557313
46358	-0.992732	10.246551	-1.908929
46359	-0.556334	9.893588	-2.303676
46360	-0.118132	9.537882	-2.662505
46361	0.314014	9.215382	-3.039971
46362	0.735935	8.874617	-3.512617
46363	1.166674	8.513671	-3.907084
46364	1.596932	8.202625	-4.131870
46365	1.997214	7.914225	-4.295386
46366	2.355852	7.616854	-4.425236
46367	2.673676	7.369563	-4.558171
46368	2.968030	7.167419	-4.686035
46369	3.253825	6.988999	-4.798619
46370	3.527641	6.845671	-4.874929
46371	3.785047	6.725987	-4.925619
46372	4.019436	6.613563	-4.939473
46373	4.236030	6.526101	-4.909134
46374	4.428771	6.493810	-4.826033
46375	4.597371	6.532752	-4.698995
46376	4.749347	6.601760	-4.516442
46377	4.879640	6.671608	-4.290628
46378	4.975158	6.724881	-4.037095
46379	5.038239	6.772873	-3.787244
46380	5.076973	6.813956	-3.576226
46381	5.093134	6.853613	-3.365286
46382	5.107039	6.885444	-3.167597
46383	5.125450	6.873660	-3.007443
46384	5.129463	6.856241	-2.909986
46385	5.122385	6.857317	-2.859625
46386	5.116067	6.853645	-2.853314
46387	5.116006	6.835225	-2.887191
46388	5.130376	6.822878	-2.973672
46389	5.163554	6.802419	-3.089711
46390	5.220544	6.759180	-3.218273
46391	5.286267	6.713965	-3.365610
46392	5.361011	6.669062	-3.516214
46393	5.439801	6.625535	-3.682583
46394	5.516758	6.579734	-3.843802
46395	5.592049	6.538714	-3.997985
46396	5.668573	6.498000	-4.141573
46397	5.741689	6.460119	-4.277637
46398	5.804553	6.420524	-4.413884
46399	5.851240	6.389510	-4.551060
46400	5.880046	6.359592	-4.678212
46401	5.894148	6.322084	-4.795253
46402	5.890789	6.298568	-4.876609
46403	5.870232	6.274844	-4.938661
46404	5.827115	6.239480	-4.999754
46405	5.769289	6.194742	-5.054302
46406	5.709899	6.143202	-5.099451
46407	5.658096	6.086753	-5.123205
46408	5.612549	6.024063	-5.126892
46409	5.573590	5.953947	-5.129578
46410	5.537501	5.876586	-5.139415
46411	5.509465	5.806955	-5.137711
46412	5.487348	5.747858	-5.121150
46413	5.475517	5.681486	-5.099295
46414	5.470594	5.612054	-5.070022
46415	5.475605	5.543954	-5.033055
46416	5.485162	5.470419	-4.995099
46417	5.497537	5.399377	-4.965387
46418	5.513399	5.336895	-4.939843
46419	5.529119	5.282786	-4.919749
46420	5.544511	5.242152	-4.909103
46421	5.565368	5.205443	-4.894838
46422	5.586805	5.147681	-4.885062
46423	5.616157	5.082248	-4.860004
46424	5.651890	5.023550	-4.800385
46425	5.687975	4.990419	-4.693730
46426	5.728217	4.967582	-4.520424
46427	5.780568	4.946267	-4.307412
46428	5.827424	4.905422	-4.079600
46429	5.862102	4.901271	-3.795149
46430	5.881463	4.911525	-3.450487
46431	5.876850	4.903658	-3.074568
46432	5.857825	4.908216	-2.685266
46433	5.831442	4.930802	-2.309975
46434	5.796598	4.949441	-1.969927
46435	5.755297	4.972760	-1.677865
46436	5.713101	4.992223	-1.424337
46437	5.676641	5.018220	-1.209312
46438	5.640195	5.039149	-1.050212
46439	5.604800	5.050981	-0.949843
46440	5.572817	5.052855	-0.892263
46441	5.548152	5.043297	-0.871754
46442	5.530302	5.024521	-0.877604
46443	5.520991	5.002159	-0.898919
46444	5.512178	4.984823	-0.927184
46445	5.495738	4.973233	-0.949941
46446	5.471875	4.963201	-0.960153
46447	5.442900	4.955376	-0.951972
46448	5.409525	4.947237	-0.929509
46449	5.377673	4.941481	-0.891627
46450	5.343874	4.938579	-0.832696
46451	5.307340	4.930613	-0.759672
46452	5.268133	4.922832	-0.686119
46453	5.224641	4.927425	-0.613907
46454	5.184654	4.936226	-0.547412
46455	5.144431	4.942101	-0.486012
46456	5.104393	4.949056	-0.419276
46457	5.067711	4.953674	-0.340329
46458	5.034611	4.949681	-0.250592
46459	5.007515	4.936462	-0.160574
46460	4.986349	4.919409	-0.093535
46461	4.967543	4.899707	-0.054406
46462	4.946104	4.879514	-0.054222
46463	4.927225	4.856886	-0.085787
46464	4.905968	4.842407	-0.130400
46465	4.882385	4.836460	-0.188932
46466	4.853320	4.824909	-0.272253
46467	4.814757	4.817617	-0.376841
46468	4.773758	4.809821	-0.479206
46469	4.732751	4.796221	-0.572047
46470	4.695987	4.782765	-0.661510
46471	4.659485	4.745848	-0.771805
46472	4.634968	4.629518	-0.882325
46473	4.624207	4.464034	-0.969965
46474	4.632040	4.308517	-1.031280
46475	4.652106	4.172666	-1.082183
46476	4.661054	4.071842	-1.168428
46477	4.665852	3.979276	-1.305396
46478	4.660194	3.888419	-1.449555
46479	4.657941	3.806414	-1.575242
46480	4.659803	3.727472	-1.694526
46481	4.658456	3.656631	-1.805247
46482	4.657813	3.592156	-1.895093
46483	4.655593	3.545450	-1.960380
46484	4.652033	3.505198	-2.010281
46485	4.641178	3.464078	-2.051458
46486	4.628906	3.430185	-2.091528
46487	4.613904	3.413729	-2.135226
46488	4.591723	3.402824	-2.188128
46489	4.565465	3.389423	-2.243218
46490	4.534343	3.375364	-2.294702
46491	4.505151	3.362094	-2.346255
46492	4.477808	3.350282	-2.397515
46493	4.450773	3.336606	-2.442761
46494	4.425259	3.323902	-2.480081
46495	4.402726	3.315022	-2.512650
46496	4.380324	3.302722	-2.543557
46497	4.357113	3.286286	-2.587536
46498	4.334078	3.271362	-2.639653
46499	4.312112	3.259220	-2.691913
46500	4.287692	3.251033	-2.738316
46501	4.266475	3.244764	-2.773945
46502	4.243120	3.242419	-2.806705
46503	4.219054	3.240494	-2.834367
46504	4.193326	3.241653	-2.856653
46505	4.168084	3.245097	-2.877253
46506	4.142378	3.251543	-2.895636
46507	4.115642	3.260921	-2.910858
46508	4.087166	3.272556	-2.921003
46509	4.060292	3.288423	-2.924120
46510	4.031743	3.301563	-2.921108
46511	4.003508	3.314835	-2.912355
46512	3.972181	3.329316	-2.900608
46513	3.938906	3.337607	-2.888916
46514	3.906479	3.336903	-2.875795
46515	3.877835	3.328900	-2.861255
46516	3.854361	3.316159	-2.842557
46517	3.836592	3.300633	-2.831777
46518	3.823689	3.286305	-2.833007
46519	3.808614	3.270600	-2.849880
46520	3.790035	3.257833	-2.884347
46521	3.768897	3.241946	-2.940807
46522	3.746672	3.217474	-3.014659
46523	3.726627	3.187089	-3.091063
46524	3.707046	3.150302	-3.159174
46525	3.690080	3.115608	-3.210561
46526	3.676546	3.085929	-3.240392
46527	3.663688	3.064054	-3.250142
46528	3.646984	3.038784	-3.250693
46529	3.627719	3.005479	-3.245021
46530	3.606771	2.971419	-3.233453
46531	3.584545	2.947024	-3.216252
46532	3.563755	2.921418	-3.195834
46533	3.543269	2.898889	-3.179234
46534	3.520339	2.874563	-3.174353
46535	3.492584	2.856351	-3.190551
46536	3.460730	2.834334	-3.226597
46537	3.427307	2.810876	-3.275436
46538	3.395588	2.789638	-3.329504
46539	3.362230	2.769508	-3.392530
46540	3.332087	2.749003	-3.461988
46541	3.300354	2.728994	-3.526166
46542	3.266150	2.709081	-3.583969
46543	3.230166	2.688985	-3.628019
46544	3.194606	2.660215	-3.668395
46545	3.155611	2.635552	-3.708609
46546	3.114468	2.614796	-3.745986
46547	3.067809	2.600705	-3.784773
46548	3.017980	2.599942	-3.808497
46549	2.963310	2.607091	-3.825696
46550	2.895542	2.611597	-3.857588
46551	2.820748	2.604512	-3.891300
46552	2.742871	2.596191	-3.917052
46553	2.661135	2.593097	-3.930659
46554	2.570983	2.596404	-3.941264
46555	2.465460	2.608830	-3.961197
46556	2.348708	2.622701	-3.991787
46557	2.226262	2.625391	-4.026199
46558	2.098550	2.632018	-4.059964
46559	1.965334	2.650139	-4.099414
46560	1.819101	2.659988	-4.157178
46561	1.655934	2.661319	-4.233837
46562	1.476426	2.659117	-4.309226
46563	1.280908	2.664961	-4.368269
46564	1.064919	2.685591	-4.407578
46565	0.827039	2.713134	-4.427137
46566	0.564501	2.748280	-4.428679
46567	0.276078	2.793048	-4.434759
46568	-0.054930	2.843143	-4.461046
46569	-0.431586	2.869598	-4.497879
46570	-0.848321	2.880396	-4.543858
46571	-1.305441	2.922502	-4.652057
46572	-1.785591	2.989979	-4.807134
46573	-2.270729	3.070158	-4.982476
46574	-2.756494	3.166714	-5.178906
46575	-3.238962	3.281107	-5.403507
46576	-3.739778	3.425913	-5.693017
46577	-4.281396	3.595049	-6.013898
46578	-4.866673	3.744595	-6.313671
46579	-5.487738	3.868797	-6.590602
46580	-6.103711	3.991273	-6.838577
46581	-6.691023	4.145976	-7.046413
46582	-7.285685	4.348854	-7.233639
46583	-7.945705	4.586518	-7.435573
46584	-8.650546	4.800005	-7.657410
46585	-9.339632	5.004440	-7.893161
46586	-9.951922	5.213698	-8.132211
46587	-10.497951	5.379368	-8.337527
46588	-11.057042	5.569676	-8.537445
46589	-11.659046	5.834868	-8.630351
46590	-12.291856	6.192153	-8.522941
46591	-12.977103	6.594700	-8.290777
46592	-13.741307	7.184912	-7.960539
46593	-14.603924	7.941323	-7.516324
46594	-15.582373	8.808751	-7.115461
46595	-16.656921	9.772762	-6.824532
46596	-17.802475	10.791773	-6.695760
46597	-19.008840	11.775019	-6.772415
46598	-20.273926	12.689111	-7.071483
46599	-21.571214	13.545710	-7.557606
46600	-22.886105	14.342564	-8.195063
46601	-24.215887	15.029505	-8.986315
46602	-25.570943	15.603858	-9.965252
46603	-26.953147	16.052447	-11.102286
46604	-28.349306	16.392130	-12.333330
46605	-29.736094	16.620259	-13.603398
46606	-31.096623	16.765725	-14.855904
46607	-32.404430	16.847063	-16.014474
46608	-33.634537	16.876310	-17.026245
46609	-34.759410	16.881460	-17.840904
46610	-35.763056	16.895289	-18.429241
46611	-36.636542	16.923012	-18.794544
46612	-37.365265	16.979899	-18.934149
46613	-37.957446	17.104518	-18.888019
46614	-38.409443	17.321462	-18.716842
46615	-38.719706	17.642629	-18.452235
46616	-38.878078	18.039336	-18.088707
46617	-38.874298	18.496539	-17.616938
46618	-38.708064	18.953558	-17.044686
46619	-38.402216	19.379749	-16.426523
46620	-37.968531	19.748068	-15.789645
46621	-37.425181	20.006386	-15.154494
46622	-36.800805	20.103934	-14.569679
46623	-36.110697	20.046947	-14.047254
46624	-35.368730	19.872642	-13.588433
46625	-34.575872	19.569939	-13.180513
46626	-33.718114	19.174240	-12.810676
46627	-32.783484	18.720543	-12.484422
46628	-31.767111	18.216449	-12.198152
46629	-30.663460	17.676675	-11.905585
46630	-29.475735	17.149362	-11.599766
46631	-28.212693	16.714294	-11.269178
46632	-26.840437	16.434018	-10.786134
46633	-25.386498	16.194938	-10.193720
46634	-23.960429	15.881179	-9.649863
46635	-22.601208	15.473849	-9.165074
46636	-21.295008	15.035100	-8.725626
46637	-20.048289	14.619885	-8.317417
46638	-18.889757	14.216434	-7.938915
46639	-17.837282	13.826344	-7.607356
46640	-16.879905	13.438192	-7.308577
46641	-15.996577	13.070677	-7.063757
46642	-15.166477	12.754872	-6.847064
46643	-14.391444	12.467981	-6.644769
46644	-13.680315	12.182512	-6.462385
46645	-13.040740	11.890824	-6.304473
46646	-12.467650	11.607755	-6.169667
46647	-11.946617	11.360493	-6.054995
46648	-11.467878	11.150458	-5.951789
46649	-11.028840	10.963387	-5.865182
46650	-10.622512	10.806406	-5.798583
46651	-10.243957	10.668012	-5.731442
46652	-9.901544	10.507113	-5.669853
46653	-9.603808	10.340746	-5.632532
46654	-9.353971	10.175551	-5.593480
46655	-9.141084	10.028065	-5.527417
46656	-8.971329	9.899032	-5.421589
46657	-8.843037	9.780398	-5.266643
46658	-8.760550	9.673969	-5.081262
46659	-8.724548	9.579980	-4.879450
46660	-8.720268	9.507897	-4.676154
46661	-8.731166	9.488297	-4.497570
46662	-8.748596	9.541255	-4.308646
46663	-8.785518	9.672445	-4.122106
46664	-8.842106	9.844981	-3.960491
46665	-8.920988	10.024503	-3.853852
46666	-9.022184	10.160531	-3.806442
46667	-9.144020	10.232180	-3.814941
46668	-9.286001	10.276846	-3.881702
46669	-9.418275	10.400976	-4.031349
46670	-9.481197	10.564631	-4.202423
46671	-9.470114	10.688085	-4.301249
46672	-9.446858	10.766316	-4.350865
46673	-9.459335	10.813380	-4.382114
46674	-9.514081	10.876251	-4.427550
46675	-9.610347	10.984191	-4.455584
46676	-9.767893	11.095641	-4.484094
46677	-9.984167	11.202722	-4.537497
46678	-10.234233	11.308368	-4.596443
46679	-10.486610	11.408936	-4.662472
46680	-10.729583	11.505414	-4.757559
46681	-10.959259	11.600566	-4.871355
46682	-11.183511	11.698162	-4.991180
46683	-11.407246	11.814817	-5.118689
46684	-11.624857	11.964600	-5.239966
46685	-11.825652	12.146222	-5.331464
46686	-12.005317	12.372111	-5.377588
46687	-12.152812	12.651483	-5.387543
46688	-12.241526	12.990498	-5.366753
46689	-12.243758	13.361750	-5.334592
46690	-12.171083	13.712835	-5.306635
46691	-12.112169	13.972629	-5.270690
46692	-12.164517	14.146496	-5.196505
46693	-12.349143	14.349517	-5.047923
46694	-12.611846	14.652282	-4.830295
46695	-12.871245	15.018408	-4.572758
46696	-13.091010	15.375687	-4.317263
46697	-13.265500	15.703740	-4.085867
46698	-13.393288	16.021251	-3.876024
46699	-13.459989	16.315224	-3.654982
46700	-13.470317	16.552006	-3.432856
46701	-13.448207	16.724194	-3.232017
46702	-13.409853	16.895136	-3.043113
46703	-13.356396	17.081528	-2.850630
46704	-13.285016	17.260572	-2.667546
46705	-13.212650	17.419368	-2.550409
46706	-13.152288	17.557790	-2.546113
46707	-13.072039	17.632691	-2.558358
46708	-12.971656	17.679857	-2.559082
46709	-12.853417	17.683390	-2.586377
46710	-12.705435	17.611630	-2.641139
46711	-12.531147	17.524418	-2.732515
46712	-12.328627	17.446315	-2.810945
46713	-12.087470	17.355796	-2.867240
46714	-11.804163	17.224578	-2.894494
46715	-11.472329	17.021647	-2.866482
46716	-11.114002	16.754623	-2.849789
46717	-10.742992	16.517470	-2.844627
46718	-10.363891	16.331214	-2.769186
46719	-9.988400	16.185250	-2.667614
46720	-9.631870	16.029102	-2.573804
46721	-9.301457	15.853850	-2.493746
46722	-8.992715	15.685013	-2.474274
46723	-8.702878	15.517447	-2.554057
46724	-8.400502	15.343863	-2.641623
46725	-8.070798	15.174149	-2.696298
46726	-7.721601	14.974852	-2.734017
46727	-7.376966	14.788606	-2.757717
46728	-7.049925	14.615675	-2.796812
46729	-6.724908	14.445917	-2.825541
46730	-6.403368	14.266470	-2.833706
46731	-6.083332	14.091631	-2.835968
46732	-5.757910	13.903818	-2.821539
46733	-5.406537	13.744940	-2.781560
46734	-5.028541	13.611583	-2.713968
46735	-4.627481	13.484777	-2.638323
46736	-4.214293	13.366096	-2.548053
46737	-3.793593	13.229479	-2.440767
46738	-3.376751	13.083161	-2.337184
46739	-2.962794	12.912741	-2.268359
46740	-2.557320	12.738303	-2.294830
46741	-2.145792	12.573224	-2.335139
46742	-1.734927	12.398499	-2.372169
46743	-1.333035	12.219564	-2.436470
46744	-0.948624	12.017633	-2.534249
46745	-0.590016	11.795381	-2.690154
46746	-0.243937	11.550531	-2.880176
46747	0.115504	11.321603	-3.063407
46748	0.488810	11.108617	-3.247639
46749	0.859900	10.861162	-3.475420
46750	1.218193	10.607844	-3.765025
46751	1.575942	10.344601	-4.082322
46752	1.934018	10.099869	-4.363956
46753	2.305049	9.875577	-4.548418
46754	2.672227	9.665927	-4.689989
46755	3.034356	9.486469	-4.824756
46756	3.391454	9.320475	-4.934013
46757	3.752909	9.165787	-4.981687
46758	4.116790	9.018241	-4.946207
46759	4.486618	8.877901	-4.781028
46760	4.837370	8.784353	-4.506235
46761	5.144809	8.703582	-4.207185
46762	5.410477	8.610178	-3.920698
46763	5.642651	8.530991	-3.707146
46764	5.845606	8.465483	-3.570851
46765	6.033649	8.402097	-3.456008
46766	6.190975	8.348424	-3.414922
46767	6.317836	8.301991	-3.462050
46768	6.429150	8.257393	-3.569530
46769	6.521724	8.223854	-3.726013
46770	6.599165	8.191225	-3.897905
46771	6.668643	8.147228	-4.077864
46772	6.731741	8.113168	-4.242384
46773	6.792167	8.089078	-4.366036
46774	6.842200	8.053149	-4.449688
46775	6.890634	8.018054	-4.491284
46776	6.929295	7.976034	-4.508753
46777	6.968109	7.917309	-4.526732
46778	7.009615	7.858051	-4.561276
46779	7.049987	7.800049	-4.616659
46780	7.083988	7.737992	-4.692543
46781	7.110971	7.676516	-4.776802
46782	7.124599	7.615619	-4.873710
46783	7.129048	7.567535	-4.969891
46784	7.132528	7.535000	-5.047198
46785	7.140898	7.498244	-5.095284
46786	7.148474	7.450316	-5.123193
46787	7.147980	7.408596	-5.130558
46788	7.139778	7.362150	-5.138702
46789	7.125584	7.313413	-5.161369
46790	7.106109	7.271051	-5.193611
46791	7.085340	7.235358	-5.228769
46792	7.058604	7.193453	-5.257664
46793	7.035101	7.133031	-5.285230
46794	7.015065	7.065681	-5.326931
46795	6.994550	7.005847	-5.383091
46796	6.965399	6.964097	-5.440779
46797	6.923782	6.913436	-5.502618
46798	6.869288	6.860363	-5.568252
46799	6.815455	6.803325	-5.650929
46800	6.764414	6.742102	-5.762096
46801	6.718776	6.677077	-5.900751
46802	6.673238	6.600668	-6.068145
46803	6.622696	6.519797	-6.246780
46804	6.571599	6.449975	-6.430796
46805	6.521782	6.386935	-6.633570
46806	6.468212	6.321654	-6.854969
46807	6.417922	6.253632	-7.083374
46808	6.376712	6.188738	-7.303293
46809	6.338222	6.114218	-7.514204
46810	6.299342	6.026325	-7.700695
46811	6.252113	5.938918	-7.863743
46812	6.196693	5.856509	-8.000051
46813	6.137376	5.781498	-8.112211
46814	6.076878	5.704241	-8.202557
46815	6.014631	5.632773	-8.266919
46816	5.950310	5.569106	-8.308602
46817	5.879975	5.510786	-8.318942
46818	5.804557	5.457864	-8.304064
46819	5.726145	5.416425	-8.274690
46820	5.644608	5.384320	-8.226841
46821	5.556629	5.352105	-8.168096
46822	5.468449	5.322195	-8.113341
46823	5.385328	5.286949	-8.072013
46824	5.308516	5.251105	-8.041761
46825	5.239378	5.215489	-8.013725
46826	5.181271	5.178314	-7.976727
46827	5.132746	5.143248	-7.918421
46828	5.089314	5.121555	-7.813867
46829	5.061100	5.084093	-7.648977
46830	5.037262	5.033420	-7.441322
46831	5.019826	5.016902	-7.161703
46832	5.010710	5.050642	-6.801885
46833	4.993084	5.055609	-6.411758
46834	4.964240	5.049664	-5.990418
46835	4.931939	5.053210	-5.570647
46836	4.894656	5.060176	-5.183512
46837	4.855449	5.063770	-4.838789
46838	4.808307	5.067145	-4.547980
46839	4.744992	5.059427	-4.322277
46840	4.674206	5.044183	-4.164009
46841	4.603726	5.020852	-4.059135
46842	4.541658	4.995853	-3.988440
46843	4.490278	4.971833	-3.930866
46844	4.437727	4.941781	-3.877244
46845	4.384242	4.910292	-3.827765
46846	4.327828	4.873699	-3.794188
46847	4.265234	4.827683	-3.783116
46848	4.197939	4.757397	-3.813773
46849	4.133119	4.675205	-3.893431
46850	4.080538	4.587487	-4.018810
46851	4.036762	4.494290	-4.166760
46852	4.001105	4.403568	-4.322961
46853	3.968582	4.312004	-4.471021
46854	3.942112	4.229935	-4.583979
46855	3.919481	4.149952	-4.660964
46856	3.903305	4.074688	-4.696032
46857	3.889982	4.004354	-4.695028
46858	3.875347	3.941534	-4.674841
46859	3.855943	3.893368	-4.662063
46860	3.830279	3.853549	-4.669397
46861	3.804584	3.825689	-4.695624
46862	3.779643	3.811215	-4.739616
46863	3.756859	3.801019	-4.795942
46864	3.736159	3.788033	-4.849831
46865	3.717184	3.768449	-4.887907
46866	3.699413	3.742807	-4.902337
46867	3.683560	3.722338	-4.896959
46868	3.669735	3.703643	-4.885656
46869	3.657834	3.687462	-4.870886
46870	3.639553	3.668780	-4.854861
46871	3.619785	3.646880	-4.846307
46872	3.603828	3.619534	-4.839465
46873	3.592058	3.590346	-4.843604
46874	3.583883	3.558484	-4.859056
46875	3.578593	3.527108	-4.883478
46876	3.573699	3.499149	-4.913621
46877	3.568459	3.473066	-4.946817
46878	3.561881	3.449880	-4.976908
46879	3.553267	3.423506	-5.004711
46880	3.545263	3.397767	-5.028633
46881	3.537623	3.370343	-5.043492
46882	3.530547	3.346159	-5.050691
46883	3.524988	3.318236	-5.051683
46884	3.519239	3.291140	-5.052425
46885	3.515152	3.263245	-5.050802
46886	3.511448	3.238170	-5.046441
46887	3.510849	3.215519	-5.041801
46888	3.509140	3.196334	-5.032951
46889	3.509196	3.181896	-5.021808
46890	3.509735	3.170440	-5.011741
46891	3.509158	3.159130	-5.008068
46892	3.510522	3.146707	-5.010997
46893	3.509207	3.135498	-5.023491
46894	3.509706	3.126203	-5.043459
46895	3.508633	3.120599	-5.072370
46896	3.509075	3.117679	-5.101702
46897	3.508680	3.112976	-5.127553
46898	3.507736	3.102970	-5.154192
46899	3.505778	3.091441	-5.178189
46900	3.502862	3.079666	-5.201176
46901	3.500360	3.070841	-5.227989
46902	3.498133	3.061795	-5.260758
46903	3.492179	3.050128	-5.311856
46904	3.482659	3.036570	-5.390790
46905	3.473276	3.021579	-5.499926
46906	3.460652	3.008286	-5.627075
46907	3.447101	2.996818	-5.760038
46908	3.436008	2.990314	-5.888977
46909	3.425833	2.997146	-5.990516
46910	3.415619	3.016476	-6.062021
46911	3.402405	3.029738	-6.127197
46912	3.385407	3.027524	-6.182382
46913	3.363619	3.017771	-6.235238
46914	3.336542	3.015874	-6.294964
46915	3.301936	3.026444	-6.370076
46916	3.267209	3.045239	-6.461636
46917	3.224471	3.061882	-6.565644
46918	3.171909	3.087197	-6.642748
46919	3.111723	3.125610	-6.672776
46920	3.042921	3.171397	-6.658394
46921	2.970422	3.226157	-6.566635
46922	2.897025	3.293310	-6.400713
46923	2.818259	3.365324	-6.190040
46924	2.722228	3.425261	-5.978882
46925	2.612691	3.479157	-5.795922
46926	2.494034	3.523258	-5.649810
46927	2.359730	3.568644	-5.541620
46928	2.213278	3.617534	-5.468283
46929	2.051395	3.660737	-5.435135
46930	1.873733	3.685764	-5.434404
46931	1.682206	3.700881	-5.449551
46932	1.479634	3.720224	-5.473474
46933	1.267121	3.738720	-5.504415
46934	1.043040	3.749043	-5.524964
46935	0.807695	3.754328	-5.553505
46936	0.557336	3.755944	-5.587592
46937	0.297668	3.756537	-5.624932
46938	0.030302	3.760840	-5.660309
46939	-0.244907	3.771686	-5.696916
46940	-0.532028	3.787309	-5.738095
46941	-0.830477	3.804935	-5.783082
46942	-1.145108	3.844269	-5.844877
46943	-1.471452	3.886757	-5.915918
46944	-1.808613	3.918529	-5.997105
46945	-2.156261	3.973284	-6.107781
46946	-2.501132	4.044586	-6.239798
46947	-2.836373	4.113227	-6.390863
46948	-3.169158	4.187092	-6.571043
46949	-3.517172	4.274493	-6.802510
46950	-3.884559	4.378449	-7.064299
46951	-4.265746	4.501822	-7.286600
46952	-4.649350	4.608507	-7.362901
46953	-5.073818	4.696888	-7.267781
46954	-5.592034	4.800751	-7.211652
46955	-6.210229	4.920950	-7.283264
46956	-6.819119	5.124788	-7.425756
46957	-7.366499	5.378443	-7.525800
46958	-7.898178	5.638192	-7.514519
46959	-8.462119	5.926692	-7.359105
46960	-9.053990	6.231873	-7.045474
46961	-9.649537	6.568457	-6.631347
46962	-10.284048	6.997129	-6.232497
46963	-11.002236	7.594075	-5.862604
46964	-11.836066	8.264192	-5.512580
46965	-12.808257	8.965709	-5.263134
46966	-13.886777	9.753601	-5.124211
46967	-15.052623	10.632415	-5.112508
46968	-16.287481	11.501737	-5.258013
46969	-17.586196	12.314669	-5.560225
46970	-18.936020	13.112481	-6.016466
46971	-20.334449	13.880756	-6.616971
46972	-21.776360	14.564036	-7.358054
46973	-23.265996	15.123187	-8.232881
46974	-24.801505	15.561975	-9.243161
46975	-26.370103	15.881010	-10.365300
46976	-27.943836	16.077882	-11.566854
46977	-29.501901	16.194981	-12.797928
46978	-31.017193	16.285932	-13.993942
46979	-32.476870	16.376911	-15.094495
46980	-33.855602	16.435282	-16.034779
46981	-35.140594	16.463712	-16.794868
46982	-36.327266	16.487144	-17.368991
46983	-37.402297	16.545017	-17.748705
46984	-38.329665	16.651623	-17.927620
46985	-39.085906	16.843299	-17.933894
46986	-39.657070	17.153962	-17.778276
46987	-40.031676	17.557922	-17.466539
46988	-40.217161	18.042245	-17.040099
46989	-40.214738	18.600330	-16.530815
46990	-40.047447	19.172429	-15.966248
46991	-39.717960	19.709180	-15.346698
46992	-39.237169	20.188088	-14.694926
46993	-38.617523	20.562460	-14.035904
46994	-37.882987	20.779332	-13.419222
46995	-37.054450	20.816951	-12.877241
46996	-36.144726	20.696582	-12.422362
46997	-35.156682	20.410580	-12.038268
46998	-34.081849	19.986211	-11.719911
46999	-32.921593	19.471866	-11.449234
47000	-31.674667	18.901294	-11.198204
47001	-30.339377	18.321498	-10.959188
47002	-28.934868	17.768582	-10.754992
47003	-27.468551	17.241174	-10.541786
47004	-25.949882	16.741647	-10.299590
47005	-24.405739	16.296405	-10.080764
47006	-22.831448	15.922234	-9.826629
47007	-21.226935	15.572880	-9.449687
47008	-19.618309	15.214607	-8.994983
47009	-18.074327	14.858439	-8.552403
47010	-16.619939	14.466397	-8.101866
47011	-15.265484	14.053682	-7.669769
47012	-13.999054	13.683731	-7.242481
47013	-12.807676	13.370112	-6.766176
47014	-11.686861	13.060458	-6.228520
47015	-10.653389	12.770094	-5.671719
47016	-9.714627	12.507804	-5.119736
47017	-8.871991	12.268421	-4.614249
47018	-8.136966	12.053418	-4.191502
47019	-7.508961	11.832846	-3.873370
47020	-6.973447	11.580466	-3.637564
47021	-6.525651	11.296037	-3.475733
47022	-6.165532	11.001117	-3.385913
47023	-5.882798	10.706021	-3.354972
47024	-5.672679	10.410135	-3.380295
47025	-5.522515	10.100893	-3.433808
47026	-5.425543	9.771620	-3.513092
47027	-5.383054	9.432554	-3.588701
47028	-5.383536	9.135896	-3.659847
47029	-5.425674	8.929824	-3.698287
47030	-5.506091	8.829439	-3.676078
47031	-5.622022	8.838913	-3.621150
47032	-5.770913	8.905898	-3.531921
47033	-5.940962	9.067921	-3.484504
47034	-6.086383	9.278055	-3.460741
47035	-6.164631	9.420415	-3.386583
47036	-6.185924	9.486332	-3.272296
47037	-6.183011	9.524389	-3.110300
47038	-6.179201	9.568556	-2.931584
47039	-6.198089	9.615087	-2.720805
47040	-6.256997	9.611850	-2.422893
47041	-6.369244	9.598563	-2.084949
47042	-6.532639	9.643988	-1.794882
47043	-6.728501	9.724969	-1.605004
47044	-6.934305	9.805561	-1.571145
47045	-7.125006	9.872446	-1.729227
47046	-7.286946	9.907088	-2.077932
47047	-7.422211	9.912573	-2.525646
47048	-7.545142	9.922863	-3.010867
47049	-7.679373	9.965033	-3.529966
47050	-7.832554	10.044805	-4.045388
47051	-8.000532	10.148557	-4.515387
47052	-8.168419	10.268047	-4.913130
47053	-8.331941	10.392977	-5.213192
47054	-8.503560	10.539739	-5.397692
47055	-8.684866	10.743688	-5.454732
47056	-8.866787	11.012978	-5.382964
47057	-9.039582	11.331654	-5.205751
47058	-9.204333	11.680314	-4.965999
47059	-9.368192	12.063659	-4.731528
47060	-9.532056	12.446136	-4.553106
47061	-9.686260	12.794083	-4.441995
47062	-9.839924	13.105090	-4.401172
47063	-9.995433	13.370688	-4.419080
47064	-10.158825	13.606594	-4.480663
47065	-10.308726	13.844113	-4.543345
47066	-10.427317	14.093455	-4.560696
47067	-10.513152	14.338546	-4.496834
47068	-10.577960	14.570874	-4.382595
47069	-10.623619	14.785739	-4.237857
47070	-10.650958	15.002363	-4.011771
47071	-10.660465	15.233006	-3.703078
47072	-10.646326	15.493766	-3.288062
47073	-10.603829	15.799561	-2.818048
47074	-10.530157	16.059400	-2.384485
47075	-10.429204	16.238408	-1.999933
47076	-10.315484	16.425246	-1.632266
47077	-10.207952	16.591726	-1.299554
47078	-10.097477	16.669036	-1.025952
47079	-9.976146	16.698267	-0.846169
47080	-9.862632	16.770470	-0.810415
47081	-9.761284	16.812379	-0.947378
47082	-9.663199	16.721650	-1.178424
47083	-9.563690	16.623592	-1.473397
47084	-9.459802	16.470166	-1.810902
47085	-9.353009	16.216432	-2.212396
47086	-9.247884	15.910647	-2.725459
47087	-9.123847	15.584092	-3.278194
47088	-8.941458	15.244755	-3.727645
47089	-8.706095	14.941493	-4.080083
47090	-8.427903	14.660207	-4.318105
47091	-8.122882	14.361298	-4.423021
47092	-7.790214	14.097940	-4.387180
47093	-7.419979	13.851805	-4.230866
47094	-7.021600	13.692136	-3.997160
47095	-6.617856	13.561475	-3.695016
47096	-6.219154	13.413650	-3.358967
47097	-5.828729	13.232934	-3.011283
47098	-5.459268	13.036126	-2.684113
47099	-5.109708	12.814731	-2.378035
47100	-4.762118	12.594736	-2.111691
47101	-4.398925	12.380796	-1.853822
47102	-4.014317	12.170767	-1.613669
47103	-3.609472	11.949481	-1.408952
47104	-3.207854	11.733455	-1.235067
47105	-2.823534	11.529494	-1.085060
47106	-2.448141	11.306950	-0.924478
47107	-2.091133	11.093293	-0.778793
47108	-1.743654	10.883580	-0.615540
47109	-1.381422	10.665025	-0.430205
47110	-1.010198	10.439203	-0.260568
47111	-0.635697	10.243076	-0.095129
47112	-0.267156	10.053047	0.066881
47113	0.081991	9.859803	0.200927
47114	0.410042	9.673074	0.304539
47115	0.719072	9.493752	0.353398
47116	1.029388	9.329972	0.363012
47117	1.348212	9.172247	0.338091
47118	1.668506	9.027256	0.295551
47119	1.988155	8.888065	0.253003
47120	2.298920	8.760894	0.202081
47121	2.602378	8.639092	0.167732
47122	2.894854	8.513941	0.113300
47123	3.162416	8.416923	-0.006093
47124	3.423495	8.307683	-0.144319
47125	3.680440	8.180817	-0.295157
47126	3.919392	8.030478	-0.458381
47127	4.142434	7.864246	-0.610403
47128	4.346645	7.682493	-0.769877
47129	4.532928	7.489944	-0.953213
47130	4.704877	7.298718	-1.163000
47131	4.864374	7.150426	-1.404366
47132	5.011428	7.031786	-1.673751
47133	5.156376	6.927675	-1.908055
47134	5.299181	6.860577	-2.063528
47135	5.433744	6.805744	-2.159232
47136	5.556194	6.755587	-2.210535
47137	5.669686	6.713528	-2.218071
47138	5.786610	6.664617	-2.171208
47139	5.911526	6.590246	-2.104420
47140	6.032899	6.507636	-2.040431
47141	6.164593	6.408261	-1.981254
47142	6.298765	6.292565	-1.950523
47143	6.439115	6.167457	-1.950744
47144	6.578480	6.039230	-1.996613
47145	6.710787	5.917526	-2.098644
47146	6.825340	5.817171	-2.223537
47147	6.927313	5.746432	-2.360546
47148	7.034222	5.690671	-2.510872
47149	7.138579	5.607609	-2.670753
47150	7.232836	5.523307	-2.836655
47151	7.309836	5.452787	-3.000973
47152	7.355320	5.390280	-3.145364
47153	7.378199	5.324138	-3.254482
47154	7.373148	5.263250	-3.354978
47155	7.339911	5.220097	-3.430763
47156	7.274713	5.196081	-3.475279
47157	7.181462	5.180245	-3.503626
47158	7.069449	5.183827	-3.521532
47159	6.947198	5.183236	-3.540903
47160	6.810497	5.174985	-3.566419
47161	6.655424	5.166472	-3.597315
47162	6.495830	5.131725	-3.666179
47163	6.343877	5.048140	-3.761547
47164	6.207331	4.973536	-3.880528
47165	6.084161	4.914804	-4.033776
47166	5.964857	4.826566	-4.224216
47167	5.848525	4.722954	-4.421018
47168	5.742396	4.647833	-4.592808
47169	5.644771	4.587656	-4.727515
47170	5.549727	4.530258	-4.831560
47171	5.461962	4.479339	-4.890809
47172	5.382061	4.426360	-4.903850
47173	5.309146	4.374184	-4.883843
47174	5.246930	4.323209	-4.832642
47175	5.189667	4.275235	-4.764739
47176	5.139535	4.229912	-4.688693
47177	5.094374	4.189545	-4.615632
47178	5.051146	4.158139	-4.541907
47179	5.006266	4.130330	-4.460702
47180	4.957868	4.107454	-4.362711
47181	4.907889	4.095774	-4.238234
47182	4.857544	4.083640	-4.098443
47183	4.800379	4.067934	-3.952674
47184	4.739557	4.056474	-3.806744
47185	4.674140	4.051829	-3.666255
47186	4.608413	4.045326	-3.538016
47187	4.544699	4.035824	-3.432424
47188	4.482028	4.021895	-3.360532
47189	4.424595	4.008744	-3.329948
47190	4.365616	3.985517	-3.335426
47191	4.308102	3.956946	-3.362221
47192	4.257474	3.934869	-3.398823
47193	4.217475	3.916019	-3.438216
47194	4.180051	3.905640	-3.462744
47195	4.140482	3.898818	-3.462388
47196	4.097143	3.883509	-3.436206
47197	4.054607	3.849422	-3.371952
47198	4.017440	3.808357	-3.297637
47199	3.985772	3.773130	-3.236826
47200	3.953367	3.730084	-3.200786
47201	3.918331	3.685458	-3.205179
47202	3.881651	3.642399	-3.248371
47203	3.846129	3.603043	-3.312589
47204	3.809207	3.572043	-3.403702
47205	3.767299	3.549292	-3.519851
47206	3.721854	3.532211	-3.635365
47207	3.677762	3.508996	-3.728910
47208	3.632462	3.491398	-3.795344
47209	3.589506	3.474462	-3.824346
47210	3.554351	3.455174	-3.817224
47211	3.526879	3.435450	-3.780880
47212	3.502671	3.406133	-3.727220
47213	3.479165	3.379183	-3.675729
47214	3.459207	3.352143	-3.635648
47215	3.442929	3.324893	-3.596286
47216	3.429270	3.289127	-3.570894
47217	3.418434	3.244111	-3.556690
47218	3.404200	3.206321	-3.557809
47219	3.390233	3.179126	-3.581417
47220	3.376995	3.155939	-3.613568
47221	3.363390	3.144088	-3.646673
47222	3.347002	3.135159	-3.679309
47223	3.329527	3.127737	-3.710175
47224	3.309712	3.121655	-3.738289
47225	3.288864	3.122427	-3.757152
47226	3.270602	3.125052	-3.763524
47227	3.253526	3.123341	-3.760880
47228	3.237763	3.118679	-3.754720
47229	3.223483	3.111552	-3.746699
47230	3.208285	3.103569	-3.745568
47231	3.192189	3.094290	-3.749400
47232	3.178336	3.089799	-3.755108
47233	3.165887	3.082003	-3.759201
47234	3.153228	3.074297	-3.767135
47235	3.142398	3.066733	-3.776284
47236	3.129563	3.061194	-3.785415
47237	3.113751	3.053005	-3.800465
47238	3.099105	3.050567	-3.810155
47239	3.082551	3.049791	-3.821712
47240	3.065912	3.048769	-3.832454
47241	3.049774	3.043734	-3.845453
47242	3.032955	3.037173	-3.855993
47243	3.019085	3.027458	-3.866142
47244	3.005315	3.015322	-3.874258
47245	2.994696	3.002483	-3.877420
47246	2.980714	3.000884	-3.880214
47247	2.968330	3.000369	-3.877166
47248	2.956735	3.001476	-3.873834
47249	2.944558	3.005332	-3.866559
47250	2.934899	3.001096	-3.857643
47251	2.926395	2.992286	-3.856108
47252	2.918407	2.982580	-3.855033
47253	2.908866	2.968759	-3.865429
47254	2.899898	2.957966	-3.880799
47255	2.890910	2.943885	-3.900982
47256	2.882675	2.932578	-3.925320
47257	2.875851	2.921834	-3.948720
47258	2.869198	2.915284	-3.970894
47259	2.862186	2.900467	-3.982103
47260	2.858091	2.880533	-3.982173
47261	2.854579	2.872369	-3.974733
47262	2.853365	2.870514	-3.961033
47263	2.848651	2.865572	-3.951367
47264	2.845609	2.859128	-3.936828
47265	2.844515	2.851373	-3.914411
47266	2.843117	2.842371	-3.883765
47267	2.838814	2.835416	-3.859469
47268	2.834140	2.824902	-3.839183
47269	2.828810	2.818693	-3.827868
47270	2.822831	2.811403	-3.826403
47271	2.815940	2.802810	-3.829903
47272	2.807215	2.794429	-3.840654
47273	2.799662	2.786092	-3.855442
47274	2.791608	2.779825	-3.867628
47275	2.781500	2.771256	-3.873319
47276	2.772033	2.765312	-3.875483
47277	2.765214	2.759040	-3.866751
47278	2.759458	2.754976	-3.856675
47279	2.753252	2.744985	-3.844442
47280	2.746232	2.736396	-3.826851
47281	2.739589	2.722976	-3.811766
47282	2.734123	2.696516	-3.800112
47283	2.731028	2.670718	-3.795401
47284	2.729414	2.647860	-3.795879
47285	2.726291	2.626275	-3.800383
47286	2.724495	2.610566	-3.807218
47287	2.719232	2.602173	-3.815765
47288	2.714252	2.599944	-3.827289
47289	2.711429	2.597404	-3.838350
47290	2.707840	2.591350	-3.842731
47291	2.706522	2.582755	-3.841623
47292	2.708251	2.574955	-3.838101
47293	2.709018	2.565783	-3.835695
47294	2.709120	2.558919	-3.831497
47295	2.712622	2.555842	-3.822014
47296	2.714303	2.554504	-3.811767
47297	2.717726	2.549442	-3.798094
47298	2.723471	2.543411	-3.789185
47299	2.726938	2.535708	-3.783056
47300	2.729221	2.529109	-3.777272
47301	2.732244	2.521041	-3.773080
47302	2.739509	2.513602	-3.773425
47303	2.744840	2.502077	-3.774634
47304	2.753123	2.488571	-3.773348
47305	2.761772	2.476720	-3.767694
47306	2.767669	2.467745	-3.761582
47307	2.772086	2.460832	-3.755409
47308	2.777913	2.457574	-3.746501
47309	2.783060	2.454329	-3.733586
47310	2.788651	2.446243	-3.716599
47311	2.795187	2.439165	-3.696548
47312	2.802341	2.431210	-3.680778
47313	2.808836	2.419506	-3.664081
47314	2.814928	2.412987	-3.653362
47315	2.822637	2.406878	-3.644760
47316	2.825594	2.399311	-3.635598
47317	2.828808	2.394478	-3.622769
47318	2.831723	2.393751	-3.615275
47319	2.834779	2.397204	-3.613242
47320	2.838177	2.398050	-3.612122
47321	2.842312	2.396650	-3.616627
47322	2.844913	2.394901	-3.622837
47323	2.847539	2.390728	-3.633641
47324	2.852527	2.385579	-3.649105
47325	2.853112	2.377425	-3.668386
47326	2.855873	2.370456	-3.693598
47327	2.857828	2.361899	-3.719044
47328	2.860012	2.355601	-3.742782
47329	2.861821	2.349986	-3.765359
47330	2.863950	2.346289	-3.781899
47331	2.865384	2.343433	-3.790118
47332	2.864937	2.340353	-3.793229
47333	2.867696	2.338592	-3.795640
47334	2.868994	2.334267	-3.794766
47335	2.869757	2.325881	-3.788273
47336	2.871011	2.323399	-3.783977
47337	2.871437	2.319331	-3.779900
47338	2.870583	2.312820	-3.780096
47339	2.871767	2.307079	-3.780535
47340	2.868788	2.304917	-3.778944
47341	2.864500	2.300016	-3.783700
47342	2.858323	2.293342	-3.791315
47343	2.853844	2.287895	-3.800988
47344	2.846635	2.281521	-3.809166
47345	2.838594	2.273512	-3.817911
47346	2.830580	2.267237	-3.829817
47347	2.822114	2.262700	-3.841221
47348	2.811784	2.256072	-3.846708
47349	2.799939	2.250654	-3.856698
47350	2.790511	2.245851	-3.862995
47351	2.779276	2.238640	-3.869836
47352	2.767449	2.233690	-3.875116
47353	2.754846	2.229946	-3.880587
47354	2.740630	2.223035	-3.888049
47355	2.726386	2.220231	-3.892873
47356	2.714954	2.216772	-3.900803
47357	2.701811	2.212940	-3.912880
