// General information: 
//  MT Manager version: 2021.4.0 
//  XDA version: 2021.4.0 build 6323 rev 112641 built on 2021-09-28
// Device information: 
//  DeviceId: 00B43859
//  ProductCode: MTW2-3A7G6
//  Firmware Version: 4.3.4
//  Hardware Version: 1.1.0
// Device settings: 
//  Filter Profile: human(46.1)
//  Option Flags: Orientation Smoother Disabled, Position/Velocity Smoother Disabled, Continuous Zero Rotation Update Disabled, AHS Disabled, ICC Disabled
// Coordinate system: ENU
PacketCounter	Roll	Pitch	Yaw
59022	-0.694392	0.006223	0.883368
59023	-0.693297	0.004953	0.879293
59024	-0.686861	0.004934	0.878113
59025	-0.682758	0.007110	0.871788
59026	-0.678536	0.009722	0.868983
59027	-0.672936	0.016665	0.867707
59028	-0.668977	0.028310	0.874098
59029	-0.662747	0.043105	0.884338
59030	-0.656552	0.057106	0.899699
59031	-0.647979	0.069252	0.924037
59032	-0.639800	0.081675	0.938223
59033	-0.632169	0.097768	0.953953
59034	-0.622743	0.112716	0.965263
59035	-0.613987	0.127878	0.973566
59036	-0.602890	0.138255	0.980253
59037	-0.588398	0.147527	0.981796
59038	-0.579009	0.159540	0.983720
59039	-0.566707	0.170767	0.985570
59040	-0.555342	0.181203	0.986322
59041	-0.544377	0.189661	0.984263
59042	-0.533758	0.196574	0.984753
59043	-0.523467	0.203044	0.981836
59044	-0.514692	0.210537	0.981553
59045	-0.507705	0.218057	0.978826
59046	-0.498738	0.219510	0.973997
59047	-0.491480	0.222072	0.964140
59048	-0.485333	0.223696	0.953433
59049	-0.479978	0.225509	0.930958
59050	-0.476372	0.223256	0.912523
59051	-0.472724	0.219214	0.895828
59052	-0.468649	0.212795	0.885030
59053	-0.465181	0.204958	0.876676
59054	-0.464251	0.196059	0.869976
59055	-0.462726	0.184743	0.857864
59056	-0.466064	0.175999	0.850061
59057	-0.463375	0.166379	0.835216
59058	-0.463288	0.156071	0.821458
59059	-0.463031	0.144651	0.809261
59060	-0.462112	0.137809	0.800508
59061	-0.459508	0.135518	0.789453
59062	-0.460062	0.134830	0.779340
59063	-0.458846	0.137738	0.769186
59064	-0.459089	0.140043	0.762526
59065	-0.458807	0.143938	0.762252
59066	-0.457886	0.148595	0.768144
59067	-0.455397	0.153908	0.770845
59068	-0.452701	0.157459	0.779503
59069	-0.450370	0.159260	0.779737
59070	-0.446157	0.161293	0.783664
59071	-0.441190	0.164497	0.785898
59072	-0.438159	0.166582	0.788663
59073	-0.432278	0.169788	0.788907
59074	-0.426896	0.173822	0.791949
59075	-0.419826	0.179734	0.794799
59076	-0.412158	0.185188	0.800114
59077	-0.404901	0.190215	0.801564
59078	-0.396891	0.192149	0.803033
59079	-0.390347	0.195456	0.803011
59080	-0.382349	0.199445	0.802434
59081	-0.375959	0.201050	0.801699
59082	-0.368477	0.202513	0.801613
59083	-0.361806	0.205015	0.797746
59084	-0.355371	0.205534	0.794550
59085	-0.349594	0.204738	0.788014
59086	-0.342422	0.201155	0.786519
59087	-0.336031	0.199602	0.784904
59088	-0.329897	0.193022	0.782344
59089	-0.328134	0.190000	0.781214
59090	-0.326962	0.187089	0.782601
59091	-0.325407	0.181456	0.783131
59092	-0.325399	0.174490	0.787448
59093	-0.325976	0.164394	0.789952
59094	-0.325067	0.151743	0.800761
59095	-0.325670	0.138714	0.804591
59096	-0.325229	0.126119	0.811847
59097	-0.320947	0.111485	0.820808
59098	-0.318709	0.098898	0.822085
59099	-0.318040	0.088949	0.823624
59100	-0.316894	0.078410	0.826438
59101	-0.312999	0.067095	0.824790
59102	-0.310212	0.056092	0.818877
59103	-0.304888	0.046479	0.808074
59104	-0.296794	0.035912	0.792912
59105	-0.287159	0.028357	0.774690
59106	-0.275706	0.021276	0.756156
59107	-0.263294	0.016774	0.734269
59108	-0.249568	0.013177	0.715948
59109	-0.236016	0.013082	0.693357
59110	-0.218168	0.015917	0.678667
59111	-0.201860	0.019918	0.673336
59112	-0.183834	0.024697	0.666091
59113	-0.163574	0.032054	0.663606
59114	-0.145895	0.040353	0.660213
59115	-0.125950	0.048186	0.657183
59116	-0.106980	0.057497	0.650953
59117	-0.091778	0.066822	0.649027
59118	-0.075225	0.073656	0.644525
59119	-0.063553	0.083191	0.634952
59120	-0.051131	0.091237	0.625379
59121	-0.043321	0.099120	0.614031
59122	-0.038194	0.106480	0.596761
59123	-0.034258	0.114240	0.581501
59124	-0.031745	0.121638	0.567861
59125	-0.030828	0.129339	0.551555
59126	-0.028139	0.135150	0.542707
59127	-0.024546	0.144522	0.523696
59128	-0.021346	0.159559	0.506225
59129	-0.018637	0.175803	0.479860
59130	-0.014920	0.191509	0.448492
59131	-0.010761	0.210722	0.407324
59132	-0.008207	0.227015	0.372789
59133	-0.009294	0.243154	0.328711
59134	-0.005396	0.256886	0.293419
59135	-0.006648	0.268803	0.253587
59136	-0.011173	0.279224	0.218217
59137	-0.017718	0.287908	0.181344
59138	-0.025724	0.292300	0.148630
59139	-0.035981	0.296320	0.121258
59140	-0.048605	0.300826	0.088650
59141	-0.063604	0.303464	0.049743
59142	-0.075649	0.305972	0.012018
59143	-0.089731	0.308346	-0.024616
59144	-0.103768	0.309815	-0.057109
59145	-0.117212	0.312566	-0.089135
59146	-0.130454	0.316967	-0.114616
59147	-0.143195	0.321758	-0.133453
59148	-0.155552	0.327573	-0.151868
59149	-0.169041	0.336169	-0.164711
59150	-0.181325	0.344391	-0.171706
59151	-0.196483	0.354499	-0.172623
59152	-0.210691	0.366168	-0.165008
59153	-0.223354	0.375275	-0.153558
59154	-0.234409	0.385348	-0.145971
59155	-0.245919	0.395953	-0.143877
59156	-0.257414	0.406176	-0.150581
59157	-0.266656	0.419017	-0.160973
59158	-0.272129	0.429660	-0.174597
59159	-0.279900	0.444044	-0.192217
59160	-0.282619	0.461232	-0.208142
59161	-0.282849	0.479165	-0.223999
59162	-0.278069	0.496645	-0.236152
59163	-0.273664	0.518897	-0.246070
59164	-0.265022	0.541841	-0.255345
59165	-0.256442	0.564925	-0.278121
59166	-0.244194	0.588380	-0.296638
59167	-0.234999	0.610224	-0.323643
59168	-0.224362	0.632773	-0.348842
59169	-0.212130	0.653401	-0.375138
59170	-0.198433	0.673318	-0.396339
59171	-0.186935	0.692922	-0.417495
59172	-0.174555	0.707785	-0.436487
59173	-0.161943	0.720553	-0.454714
59174	-0.151522	0.730876	-0.471104
59175	-0.141988	0.737265	-0.487658
59176	-0.133995	0.743512	-0.496285
59177	-0.129013	0.747092	-0.495952
59178	-0.128511	0.749825	-0.491547
59179	-0.132547	0.746888	-0.485029
59180	-0.138022	0.742551	-0.470278
59181	-0.142786	0.734835	-0.456629
59182	-0.151935	0.725413	-0.431264
59183	-0.160893	0.713087	-0.396975
59184	-0.173177	0.699597	-0.361450
59185	-0.185199	0.687782	-0.321537
59186	-0.197713	0.677269	-0.275406
59187	-0.206639	0.664583	-0.227183
59188	-0.215601	0.654937	-0.170867
59189	-0.221866	0.649281	-0.122907
59190	-0.230318	0.646321	-0.077205
59191	-0.234153	0.641721	-0.045327
59192	-0.236555	0.639780	-0.019269
59193	-0.239217	0.642672	-0.004774
59194	-0.238539	0.643742	0.015136
59195	-0.237814	0.645900	0.033988
59196	-0.236110	0.647413	0.059007
59197	-0.235923	0.647963	0.079104
59198	-0.234186	0.647430	0.106178
59199	-0.236828	0.646458	0.122648
59200	-0.241778	0.641636	0.136967
59201	-0.248037	0.632567	0.138668
59202	-0.256140	0.622362	0.137023
59203	-0.267763	0.606141	0.123029
59204	-0.280011	0.585946	0.115143
59205	-0.296033	0.561216	0.113635
59206	-0.314976	0.532047	0.109850
59207	-0.332487	0.501083	0.114860
59208	-0.354564	0.466364	0.121298
59209	-0.379185	0.430586	0.125553
59210	-0.404206	0.392913	0.132201
59211	-0.430844	0.354618	0.140652
59212	-0.457407	0.314959	0.149420
59213	-0.483448	0.275639	0.167692
59214	-0.509852	0.234448	0.181291
59215	-0.533231	0.192827	0.197854
59216	-0.557242	0.156621	0.221106
59217	-0.576717	0.121344	0.250995
59218	-0.597238	0.091619	0.284985
59219	-0.612584	0.065498	0.326687
59220	-0.621566	0.045564	0.372609
59221	-0.626521	0.030909	0.420361
59222	-0.627242	0.020908	0.453342
59223	-0.626401	0.014760	0.482446
59224	-0.621265	0.010700	0.499562
59225	-0.616779	0.006275	0.512634
59226	-0.609565	0.000653	0.517870
59227	-0.601597	-0.007634	0.518018
59228	-0.590634	-0.017911	0.511446
59229	-0.578189	-0.030528	0.499156
59230	-0.567557	-0.042788	0.480393
59231	-0.557308	-0.053954	0.451987
59232	-0.547674	-0.066667	0.428115
59233	-0.539648	-0.079438	0.416061
59234	-0.530761	-0.088101	0.405902
59235	-0.516735	-0.092773	0.409838
59236	-0.504494	-0.095515	0.423090
59237	-0.492242	-0.098212	0.434274
59238	-0.483737	-0.099344	0.454704
59239	-0.473855	-0.103489	0.475379
59240	-0.464590	-0.104131	0.491404
59241	-0.457967	-0.104503	0.511908
59242	-0.451304	-0.107113	0.533631
59243	-0.445571	-0.112203	0.558045
59244	-0.438539	-0.116390	0.594054
59245	-0.430786	-0.123302	0.637973
59246	-0.426477	-0.131004	0.690409
59247	-0.419236	-0.145988	0.733469
59248	-0.414412	-0.156764	0.789535
59249	-0.409016	-0.170602	0.842706
59250	-0.404855	-0.182375	0.899197
59251	-0.402773	-0.191813	0.955568
59252	-0.402505	-0.199901	1.012416
59253	-0.404180	-0.202374	1.078700
59254	-0.410439	-0.203122	1.137438
59255	-0.412359	-0.208017	1.185027
59256	-0.415805	-0.214374	1.213474
59257	-0.418788	-0.219266	1.235885
59258	-0.422256	-0.220032	1.260165
59259	-0.426614	-0.217324	1.299769
59260	-0.429052	-0.209052	1.359156
59261	-0.430951	-0.197793	1.434417
59262	-0.434557	-0.182910	1.524694
59263	-0.435339	-0.161965	1.628422
59264	-0.437392	-0.140539	1.730526
59265	-0.435742	-0.121134	1.844160
59266	-0.433472	-0.099883	1.961376
59267	-0.428569	-0.082837	2.076354
59268	-0.421496	-0.070912	2.168898
59269	-0.412885	-0.064472	2.231587
59270	-0.401287	-0.067955	2.257324
59271	-0.385233	-0.076808	2.257143
59272	-0.365346	-0.092804	2.213501
59273	-0.342689	-0.114246	2.150980
59274	-0.315390	-0.141654	2.076404
59275	-0.283267	-0.171116	2.001690
59276	-0.248042	-0.202787	1.904858
59277	-0.211633	-0.236139	1.790694
59278	-0.174377	-0.273760	1.667870
59279	-0.135962	-0.313245	1.533799
59280	-0.097283	-0.354718	1.394695
59281	-0.062797	-0.390887	1.260709
59282	-0.030489	-0.422820	1.130770
59283	0.004548	-0.457989	1.004539
59284	0.039146	-0.494907	0.878840
59285	0.074805	-0.532043	0.761632
59286	0.108470	-0.565715	0.638045
59287	0.140426	-0.595442	0.525298
59288	0.172830	-0.624392	0.409745
59289	0.207951	-0.653913	0.300514
59290	0.245622	-0.682862	0.186955
59291	0.284185	-0.711085	0.073375
59292	0.321996	-0.741855	-0.044261
59293	0.364145	-0.771317	-0.163713
59294	0.403304	-0.801363	-0.288358
59295	0.447560	-0.835791	-0.413785
59296	0.490481	-0.872667	-0.552504
59297	0.537174	-0.912056	-0.710498
59298	0.583052	-0.950498	-0.873842
59299	0.631844	-0.988849	-1.045074
59300	0.680180	-1.029299	-1.229924
59301	0.729935	-1.068160	-1.421859
59302	0.779745	-1.103733	-1.603710
59303	0.833924	-1.130726	-1.774558
59304	0.887911	-1.156787	-1.923248
59305	0.944837	-1.177311	-2.053519
59306	1.001926	-1.197055	-2.163963
59307	1.061255	-1.209336	-2.257525
59308	1.123345	-1.207875	-2.318050
59309	1.193145	-1.199347	-2.363205
59310	1.263916	-1.187122	-2.395257
59311	1.340570	-1.173502	-2.429029
59312	1.418504	-1.153153	-2.458867
59313	1.498022	-1.125981	-2.503396
59314	1.578308	-1.094567	-2.550436
59315	1.658221	-1.066691	-2.623247
59316	1.737724	-1.049546	-2.682799
59317	1.816078	-1.037543	-2.737796
59318	1.890879	-1.037402	-2.776364
59319	1.962084	-1.043077	-2.823278
59320	2.024898	-1.043807	-2.863243
59321	2.085407	-1.046815	-2.909059
59322	2.140076	-1.061853	-2.961228
59323	2.194281	-1.089183	-3.020616
59324	2.240022	-1.126371	-3.054355
59325	2.285919	-1.170059	-3.089563
59326	2.324427	-1.221234	-3.109533
59327	2.361111	-1.282106	-3.125999
59328	2.392194	-1.348022	-3.124162
59329	2.419481	-1.414028	-3.126024
59330	2.446368	-1.486032	-3.123978
59331	2.469300	-1.561791	-3.136811
59332	2.486164	-1.646117	-3.147770
59333	2.495880	-1.735127	-3.170810
59334	2.500470	-1.830883	-3.190207
59335	2.502069	-1.934426	-3.208438
59336	2.498490	-2.045412	-3.207571
59337	2.489931	-2.161441	-3.204821
59338	2.475650	-2.286056	-3.205606
59339	2.453169	-2.415738	-3.218545
59340	2.416888	-2.557992	-3.242993
59341	2.359673	-2.709230	-3.281822
59342	2.279401	-2.863843	-3.323826
59343	2.163894	-3.028963	-3.361062
59344	1.998083	-3.203932	-3.369331
59345	1.778619	-3.399063	-3.335559
59346	1.501636	-3.635660	-3.273375
59347	1.164615	-3.959598	-3.189584
59348	0.768743	-4.400110	-3.079596
59349	0.315939	-4.949500	-2.943171
59350	-0.179727	-5.589942	-2.777406
59351	-0.732379	-6.293285	-2.646825
59352	-1.344906	-7.036828	-2.671357
59353	-2.004497	-7.811422	-2.872650
59354	-2.728017	-8.602508	-3.213672
59355	-3.535974	-9.393043	-3.641961
59356	-4.482382	-10.235622	-4.141186
59357	-5.542044	-11.125031	-4.828965
59358	-6.658702	-12.110761	-5.618274
59359	-7.765767	-13.221581	-6.476680
59360	-8.879498	-14.417702	-7.318413
59361	-10.016466	-15.643632	-8.166659
59362	-11.197906	-16.883531	-8.962023
59363	-12.438682	-18.083867	-9.671737
59364	-13.693313	-19.230861	-10.267630
59365	-14.948149	-20.345053	-10.630245
59366	-16.257866	-21.375323	-10.731950
59367	-17.623393	-22.271536	-10.603839
59368	-19.051798	-23.013299	-10.217860
59369	-20.520275	-23.574386	-9.587131
59370	-22.002796	-24.025968	-8.761775
59371	-23.474762	-24.308828	-7.734662
59372	-24.917737	-24.387682	-6.573816
59373	-26.264746	-24.342149	-5.354701
59374	-27.471310	-24.259021	-4.271574
59375	-28.495142	-24.200942	-3.395122
59376	-29.332472	-24.153219	-2.672442
59377	-30.005758	-24.091894	-2.079569
59378	-30.517708	-24.049907	-1.655261
59379	-30.864603	-24.042542	-1.391246
59380	-31.064859	-24.034288	-1.242821
59381	-31.130463	-24.004373	-1.168455
59382	-31.068629	-23.945614	-1.140817
59383	-30.891901	-23.836277	-1.135711
59384	-30.617107	-23.644486	-1.122082
59385	-30.247021	-23.333200	-1.083527
59386	-29.783347	-22.932416	-1.051036
59387	-29.212270	-22.474707	-1.061743
59388	-28.541328	-21.965005	-1.117309
59389	-27.779715	-21.415678	-1.229629
59390	-26.935456	-20.846694	-1.413047
59391	-26.001995	-20.276566	-1.674557
59392	-24.985775	-19.681670	-1.972960
59393	-23.907654	-19.061495	-2.294853
59394	-22.758531	-18.413643	-2.637440
59395	-21.541766	-17.753319	-3.047329
59396	-20.247600	-17.117311	-3.539491
59397	-18.919512	-16.465020	-4.063394
59398	-17.593846	-15.828681	-4.623863
59399	-16.273315	-15.217081	-5.204208
59400	-14.993220	-14.635359	-5.790952
59401	-13.793048	-14.048846	-6.347608
59402	-12.645020	-13.432802	-6.811616
59403	-11.546713	-12.805703	-7.108897
59404	-10.553466	-12.198190	-7.348909
59405	-9.652886	-11.605807	-7.508343
59406	-8.837972	-11.022089	-7.508929
59407	-8.142870	-10.495762	-7.365963
59408	-7.591560	-10.029507	-7.091928
59409	-7.169995	-9.607750	-6.628743
59410	-6.868491	-9.219312	-5.951364
59411	-6.658352	-8.818176	-5.108849
59412	-6.426686	-8.364184	-4.110420
59413	-6.472056	-7.943407	-2.900971
59414	-7.237784	-7.723875	-1.929936
59415	-8.237276	-8.049348	-1.651937
59416	-9.099596	-8.628300	-1.888281
59417	-9.635581	-9.260416	-2.134329
59418	-9.755983	-9.580369	-1.947985
59419	-9.639871	-9.445331	-1.494062
59420	-9.530781	-9.209522	-1.105550
59421	-9.612344	-9.146854	-0.814956
59422	-9.892815	-9.328064	-0.627960
59423	-10.281505	-9.611800	-0.429788
59424	-10.679523	-9.837787	-0.207893
59425	-11.034333	-9.956928	0.015355
59426	-11.364397	-9.983309	0.242349
59427	-11.692917	-9.952132	0.433389
59428	-12.017037	-9.924583	0.505937
59429	-12.309192	-9.916606	0.461564
59430	-12.565441	-9.897847	0.355317
59431	-12.780943	-9.849077	0.236843
59432	-12.954069	-9.828776	0.119549
59433	-13.160736	-9.928017	0.041671
59434	-13.500232	-10.111950	0.073261
59435	-13.967030	-10.273895	0.232084
59436	-14.477510	-10.358993	0.501836
59437	-14.952359	-10.368101	0.819427
59438	-15.354393	-10.323692	1.126215
59439	-15.699046	-10.270674	1.369368
59440	-16.010082	-10.257412	1.520043
59441	-16.292175	-10.304940	1.579332
59442	-16.545607	-10.414574	1.564673
59443	-16.783617	-10.565483	1.499966
59444	-17.021381	-10.731900	1.436510
59445	-17.272452	-10.871987	1.418347
59446	-17.539213	-10.968085	1.474826
59447	-17.824725	-10.971034	1.618218
59448	-18.087222	-10.899344	1.816140
59449	-18.340090	-10.776697	2.087294
59450	-18.574603	-10.590837	2.415873
59451	-18.749483	-10.384861	2.688878
59452	-18.848121	-10.214388	2.866840
59453	-18.882681	-10.066853	2.949385
59454	-18.847477	-9.954403	2.942170
59455	-18.723402	-9.872656	2.864605
59456	-18.524482	-9.781696	2.768534
59457	-18.299338	-9.643059	2.686490
59458	-18.076003	-9.425897	2.657594
59459	-17.880555	-9.154364	2.673551
59460	-17.724547	-8.835254	2.718844
59461	-17.598245	-8.486746	2.781091
59462	-17.494800	-8.098859	2.908219
59463	-17.405970	-7.693657	3.055721
59464	-17.310893	-7.289596	3.141368
59465	-17.178128	-6.903820	3.164902
59466	-17.010666	-6.540674	3.119764
59467	-16.805090	-6.196911	3.013472
59468	-16.553922	-5.878206	2.887879
59469	-16.286442	-5.600639	2.745693
59470	-16.014949	-5.377996	2.570107
59471	-15.739969	-5.195499	2.369004
59472	-15.444963	-5.036193	2.151713
59473	-15.128303	-4.896673	1.918768
59474	-14.795511	-4.774986	1.662271
59475	-14.466634	-4.655556	1.377450
59476	-14.144268	-4.553999	1.056234
59477	-13.838373	-4.442465	0.710975
59478	-13.544589	-4.285845	0.410650
59479	-13.259855	-4.093028	0.195671
59480	-12.983926	-3.884515	0.054765
59481	-12.724673	-3.669258	-0.040208
59482	-12.461905	-3.454747	-0.095556
59483	-12.202571	-3.244396	-0.134285
59484	-11.941887	-3.045854	-0.195199
59485	-11.676644	-2.843258	-0.260085
59486	-11.411829	-2.637741	-0.355118
59487	-11.146324	-2.447887	-0.476247
59488	-10.893459	-2.270676	-0.622891
59489	-10.657876	-2.105840	-0.801906
59490	-10.436777	-1.940612	-0.974201
59491	-10.217466	-1.762196	-1.113937
59492	-9.996075	-1.578011	-1.225422
59493	-9.775016	-1.385006	-1.303311
59494	-9.561826	-1.192474	-1.347543
59495	-9.346116	-0.992012	-1.375352
59496	-9.138594	-0.777806	-1.384093
59497	-8.933912	-0.557558	-1.386513
59498	-8.730567	-0.369663	-1.414528
59499	-8.535212	-0.206313	-1.459028
59500	-8.348544	-0.054698	-1.503988
59501	-8.175424	0.093608	-1.529503
59502	-8.015809	0.237754	-1.549586
59503	-7.859893	0.366610	-1.563423
59504	-7.710801	0.482417	-1.586578
59505	-7.560778	0.584735	-1.612628
59506	-7.413801	0.672313	-1.657141
59507	-7.278196	0.739118	-1.726558
59508	-7.159614	0.779548	-1.834790
59509	-7.058247	0.795582	-1.995737
59510	-6.962963	0.786356	-2.185919
59511	-6.895649	0.787519	-2.374500
59512	-6.841570	0.809389	-2.501650
59513	-6.778945	0.849528	-2.572331
59514	-6.713160	0.906894	-2.597271
59515	-6.656478	0.984234	-2.596660
59516	-6.603995	1.055615	-2.579079
59517	-6.562977	1.116322	-2.546657
59518	-6.530018	1.163818	-2.499715
59519	-6.510298	1.200005	-2.456771
59520	-6.481065	1.229446	-2.422714
59521	-6.455065	1.257774	-2.406722
59522	-6.415627	1.252508	-2.464275
59523	-6.371665	1.251258	-2.521662
59524	-6.316787	1.240608	-2.658898
59525	-6.213954	1.233127	-2.822139
59526	-6.080191	1.242454	-2.951584
59527	-5.965305	1.247000	-3.038298
59528	-5.854649	1.246440	-3.048544
59529	-5.736708	1.259668	-3.074249
59530	-5.586181	1.282373	-3.120497
59531	-5.417451	1.323790	-3.147722
59532	-5.256611	1.366156	-3.170746
59533	-5.113315	1.404207	-3.169943
59534	-4.958555	1.442538	-3.195738
59535	-4.781659	1.493619	-3.228508
59536	-4.611545	1.585307	-3.222133
59537	-4.469166	1.681378	-3.220727
59538	-4.339630	1.753531	-3.212993
59539	-4.210668	1.830044	-3.183613
59540	-4.088354	1.915214	-3.168003
59541	-3.986648	2.001313	-3.179691
59542	-3.901686	2.047886	-3.246150
59543	-3.804179	2.064277	-3.278325
59544	-3.715258	2.080765	-3.312689
59545	-3.634649	2.081346	-3.379135
59546	-3.558583	2.068805	-3.462807
59547	-3.480224	2.042391	-3.581005
59548	-3.406638	2.004890	-3.718730
59549	-3.342099	1.970213	-3.866546
59550	-3.284294	1.938220	-4.001958
59551	-3.228651	1.919621	-4.103570
59552	-3.166349	1.903922	-4.169072
59553	-3.089265	1.885322	-4.201607
59554	-3.014039	1.869612	-4.209600
59555	-2.946535	1.857831	-4.202990
59556	-2.883537	1.851413	-4.187747
59557	-2.820417	1.849778	-4.163353
59558	-2.764426	1.849030	-4.108467
59559	-2.721284	1.847505	-4.040883
59560	-2.680564	1.839268	-3.976659
59561	-2.645395	1.829534	-3.908717
59562	-2.612932	1.806567	-3.859363
59563	-2.582873	1.771503	-3.823264
59564	-2.560061	1.739410	-3.789591
59565	-2.540552	1.706490	-3.765998
59566	-2.522400	1.671898	-3.748215
59567	-2.504719	1.624139	-3.746860
59568	-2.485885	1.578408	-3.746427
59569	-2.469079	1.530301	-3.739428
59570	-2.452714	1.484671	-3.735367
59571	-2.431296	1.443192	-3.727442
59572	-2.407046	1.406459	-3.713838
59573	-2.378207	1.366327	-3.712328
59574	-2.342950	1.325100	-3.734245
59575	-2.307239	1.280547	-3.784720
59576	-2.266641	1.236195	-3.850633
59577	-2.225829	1.188901	-3.931860
59578	-2.183152	1.145478	-4.025908
59579	-2.141347	1.105430	-4.127260
59580	-2.103432	1.065307	-4.236933
59581	-2.069243	1.022506	-4.352176
59582	-2.036207	0.980875	-4.466622
59583	-2.001680	0.952192	-4.549479
59584	-1.969171	0.932544	-4.597217
59585	-1.930618	0.913931	-4.601642
59586	-1.889997	0.898046	-4.579114
59587	-1.854385	0.878013	-4.555850
59588	-1.820535	0.853095	-4.547885
59589	-1.792248	0.830468	-4.569163
59590	-1.764256	0.805743	-4.619346
59591	-1.739976	0.777574	-4.685092
59592	-1.719157	0.747136	-4.764254
59593	-1.698976	0.715794	-4.837005
59594	-1.681884	0.687668	-4.903710
59595	-1.664344	0.655990	-4.969521
59596	-1.651026	0.629431	-5.033826
59597	-1.643528	0.604165	-5.079067
59598	-1.647871	0.583251	-5.104994
59599	-1.650598	0.559217	-5.109367
59600	-1.655150	0.547972	-5.085237
59601	-1.656924	0.546591	-5.026690
59602	-1.656605	0.544454	-4.959182
59603	-1.650738	0.538649	-4.899442
59604	-1.636387	0.526864	-4.840778
59605	-1.617092	0.513720	-4.798936
59606	-1.595290	0.504535	-4.787773
59607	-1.571885	0.492078	-4.810186
59608	-1.546657	0.477525	-4.864050
59609	-1.516009	0.456164	-4.930376
59610	-1.478726	0.440524	-4.998902
59611	-1.438519	0.426864	-5.071078
59612	-1.394539	0.417515	-5.139156
59613	-1.342268	0.408321	-5.205308
59614	-1.289801	0.399379	-5.265321
59615	-1.241005	0.401417	-5.330511
59616	-1.194657	0.406760	-5.385974
59617	-1.155634	0.415735	-5.427681
59618	-1.113644	0.426145	-5.454063
59619	-1.072894	0.440258	-5.466929
59620	-1.033008	0.453000	-5.474686
59621	-1.000432	0.464015	-5.483346
59622	-0.966062	0.473616	-5.491888
59623	-0.936061	0.490239	-5.496320
59624	-0.910544	0.498841	-5.494259
59625	-0.888145	0.501384	-5.483248
59626	-0.870088	0.497394	-5.467076
59627	-0.855926	0.491251	-5.451104
59628	-0.844547	0.481314	-5.450934
59629	-0.834537	0.463822	-5.476737
59630	-0.824770	0.436379	-5.526612
59631	-0.818392	0.409701	-5.586662
59632	-0.812592	0.384052	-5.648301
59633	-0.804722	0.354968	-5.703030
59634	-0.794470	0.325565	-5.752077
59635	-0.787557	0.299755	-5.791138
59636	-0.789311	0.284189	-5.813658
59637	-0.792629	0.274973	-5.813399
59638	-0.794404	0.266599	-5.795675
59639	-0.794336	0.254627	-5.748208
59640	-0.791861	0.240533	-5.679505
59641	-0.792576	0.235133	-5.599500
59642	-0.793933	0.231885	-5.513048
59643	-0.791986	0.224212	-5.420501
59644	-0.792983	0.212460	-5.328344
59645	-0.795707	0.196506	-5.242863
59646	-0.793677	0.169302	-5.170677
59647	-0.794167	0.138101	-5.122975
59648	-0.796400	0.104537	-5.096068
59649	-0.800394	0.071300	-5.077296
59650	-0.806581	0.034830	-5.039089
59651	-0.811316	0.000334	-5.004414
59652	-0.809069	-0.037019	-4.966193
59653	-0.805374	-0.074642	-4.913953
59654	-0.801672	-0.114586	-4.850173
59655	-0.796994	-0.153938	-4.781331
59656	-0.796211	-0.197422	-4.715234
59657	-0.795298	-0.246243	-4.665132
59658	-0.794445	-0.302438	-4.632337
59659	-0.793229	-0.362469	-4.616838
59660	-0.793379	-0.427718	-4.609799
59661	-0.795464	-0.497700	-4.612193
59662	-0.800688	-0.573164	-4.607562
59663	-0.810274	-0.649046	-4.595892
59664	-0.820853	-0.727311	-4.575065
59665	-0.836230	-0.808975	-4.544567
59666	-0.860183	-0.893192	-4.510532
59667	-0.890459	-0.985072	-4.479415
59668	-0.930207	-1.092897	-4.456856
59669	-0.979652	-1.220312	-4.451661
59670	-1.042740	-1.368998	-4.464537
59671	-1.115406	-1.531026	-4.485377
59672	-1.197600	-1.706429	-4.507967
59673	-1.290310	-1.902060	-4.529120
59674	-1.403088	-2.109702	-4.552550
59675	-1.545274	-2.348922	-4.596762
59676	-1.728756	-2.620209	-4.661896
59677	-1.957745	-2.913742	-4.742826
59678	-2.241335	-3.249190	-4.818037
59679	-2.589317	-3.630472	-4.874033
59680	-2.983109	-4.059011	-4.892611
59681	-3.433427	-4.532458	-4.858243
59682	-3.960127	-5.040484	-4.774478
59683	-4.574611	-5.550905	-4.639968
59684	-5.299438	-6.066186	-4.501053
59685	-6.059687	-6.597208	-4.356597
59686	-6.829762	-7.109940	-4.235042
59687	-7.571103	-7.672045	-4.159942
59688	-8.204054	-8.311132	-4.095342
59689	-8.821187	-8.917166	-4.076691
59690	-9.518030	-9.509547	-4.028114
59691	-10.317549	-10.125847	-4.025050
59692	-11.193645	-10.843628	-3.984556
59693	-12.170525	-11.633249	-4.052333
59694	-13.151213	-12.596991	-4.188588
59695	-14.238562	-13.522951	-4.198805
59696	-15.407922	-14.374083	-4.138802
59697	-16.655711	-15.181672	-4.045393
59698	-17.968874	-15.981308	-3.966880
59699	-19.301642	-16.800360	-3.906756
59700	-20.631616	-17.673767	-3.844540
59701	-21.972903	-18.563302	-3.739674
59702	-23.315212	-19.431505	-3.554644
59703	-24.645949	-20.227865	-3.249094
59704	-25.935301	-20.932367	-2.818657
59705	-27.184770	-21.543916	-2.243215
59706	-28.400877	-22.055716	-1.561845
59707	-29.562171	-22.465041	-0.807661
59708	-30.650824	-22.757621	0.011427
59709	-31.649909	-22.933429	0.875947
59710	-32.532756	-23.000064	1.736169
59711	-33.286892	-22.968404	2.564553
59712	-33.900886	-22.847698	3.346569
59713	-34.365822	-22.675227	4.058916
59714	-34.668299	-22.503068	4.639739
59715	-34.786067	-22.376798	5.044748
59716	-34.716500	-22.285878	5.282848
59717	-34.459436	-22.198236	5.364034
59718	-34.018030	-22.138137	5.249859
59719	-33.402050	-22.117001	4.952139
59720	-32.642993	-22.105716	4.528583
59721	-31.761526	-22.041797	4.026512
59722	-30.795010	-21.883309	3.509536
59723	-29.769456	-21.591513	3.033160
59724	-28.700864	-21.172503	2.611441
59725	-27.586691	-20.637020	2.238409
59726	-26.436363	-19.969215	1.915829
59727	-25.248874	-19.223249	1.574481
59728	-24.003953	-18.482593	1.153159
59729	-22.721731	-17.735597	0.660626
59730	-21.416562	-17.017321	0.081282
59731	-20.102047	-16.334774	-0.569958
59732	-18.800207	-15.656954	-1.256747
59733	-17.512752	-14.953045	-1.947192
59734	-16.220718	-14.210665	-2.555445
59735	-14.972212	-13.427538	-3.060072
59736	-13.810931	-12.617553	-3.508385
59737	-12.748350	-11.775351	-3.859156
59738	-11.797526	-10.909892	-4.085082
59739	-10.975263	-10.059828	-4.207373
59740	-10.279885	-9.246621	-4.258609
59741	-9.676415	-8.457452	-4.244856
59742	-9.135887	-7.670240	-4.170924
59743	-8.602384	-6.872133	-4.035509
59744	-8.059987	-6.091501	-3.833186
59745	-7.548509	-5.315073	-3.655877
59746	-6.987572	-4.476896	-3.559392
59747	-6.346533	-3.979495	-3.479355
59748	-6.885893	-3.656162	-3.495685
59749	-8.379052	-4.182111	-3.915835
59750	-9.677273	-5.428593	-4.982163
59751	-10.698665	-6.498798	-6.024666
59752	-11.163910	-7.249253	-6.396721
59753	-11.063536	-7.377618	-6.013981
59754	-10.769790	-6.936662	-5.252230
59755	-10.554766	-6.298238	-4.562244
59756	-10.478108	-5.819631	-3.819943
59757	-10.618692	-5.546421	-3.068998
59758	-11.018050	-5.513557	-2.518993
59759	-11.557189	-5.676210	-2.228316
59760	-12.086046	-5.912777	-2.084898
59761	-12.515415	-6.098039	-1.987965
59762	-12.784926	-6.193635	-1.896198
59763	-12.922465	-6.275168	-1.816007
59764	-13.043069	-6.390556	-1.784115
59765	-13.224073	-6.532869	-1.770970
59766	-13.472305	-6.690236	-1.768007
59767	-13.749241	-6.842828	-1.755197
59768	-14.054539	-6.978959	-1.681970
59769	-14.391036	-7.100510	-1.547519
59770	-14.743514	-7.222989	-1.394678
59771	-15.090965	-7.352015	-1.207988
59772	-15.427380	-7.458335	-0.953918
59773	-15.735862	-7.529729	-0.679824
59774	-15.993188	-7.588744	-0.457802
59775	-16.197653	-7.659487	-0.306220
59776	-16.367399	-7.759126	-0.210909
59777	-16.541551	-7.871032	-0.145936
59778	-16.736975	-7.970106	-0.076349
59779	-16.964338	-8.048003	0.050030
59780	-17.200301	-8.095069	0.202965
59781	-17.407766	-8.121676	0.336821
59782	-17.563811	-8.125491	0.449051
59783	-17.644227	-8.124570	0.510090
59784	-17.653632	-8.136103	0.523843
59785	-17.605172	-8.132683	0.550440
59786	-17.532431	-8.090877	0.596020
59787	-17.449716	-8.013002	0.649119
59788	-17.348263	-7.880437	0.762391
59789	-17.228474	-7.699100	0.867544
59790	-17.082097	-7.495266	0.997281
59791	-16.929627	-7.290650	1.134100
59792	-16.744079	-7.119099	1.219464
59793	-16.528655	-6.958685	1.241937
59794	-16.303307	-6.776544	1.226022
59795	-16.058243	-6.539670	1.240196
59796	-15.804828	-6.241521	1.339838
59797	-15.575579	-5.922791	1.432817
59798	-15.360816	-5.616516	1.484340
59799	-15.138188	-5.299459	1.523220
59800	-14.885307	-5.005794	1.520470
59801	-14.611789	-4.744957	1.444247
59802	-14.324202	-4.477833	1.348089
59803	-14.022049	-4.242767	1.190212
59804	-13.688759	-4.031534	1.050130
59805	-13.361395	-3.836621	0.914061
59806	-13.027927	-3.655371	0.807059
59807	-12.704910	-3.464403	0.715658
59808	-12.383475	-3.287500	0.579242
59809	-12.052224	-3.098338	0.452036
59810	-11.703991	-2.896831	0.355940
59811	-11.363657	-2.668258	0.286984
59812	-11.062728	-2.434802	0.219378
59813	-10.787413	-2.223046	0.128591
59814	-10.518036	-2.014567	0.031675
59815	-10.231617	-1.803083	-0.060008
59816	-9.932013	-1.578472	-0.122773
59817	-9.633836	-1.353929	-0.146358
59818	-9.347394	-1.121800	-0.149363
59819	-9.078857	-0.899429	-0.175320
59820	-8.807359	-0.692664	-0.250474
59821	-8.525849	-0.501947	-0.371968
59822	-8.234965	-0.318217	-0.526922
59823	-7.953154	-0.142770	-0.701603
59824	-7.690887	0.035433	-0.865825
59825	-7.436155	0.232643	-0.992463
59826	-7.194048	0.445095	-1.128730
59827	-6.953103	0.642222	-1.311803
59828	-6.718938	0.830734	-1.505113
59829	-6.499346	1.017872	-1.685813
59830	-6.290471	1.213442	-1.846671
59831	-6.099114	1.408954	-2.029146
59832	-5.902838	1.575864	-2.269033
59833	-5.696666	1.710555	-2.574797
59834	-5.487368	1.842843	-2.863721
59835	-5.315787	1.995045	-3.113687
59836	-5.168486	2.147687	-3.338342
59837	-5.027611	2.282057	-3.503672
59838	-4.898878	2.417436	-3.617660
59839	-4.760223	2.543974	-3.692546
59840	-4.639026	2.666503	-3.742059
59841	-4.545721	2.775904	-3.779955
59842	-4.460976	2.850274	-3.840631
59843	-4.382351	2.907882	-3.959776
59844	-4.310632	2.948579	-4.133066
59845	-4.239573	2.962551	-4.320696
59846	-4.184525	2.963067	-4.511394
59847	-4.144786	2.945994	-4.678684
59848	-4.112401	2.927420	-4.805012
59849	-4.086807	2.890332	-4.895670
59850	-4.073194	2.844172	-4.968747
59851	-4.072489	2.790569	-4.997414
59852	-4.078954	2.720702	-5.036648
59853	-4.081391	2.662002	-5.047642
59854	-4.085264	2.606032	-5.038053
59855	-4.080800	2.562354	-5.063880
59856	-4.081298	2.499153	-5.149190
59857	-4.087528	2.423390	-5.256810
59858	-4.083538	2.344952	-5.435572
59859	-4.065759	2.291175	-5.638472
59860	-4.023769	2.252911	-5.839198
59861	-3.961010	2.229779	-6.020423
59862	-3.882890	2.209232	-6.176165
59863	-3.795534	2.197967	-6.294640
59864	-3.692754	2.191114	-6.391004
59865	-3.587498	2.196464	-6.487775
59866	-3.485495	2.202981	-6.577912
59867	-3.392318	2.211226	-6.658409
59868	-3.292445	2.214753	-6.742577
59869	-3.193914	2.226450	-6.813031
59870	-3.103882	2.248379	-6.851355
59871	-3.019190	2.264958	-6.889576
59872	-2.936494	2.280819	-6.925876
59873	-2.864633	2.294420	-6.969189
59874	-2.789486	2.301869	-7.033578
59875	-2.720546	2.307580	-7.108475
59876	-2.658521	2.312920	-7.182172
59877	-2.595278	2.310761	-7.251684
59878	-2.531925	2.307336	-7.309045
59879	-2.468479	2.295831	-7.350629
59880	-2.404223	2.275555	-7.388817
59881	-2.345447	2.242680	-7.430746
59882	-2.299810	2.208682	-7.495460
59883	-2.261923	2.168144	-7.602651
59884	-2.229337	2.119883	-7.753294
59885	-2.203862	2.067642	-7.920884
59886	-2.190815	2.023177	-8.064472
59887	-2.178087	1.975262	-8.135014
59888	-2.166741	1.934410	-8.128603
59889	-2.150316	1.900392	-8.050630
59890	-2.130880	1.876124	-7.934934
59891	-2.114031	1.852881	-7.813646
59892	-2.103967	1.827692	-7.712482
59893	-2.093853	1.794990	-7.646542
59894	-2.086951	1.757835	-7.603849
59895	-2.078687	1.723809	-7.584217
59896	-2.063245	1.689935	-7.569734
59897	-2.047250	1.655291	-7.546290
59898	-2.030220	1.626322	-7.510588
59899	-2.011046	1.596732	-7.476687
59900	-1.991616	1.563990	-7.448597
59901	-1.977793	1.530158	-7.428105
59902	-1.967304	1.497777	-7.423111
59903	-1.956497	1.468579	-7.425514
59904	-1.944469	1.439346	-7.432796
59905	-1.932954	1.411943	-7.442389
59906	-1.923560	1.381617	-7.435936
59907	-1.914513	1.354991	-7.408973
59908	-1.904737	1.330408	-7.371056
59909	-1.895475	1.307654	-7.335440
59910	-1.882450	1.280125	-7.297448
59911	-1.872844	1.254991	-7.257572
59912	-1.859476	1.230630	-7.216223
59913	-1.844759	1.206466	-7.195160
59914	-1.827073	1.178345	-7.190208
59915	-1.809059	1.149760	-7.195192
59916	-1.791501	1.126417	-7.211996
59917	-1.771294	1.104287	-7.236538
59918	-1.745403	1.084445	-7.262275
59919	-1.718582	1.066734	-7.283043
59920	-1.689358	1.052351	-7.301651
59921	-1.658420	1.034165	-7.325485
59922	-1.623637	1.017633	-7.353244
59923	-1.587901	1.002954	-7.383398
59924	-1.550720	0.989610	-7.410358
59925	-1.512686	0.977465	-7.443760
59926	-1.472563	0.963103	-7.489706
59927	-1.436552	0.954349	-7.542219
59928	-1.401576	0.946790	-7.593854
59929	-1.367485	0.937683	-7.641771
59930	-1.333063	0.928582	-7.680152
59931	-1.302195	0.919757	-7.702475
59932	-1.272419	0.912581	-7.709168
59933	-1.242336	0.902438	-7.709591
59934	-1.214768	0.892317	-7.711020
59935	-1.189117	0.881553	-7.725963
59936	-1.164362	0.872114	-7.750734
59937	-1.140410	0.860879	-7.779136
59938	-1.116686	0.852427	-7.804364
59939	-1.091930	0.842834	-7.830498
59940	-1.066225	0.833553	-7.852914
59941	-1.040366	0.828367	-7.870022
59942	-1.013495	0.826039	-7.882798
59943	-0.984414	0.824795	-7.891371
59944	-0.958595	0.823665	-7.897208
59945	-0.932198	0.824226	-7.893450
59946	-0.909505	0.827504	-7.883848
59947	-0.887754	0.829631	-7.872572
59948	-0.864055	0.831085	-7.857137
59949	-0.840820	0.832413	-7.840534
59950	-0.821909	0.831170	-7.824217
59951	-0.802484	0.831616	-7.815152
59952	-0.783110	0.831380	-7.799359
59953	-0.769759	0.830340	-7.781200
59954	-0.757536	0.827882	-7.762781
59955	-0.748585	0.824547	-7.748298
59956	-0.741049	0.822597	-7.741158
59957	-0.736714	0.817640	-7.741893
59958	-0.728377	0.807913	-7.741594
59959	-0.724802	0.803043	-7.738568
59960	-0.720222	0.793510	-7.726981
59961	-0.719096	0.790610	-7.705500
59962	-0.715653	0.785468	-7.681050
59963	-0.714663	0.782984	-7.661699
59964	-0.711315	0.779775	-7.657519
59965	-0.707635	0.778080	-7.666704
59966	-0.706358	0.777665	-7.685614
59967	-0.703936	0.772902	-7.711297
59968	-0.699012	0.769954	-7.734748
59969	-0.695645	0.766352	-7.756110
59970	-0.690350	0.762084	-7.773325
59971	-0.684409	0.758206	-7.790252
59972	-0.676658	0.754956	-7.810572
59973	-0.669424	0.750725	-7.841143
59974	-0.662542	0.748643	-7.872607
59975	-0.658862	0.747343	-7.901996
59976	-0.655243	0.747112	-7.935474
59977	-0.649538	0.742831	-7.965974
59978	-0.646711	0.738205	-7.992908
59979	-0.645220	0.735040	-8.015069
59980	-0.646727	0.730027	-8.032259
59981	-0.652822	0.722780	-8.045773
59982	-0.661762	0.707456	-8.058840
59983	-0.675019	0.701192	-8.063818
59984	-0.692275	0.692101	-8.060822
59985	-0.709203	0.672770	-8.056764
59986	-0.726470	0.651106	-8.033860
59987	-0.744872	0.623653	-8.012564
59988	-0.756405	0.586854	-7.994998
59989	-0.767240	0.555394	-7.965284
59990	-0.777195	0.526786	-7.931190
59991	-0.793308	0.497797	-7.913652
59992	-0.811089	0.468912	-7.911534
59993	-0.825211	0.438663	-7.922634
59994	-0.836725	0.415041	-7.937757
59995	-0.849155	0.393058	-7.959955
59996	-0.861579	0.368002	-7.986833
59997	-0.871201	0.343183	-8.006566
59998	-0.881328	0.329460	-8.014735
59999	-0.886378	0.323423	-8.007052
60000	-0.887314	0.316954	-7.974832
60001	-0.890725	0.312553	-7.934808
60002	-0.894908	0.309887	-7.891182
60003	-0.900776	0.313897	-7.839013
60004	-0.907442	0.317699	-7.796577
60005	-0.915617	0.318952	-7.765371
60006	-0.925300	0.317890	-7.744147
60007	-0.935814	0.314416	-7.730421
60008	-0.946992	0.311337	-7.722500
60009	-0.960585	0.312858	-7.706247
60010	-0.975664	0.308555	-7.685660
60011	-0.990161	0.295772	-7.659142
60012	-1.004029	0.279211	-7.628222
60013	-1.014679	0.265831	-7.593982
60014	-1.025207	0.264081	-7.563635
60015	-1.034922	0.262538	-7.540419
60016	-1.042418	0.258645	-7.531032
60017	-1.046910	0.250141	-7.537089
60018	-1.050282	0.243783	-7.544188
60019	-1.054819	0.239293	-7.549995
60020	-1.053543	0.235208	-7.554702
60021	-1.050042	0.229430	-7.563084
60022	-1.041141	0.225723	-7.578989
60023	-1.033667	0.225582	-7.602932
60024	-1.023262	0.226564	-7.631219
60025	-1.011835	0.229377	-7.661839
60026	-0.996383	0.237733	-7.687763
60027	-0.979127	0.249795	-7.706445
60028	-0.961531	0.263346	-7.716907
60029	-0.943456	0.279042	-7.719903
60030	-0.923390	0.295580	-7.720080
60031	-0.905463	0.310607	-7.727049
60032	-0.887631	0.322225	-7.735315
60033	-0.871159	0.331448	-7.748699
60034	-0.854844	0.338303	-7.761420
60035	-0.840032	0.343422	-7.774142
60036	-0.825965	0.344534	-7.789552
60037	-0.812098	0.340815	-7.809508
60038	-0.803153	0.332843	-7.833324
60039	-0.794119	0.320592	-7.858903
60040	-0.788602	0.306543	-7.893946
60041	-0.791728	0.280557	-7.953427
60042	-0.805560	0.250186	-8.043917
60043	-0.829105	0.217294	-8.161719
60044	-0.858296	0.181629	-8.297797
60045	-0.892494	0.135584	-8.428760
60046	-0.924168	0.086382	-8.524985
60047	-0.947756	0.035660	-8.570265
60048	-0.972175	-0.012031	-8.602374
60049	-0.986092	-0.081891	-8.640697
60050	-1.003693	-0.147868	-8.681730
60051	-1.030442	-0.209733	-8.706851
60052	-1.062062	-0.272988	-8.710805
60053	-1.093108	-0.348887	-8.726070
60054	-1.123312	-0.430479	-8.761261
60055	-1.154002	-0.515900	-8.814694
60056	-1.194611	-0.614504	-8.883717
60057	-1.247984	-0.726972	-8.950501
60058	-1.318530	-0.852254	-9.001562
60059	-1.408257	-0.997809	-9.041169
60060	-1.523420	-1.167264	-9.063325
60061	-1.674465	-1.349712	-9.052500
60062	-1.873352	-1.542562	-9.030003
60063	-2.116954	-1.779724	-9.014844
60064	-2.430420	-2.064971	-9.022499
60065	-2.828086	-2.407548	-9.072242
60066	-3.312391	-2.849286	-9.186684
60067	-3.874450	-3.419774	-9.338165
60068	-4.487544	-4.077777	-9.518689
60069	-5.129101	-4.822120	-9.707219
60070	-5.800272	-5.575380	-9.921444
60071	-6.489242	-6.316351	-10.106186
60072	-7.195920	-7.027051	-10.189482
60073	-7.882720	-7.731343	-10.165988
60074	-8.618702	-8.520090	-9.955672
60075	-9.617841	-9.340551	-9.478719
60076	-10.885326	-10.181880	-9.015692
60077	-12.262988	-11.089924	-8.669700
60078	-13.677675	-12.081291	-8.535348
60079	-15.073487	-13.194968	-8.642739
60080	-16.451338	-14.450217	-8.938572
60081	-17.833876	-15.766032	-9.238701
60082	-19.256742	-17.061347	-9.505632
60083	-20.734848	-18.360785	-9.739867
60084	-22.234943	-19.660291	-9.905626
60085	-23.704970	-20.952202	-9.916105
60086	-25.168863	-22.171103	-9.699170
60087	-26.637908	-23.243036	-9.245733
60088	-28.102383	-24.125087	-8.537212
60089	-29.560542	-24.772365	-7.542416
60090	-31.001881	-25.149236	-6.280566
60091	-32.381256	-25.272465	-4.897179
60092	-33.654505	-25.213614	-3.497584
60093	-34.793283	-25.004627	-2.138070
60094	-35.792132	-24.686901	-0.879418
60095	-36.624112	-24.343959	0.217005
60096	-37.235584	-24.017305	1.116991
60097	-37.580074	-23.758774	1.762980
60098	-37.637451	-23.628409	2.108250
60099	-37.403891	-23.619837	2.159238
60100	-36.910772	-23.656427	1.969642
60101	-36.186130	-23.673747	1.555945
60102	-35.271131	-23.642981	0.956293
60103	-34.229996	-23.485242	0.285073
60104	-33.123790	-23.147259	-0.408234
60105	-31.989276	-22.615994	-1.055569
60106	-30.856279	-21.848735	-1.580560
60107	-29.706569	-20.918098	-2.007235
60108	-28.520333	-19.854614	-2.284646
60109	-27.278187	-18.714734	-2.469887
60110	-25.962372	-17.573391	-2.640494
60111	-24.570018	-16.451384	-2.838260
60112	-23.127258	-15.380412	-3.116935
60113	-21.682789	-14.377289	-3.502348
60114	-20.289602	-13.472732	-4.034116
60115	-18.948605	-12.659980	-4.630735
60116	-17.676822	-11.883862	-5.143304
60117	-16.491319	-11.114232	-5.459188
60118	-15.383985	-10.295855	-5.488718
60119	-14.336408	-9.400893	-5.155740
60120	-13.386638	-8.452559	-4.573918
60121	-12.527852	-7.512705	-3.910593
60122	-11.738285	-6.623315	-3.249893
60123	-10.981864	-5.830141	-2.659853
60124	-10.264261	-5.176296	-2.193770
60125	-9.602652	-4.662383	-1.900016
60126	-8.985418	-4.253081	-1.774836
60127	-8.386424	-3.923351	-1.764931
60128	-7.809677	-3.635633	-1.821693
60129	-7.141135	-3.217921	-1.930364
60130	-6.422382	-2.650928	-2.072884
60131	-7.126079	-2.386302	-1.923390
60132	-8.597434	-3.426429	-2.334360
60133	-10.094901	-4.637874	-3.130210
60134	-11.050263	-5.727768	-3.481381
60135	-11.203914	-6.360987	-2.865307
60136	-10.729816	-6.303809	-1.840961
60137	-10.310316	-5.695024	-0.921839
60138	-10.354717	-5.034439	-0.274882
60139	-10.616976	-4.723360	0.086927
60140	-10.860071	-4.789164	0.273671
60141	-11.106750	-5.039397	0.400615
60142	-11.398748	-5.284523	0.410257
60143	-11.721761	-5.498428	0.309984
60144	-12.082333	-5.747324	0.243189
60145	-12.481010	-6.075810	0.300423
60146	-12.901537	-6.355285	0.458705
60147	-13.278084	-6.524471	0.641851
60148	-13.567872	-6.611873	0.819005
60149	-13.755356	-6.646243	1.025863
60150	-13.894954	-6.623762	1.316070
60151	-14.066580	-6.586808	1.636227
60152	-14.306600	-6.586017	1.908286
60153	-14.580109	-6.595802	2.152563
60154	-14.844155	-6.593931	2.357135
60155	-15.047979	-6.610082	2.493026
60156	-15.167067	-6.632169	2.537687
60157	-15.220834	-6.649304	2.484366
60158	-15.273861	-6.634286	2.492605
60159	-15.347341	-6.518632	2.562767
60160	-15.363695	-6.407000	2.594748
60161	-15.323411	-6.320652	2.615820
60162	-15.250530	-6.206394	2.646441
60163	-15.161428	-6.068088	2.669579
60164	-15.068067	-5.931514	2.672573
60165	-14.951506	-5.779439	2.693070
60166	-14.808924	-5.590995	2.719612
60167	-14.651158	-5.370378	2.729637
60168	-14.485869	-5.152843	2.724160
60169	-14.333835	-4.921638	2.698322
60170	-14.182693	-4.672752	2.638513
60171	-14.030806	-4.382938	2.582191
60172	-13.871389	-4.082811	2.537674
60173	-13.702074	-3.770873	2.578710
60174	-13.502559	-3.472158	2.609214
60175	-13.259497	-3.255882	2.529300
60176	-12.996737	-3.090731	2.394692
60177	-12.735322	-2.953734	2.216047
60178	-12.459814	-2.830257	2.011070
60179	-12.171271	-2.696411	1.816781
60180	-11.888591	-2.537293	1.665106
60181	-11.623933	-2.353771	1.535009
60182	-11.360677	-2.157145	1.409995
60183	-11.093907	-1.948707	1.287564
60184	-10.828379	-1.754610	1.145065
60185	-10.560845	-1.567337	0.982598
60186	-10.303331	-1.372395	0.818964
60187	-10.056638	-1.156692	0.662134
60188	-9.820622	-0.944239	0.482678
60189	-9.587055	-0.741517	0.272619
60190	-9.343943	-0.553441	0.042450
60191	-9.107103	-0.367252	-0.186676
60192	-8.887216	-0.175865	-0.415268
60193	-8.688521	0.006042	-0.681165
60194	-8.479792	0.171969	-0.981762
60195	-8.259273	0.323455	-1.295076
60196	-8.036668	0.480722	-1.599444
60197	-7.809324	0.648944	-1.863546
60198	-7.597309	0.833601	-2.095935
60199	-7.404225	1.012498	-2.336091
60200	-7.198905	1.138204	-2.620629
60201	-6.980840	1.239315	-2.895346
60202	-6.767646	1.365971	-3.118225
60203	-6.575855	1.516079	-3.292689
60204	-6.385269	1.667141	-3.436468
60205	-6.195397	1.797081	-3.550330
60206	-5.989839	1.900332	-3.636109
60207	-5.787125	2.004428	-3.671366
60208	-5.588398	2.132614	-3.629064
60209	-5.399747	2.269438	-3.557995
60210	-5.212280	2.394449	-3.501969
60211	-5.027164	2.497813	-3.499003
60212	-4.843062	2.579062	-3.572558
60213	-4.669854	2.648784	-3.681670
60214	-4.511605	2.727771	-3.746957
60215	-4.365584	2.823269	-3.773884
60216	-4.212762	2.925513	-3.744067
60217	-4.062642	3.011262	-3.670530
60218	-3.928548	3.071547	-3.601144
60219	-3.808491	3.106843	-3.576927
60220	-3.690977	3.115694	-3.592576
60221	-3.584236	3.107274	-3.648859
60222	-3.481141	3.098989	-3.738509
60223	-3.385260	3.116686	-3.811308
60224	-3.293853	3.133743	-3.884533
60225	-3.213592	3.150410	-3.954198
60226	-3.141834	3.174246	-4.013275
60227	-3.071102	3.209627	-4.063670
60228	-2.995830	3.248681	-4.148970
60229	-2.913786	3.284947	-4.235215
60230	-2.824578	3.322744	-4.304747
60231	-2.729441	3.336324	-4.352073
60232	-2.658397	3.362709	-4.362363
60233	-2.571983	3.395268	-4.334391
60234	-2.444145	3.431399	-4.329082
60235	-2.302418	3.445099	-4.372778
60236	-2.212128	3.438785	-4.449703
60237	-2.146120	3.430427	-4.522338
60238	-2.066191	3.433960	-4.590254
60239	-1.984475	3.438766	-4.632996
60240	-1.913349	3.427597	-4.620639
60241	-1.850442	3.417174	-4.571216
60242	-1.796394	3.411860	-4.505211
60243	-1.747726	3.399758	-4.437589
60244	-1.700161	3.372524	-4.380033
60245	-1.664509	3.341642	-4.328996
60246	-1.635657	3.312961	-4.305377
60247	-1.616627	3.277106	-4.336208
60248	-1.605912	3.226420	-4.399902
60249	-1.597402	3.169750	-4.478015
60250	-1.580607	3.103847	-4.552287
60251	-1.560649	3.045921	-4.608617
60252	-1.526700	2.998903	-4.636280
60253	-1.479626	2.947711	-4.655820
60254	-1.436866	2.908932	-4.683253
60255	-1.391704	2.877862	-4.716210
60256	-1.341598	2.855484	-4.762414
60257	-1.288236	2.839113	-4.857479
60258	-1.234393	2.831165	-4.972854
60259	-1.185087	2.832219	-5.077295
60260	-1.133562	2.836460	-5.165824
60261	-1.076303	2.842708	-5.232254
60262	-1.015920	2.854103	-5.273215
60263	-0.961185	2.871368	-5.302775
60264	-0.909025	2.895520	-5.331118
60265	-0.863279	2.916915	-5.379720
60266	-0.820312	2.928247	-5.442142
60267	-0.789182	2.938449	-5.499866
60268	-0.762867	2.946035	-5.552076
60269	-0.739179	2.939205	-5.604492
60270	-0.717198	2.917083	-5.640167
60271	-0.707779	2.889207	-5.661233
60272	-0.710821	2.854916	-5.688238
60273	-0.721846	2.811226	-5.704582
60274	-0.736108	2.762856	-5.702693
60275	-0.753382	2.709849	-5.688420
60276	-0.772676	2.652242	-5.665381
60277	-0.796921	2.598288	-5.637152
60278	-0.816039	2.542790	-5.591515
60279	-0.830456	2.490840	-5.535551
60280	-0.847832	2.447110	-5.478549
60281	-0.863228	2.409732	-5.393842
60282	-0.876612	2.385623	-5.279193
60283	-0.882351	2.369850	-5.150056
60284	-0.881325	2.363240	-5.003549
60285	-0.878408	2.361916	-4.851314
60286	-0.876215	2.362376	-4.706159
60287	-0.872002	2.361855	-4.579431
60288	-0.864646	2.351061	-4.468157
60289	-0.858059	2.332553	-4.377294
60290	-0.858036	2.309624	-4.315965
60291	-0.858668	2.278632	-4.282266
60292	-0.867351	2.241721	-4.267294
60293	-0.885129	2.196593	-4.261972
60294	-0.902597	2.131863	-4.265295
60295	-0.925967	2.059978	-4.277748
60296	-0.954500	1.990976	-4.284409
60297	-0.984544	1.925579	-4.288516
60298	-1.009736	1.860937	-4.299428
60299	-1.035470	1.798911	-4.307355
60300	-1.058154	1.745488	-4.307324
60301	-1.073923	1.699523	-4.319032
60302	-1.080132	1.656566	-4.363188
60303	-1.079280	1.615124	-4.454626
60304	-1.075597	1.583638	-4.572282
60305	-1.075500	1.566167	-4.689534
60306	-1.070945	1.562254	-4.774662
60307	-1.058619	1.562749	-4.821087
60308	-1.042817	1.565542	-4.827717
60309	-1.022388	1.568704	-4.794604
60310	-1.007690	1.577558	-4.742096
60311	-0.992675	1.581989	-4.683188
60312	-0.988256	1.581135	-4.640043
60313	-0.985740	1.572780	-4.611132
60314	-0.991670	1.560447	-4.592564
60315	-1.003158	1.543774	-4.585829
60316	-1.017941	1.518853	-4.593847
60317	-1.035684	1.491172	-4.603475
60318	-1.056333	1.465091	-4.603673
60319	-1.078316	1.438803	-4.586367
60320	-1.097622	1.411935	-4.544024
60321	-1.117252	1.384632	-4.489099
60322	-1.136410	1.355468	-4.423883
60323	-1.154795	1.328592	-4.361821
60324	-1.170079	1.302583	-4.314613
60325	-1.181962	1.275238	-4.290641
60326	-1.191120	1.247766	-4.299598
60327	-1.199015	1.220959	-4.340738
60328	-1.202432	1.191729	-4.401367
60329	-1.204237	1.165242	-4.464882
60330	-1.200771	1.139121	-4.525120
60331	-1.191498	1.113191	-4.570487
60332	-1.180409	1.092953	-4.598230
60333	-1.172379	1.079586	-4.608223
60334	-1.163344	1.066903	-4.608566
60335	-1.157855	1.053787	-4.604209
60336	-1.150259	1.041816	-4.591146
60337	-1.147258	1.034145	-4.579420
60338	-1.146896	1.029187	-4.566883
60339	-1.150067	1.023800	-4.549639
60340	-1.156350	1.014548	-4.531349
60341	-1.159400	1.000949	-4.506870
60342	-1.160282	0.989215	-4.479037
60343	-1.165270	0.980951	-4.458964
60344	-1.174189	0.967159	-4.449377
60345	-1.182150	0.950731	-4.448572
60346	-1.191089	0.932859	-4.448727
60347	-1.202862	0.913670	-4.442513
60348	-1.212991	0.897198	-4.417196
60349	-1.219708	0.889382	-4.371125
60350	-1.223232	0.896912	-4.306858
60351	-1.228512	0.909585	-4.248253
60352	-1.233225	0.909607	-4.200627
60353	-1.242281	0.906490	-4.152421
60354	-1.255498	0.910167	-4.093592
60355	-1.269392	0.914987	-4.030427
60356	-1.278746	0.916579	-3.973344
60357	-1.285726	0.917037	-3.925267
60358	-1.289653	0.920971	-3.880962
60359	-1.292239	0.926249	-3.846236
60360	-1.296218	0.931314	-3.826685
60361	-1.296319	0.937428	-3.821703
60362	-1.295440	0.942729	-3.833646
60363	-1.292176	0.949067	-3.860065
60364	-1.286787	0.958044	-3.896536
60365	-1.278608	0.969058	-3.938716
60366	-1.272289	0.980770	-3.989675
60367	-1.261657	0.998219	-4.034704
60368	-1.249630	1.012574	-4.084343
60369	-1.237152	1.031411	-4.132099
60370	-1.223952	1.052180	-4.176384
60371	-1.210663	1.072669	-4.231233
60372	-1.199491	1.090585	-4.299401
60373	-1.190543	1.107323	-4.366962
60374	-1.182635	1.126078	-4.420423
60375	-1.174114	1.141862	-4.451439
60376	-1.166124	1.161771	-4.457630
60377	-1.159038	1.183578	-4.444950
60378	-1.155330	1.201627	-4.420664
60379	-1.153900	1.215980	-4.387007
60380	-1.155095	1.228583	-4.350907
60381	-1.156200	1.234674	-4.310991
60382	-1.159276	1.239209	-4.265088
60383	-1.165191	1.239477	-4.220616
60384	-1.171711	1.240790	-4.177808
60385	-1.177681	1.236971	-4.143083
60386	-1.185264	1.236665	-4.119879
60387	-1.194453	1.232141	-4.106288
60388	-1.205657	1.225283	-4.099989
60389	-1.218518	1.218701	-4.095616
60390	-1.224848	1.212854	-4.080880
60391	-1.232919	1.205447	-4.064697
60392	-1.240739	1.197390	-4.044380
60393	-1.251017	1.190933	-4.020442
60394	-1.263419	1.184791	-4.001987
60395	-1.273895	1.176125	-3.989982
60396	-1.282210	1.167060	-3.978431
60397	-1.291069	1.159836	-3.967814
60398	-1.297165	1.149469	-3.952667
60399	-1.305213	1.142808	-3.932508
60400	-1.313281	1.140055	-3.908648
60401	-1.320291	1.135038	-3.878138
60402	-1.324059	1.130111	-3.839853
60403	-1.327397	1.126037	-3.802213
60404	-1.330062	1.120778	-3.778133
60405	-1.333356	1.113611	-3.766789
60406	-1.337513	1.103442	-3.765555
60407	-1.340789	1.093212	-3.771328
60408	-1.345903	1.084366	-3.781865
60409	-1.349668	1.072047	-3.788996
60410	-1.351742	1.060213	-3.790187
60411	-1.352223	1.047095	-3.785368
60412	-1.352222	1.034393	-3.775728
60413	-1.355087	1.024145	-3.765297
60414	-1.357477	1.015772	-3.759528
60415	-1.359307	1.009732	-3.746535
60416	-1.359430	1.006394	-3.732949
60417	-1.358924	1.004209	-3.723277
60418	-1.360852	1.001663	-3.721745
60419	-1.364581	1.001269	-3.724350
60420	-1.367664	1.000858	-3.729397
60421	-1.368400	1.001206	-3.728233
60422	-1.369947	1.000082	-3.720002
60423	-1.371285	0.996184	-3.705512
60424	-1.372721	0.989512	-3.680195
60425	-1.374876	0.978492	-3.641450
60426	-1.377324	0.967709	-3.592249
60427	-1.382266	0.954134	-3.537602
60428	-1.387780	0.942311	-3.480820
60429	-1.394463	0.932159	-3.428547
60430	-1.399530	0.920893	-3.387611
60431	-1.401369	0.902970	-3.370886
60432	-1.398683	0.888424	-3.358088
60433	-1.393050	0.884542	-3.343061
60434	-1.382882	0.885198	-3.329914
60435	-1.374853	0.882861	-3.322124
60436	-1.367046	0.881560	-3.299733
60437	-1.348043	0.879831	-3.256650
60438	-1.321812	0.879747	-3.204839
60439	-1.297975	0.878871	-3.180086
60440	-1.280082	0.871327	-3.208709
60441	-1.273014	0.858867	-3.283661
60442	-1.270020	0.839610	-3.405541
60443	-1.274050	0.826004	-3.557866
60444	-1.277294	0.814235	-3.698676
60445	-1.282730	0.810462	-3.806340
60446	-1.289517	0.817789	-3.875285
60447	-1.294248	0.830900	-3.913852
60448	-1.296821	0.849696	-3.928085
60449	-1.293219	0.874177	-3.937970
60450	-1.288679	0.903831	-3.948986
60451	-1.284068	0.932743	-3.976871
60452	-1.279785	0.964111	-4.026059
60453	-1.278998	0.998301	-4.083576
60454	-1.274910	1.035650	-4.134582
60455	-1.267437	1.077528	-4.174817
60456	-1.257267	1.115372	-4.193589
60457	-1.246944	1.150467	-4.196585
60458	-1.238713	1.182555	-4.201682
60459	-1.232192	1.206272	-4.216676
60460	-1.230775	1.225025	-4.248676
60461	-1.235715	1.238794	-4.292849
60462	-1.245796	1.245467	-4.338971
60463	-1.258532	1.242591	-4.389877
60464	-1.274308	1.230882	-4.445501
60465	-1.288672	1.214689	-4.490210
60466	-1.306308	1.197270	-4.522832
60467	-1.324829	1.175990	-4.542692
60468	-1.346571	1.156426	-4.552061
60469	-1.366040	1.139600	-4.557256
