// General information: 
//  MT Manager version: 2021.4.0 
//  XDA version: 2021.4.0 build 6323 rev 112641 built on 2021-09-28
// Device information: 
//  DeviceId: 00B43773
//  ProductCode: MTW2-3A7G6
//  Firmware Version: 4.3.4
//  Hardware Version: 1.1.0
// Device settings: 
//  Filter Profile: human(46.1)
//  Option Flags: Orientation Smoother Disabled, Position/Velocity Smoother Disabled, Continuous Zero Rotation Update Disabled, AHS Disabled, ICC Disabled
// Coordinate system: ENU
PacketCounter	Roll	Pitch	Yaw
59022	0.036086	0.195172	-0.069693
59023	0.039416	0.196115	-0.070648
59024	0.039330	0.195033	-0.059314
59025	0.039738	0.197616	-0.059909
59026	0.038786	0.197901	-0.056759
59027	0.037128	0.199986	-0.057807
59028	0.036512	0.199676	-0.043869
59029	0.034937	0.200430	-0.043394
59030	0.032991	0.199894	-0.051213
59031	0.029465	0.200074	-0.048749
59032	0.027314	0.202908	-0.043549
59033	0.026262	0.201844	-0.044734
59034	0.025221	0.200687	-0.036797
59035	0.022471	0.200059	-0.036668
59036	0.019885	0.199547	-0.040001
59037	0.018580	0.197473	-0.040511
59038	0.015476	0.197193	-0.030622
59039	0.013868	0.196693	-0.031062
59040	0.010687	0.197814	-0.041019
59041	0.009080	0.197314	-0.041459
59042	0.006572	0.197623	-0.044491
59043	0.005552	0.197815	-0.044757
59044	0.004846	0.197479	-0.035706
59045	0.002904	0.197299	-0.036994
59046	0.002240	0.198107	-0.028769
59047	0.004700	0.196094	-0.030137
59048	0.004161	0.197728	-0.037948
59049	0.005143	0.195908	-0.039595
59050	0.007953	0.194713	-0.047934
59051	0.010444	0.193955	-0.048383
59052	0.013650	0.191442	-0.062127
59053	0.018510	0.189609	-0.062192
59054	0.021243	0.189868	-0.058964
59055	0.025546	0.188598	-0.058285
59056	0.031067	0.186037	-0.047677
59057	0.032940	0.183335	-0.049220
59058	0.035153	0.181794	-0.060095
59059	0.037392	0.180026	-0.059870
59060	0.041292	0.179295	-0.045952
59061	0.043783	0.178538	-0.046401
59062	0.043143	0.176843	-0.031254
59063	0.042507	0.174127	-0.030068
59064	0.043514	0.174992	-0.024115
59065	0.041067	0.172789	-0.024057
59066	0.039283	0.169593	-0.000781
59067	0.036835	0.167391	-0.000722
59068	0.033019	0.163839	-0.000194
59069	0.030906	0.161316	0.000713
59070	0.030062	0.160175	0.008419
59071	0.027948	0.157652	0.009327
59072	0.023612	0.157236	0.007792
59073	0.022673	0.156096	0.009050
59074	0.019208	0.156289	0.007083
59075	0.017571	0.154535	0.005727
59076	0.016413	0.152997	0.014153
59077	0.016536	0.153317	0.013322
59078	0.015897	0.152018	0.003069
59079	0.012002	0.151263	0.003769
59080	0.012527	0.151018	0.002417
59081	0.011000	0.149186	0.003501
59082	0.012053	0.148547	0.008108
59083	0.011923	0.147855	0.007952
59084	0.012972	0.147398	-0.001421
59085	0.013146	0.145131	-0.001649
59086	0.014864	0.143646	-0.002883
59087	0.013923	0.142505	-0.001623
59088	0.015643	0.140326	-0.003975
59089	0.017548	0.138878	-0.004596
59090	0.020714	0.138864	-0.010032
59091	0.023206	0.138108	-0.010477
59092	0.026675	0.137494	-0.022823
59093	0.029529	0.137671	-0.021501
59094	0.031443	0.137646	-0.028452
59095	0.035079	0.137019	-0.029466
59096	0.040695	0.136875	-0.043881
59097	0.045171	0.137951	-0.045390
59098	0.050541	0.139572	-0.053180
59099	0.056828	0.140135	-0.053560
59100	0.062196	0.142709	-0.045991
59101	0.066114	0.144348	-0.046754
59102	0.070424	0.146988	-0.049546
59103	0.074871	0.146811	-0.051974
59104	0.079369	0.148853	-0.048544
59105	0.082223	0.149030	-0.047220
59106	0.085826	0.150765	-0.049775
59107	0.088601	0.152277	-0.049969
59108	0.091967	0.154606	-0.058533
59109	0.092931	0.156632	-0.059855
59110	0.095291	0.158373	-0.058145
59111	0.094495	0.158325	-0.059999
59112	0.092327	0.161299	-0.056247
59113	0.091610	0.159916	-0.056582
59114	0.089702	0.159881	-0.049726
59115	0.086646	0.160829	-0.049525
59116	0.083682	0.161599	-0.051478
59117	0.080930	0.160971	-0.051350
59118	0.075354	0.159463	-0.048606
59119	0.069473	0.156873	-0.046851
59120	0.061587	0.154933	-0.050462
59121	0.054731	0.149464	-0.051572
59122	0.049054	0.144957	-0.049743
59123	0.042226	0.140744	-0.049930
59124	0.035435	0.136222	-0.025859
59125	0.030591	0.133842	-0.027105
59126	0.024125	0.130839	-0.032231
59127	0.019203	0.129794	-0.034994
59128	0.013901	0.129067	-0.031862
59129	0.008831	0.126929	-0.031515
59130	0.005140	0.125924	-0.025361
59131	0.000578	0.125812	-0.026354
59132	-0.002987	0.124761	-0.003567
59133	-0.007830	0.122381	-0.004809
59134	-0.009623	0.122287	-0.021640
59135	-0.011230	0.121789	-0.022071
59136	-0.010923	0.123331	-0.009439
59137	-0.011053	0.122641	-0.009590
59138	-0.012076	0.123072	-0.002418
59139	-0.011593	0.124328	-0.001471
59140	-0.009723	0.126787	-0.009517
59141	-0.009877	0.129941	-0.009343
59142	-0.011132	0.131972	-0.007831
59143	-0.011872	0.134435	-0.007834
59144	-0.012630	0.135891	-0.005145
59145	-0.013397	0.137099	-0.006069
59146	-0.015461	0.137379	-0.014305
59147	-0.015005	0.137382	-0.014278
59148	-0.016310	0.138088	0.005589
59149	-0.019953	0.138349	0.005622
59150	-0.020826	0.138802	0.000757
59151	-0.023911	0.138500	0.000045
59152	-0.026826	0.140318	0.006700
59153	-0.029272	0.138117	0.006761
59154	-0.034055	0.138075	0.012005
59155	-0.037953	0.137322	0.012709
59156	-0.041153	0.134568	0.008462
59157	-0.046781	0.132996	0.009556
59158	-0.048938	0.131930	0.001241
59159	-0.054618	0.132948	0.001739
59160	-0.056870	0.133297	0.007048
59161	-0.063363	0.133866	0.008961
59162	-0.070079	0.134577	0.003725
59163	-0.075199	0.135032	0.003481
59164	-0.082444	0.135139	0.006936
59165	-0.087565	0.135595	0.006694
59166	-0.095001	0.134832	0.006321
59167	-0.099562	0.134725	0.005335
59168	-0.105393	0.137327	0.000085
59169	-0.109649	0.135644	-0.000975
59170	-0.112353	0.133546	0.001440
59171	-0.115692	0.132233	0.001405
59172	-0.119299	0.128536	0.019819
59173	-0.123249	0.125276	0.018687
59174	-0.125644	0.123155	0.024970
59175	-0.128780	0.120344	0.022424
59176	-0.131921	0.116358	0.025363
59177	-0.133222	0.114288	0.024865
59178	-0.133070	0.112314	0.028175
59179	-0.132308	0.110742	0.028135
59180	-0.128379	0.107258	0.027567
59181	-0.123238	0.102596	0.026524
59182	-0.118839	0.098801	0.019061
59183	-0.112756	0.095765	0.019963
59184	-0.105300	0.091241	0.021121
59185	-0.101024	0.088720	0.020895
59186	-0.097356	0.085933	0.019574
59187	-0.093641	0.083975	0.020092
59188	-0.090388	0.080942	0.024497
59189	-0.089676	0.076860	0.022612
59190	-0.086822	0.074736	0.027109
59191	-0.087001	0.071540	0.025121
59192	-0.086514	0.067871	0.025887
59193	-0.086617	0.063340	0.025415
59194	-0.089019	0.060335	0.013117
59195	-0.091745	0.055868	0.012932
59196	-0.094400	0.052001	0.010129
59197	-0.096871	0.048548	0.009275
59198	-0.096874	0.046838	0.002575
59199	-0.099958	0.046539	0.001871
59200	-0.100932	0.043111	-0.006716
59201	-0.100756	0.040849	-0.006936
59202	-0.099065	0.037118	-0.009812
59203	-0.096545	0.032522	-0.010571
59204	-0.093425	0.027136	-0.015036
59205	-0.089990	0.022911	-0.014771
59206	-0.084622	0.015437	-0.012128
59207	-0.078383	0.013496	-0.014336
59208	-0.071656	0.007270	-0.025024
59209	-0.065852	0.001967	-0.024379
59210	-0.059169	-0.004098	-0.025265
59211	-0.053086	-0.007133	-0.024368
59212	-0.045560	-0.010396	-0.021362
59213	-0.037184	-0.013172	-0.021598
59214	-0.025894	-0.015298	-0.019789
59215	-0.015178	-0.015307	-0.019312
59216	-0.002010	-0.015347	-0.014843
59217	0.009570	-0.012395	-0.013931
59218	0.020614	-0.008824	-0.006925
59219	0.029241	-0.005486	-0.006571
59220	0.031392	-0.002115	-0.010332
59221	0.031467	0.000804	-0.011739
59222	0.031358	0.001382	-0.000279
59223	0.030921	0.002272	-0.000350
59224	0.031438	0.006584	-0.001497
59225	0.031513	0.009504	-0.002903
59226	0.034268	0.013924	-0.000882
59227	0.037903	0.018406	-0.000620
59228	0.043019	0.022572	0.005288
59229	0.044849	0.027569	0.004424
59230	0.052040	0.030746	0.011542
59231	0.054148	0.038013	0.010937
59232	0.054656	0.041854	0.019731
59233	0.055946	0.048668	0.020539
59234	0.056185	0.055423	0.022651
59235	0.055999	0.062431	0.023178
59236	0.054965	0.067681	0.027029
59237	0.055977	0.072227	0.027580
59238	0.055725	0.079620	0.026406
59239	0.054722	0.086176	0.028346
59240	0.055708	0.092221	0.026686
59241	0.057074	0.097699	0.029012
59242	0.059013	0.102531	0.037211
59243	0.059696	0.107403	0.036919
59244	0.060583	0.113679	0.039628
59245	0.062817	0.117018	0.041132
59246	0.065259	0.118958	0.048535
59247	0.065483	0.119205	0.050159
59248	0.066290	0.118895	0.046205
59249	0.067053	0.117325	0.046158
59250	0.068098	0.115709	0.045398
59251	0.069422	0.113578	0.044606
59252	0.070513	0.110513	0.044717
59253	0.068044	0.107060	0.043842
59254	0.058666	0.104380	0.044927
59255	0.046827	0.100055	0.043685
59256	0.030844	0.096359	0.045587
59257	0.016331	0.094692	0.044046
59258	-0.003068	0.095410	0.042486
59259	-0.030092	0.096012	0.043466
59260	-0.063945	0.097182	0.040440
59261	-0.101442	0.099306	0.043490
59262	-0.145507	0.099344	0.047051
59263	-0.189548	0.104163	0.048231
59264	-0.231870	0.105999	0.055366
59265	-0.277571	0.108681	0.058471
59266	-0.319528	0.111627	0.050069
59267	-0.357381	0.112867	0.051417
59268	-0.390154	0.114043	0.050297
59269	-0.414792	0.114874	0.052662
59270	-0.434651	0.117403	0.053700
59271	-0.450570	0.114627	0.053464
59272	-0.459534	0.113711	0.045430
59273	-0.466716	0.113691	0.044760
59274	-0.473697	0.110753	0.035957
59275	-0.480266	0.107574	0.035138
59276	-0.484770	0.105187	0.027796
59277	-0.488458	0.102951	0.026020
59278	-0.490861	0.101125	0.002048
59279	-0.492203	0.096547	-0.000270
59280	-0.492054	0.094273	-0.000623
59281	-0.487562	0.090248	-0.003342
59282	-0.480512	0.084813	0.004247
59283	-0.472994	0.079064	0.003599
59284	-0.464680	0.072796	-0.002683
59285	-0.456013	0.067174	-0.003900
59286	-0.448309	0.061357	-0.014022
59287	-0.437368	0.054730	-0.017296
59288	-0.428101	0.045007	-0.028019
59289	-0.419805	0.037193	-0.031927
59290	-0.414559	0.027453	-0.034305
59291	-0.411481	0.015926	-0.037966
59292	-0.411437	0.002472	-0.028595
59293	-0.411823	-0.010691	-0.031474
59294	-0.416958	-0.023624	-0.024603
59295	-0.418544	-0.034321	-0.027505
59296	-0.421203	-0.042654	-0.033599
59297	-0.419210	-0.050532	-0.033924
59298	-0.416724	-0.054978	-0.037855
59299	-0.412465	-0.058754	-0.038988
59300	-0.406318	-0.059314	-0.039059
59301	-0.397732	-0.058488	-0.040545
59302	-0.390912	-0.057034	-0.043847
59303	-0.383969	-0.057105	-0.042504
59304	-0.378229	-0.055555	-0.058123
59305	-0.373050	-0.052595	-0.056060
59306	-0.369650	-0.047661	-0.045768
59307	-0.368059	-0.042411	-0.045029
59308	-0.374445	-0.036458	-0.052471
59309	-0.383867	-0.032966	-0.049240
59310	-0.395794	-0.030419	-0.056249
59311	-0.410299	-0.025697	-0.055542
59312	-0.421806	-0.021073	-0.049309
59313	-0.429227	-0.020851	-0.048387
59314	-0.433227	-0.019943	-0.042705
59315	-0.435725	-0.019536	-0.043205
59316	-0.437326	-0.017593	-0.041907
59317	-0.435100	-0.014241	-0.040395
59318	-0.433491	-0.007588	-0.034518
59319	-0.432413	-0.004362	-0.032438
59320	-0.432071	-0.000494	-0.013971
59321	-0.431842	-0.005341	-0.013578
59322	-0.433455	-0.009527	-0.024215
59323	-0.435267	-0.013613	-0.023355
59324	-0.435286	-0.017958	-0.016571
59325	-0.432483	-0.020279	-0.017057
59326	-0.427960	-0.021656	-0.017004
59327	-0.422185	-0.023109	-0.016010
59328	-0.415571	-0.023830	-0.027012
59329	-0.403454	-0.029064	-0.029931
59330	-0.391575	-0.035053	-0.023878
59331	-0.382340	-0.041232	-0.025843
59332	-0.373317	-0.049485	-0.033141
59333	-0.364959	-0.059883	-0.036465
59334	-0.358393	-0.066770	-0.029884
59335	-0.348095	-0.072738	-0.034853
59336	-0.335084	-0.082376	-0.033983
59337	-0.321543	-0.091565	-0.039397
59338	-0.306268	-0.099492	-0.044911
59339	-0.289517	-0.108050	-0.050435
59340	-0.274303	-0.116320	-0.061474
59341	-0.261841	-0.125705	-0.072784
59342	-0.258034	-0.137660	-0.086091
59343	-0.276141	-0.152314	-0.128246
59344	-0.308376	-0.166326	-0.198047
59345	-0.347932	-0.163576	-0.278401
59346	-0.382354	-0.149009	-0.352144
59347	-0.411776	-0.134763	-0.413228
59348	-0.435783	-0.116255	-0.472602
59349	-0.462430	-0.092121	-0.524137
59350	-0.495901	-0.047938	-0.568125
59351	-0.528056	0.020778	-0.628008
59352	-0.536188	0.104870	-0.693981
59353	-0.544554	0.096611	-0.863572
59354	-0.600793	-0.389814	-1.391901
59355	-0.532269	-1.480969	-2.224089
59356	-0.266953	-2.460971	-3.220776
59357	0.087462	-3.332150	-4.469790
59358	0.458801	-4.217395	-5.911407
59359	0.896917	-5.321299	-7.446465
59360	1.478900	-6.637627	-8.977384
59361	2.185619	-8.057300	-10.420708
59362	2.922686	-9.457637	-11.724647
59363	3.598615	-10.799539	-12.877539
59364	4.179211	-12.112104	-13.864553
59365	4.674654	-13.438874	-14.674801
59366	5.114440	-14.761178	-15.304335
59367	5.521272	-16.034556	-15.753477
59368	5.894145	-17.214815	-16.024850
59369	6.186816	-18.337226	-16.136796
59370	6.354429	-19.435636	-16.092194
59371	6.376357	-20.499019	-15.886374
59372	6.250707	-21.475644	-15.539227
59373	5.999303	-22.293210	-15.105838
59374	5.665062	-22.931868	-14.655981
59375	5.322102	-23.411337	-14.229805
59376	5.028679	-23.758339	-13.858107
59377	4.800555	-23.967036	-13.563687
59378	4.644002	-24.000730	-13.368830
59379	4.551685	-23.875890	-13.260174
59380	4.499923	-23.639149	-13.190674
59381	4.458316	-23.315102	-13.103280
59382	4.387019	-22.887234	-12.975333
59383	4.273948	-22.339596	-12.806211
59384	4.114299	-21.686420	-12.596096
59385	3.920739	-20.939584	-12.365546
59386	3.716745	-20.105500	-12.150516
59387	3.520968	-19.191248	-11.965973
59388	3.331873	-18.187526	-11.797810
59389	3.138268	-17.082573	-11.640866
59390	2.923120	-15.906908	-11.499269
59391	2.675698	-14.710315	-11.348883
59392	2.411645	-13.488279	-11.207754
59393	2.146889	-12.231128	-11.070601
59394	1.894465	-10.945035	-10.959364
59395	1.672342	-9.668392	-10.887023
59396	1.495687	-8.419669	-10.849166
59397	1.351795	-7.193565	-10.845435
59398	1.213048	-5.976884	-10.862770
59399	1.073002	-4.748329	-10.879934
59400	0.923211	-3.539368	-10.889255
59401	0.758726	-2.411048	-10.847995
59402	0.555310	-1.384718	-10.729980
59403	0.295488	-0.465792	-10.566844
59404	0.021122	0.350220	-10.357881
59405	-0.244473	1.077778	-10.083483
59406	-0.502800	1.763269	-9.721600
59407	-0.772496	2.389775	-9.272402
59408	-1.022661	2.940358	-8.711279
59409	-1.239411	3.409197	-8.035300
59410	-1.435960	3.780757	-7.273032
59411	-1.259215	3.006866	-6.574303
59412	-1.153887	1.965874	-6.144677
59413	-1.016152	1.924790	-6.217710
59414	-0.838469	1.957785	-6.068328
59415	-0.783740	1.711511	-5.837049
59416	-0.737502	1.541615	-5.570814
59417	-0.686399	1.297055	-5.309178
59418	-0.699571	1.095567	-5.340891
59419	-0.620937	0.907055	-5.324917
59420	-0.548389	0.698601	-5.173478
59421	-0.573604	0.530107	-5.046220
59422	-0.588242	0.387463	-4.931912
59423	-0.607173	0.246415	-4.847695
59424	-0.635902	0.094199	-4.824003
59425	-0.632941	-0.052050	-4.858414
59426	-0.588313	-0.196724	-4.917456
59427	-0.500883	-0.339459	-5.001900
59428	-0.362242	-0.458793	-5.152617
59429	-0.144245	-0.508538	-5.333303
59430	0.160516	-0.487252	-5.415270
59431	0.403260	-0.468041	-5.441670
59432	0.550431	-0.490293	-5.463872
59433	0.617301	-0.555891	-5.476456
59434	0.630355	-0.648249	-5.492030
59435	0.626128	-0.739424	-5.513929
59436	0.624263	-0.813652	-5.522632
59437	0.644929	-0.866665	-5.537372
59438	0.696199	-0.902187	-5.553040
59439	0.770697	-0.922797	-5.584645
59440	0.842934	-0.922145	-5.609746
59441	0.894429	-0.901072	-5.617984
59442	0.926700	-0.864222	-5.619595
59443	0.937008	-0.823808	-5.611822
59444	0.939445	-0.790684	-5.609388
59445	0.942082	-0.768811	-5.602686
59446	0.950993	-0.762254	-5.595558
59447	0.974550	-0.755533	-5.587176
59448	1.012243	-0.731412	-5.571026
59449	1.064882	-0.695420	-5.549136
59450	1.127070	-0.646520	-5.516071
59451	1.190730	-0.571507	-5.468879
59452	1.251819	-0.466561	-5.410892
59453	1.300015	-0.327077	-5.345213
59454	1.309497	-0.170974	-5.274223
59455	1.262079	-0.014560	-5.200572
59456	1.177467	0.128151	-5.123450
59457	1.067788	0.242759	-5.050841
59458	0.926368	0.332754	-4.977307
59459	0.771019	0.406562	-4.910107
59460	0.614392	0.462383	-4.845082
59461	0.455755	0.510582	-4.782129
59462	0.308795	0.552217	-4.724437
59463	0.188546	0.594347	-4.678530
59464	0.084278	0.635607	-4.638785
59465	-0.018328	0.677933	-4.599439
59466	-0.121630	0.718587	-4.559547
59467	-0.223495	0.748220	-4.519799
59468	-0.318105	0.771290	-4.477611
59469	-0.393720	0.789251	-4.435315
59470	-0.453373	0.804885	-4.393877
59471	-0.499358	0.820280	-4.354481
59472	-0.531088	0.826250	-4.316244
59473	-0.559947	0.823471	-4.282304
59474	-0.574514	0.814886	-4.250716
59475	-0.573297	0.802809	-4.223436
59476	-0.570185	0.781586	-4.197424
59477	-0.570901	0.747893	-4.171928
59478	-0.570530	0.704561	-4.146339
59479	-0.563773	0.654131	-4.129648
59480	-0.546704	0.604040	-4.118659
59481	-0.525260	0.557302	-4.110429
59482	-0.492102	0.521887	-4.103394
59483	-0.442921	0.495009	-4.094717
59484	-0.373586	0.475396	-4.093804
59485	-0.310891	0.457064	-4.095698
59486	-0.275246	0.431724	-4.094237
59487	-0.252546	0.401143	-4.092808
59488	-0.253178	0.366248	-4.087003
59489	-0.273432	0.327314	-4.077698
59490	-0.297086	0.290345	-4.071151
59491	-0.325190	0.256220	-4.061291
59492	-0.353946	0.233727	-4.046378
59493	-0.378183	0.219369	-4.032147
59494	-0.401130	0.213702	-4.019867
59495	-0.416693	0.210960	-4.001172
59496	-0.418464	0.201700	-3.991355
59497	-0.414812	0.197330	-3.986324
59498	-0.419011	0.192837	-3.980441
59499	-0.423570	0.192322	-3.970354
59500	-0.432327	0.193256	-3.961681
59501	-0.444031	0.199408	-3.953909
59502	-0.456080	0.204589	-3.941526
59503	-0.473821	0.216325	-3.931241
59504	-0.491109	0.223968	-3.922789
59505	-0.501956	0.235525	-3.916666
59506	-0.521091	0.244895	-3.908405
59507	-0.548860	0.251101	-3.891208
59508	-0.586537	0.252752	-3.855108
59509	-0.633234	0.247487	-3.768780
59510	-0.699087	0.241326	-3.646793
59511	-0.741778	0.236492	-3.586281
59512	-0.759802	0.252178	-3.556664
59513	-0.759972	0.279702	-3.536635
59514	-0.741405	0.307077	-3.526253
59515	-0.709568	0.325824	-3.523605
59516	-0.677614	0.335789	-3.520936
59517	-0.654028	0.336281	-3.517753
59518	-0.643276	0.326550	-3.518071
59519	-0.647305	0.319529	-3.517952
59520	-0.648379	0.306032	-3.517840
59521	-0.645688	0.292640	-3.509922
59522	-0.637034	0.293486	-3.506451
59523	-0.626718	0.292750	-3.498924
59524	-0.603545	0.278754	-3.493272
59525	-0.568531	0.274697	-3.487482
59526	-0.535739	0.272654	-3.476356
59527	-0.495996	0.286454	-3.471767
59528	-0.456271	0.286569	-3.460595
59529	-0.425683	0.277968	-3.452961
59530	-0.398306	0.269984	-3.452959
59531	-0.398360	0.256798	-3.455855
59532	-0.396341	0.255405	-3.468921
59533	-0.410820	0.243571	-3.488759
59534	-0.430936	0.230980	-3.520774
59535	-0.454103	0.217589	-3.556673
59536	-0.488140	0.199506	-3.591970
59537	-0.524461	0.179854	-3.627117
59538	-0.560862	0.150371	-3.661590
59539	-0.590897	0.118628	-3.692690
59540	-0.617700	0.083826	-3.720222
59541	-0.643758	0.044542	-3.740192
59542	-0.663880	0.013257	-3.756565
59543	-0.676898	-0.009908	-3.767636
59544	-0.694663	-0.032444	-3.771636
59545	-0.704808	-0.044901	-3.769272
59546	-0.706173	-0.055684	-3.765773
59547	-0.697257	-0.061248	-3.762176
59548	-0.681437	-0.062173	-3.756732
59549	-0.667071	-0.065411	-3.753421
59550	-0.649379	-0.069305	-3.748690
59551	-0.632047	-0.069093	-3.748400
59552	-0.615051	-0.067340	-3.747973
59553	-0.593721	-0.065895	-3.749140
59554	-0.573540	-0.063407	-3.748799
59555	-0.546484	-0.057460	-3.747605
59556	-0.508697	-0.049164	-3.747165
59557	-0.465155	-0.031445	-3.744686
59558	-0.413849	-0.011070	-3.743480
59559	-0.364863	0.012616	-3.736108
59560	-0.317336	0.036422	-3.728921
59561	-0.270752	0.061129	-3.721843
59562	-0.233980	0.085044	-3.711985
59563	-0.200303	0.106892	-3.700617
59564	-0.170902	0.126546	-3.689470
59565	-0.147196	0.142858	-3.677481
59566	-0.123599	0.161747	-3.665970
59567	-0.104221	0.180913	-3.656891
59568	-0.089308	0.202986	-3.646767
59569	-0.073026	0.225066	-3.638771
59570	-0.057524	0.250381	-3.632891
59571	-0.040878	0.274667	-3.628505
59572	-0.023109	0.301586	-3.622756
59573	-0.004947	0.331868	-3.617393
59574	0.008503	0.365263	-3.609430
59575	0.021350	0.406618	-3.599195
59576	0.031353	0.451898	-3.590615
59577	0.038179	0.502631	-3.581343
59578	0.049429	0.559153	-3.572809
59579	0.064085	0.616262	-3.565899
59580	0.080315	0.678095	-3.558830
59581	0.095888	0.738153	-3.555263
59582	0.113806	0.802152	-3.547510
59583	0.128336	0.859391	-3.536504
59584	0.144350	0.910293	-3.525795
59585	0.157359	0.951603	-3.512886
59586	0.169466	0.986341	-3.501617
59587	0.178764	1.016311	-3.492309
59588	0.187575	1.043042	-3.484980
59589	0.195076	1.072255	-3.477691
59590	0.201507	1.098763	-3.471661
59591	0.207788	1.126685	-3.467123
59592	0.216347	1.157425	-3.461713
59593	0.221472	1.186422	-3.455701
59594	0.226365	1.219385	-3.451581
59595	0.228500	1.252493	-3.449656
59596	0.228946	1.285923	-3.446411
59597	0.224799	1.318680	-3.441124
59598	0.222525	1.348369	-3.430210
59599	0.220134	1.376981	-3.422651
59600	0.225230	1.402299	-3.415380
59601	0.231270	1.423045	-3.410853
59602	0.241229	1.442585	-3.405565
59603	0.252335	1.459842	-3.402706
59604	0.263686	1.478114	-3.400406
59605	0.273124	1.491985	-3.399081
59606	0.278121	1.507532	-3.397676
59607	0.279953	1.518629	-3.399105
59608	0.276096	1.530047	-3.396948
59609	0.273835	1.540025	-3.399393
59610	0.270949	1.546832	-3.399934
59611	0.267504	1.550460	-3.402597
59612	0.262513	1.551786	-3.403454
59613	0.256040	1.550799	-3.406531
59614	0.248599	1.546976	-3.408529
59615	0.240238	1.541551	-3.412537
59616	0.231876	1.538595	-3.414630
59617	0.222888	1.537452	-3.415113
59618	0.217929	1.536282	-3.417833
59619	0.214282	1.537616	-3.420807
59620	0.208819	1.540654	-3.423926
59621	0.204954	1.540941	-3.426282
59622	0.198678	1.544718	-3.427125
59623	0.194377	1.542913	-3.428246
59624	0.191630	1.547097	-3.428277
59625	0.186716	1.548326	-3.426808
59626	0.186501	1.550111	-3.424997
59627	0.188178	1.553866	-3.424165
59628	0.191510	1.554809	-3.422474
59629	0.196281	1.556878	-3.419594
59630	0.200031	1.561164	-3.418203
59631	0.204642	1.567111	-3.414898
59632	0.206675	1.571752	-3.412259
59633	0.206239	1.579944	-3.408205
59634	0.206521	1.587440	-3.402452
59635	0.204836	1.595585	-3.400249
59636	0.201118	1.605694	-3.402936
59637	0.195146	1.621709	-3.410184
59638	0.188511	1.638357	-3.419025
59639	0.179765	1.656979	-3.426562
59640	0.170684	1.677150	-3.433934
59641	0.158602	1.697663	-3.441968
59642	0.145615	1.720318	-3.455404
59643	0.132087	1.747222	-3.469285
59644	0.119573	1.776901	-3.484130
59645	0.106779	1.808128	-3.502835
59646	0.094149	1.836690	-3.520977
59647	0.080227	1.865239	-3.541022
59648	0.069226	1.889770	-3.559280
59649	0.062595	1.917635	-3.573867
59650	0.063992	1.944117	-3.581295
59651	0.072010	1.968113	-3.586830
59652	0.082348	1.991130	-3.587981
59653	0.097613	2.010764	-3.586927
59654	0.110526	2.028883	-3.588089
59655	0.119356	2.043348	-3.585918
59656	0.128513	2.052513	-3.582697
59657	0.135549	2.056212	-3.579870
59658	0.140288	2.054583	-3.575795
59659	0.145859	2.048433	-3.570561
59660	0.148717	2.042356	-3.567448
59661	0.151001	2.034340	-3.565528
59662	0.152042	2.027498	-3.564485
59663	0.150643	2.021705	-3.563893
59664	0.148579	2.016549	-3.564900
59665	0.145430	2.013673	-3.567484
59666	0.140279	2.008954	-3.571479
59667	0.134093	2.002699	-3.573571
59668	0.127756	1.992864	-3.576876
59669	0.119528	1.977356	-3.582117
59670	0.111628	1.956556	-3.586314
59671	0.104961	1.927145	-3.591322
59672	0.094131	1.895407	-3.594335
59673	0.080703	1.859912	-3.599968
59674	0.062573	1.820126	-3.604736
59675	0.038194	1.776246	-3.609010
59676	0.000478	1.726288	-3.617629
59677	-0.054834	1.670600	-3.639372
59678	-0.125630	1.610946	-3.672659
59679	-0.216522	1.531772	-3.718721
59680	-0.320557	1.440245	-3.773464
59681	-0.422657	1.322163	-3.828186
59682	-0.514281	1.180884	-3.887645
59683	-0.592738	1.005119	-3.941504
59684	-0.668519	0.782808	-4.007254
59685	-0.744332	0.501351	-4.055865
59686	-0.748016	-0.009349	-4.029674
59687	-0.900282	-0.753138	-4.103299
59688	-1.274768	-1.666680	-4.335324
59689	-1.648908	-2.751042	-4.500742
59690	-1.883040	-3.867507	-4.529603
59691	-1.872738	-4.908715	-4.513006
59692	-1.773420	-5.806016	-4.621713
59693	-1.625961	-6.725232	-4.902356
59694	-1.443151	-7.876879	-5.336077
59695	-1.171437	-9.288830	-5.841661
59696	-0.813621	-10.850502	-6.352383
59697	-0.420165	-12.435888	-6.866837
59698	-0.036725	-13.992084	-7.400834
59699	0.345251	-15.509220	-7.952144
59700	0.764292	-16.970890	-8.496151
59701	1.237315	-18.359661	-9.001764
59702	1.744623	-19.665359	-9.429239
59703	2.244853	-20.890953	-9.761513
59704	2.701508	-22.033422	-9.980678
59705	3.102472	-23.080023	-10.094687
59706	3.450875	-24.019188	-10.119641
59707	3.744960	-24.846827	-10.057217
59708	3.980908	-25.564003	-9.908876
59709	4.151754	-26.163023	-9.668950
59710	4.244762	-26.642383	-9.345874
59711	4.254426	-27.003464	-8.962494
59712	4.187135	-27.236051	-8.541576
59713	4.078546	-27.329068	-8.136148
59714	3.982757	-27.267210	-7.807300
59715	3.937947	-27.052081	-7.571997
59716	3.953407	-26.670151	-7.415572
59717	4.016473	-26.132300	-7.367230
59718	4.131573	-25.452638	-7.424045
59719	4.286777	-24.653464	-7.538489
59720	4.434052	-23.738212	-7.663753
59721	4.523518	-22.709637	-7.762128
59722	4.532274	-21.581756	-7.810326
59723	4.462581	-20.362209	-7.811750
59724	4.325852	-19.062485	-7.787968
59725	4.148806	-17.680775	-7.759540
59726	3.945840	-16.216663	-7.759206
59727	3.731121	-14.709460	-7.810158
59728	3.516759	-13.190536	-7.899639
59729	3.304326	-11.666381	-8.012220
59730	3.071038	-10.154506	-8.136636
59731	2.803544	-8.669346	-8.253529
59732	2.491851	-7.216193	-8.338692
59733	2.128010	-5.820411	-8.348811
59734	1.697224	-4.504343	-8.293577
59735	1.220009	-3.302079	-8.214343
59736	0.748363	-2.234278	-8.142381
59737	0.307117	-1.265771	-8.061591
59738	-0.124100	-0.361716	-7.965675
59739	-0.563424	0.466705	-7.852974
59740	-1.012997	1.194761	-7.709082
59741	-1.448223	1.782170	-7.495191
59742	-1.869202	2.187041	-7.188948
59743	-2.286498	2.383667	-6.823164
59744	-2.702761	2.376522	-6.472820
59745	-1.680944	1.021747	-6.108989
59746	-1.100801	-0.074893	-6.444952
59747	-0.688286	-0.108726	-6.736285
59748	-0.786521	0.285659	-7.027327
59749	-0.823758	0.494009	-7.272782
59750	-0.924086	0.575537	-7.433781
59751	-1.157776	0.201869	-7.620466
59752	-1.111550	0.083279	-7.562520
59753	-1.121307	0.016304	-7.432889
59754	-1.136159	-0.233779	-7.412375
59755	-1.151389	-0.388542	-7.510318
59756	-1.115128	-0.479770	-7.585879
59757	-1.021518	-0.484753	-7.581277
59758	-0.912912	-0.394282	-7.568376
59759	-0.792506	-0.264541	-7.598109
59760	-0.648522	-0.143465	-7.625234
59761	-0.513215	-0.067925	-7.634047
59762	-0.433876	-0.043204	-7.640459
59763	-0.374886	-0.045075	-7.644579
59764	-0.308399	-0.076001	-7.655799
59765	-0.233243	-0.115230	-7.675600
59766	-0.168794	-0.153424	-7.698060
59767	-0.110500	-0.179626	-7.705056
59768	-0.047319	-0.209879	-7.717646
59769	0.016600	-0.249682	-7.743580
59770	0.063438	-0.304955	-7.788378
59771	0.088979	-0.358361	-7.834090
59772	0.109314	-0.394184	-7.877944
59773	0.137967	-0.405117	-7.915877
59774	0.165156	-0.387941	-7.940769
59775	0.184818	-0.363331	-7.958640
59776	0.221041	-0.337418	-7.979188
59777	0.268538	-0.304673	-7.994501
59778	0.316612	-0.273884	-8.005184
59779	0.377773	-0.230555	-8.012633
59780	0.455499	-0.174670	-8.007477
59781	0.550215	-0.097972	-7.991792
59782	0.635179	0.007950	-7.961882
59783	0.697398	0.140307	-7.920803
59784	0.741393	0.286908	-7.872049
59785	0.782914	0.450218	-7.822304
59786	0.834513	0.628791	-7.769675
59787	0.899705	0.818631	-7.715568
59788	0.990566	0.992553	-7.666024
59789	1.089662	1.156374	-7.625657
59790	1.174355	1.290886	-7.590949
59791	1.251384	1.415451	-7.557465
59792	1.289513	1.531766	-7.525484
59793	1.297081	1.641181	-7.495699
59794	1.283880	1.727543	-7.462696
59795	1.249335	1.795300	-7.430893
59796	1.205799	1.849110	-7.397513
59797	1.157017	1.895556	-7.364114
59798	1.117098	1.936751	-7.333234
59799	1.084615	1.972796	-7.303074
59800	1.062887	1.999400	-7.273277
59801	1.050973	2.023599	-7.244825
59802	1.040325	2.035752	-7.216877
59803	1.031020	2.038352	-7.189279
59804	1.012560	2.041462	-7.155833
59805	0.989848	2.042363	-7.122955
59806	0.966506	2.047400	-7.090308
59807	0.946365	2.052178	-7.058626
59808	0.921574	2.048879	-7.027428
59809	0.890112	2.031082	-7.000548
59810	0.858287	2.008784	-6.976553
59811	0.834780	1.984343	-6.960338
59812	0.816111	1.959340	-6.948417
59813	0.803868	1.936148	-6.940315
59814	0.789805	1.915796	-6.935210
59815	0.766923	1.898504	-6.931710
59816	0.723052	1.879820	-6.914383
59817	0.679000	1.862838	-6.904644
59818	0.632464	1.852560	-6.885946
59819	0.595995	1.849202	-6.865750
59820	0.567949	1.846839	-6.845790
59821	0.546657	1.840990	-6.824913
59822	0.518011	1.836859	-6.808390
59823	0.489812	1.832329	-6.788825
59824	0.462301	1.817496	-6.771908
59825	0.440060	1.794671	-6.762696
59826	0.421518	1.766254	-6.759485
59827	0.387544	1.727385	-6.758736
59828	0.326283	1.682032	-6.749148
59829	0.263868	1.641350	-6.736892
59830	0.197828	1.615848	-6.720206
59831	0.137656	1.588933	-6.705564
59832	0.073618	1.564115	-6.688242
59833	0.006762	1.540719	-6.672145
59834	-0.053175	1.526902	-6.655543
59835	-0.104314	1.519771	-6.633205
59836	-0.148630	1.516205	-6.609636
59837	-0.187643	1.516500	-6.585313
59838	-0.213910	1.516461	-6.565963
59839	-0.234492	1.516235	-6.543977
59840	-0.253400	1.518238	-6.527447
59841	-0.265817	1.518262	-6.513743
59842	-0.280432	1.514198	-6.504012
59843	-0.292667	1.508172	-6.497196
59844	-0.300943	1.503428	-6.491617
59845	-0.306059	1.499597	-6.486118
59846	-0.308139	1.494197	-6.480858
59847	-0.307612	1.491315	-6.471733
59848	-0.301713	1.486058	-6.464783
59849	-0.312612	1.503067	-6.454831
59850	-0.320137	1.496416	-6.448550
59851	-0.321783	1.491986	-6.445483
59852	-0.324290	1.474887	-6.443300
59853	-0.323581	1.450341	-6.448405
59854	-0.314336	1.407283	-6.457792
59855	-0.318537	1.368956	-6.464848
59856	-0.320159	1.330916	-6.480519
59857	-0.336304	1.294790	-6.489009
59858	-0.353477	1.264364	-6.497693
59859	-0.381232	1.237220	-6.500512
59860	-0.396345	1.216972	-6.504401
59861	-0.408158	1.199934	-6.508057
59862	-0.414793	1.192711	-6.510130
59863	-0.415654	1.190187	-6.513608
59864	-0.403496	1.196669	-6.519385
59865	-0.402810	1.206045	-6.520319
59866	-0.400891	1.216750	-6.524612
59867	-0.404667	1.226483	-6.526429
59868	-0.405759	1.234975	-6.529296
59869	-0.410315	1.235686	-6.530830
59870	-0.413901	1.233127	-6.536342
59871	-0.422867	1.228167	-6.541803
59872	-0.422125	1.222950	-6.546738
59873	-0.421344	1.218916	-6.548511
59874	-0.417306	1.216824	-6.553152
59875	-0.414653	1.214791	-6.555837
59876	-0.409260	1.210280	-6.560491
59877	-0.403765	1.205710	-6.562895
59878	-0.397519	1.200507	-6.569778
59879	-0.387317	1.190619	-6.574945
59880	-0.379430	1.183909	-6.580128
59881	-0.367895	1.175298	-6.586408
59882	-0.353938	1.165638	-6.592237
59883	-0.338481	1.155951	-6.597835
59884	-0.323568	1.150233	-6.601438
59885	-0.308484	1.147992	-6.601564
59886	-0.303785	1.147571	-6.600458
59887	-0.302329	1.151349	-6.599590
59888	-0.300905	1.158730	-6.599749
59889	-0.297833	1.164691	-6.598274
59890	-0.289930	1.172330	-6.597047
59891	-0.281350	1.178309	-6.597509
59892	-0.273732	1.185042	-6.597996
59893	-0.270815	1.192399	-6.597921
59894	-0.266269	1.198152	-6.596078
59895	-0.264428	1.204054	-6.596408
59896	-0.261932	1.212893	-6.596153
59897	-0.256797	1.221923	-6.596174
59898	-0.248859	1.232020	-6.596937
59899	-0.241031	1.244692	-6.595934
59900	-0.231731	1.257154	-6.594563
59901	-0.218050	1.269513	-6.594680
59902	-0.204419	1.280696	-6.597960
59903	-0.183494	1.292786	-6.601210
59904	-0.162875	1.303880	-6.606108
59905	-0.145152	1.312689	-6.607341
59906	-0.126120	1.322687	-6.609609
59907	-0.108431	1.330418	-6.614065
59908	-0.092693	1.337291	-6.616643
59909	-0.076650	1.345161	-6.617558
59910	-0.063791	1.352112	-6.618411
59911	-0.052146	1.359097	-6.621137
59912	-0.041026	1.366342	-6.620771
59913	-0.027420	1.375180	-6.622065
59914	-0.014685	1.384613	-6.621068
59915	0.000694	1.394240	-6.620330
59916	0.014757	1.404958	-6.620423
59917	0.030613	1.416556	-6.618547
59918	0.047613	1.425967	-6.621262
59919	0.063973	1.437219	-6.622401
59920	0.079109	1.449401	-6.622054
59921	0.090919	1.464559	-6.619014
59922	0.100874	1.480077	-6.617013
59923	0.109901	1.496535	-6.615163
59924	0.119259	1.512565	-6.612439
59925	0.128096	1.527960	-6.609985
59926	0.135581	1.537196	-6.608544
59927	0.143910	1.548158	-6.605226
59928	0.149685	1.553978	-6.601506
59929	0.155983	1.559547	-6.600875
59930	0.161123	1.564804	-6.599683
59931	0.165083	1.571170	-6.597130
59932	0.168137	1.577053	-6.595532
59933	0.170671	1.582299	-6.594206
59934	0.174709	1.588411	-6.589273
59935	0.178989	1.598150	-6.586975
59936	0.184357	1.605548	-6.583128
59937	0.188833	1.614957	-6.576191
59938	0.194559	1.626801	-6.569356
59939	0.202331	1.639349	-6.562058
59940	0.210334	1.651632	-6.556209
59941	0.220544	1.663217	-6.548502
59942	0.227002	1.676858	-6.542029
59943	0.234918	1.690314	-6.529153
59944	0.242498	1.706486	-6.518999
59945	0.250549	1.722248	-6.505776
59946	0.260610	1.738528	-6.491962
59947	0.271003	1.753491	-6.480643
59948	0.282413	1.768748	-6.472072
59949	0.296225	1.784372	-6.462222
59950	0.309404	1.801815	-6.456824
59951	0.320494	1.817505	-6.449095
59952	0.331649	1.834338	-6.444211
59953	0.342291	1.850535	-6.439594
59954	0.350589	1.865130	-6.437176
59955	0.358374	1.879087	-6.435029
59956	0.365650	1.890986	-6.433969
59957	0.373114	1.901569	-6.431571
59958	0.377342	1.910160	-6.432404
59959	0.381933	1.920812	-6.428306
59960	0.387313	1.928219	-6.424403
59961	0.390694	1.935104	-6.421084
59962	0.393071	1.940271	-6.415829
59963	0.394585	1.945137	-6.411651
59964	0.396131	1.948674	-6.408348
59965	0.396405	1.953489	-6.405998
59966	0.397714	1.954889	-6.405361
59967	0.395916	1.958023	-6.406794
59968	0.393302	1.960508	-6.406878
59969	0.389345	1.960723	-6.409189
59970	0.382573	1.962155	-6.412660
59971	0.373613	1.961995	-6.416132
59972	0.365165	1.962478	-6.419331
59973	0.355067	1.962098	-6.422309
59974	0.343805	1.961409	-6.424744
59975	0.335384	1.961979	-6.427992
59976	0.329502	1.963802	-6.430435
59977	0.325835	1.964918	-6.431007
59978	0.324063	1.966725	-6.433314
59979	0.324801	1.968725	-6.432016
59980	0.325216	1.969736	-6.432401
59981	0.325822	1.969427	-6.431447
59982	0.328030	1.968911	-6.433964
59983	0.326259	1.968330	-6.434348
59984	0.323786	1.964623	-6.435247
59985	0.320602	1.960610	-6.441053
59986	0.316699	1.955782	-6.443197
59987	0.313137	1.949631	-6.447832
59988	0.311028	1.943276	-6.452107
59989	0.306986	1.935154	-6.457890
59990	0.304468	1.930379	-6.462038
59991	0.302644	1.923938	-6.467872
59992	0.299299	1.917531	-6.473971
59993	0.294292	1.912568	-6.475667
59994	0.289850	1.907010	-6.478026
59995	0.288258	1.902710	-6.481195
59996	0.286632	1.898324	-6.484316
59997	0.285738	1.893346	-6.485876
59998	0.284741	1.884735	-6.488664
59999	0.285107	1.877499	-6.492573
60000	0.281584	1.868618	-6.492863
60001	0.277238	1.861906	-6.496194
60002	0.270932	1.854329	-6.497692
60003	0.265388	1.848636	-6.499600
60004	0.261236	1.843980	-6.500222
60005	0.259744	1.839511	-6.501068
60006	0.258310	1.836196	-6.504773
60007	0.256279	1.830997	-6.505837
60008	0.255700	1.825596	-6.506545
60009	0.258033	1.820212	-6.508991
60010	0.257454	1.814812	-6.509699
60011	0.255992	1.806627	-6.509499
60012	0.253860	1.797798	-6.511791
60013	0.250210	1.785622	-6.515708
60014	0.248456	1.772741	-6.516150
60015	0.246038	1.755832	-6.520438
60016	0.242479	1.741099	-6.526166
60017	0.236300	1.728652	-6.527577
60018	0.230279	1.717193	-6.529530
60019	0.227045	1.708227	-6.531364
60020	0.226339	1.700521	-6.532410
60021	0.226936	1.695426	-6.533650
60022	0.224206	1.691892	-6.533026
60023	0.224837	1.689274	-6.536241
60024	0.224103	1.690067	-6.536136
60025	0.224355	1.690096	-6.535982
60026	0.221944	1.689938	-6.535601
60027	0.218747	1.693019	-6.535015
60028	0.215863	1.695676	-6.533580
60029	0.214598	1.699539	-6.534783
60030	0.214559	1.704440	-6.530872
60031	0.216014	1.708239	-6.529939
60032	0.218096	1.714989	-6.528401
60033	0.220975	1.719909	-6.526228
60034	0.224196	1.726882	-6.525180
60035	0.227613	1.732532	-6.522788
60036	0.230835	1.739505	-6.521738
60037	0.235930	1.746108	-6.519617
60038	0.237759	1.753030	-6.516559
60039	0.240290	1.758291	-6.515184
60040	0.239401	1.765280	-6.514262
60041	0.232317	1.771927	-6.516363
60042	0.223808	1.779843	-6.521631
60043	0.213816	1.793091	-6.533518
60044	0.196893	1.806160	-6.541477
60045	0.175473	1.820912	-6.549492
60046	0.146838	1.834587	-6.555313
60047	0.110352	1.846639	-6.555426
60048	0.068400	1.846351	-6.553721
60049	0.021787	1.842966	-6.550426
60050	-0.030420	1.835930	-6.546456
60051	-0.086153	1.826022	-6.541366
60052	-0.145044	1.811507	-6.535178
60053	-0.207591	1.796614	-6.525997
60054	-0.278236	1.780309	-6.515572
60055	-0.348583	1.760226	-6.505591
60056	-0.417470	1.739978	-6.495197
60057	-0.484356	1.717986	-6.482285
60058	-0.553769	1.693365	-6.470915
60059	-0.624531	1.666486	-6.461670
60060	-0.697500	1.635550	-6.456384
60061	-0.780135	1.597755	-6.457880
60062	-0.880620	1.553122	-6.472373
60063	-0.995251	1.494717	-6.494569
60064	-1.127415	1.425325	-6.521524
60065	-1.272533	1.333629	-6.549012
60066	-1.439079	1.221130	-6.580626
60067	-1.653257	1.075154	-6.622235
60068	-1.920364	0.903813	-6.663197
60069	-2.270477	0.697681	-6.698178
60070	-2.710020	0.439623	-6.717877
60071	-3.054375	-0.016721	-6.610848
60072	-3.379389	-0.762942	-6.382709
60073	-3.987179	-1.978227	-6.409242
60074	-4.919902	-3.494181	-6.849062
60075	-5.683151	-5.035132	-7.498438
60076	-5.657192	-6.361579	-8.087000
60077	-5.084505	-7.666053	-8.572670
60078	-4.421120	-9.178612	-9.060138
60079	-3.888833	-10.926998	-9.726203
60080	-3.324714	-12.785358	-10.637646
60081	-2.527553	-14.605487	-11.715500
60082	-1.435514	-16.318797	-12.861264
60083	-0.163673	-17.946964	-14.029629
60084	1.162186	-19.522167	-15.163194
60085	2.460396	-21.009252	-16.179287
60086	3.671982	-22.368548	-16.993202
60087	4.736500	-23.597270	-17.531256
60088	5.580145	-24.700856	-17.734097
60089	6.125344	-25.680586	-17.619492
60090	6.365633	-26.538231	-17.271116
60091	6.371987	-27.292018	-16.764422
60092	6.250805	-27.928600	-16.146604
60093	6.081155	-28.424539	-15.500772
60094	5.913255	-28.752477	-14.895654
60095	5.771358	-28.903627	-14.366193
60096	5.661932	-28.869728	-13.913094
60097	5.581127	-28.644822	-13.543821
60098	5.525086	-28.225009	-13.252285
60099	5.482715	-27.614101	-13.038013
60100	5.433979	-26.816715	-12.912245
60101	5.379375	-25.846070	-12.883536
60102	5.321387	-24.721307	-12.929351
60103	5.235756	-23.465978	-13.014260
60104	5.071959	-22.126948	-13.101507
60105	4.787969	-20.715136	-13.121767
60106	4.358158	-19.236741	-13.047175
60107	3.780659	-17.710594	-12.852234
60108	3.070677	-16.124980	-12.550511
60109	2.262108	-14.489596	-12.183622
60110	1.404792	-12.814751	-11.800067
60111	0.583193	-11.119906	-11.474890
60112	-0.139438	-9.421286	-11.258965
60113	-0.729022	-7.740411	-11.185178
60114	-1.195689	-6.108547	-11.185821
60115	-1.589199	-4.565555	-11.123854
60116	-1.986037	-3.137159	-10.887610
60117	-2.409973	-1.845107	-10.425002
60118	-2.849436	-0.683481	-9.764735
60119	-3.289074	0.383653	-9.052516
60120	-3.664930	1.364327	-8.421981
60121	-3.883244	2.223177	-7.878020
60122	-3.916212	2.911793	-7.365276
60123	-3.800632	3.366631	-6.847864
60124	-3.568596	3.535632	-6.331002
60125	-3.240084	3.387140	-5.822985
60126	-2.843336	2.928023	-5.306519
60127	-2.414483	2.119574	-4.842312
60128	-1.512270	-0.009786	-4.744581
60129	-0.810516	0.466854	-4.967944
60130	-0.344487	0.724851	-4.918483
60131	-0.187178	0.952915	-4.766006
60132	-0.146437	1.062500	-4.746451
60133	-0.177017	0.885236	-4.779996
60134	-0.216679	0.619049	-4.839844
60135	-0.258855	0.445208	-4.895850
60136	-0.296868	0.323845	-4.917403
60137	-0.315697	0.267846	-4.920446
60138	-0.271540	0.235769	-4.938440
60139	-0.168114	0.254281	-4.960401
60140	-0.008229	0.324529	-4.963530
60141	0.195206	0.373194	-5.004478
60142	0.337327	0.385445	-5.067582
60143	0.359257	0.381584	-5.114924
60144	0.330484	0.353119	-5.149707
60145	0.316289	0.317804	-5.185470
60146	0.322693	0.291425	-5.213956
60147	0.323212	0.277596	-5.235128
60148	0.306037	0.275494	-5.247497
60149	0.285561	0.290943	-5.252907
60150	0.258421	0.315432	-5.249063
60151	0.231098	0.343975	-5.244848
60152	0.211295	0.376616	-5.243059
60153	0.190260	0.406302	-5.227974
60154	0.150456	0.454942	-5.205724
60155	0.115377	0.505526	-5.179986
60156	0.096023	0.558562	-5.148867
60157	0.082158	0.626129	-5.109296
60158	0.084857	0.706396	-5.063538
60159	0.102463	0.778563	-5.023505
60160	0.131713	0.861855	-4.979259
60161	0.154064	0.933621	-4.942010
60162	0.173829	1.013656	-4.903244
60163	0.179160	1.095083	-4.869099
60164	0.161701	1.171650	-4.842831
60165	0.133356	1.236765	-4.827698
60166	0.083661	1.266025	-4.850207
60167	0.015095	1.261450	-4.883155
60168	-0.074732	1.252783	-4.918057
60169	-0.194190	1.224053	-4.937177
60170	-0.314881	1.196916	-4.940452
60171	-0.438075	1.178758	-4.917271
60172	-0.568422	1.180901	-4.867739
60173	-0.670829	1.202833	-4.802595
60174	-0.762102	1.209922	-4.749278
60175	-0.856781	1.209914	-4.711755
60176	-0.948452	1.220626	-4.676729
60177	-1.034457	1.232837	-4.648996
60178	-1.111747	1.240816	-4.631493
60179	-1.171047	1.258393	-4.613733
60180	-1.207096	1.291072	-4.588187
60181	-1.224075	1.335715	-4.550143
60182	-1.221932	1.390412	-4.495627
60183	-1.210486	1.442805	-4.433221
60184	-1.188003	1.483403	-4.366597
60185	-1.158233	1.515170	-4.304276
60186	-1.135844	1.536487	-4.252556
60187	-1.133848	1.536982	-4.233110
60188	-1.157631	1.499444	-4.268663
60189	-1.210594	1.443621	-4.309791
60190	-1.288208	1.389317	-4.345661
60191	-1.368402	1.336103	-4.369386
60192	-1.437600	1.301707	-4.375671
60193	-1.490698	1.285612	-4.366915
60194	-1.546360	1.275191	-4.350033
60195	-1.595672	1.260233	-4.327730
60196	-1.622907	1.250367	-4.299194
60197	-1.630994	1.243781	-4.263153
60198	-1.616364	1.240447	-4.222552
60199	-1.599574	1.231631	-4.182252
60200	-1.591835	1.218974	-4.156777
60201	-1.580206	1.208092	-4.139778
60202	-1.573261	1.196585	-4.131589
60203	-1.574475	1.183469	-4.141134
60204	-1.560082	1.181625	-4.153724
60205	-1.534437	1.185628	-4.164887
60206	-1.499664	1.193178	-4.173550
60207	-1.450453	1.202381	-4.180594
60208	-1.381416	1.218711	-4.182374
60209	-1.302761	1.238755	-4.183255
60210	-1.229479	1.260849	-4.177009
60211	-1.169788	1.282258	-4.169918
60212	-1.138487	1.300080	-4.162998
60213	-1.137234	1.318283	-4.177561
60214	-1.161373	1.334024	-4.199394
60215	-1.188082	1.352303	-4.216871
60216	-1.212233	1.377652	-4.228074
60217	-1.233688	1.400656	-4.235184
60218	-1.239979	1.424086	-4.240396
60219	-1.242018	1.444895	-4.238858
60220	-1.232742	1.461086	-4.236892
60221	-1.209575	1.473259	-4.233302
60222	-1.181909	1.475761	-4.220429
60223	-1.149847	1.465750	-4.206725
60224	-1.120105	1.452684	-4.193810
60225	-1.096635	1.447063	-4.184555
60226	-1.072057	1.441332	-4.173398
60227	-1.045357	1.435204	-4.165067
60228	-1.019915	1.438640	-4.156455
60229	-1.007257	1.446520	-4.137626
60230	-1.008390	1.435752	-4.110767
60231	-1.011987	1.434917	-4.081704
60232	-1.019491	1.432241	-4.044187
60233	-1.004606	1.421893	-4.024841
60234	-0.987674	1.393297	-4.007292
60235	-0.971917	1.378687	-3.997727
60236	-0.967892	1.363469	-3.984422
60237	-0.959072	1.354300	-3.981966
60238	-0.950124	1.352104	-3.976907
60239	-0.942752	1.354135	-3.971757
60240	-0.933416	1.359135	-3.970396
60241	-0.921479	1.368115	-3.966486
60242	-0.905264	1.381559	-3.964086
60243	-0.881844	1.399715	-3.961159
60244	-0.858573	1.423913	-3.957351
60245	-0.833936	1.442124	-3.952547
60246	-0.811982	1.459997	-3.945114
60247	-0.792820	1.473252	-3.935860
60248	-0.776350	1.485046	-3.927279
60249	-0.759687	1.489531	-3.920505
60250	-0.742113	1.490459	-3.915460
60251	-0.725984	1.486878	-3.913007
60252	-0.709791	1.473142	-3.914138
60253	-0.695737	1.457944	-3.915255
60254	-0.683728	1.444469	-3.918861
60255	-0.670893	1.433069	-3.925254
60256	-0.662772	1.420773	-3.929573
60257	-0.659144	1.411743	-3.935346
60258	-0.660121	1.404262	-3.941051
60259	-0.662185	1.398016	-3.945365
60260	-0.666157	1.393213	-3.947450
60261	-0.668967	1.391271	-3.948214
60262	-0.666448	1.391544	-3.948968
60263	-0.655607	1.390628	-3.952849
60264	-0.646263	1.387186	-3.958865
60265	-0.635985	1.384433	-3.966258
60266	-0.626548	1.382327	-3.977579
60267	-0.615145	1.377530	-3.992066
60268	-0.599576	1.374768	-4.006036
60269	-0.582125	1.372947	-4.017992
60270	-0.564891	1.373473	-4.028005
60271	-0.544846	1.374068	-4.035912
60272	-0.523338	1.371842	-4.045336
60273	-0.506083	1.371209	-4.050097
60274	-0.492343	1.373558	-4.054353
60275	-0.476851	1.372163	-4.061179
60276	-0.461534	1.371860	-4.067009
60277	-0.452570	1.371601	-4.074355
60278	-0.443065	1.370504	-4.080019
60279	-0.437437	1.373249	-4.084562
60280	-0.441738	1.378707	-4.087718
60281	-0.447302	1.381970	-4.093125
60282	-0.454528	1.390325	-4.101255
60283	-0.460982	1.397060	-4.111105
60284	-0.466687	1.407867	-4.123274
60285	-0.469589	1.427558	-4.136854
60286	-0.469926	1.446979	-4.148217
60287	-0.466347	1.467914	-4.157024
60288	-0.466066	1.484062	-4.162402
60289	-0.466977	1.497876	-4.167680
60290	-0.469059	1.508824	-4.174290
60291	-0.468223	1.522299	-4.180787
60292	-0.463500	1.533042	-4.185107
60293	-0.457157	1.544914	-4.185868
60294	-0.443680	1.559643	-4.182170
60295	-0.423063	1.574282	-4.180109
60296	-0.398179	1.584598	-4.175996
60297	-0.373613	1.596819	-4.174138
60298	-0.347097	1.608198	-4.172630
60299	-0.317435	1.623166	-4.171570
60300	-0.286210	1.638885	-4.170720
60301	-0.253851	1.653755	-4.167458
60302	-0.230334	1.662828	-4.162194
60303	-0.211297	1.670193	-4.158284
60304	-0.201044	1.675478	-4.153425
60305	-0.199895	1.682154	-4.151335
60306	-0.202431	1.689495	-4.149108
60307	-0.204946	1.694532	-4.144942
60308	-0.209278	1.698494	-4.140458
60309	-0.210359	1.704638	-4.135024
60310	-0.208215	1.708731	-4.129041
60311	-0.206065	1.714389	-4.124504
60312	-0.204320	1.718972	-4.121683
60313	-0.200154	1.724101	-4.119899
60314	-0.195729	1.727476	-4.118205
60315	-0.188448	1.728547	-4.118632
60316	-0.176797	1.727764	-4.119008
60317	-0.164135	1.727519	-4.118385
60318	-0.147873	1.728608	-4.117437
60319	-0.131181	1.731867	-4.111465
60320	-0.114188	1.737097	-4.106617
60321	-0.100128	1.740312	-4.100464
60322	-0.085881	1.741928	-4.096754
60323	-0.072703	1.744759	-4.091640
60324	-0.057523	1.745505	-4.087837
60325	-0.040797	1.746410	-4.086103
60326	-0.028467	1.746047	-4.081541
60327	-0.014640	1.747096	-4.078095
60328	-0.003425	1.744190	-4.077295
60329	0.007936	1.742534	-4.073232
60330	0.017784	1.738370	-4.071356
60331	0.028530	1.736146	-4.069874
60332	0.037993	1.733577	-4.067859
60333	0.048739	1.731354	-4.066376
60334	0.055803	1.730899	-4.061470
60335	0.064849	1.727759	-4.059725
60336	0.070930	1.724452	-4.053885
60337	0.075645	1.720350	-4.051710
60338	0.082043	1.715606	-4.048361
60339	0.089122	1.711735	-4.044820
60340	0.096617	1.708436	-4.041009
60341	0.109340	1.703061	-4.037949
60342	0.119030	1.697678	-4.033146
60343	0.131521	1.690143	-4.032809
60344	0.142777	1.681018	-4.032901
60345	0.153123	1.674318	-4.034516
60346	0.162733	1.668002	-4.035372
60347	0.171649	1.660202	-4.038265
60348	0.179392	1.650653	-4.039236
60349	0.185840	1.635174	-4.041455
60350	0.195979	1.613573	-4.045193
60351	0.203463	1.594725	-4.049233
60352	0.208126	1.576943	-4.052116
60353	0.207012	1.560984	-4.053013
60354	0.207026	1.548646	-4.053039
60355	0.205094	1.537123	-4.052696
60356	0.204997	1.526192	-4.054116
60357	0.204607	1.519336	-4.051168
60358	0.204841	1.513034	-4.051841
60359	0.205761	1.507597	-4.052318
60360	0.206056	1.506107	-4.050709
60361	0.206924	1.506894	-4.050299
60362	0.208919	1.506321	-4.048950
60363	0.210667	1.507486	-4.047495
60364	0.212610	1.508161	-4.045191
60365	0.212552	1.510908	-4.041565
60366	0.210609	1.513840	-4.036687
60367	0.210606	1.520312	-4.034081
60368	0.210973	1.524724	-4.026880
60369	0.209607	1.531026	-4.019895
60370	0.210637	1.539726	-4.011130
60371	0.210430	1.547315	-4.001328
60372	0.208730	1.558469	-3.990478
60373	0.208363	1.568720	-3.981111
60374	0.208575	1.580770	-3.974404
60375	0.208370	1.592247	-3.967966
60376	0.206433	1.604045	-3.966513
60377	0.207647	1.619420	-3.965469
60378	0.209708	1.632526	-3.965252
60379	0.212785	1.646161	-3.964022
60380	0.215446	1.658741	-3.964525
60381	0.217093	1.671277	-3.964571
60382	0.216084	1.682211	-3.963022
60383	0.216581	1.694554	-3.962574
60384	0.218522	1.704101	-3.963683
60385	0.221152	1.714517	-3.964590
60386	0.222161	1.724938	-3.965786
60387	0.223360	1.734254	-3.967971
60388	0.222556	1.745171	-3.970303
60389	0.223805	1.753238	-3.973445
60390	0.225909	1.765109	-3.974166
60391	0.226069	1.772822	-3.974466
60392	0.229591	1.779726	-3.977157
60393	0.230133	1.785845	-3.977601
60394	0.231083	1.792545	-3.977779
60395	0.231956	1.798320	-3.977408
60396	0.230771	1.801969	-3.976177
60397	0.227914	1.806253	-3.976115
60398	0.226792	1.809742	-3.972533
60399	0.224318	1.812430	-3.972616
60400	0.221319	1.816575	-3.972524
60401	0.218244	1.819792	-3.971883
60402	0.218039	1.821320	-3.971521
60403	0.219129	1.823182	-3.971675
60404	0.218155	1.822920	-3.970972
60405	0.215566	1.822039	-3.972397
60406	0.213007	1.819447	-3.970052
60407	0.209817	1.819095	-3.970753
60408	0.208347	1.816860	-3.971246
60409	0.207901	1.815141	-3.970716
60410	0.207642	1.812942	-3.969347
60411	0.206099	1.809776	-3.969290
60412	0.203259	1.806282	-3.968720
60413	0.198701	1.804668	-3.968355
60414	0.196142	1.802079	-3.966010
60415	0.194154	1.800671	-3.968156
60416	0.192963	1.799345	-3.966875
60417	0.191525	1.798660	-3.968785
60418	0.191099	1.799124	-3.967845
60419	0.190437	1.801321	-3.966785
60420	0.191711	1.802703	-3.966097
60421	0.193514	1.802626	-3.965581
60422	0.191667	1.803080	-3.962617
60423	0.190778	1.803118	-3.964290
60424	0.189689	1.799292	-3.964930
60425	0.187265	1.795748	-3.965922
60426	0.187875	1.792841	-3.966814
60427	0.190881	1.791707	-3.967745
60428	0.196970	1.789957	-3.969536
60429	0.206233	1.787880	-3.968348
60430	0.213254	1.785259	-3.970051
60431	0.224044	1.780692	-3.972807
60432	0.232485	1.773103	-3.976489
60433	0.244479	1.762498	-3.980649
60434	0.251605	1.752399	-3.984231
60435	0.256582	1.742036	-3.986862
60436	0.260314	1.730100	-3.989945
60437	0.261398	1.715927	-3.993273
60438	0.268308	1.693713	-3.999502
60439	0.274275	1.671266	-4.002915
60440	0.281956	1.646955	-4.006127
60441	0.289406	1.624363	-4.009213
60442	0.298021	1.604166	-4.012387
60443	0.306184	1.584618	-4.014855
60444	0.311346	1.563833	-4.016562
60445	0.313754	1.542221	-4.019899
60446	0.307952	1.519114	-4.019800
60447	0.298956	1.496935	-4.023521
60448	0.286032	1.474393	-4.026562
60449	0.269852	1.455114	-4.029155
60450	0.253581	1.440527	-4.029422
60451	0.235203	1.429403	-4.029734
60452	0.219039	1.423360	-4.028701
60453	0.208115	1.420200	-4.028457
60454	0.199239	1.419802	-4.027252
60455	0.193245	1.423148	-4.024902
60456	0.188585	1.426214	-4.022206
60457	0.185608	1.432991	-4.020222
60458	0.181936	1.438914	-4.018445
60459	0.178631	1.446038	-4.017273
60460	0.177045	1.451287	-4.015900
60461	0.178237	1.456713	-4.014716
60462	0.185478	1.461230	-4.013753
60463	0.193687	1.467506	-4.010808
60464	0.203392	1.474733	-4.010443
60465	0.210619	1.477064	-4.009880
60466	0.216759	1.480139	-4.009382
60467	0.218941	1.483445	-4.009065
60468	0.218725	1.484981	-4.008702
60469	0.216518	1.483591	-4.006959
