// General information: 
//  MT Manager version: 2021.4.0 
//  XDA version: 2021.4.0 build 6323 rev 112641 built on 2021-09-28
// Device information: 
//  DeviceId: 00B43856
//  ProductCode: MTW2-3A7G6
//  Firmware Version: 4.3.4
//  Hardware Version: 1.1.0
// Device settings: 
//  Filter Profile: human(46.1)
//  Option Flags: Orientation Smoother Disabled, Position/Velocity Smoother Disabled, Continuous Zero Rotation Update Disabled, AHS Disabled, ICC Disabled
// Coordinate system: ENU
PacketCounter	Roll	Pitch	Yaw
04463	-0.560092	-1.356648	11.619950
04464	-0.564213	-1.357840	11.663521
04465	-0.568746	-1.361597	11.710189
04466	-0.573065	-1.367346	11.755205
04467	-0.579264	-1.372328	11.796910
04468	-0.585672	-1.376353	11.831773
04469	-0.591064	-1.380580	11.867206
04470	-0.599999	-1.382896	11.898689
04471	-0.607528	-1.387306	11.932159
04472	-0.615775	-1.388043	11.967612
04473	-0.626009	-1.388965	12.000027
04474	-0.637150	-1.391458	12.026928
04475	-0.650426	-1.393963	12.048816
04476	-0.663478	-1.401242	12.066714
04477	-0.677180	-1.407156	12.081135
04478	-0.689652	-1.411800	12.097352
04479	-0.702869	-1.414471	12.120123
04480	-0.710909	-1.415013	12.145016
04481	-0.716937	-1.412381	12.172554
04482	-0.723517	-1.407837	12.198840
04483	-0.730392	-1.404839	12.225075
04484	-0.738070	-1.402601	12.244474
04485	-0.743916	-1.402561	12.258904
04486	-0.749705	-1.401643	12.271208
04487	-0.753780	-1.401150	12.285029
04488	-0.757716	-1.400808	12.299967
04489	-0.762670	-1.396426	12.311477
04490	-0.767440	-1.394853	12.322788
04491	-0.770444	-1.392579	12.329147
04492	-0.773521	-1.389504	12.332735
04493	-0.772067	-1.385664	12.333392
04494	-0.772125	-1.383337	12.330788
04495	-0.770362	-1.375795	12.333479
04496	-0.769447	-1.368363	12.338105
04497	-0.768071	-1.362776	12.343784
04498	-0.765478	-1.356812	12.351925
04499	-0.759515	-1.351684	12.359038
04500	-0.752558	-1.343308	12.367959
04501	-0.746826	-1.336319	12.378928
04502	-0.741729	-1.329343	12.392715
04503	-0.736622	-1.319539	12.408237
04504	-0.731006	-1.308174	12.425372
04505	-0.726604	-1.298154	12.442280
04506	-0.725168	-1.288313	12.457759
04507	-0.723472	-1.280182	12.469019
04508	-0.723138	-1.274376	12.471601
04509	-0.724871	-1.267824	12.467119
04510	-0.725835	-1.264217	12.459929
04511	-0.724927	-1.261005	12.453335
04512	-0.725123	-1.255873	12.451068
04513	-0.726711	-1.249366	12.447842
04514	-0.728470	-1.242831	12.443971
04515	-0.731847	-1.238523	12.439918
04516	-0.737676	-1.233580	12.436293
04517	-0.744946	-1.229920	12.430896
04518	-0.753107	-1.226092	12.424493
04519	-0.761812	-1.223808	12.414872
04520	-0.768945	-1.222058	12.405225
04521	-0.776127	-1.220224	12.394872
04522	-0.782245	-1.217829	12.384227
04523	-0.786276	-1.215003	12.374204
04524	-0.789530	-1.209829	12.367438
04525	-0.789156	-1.204762	12.361195
04526	-0.787622	-1.198164	12.352155
04527	-0.787365	-1.189333	12.341796
04528	-0.784569	-1.183958	12.329585
04529	-0.781086	-1.179448	12.317988
04530	-0.777749	-1.175126	12.304632
04531	-0.772560	-1.171271	12.293363
04532	-0.767375	-1.164814	12.284887
04533	-0.761478	-1.159538	12.278149
04534	-0.756420	-1.151284	12.273758
04535	-0.749394	-1.143572	12.271653
04536	-0.741461	-1.135258	12.268896
04537	-0.733934	-1.125840	12.267149
04538	-0.729894	-1.118232	12.263759
04539	-0.725342	-1.113537	12.262884
04540	-0.719545	-1.110163	12.261711
04541	-0.712942	-1.100692	12.261805
04542	-0.708466	-1.096061	12.262850
04543	-0.702090	-1.092022	12.267540
04544	-0.696783	-1.084913	12.270722
04545	-0.693233	-1.077258	12.272428
04546	-0.689237	-1.071611	12.275578
04547	-0.684509	-1.066074	12.276796
04548	-0.679080	-1.060757	12.275893
04549	-0.675075	-1.056654	12.271803
04550	-0.671217	-1.051645	12.263304
04551	-0.668895	-1.048872	12.254085
04552	-0.665754	-1.043698	12.247613
04553	-0.663392	-1.041007	12.237668
04554	-0.660555	-1.038358	12.224170
04555	-0.658543	-1.035369	12.209533
04556	-0.656428	-1.034267	12.192065
04557	-0.658292	-1.033871	12.175203
04558	-0.659961	-1.032546	12.155268
04559	-0.660938	-1.029607	12.139372
04560	-0.662491	-1.025644	12.123601
04561	-0.660386	-1.024573	12.106857
04562	-0.658519	-1.021604	12.091572
04563	-0.654257	-1.020186	12.076371
04564	-0.649824	-1.016965	12.057948
04565	-0.647988	-1.012889	12.039044
04566	-0.640738	-1.009568	12.021300
04567	-0.634910	-1.005842	12.006319
04568	-0.623393	-1.002042	11.994938
04569	-0.612923	-0.998748	11.983079
04570	-0.601063	-0.993161	11.969945
04571	-0.589562	-0.989332	11.957781
04572	-0.575121	-0.984494	11.945251
04573	-0.559625	-0.976402	11.933986
04574	-0.545756	-0.966785	11.921128
04575	-0.530290	-0.957506	11.906365
04576	-0.515703	-0.950748	11.889231
04577	-0.498378	-0.944897	11.875276
04578	-0.480243	-0.939203	11.860538
04579	-0.461056	-0.932850	11.845669
04580	-0.440264	-0.923238	11.828234
04581	-0.423615	-0.917857	11.807730
04582	-0.403095	-0.912768	11.790745
04583	-0.384169	-0.901804	11.780410
04584	-0.363673	-0.891289	11.767957
04585	-0.343876	-0.884069	11.757739
04586	-0.324265	-0.874289	11.748193
04587	-0.305251	-0.867029	11.738884
04588	-0.285568	-0.859989	11.728035
04589	-0.266189	-0.851150	11.719746
04590	-0.245167	-0.846365	11.710414
04591	-0.221957	-0.843071	11.698029
04592	-0.196883	-0.841043	11.680212
04593	-0.176187	-0.836648	11.655018
04594	-0.158197	-0.835838	11.621386
04595	-0.144200	-0.835582	11.584558
04596	-0.131888	-0.831222	11.548109
04597	-0.121087	-0.831221	11.516536
04598	-0.110165	-0.832307	11.492103
04599	-0.100980	-0.832293	11.476408
04600	-0.092063	-0.835053	11.466449
04601	-0.083998	-0.834213	11.468469
04602	-0.076075	-0.833631	11.480260
04603	-0.072291	-0.831222	11.500013
04604	-0.068701	-0.827040	11.525261
04605	-0.068245	-0.822145	11.552924
04606	-0.063483	-0.818428	11.582825
04607	-0.058597	-0.817556	11.612818
04608	-0.055177	-0.816298	11.645458
04609	-0.052655	-0.812055	11.680295
04610	-0.050421	-0.806959	11.719352
04611	-0.046392	-0.803353	11.760562
04612	-0.043484	-0.796693	11.802662
04613	-0.043136	-0.793027	11.846216
04614	-0.046161	-0.790049	11.883655
04615	-0.049090	-0.792472	11.916841
04616	-0.053731	-0.797148	11.948655
04617	-0.054626	-0.801841	11.979236
04618	-0.055271	-0.804868	12.009883
04619	-0.053943	-0.803816	12.039800
04620	-0.052652	-0.799048	12.068342
04621	-0.052502	-0.796394	12.089467
04622	-0.044891	-0.793264	12.111338
04623	-0.037004	-0.790918	12.128264
04624	-0.027220	-0.793673	12.140449
04625	-0.016492	-0.793749	12.146185
04626	-0.007395	-0.795001	12.145082
04627	0.003084	-0.796506	12.138923
04628	0.014506	-0.799002	12.125798
04629	0.023379	-0.799664	12.110001
04630	0.030475	-0.804220	12.084482
04631	0.037358	-0.805875	12.058313
04632	0.044706	-0.807539	12.026367
04633	0.053376	-0.810488	11.993536
04634	0.061025	-0.814033	11.960354
04635	0.068238	-0.816510	11.928635
04636	0.076367	-0.815650	11.897909
04637	0.087821	-0.816607	11.868960
04638	0.097554	-0.818203	11.843556
04639	0.105997	-0.820279	11.816711
04640	0.116740	-0.821203	11.790323
04641	0.126533	-0.821781	11.761274
04642	0.137276	-0.825384	11.732608
04643	0.146109	-0.824000	11.706951
04644	0.153931	-0.825942	11.681713
04645	0.160535	-0.825644	11.656829
04646	0.162679	-0.826073	11.635292
04647	0.164000	-0.832762	11.613469
04648	0.165642	-0.835889	11.594539
04649	0.164371	-0.840023	11.575934
04650	0.161953	-0.844757	11.557230
04651	0.157652	-0.848815	11.536692
04652	0.151680	-0.855147	11.513332
04653	0.143860	-0.861879	11.490962
04654	0.134000	-0.868924	11.466966
04655	0.125895	-0.873795	11.447390
04656	0.120800	-0.878731	11.429928
04657	0.115234	-0.882601	11.414578
04658	0.111914	-0.886421	11.403836
04659	0.110085	-0.888845	11.396675
04660	0.108006	-0.893199	11.391529
04661	0.105877	-0.896406	11.382574
04662	0.104206	-0.901696	11.374366
04663	0.100421	-0.905525	11.369274
04664	0.098777	-0.909179	11.367073
04665	0.098177	-0.911518	11.372633
04666	0.099040	-0.912554	11.381127
04667	0.102038	-0.914260	11.396819
04668	0.107158	-0.917939	11.420940
04669	0.113411	-0.920926	11.447503
04670	0.121038	-0.921995	11.482331
04671	0.127813	-0.920804	11.520658
04672	0.136743	-0.919782	11.564333
04673	0.143939	-0.920094	11.612514
04674	0.150884	-0.918771	11.664204
04675	0.157686	-0.915713	11.718892
04676	0.164971	-0.911963	11.777665
04677	0.170812	-0.908668	11.841326
04678	0.176617	-0.906650	11.909753
04679	0.182811	-0.902147	11.985359
04680	0.187302	-0.894532	12.063433
04681	0.187168	-0.885973	12.126550
04682	0.185036	-0.882736	12.172811
04683	0.181858	-0.885981	12.206075
04684	0.178483	-0.893615	12.229715
04685	0.172454	-0.901079	12.242746
04686	0.165865	-0.907054	12.244648
04687	0.157990	-0.916674	12.230443
04688	0.151180	-0.927081	12.200751
04689	0.144186	-0.937250	12.167485
04690	0.137293	-0.946559	12.133110
04691	0.131168	-0.955866	12.097064
04692	0.126336	-0.964914	12.064452
04693	0.120739	-0.973011	12.041132
04694	0.118667	-0.980673	12.025856
04695	0.115389	-0.987956	12.017062
04696	0.112985	-0.994103	12.014624
04697	0.110107	-1.000240	12.018628
04698	0.106755	-1.006467	12.026948
04699	0.101562	-1.013960	12.038736
04700	0.094574	-1.021071	12.050253
04701	0.085725	-1.030603	12.067051
04702	0.078848	-1.039864	12.087007
04703	0.077242	-1.052805	12.115720
04704	0.079963	-1.070816	12.148021
04705	0.082132	-1.094205	12.178218
04706	0.079121	-1.119355	12.198593
04707	0.066078	-1.151405	12.209211
04708	0.049675	-1.192192	12.208691
04709	0.027872	-1.233731	12.201300
04710	0.009821	-1.264091	12.179088
04711	-0.007386	-1.280510	12.152829
04712	-0.016902	-1.288942	12.116034
04713	-0.022426	-1.305605	12.075928
04714	-0.018168	-1.331634	12.031428
04715	-0.007614	-1.356566	11.981382
04716	0.005781	-1.374548	11.920418
04717	0.017597	-1.384147	11.846218
04718	0.023354	-1.389873	11.762562
04719	0.025434	-1.384409	11.676809
04720	0.029409	-1.362901	11.593052
04721	0.033422	-1.313740	11.506578
04722	0.040883	-1.252453	11.414082
04723	0.059916	-1.179505	11.315810
04724	0.100358	-1.088509	11.209049
04725	0.172064	-0.973449	11.085293
04726	0.268444	-0.828264	10.927620
04727	0.384968	-0.666819	10.729427
04728	0.508402	-0.513354	10.508031
04729	0.633784	-0.371692	10.260672
04730	0.755373	-0.232184	9.988454
04731	0.873147	-0.093516	9.687470
04732	0.983555	0.035057	9.338962
04733	1.090332	0.150127	8.915141
04734	1.209117	0.227575	8.407223
04735	1.356505	0.246073	7.812310
04736	1.523644	0.206185	7.149937
04737	1.693404	0.139203	6.446860
04738	1.843715	0.062800	5.727433
04739	1.965533	-0.011704	5.013736
04740	2.061287	-0.065298	4.326975
04741	2.143062	-0.093382	3.685806
04742	2.215485	-0.099046	3.093028
04743	2.284739	-0.100473	2.528731
04744	2.360033	-0.121931	1.971061
04745	2.468270	-0.183497	1.416917
04746	2.627267	-0.253539	0.875912
04747	2.836083	-0.308823	0.362976
04748	3.096693	-0.353131	-0.093464
04749	3.393702	-0.387995	-0.482748
04750	3.700218	-0.392486	-0.811540
04751	3.994953	-0.376105	-1.091689
04752	4.280207	-0.326921	-1.311356
04753	4.580505	-0.240131	-1.452525
04754	4.924095	-0.103207	-1.482032
04755	5.340360	0.076563	-1.375814
04756	5.845053	0.280158	-1.095162
04757	6.450376	0.492706	-0.585924
04758	7.182232	0.688652	0.195065
04759	8.055051	0.851100	1.269402
04760	9.082395	0.959989	2.671388
04761	10.246919	0.997817	4.298905
04762	11.514491	0.952223	5.866402
04763	12.826241	0.866404	7.273059
04764	14.082730	0.751041	8.267697
04765	15.335374	0.619924	8.846500
04766	16.587617	0.524292	9.059682
04767	17.853523	0.462839	8.973014
04768	19.093164	0.492049	8.610022
04769	20.258393	0.612205	8.067945
04770	21.404537	0.743491	7.524224
04771	22.597084	0.787649	7.081900
04772	23.893415	0.632790	6.866318
04773	25.253523	0.340003	6.901493
04774	26.641560	0.011233	7.147685
04775	28.018133	-0.305714	7.488618
04776	29.397295	-0.577733	7.818738
04777	30.779187	-0.792919	8.115924
04778	32.126418	-0.992419	8.386418
04779	33.397641	-1.168729	8.641489
04780	34.591733	-1.280856	8.880330
04781	35.723820	-1.342017	9.104134
04782	36.817388	-1.397626	9.344680
04783	37.867209	-1.481929	9.565775
04784	38.853191	-1.604755	9.737496
04785	39.762304	-1.755511	9.847391
04786	40.575264	-1.914141	9.884670
04787	41.307468	-2.105589	9.827295
04788	41.956127	-2.344617	9.701549
04789	42.486812	-2.648616	9.533379
04790	42.885450	-3.076489	9.515375
04791	43.050694	-3.573509	9.621210
04792	43.242549	-4.167541	9.722532
04793	43.486858	-4.772071	9.734594
04794	43.746133	-5.332419	9.637359
04795	43.980246	-5.855114	9.428646
04796	44.239271	-6.376776	9.161462
04797	44.527761	-6.886507	8.832787
04798	44.827003	-7.341742	8.470706
04799	45.155927	-7.793456	8.161081
04800	45.498921	-8.264310	7.914414
04801	45.861526	-8.754511	7.732821
04802	46.243172	-9.275716	7.606494
04803	46.641297	-9.853598	7.569145
04804	47.034741	-10.489047	7.609972
04805	47.346032	-11.174374	7.765269
04806	47.533939	-11.901523	7.990101
04807	47.624723	-12.654321	8.256908
04808	47.627059	-13.383538	8.513281
04809	47.532938	-14.056519	8.723172
04810	47.376159	-14.688920	8.867710
04811	47.173888	-15.238450	8.918211
04812	46.912930	-15.652186	8.842427
04813	46.579071	-15.915990	8.662153
04814	46.190316	-16.016465	8.403531
04815	45.795125	-15.968895	8.028949
04816	45.433050	-15.816231	7.484262
04817	45.116128	-15.618085	6.826988
04818	44.832618	-15.398036	6.126917
04819	44.531764	-15.134950	5.472896
04820	44.201276	-14.929939	4.932439
04821	43.852213	-14.833999	4.553588
04822	43.505073	-14.862971	4.328024
04823	43.175259	-15.021106	4.255827
04824	42.861232	-15.256827	4.307934
04825	42.566608	-15.520493	4.476688
04826	42.288434	-15.791321	4.741388
04827	42.011618	-16.032777	5.029861
04828	41.728900	-16.258229	5.294084
04829	41.448747	-16.476481	5.526494
04830	41.177836	-16.640283	5.727898
04831	40.922208	-16.725721	5.906919
04832	40.690583	-16.735239	6.059747
04833	40.486952	-16.679318	6.162084
04834	40.314544	-16.553882	6.200145
04835	40.165241	-16.373547	6.165911
04836	40.016761	-16.147109	6.045269
04837	39.841763	-15.849572	5.844362
04838	39.625845	-15.462172	5.553591
04839	39.381955	-15.031447	5.176626
04840	39.101743	-14.534844	4.769248
04841	38.802024	-13.963627	4.387837
04842	38.490255	-13.331380	4.078996
04843	38.153352	-12.665657	3.892998
04844	37.797213	-12.003019	3.848102
04845	37.440603	-11.354035	3.876960
04846	37.102733	-10.702377	3.878819
04847	36.762405	-9.941060	3.850199
04848	36.453499	-8.978241	3.771098
04849	36.288513	-7.978077	3.687554
04850	36.258919	-7.127095	3.683707
04851	36.268170	-6.537928	3.728876
04852	36.270966	-6.110860	3.871952
04853	36.228710	-5.778055	4.119200
04854	36.077998	-5.455102	4.341017
04855	35.823742	-5.021878	4.505833
04856	35.484503	-4.562686	4.578596
04857	35.003331	-4.016642	4.489870
04858	34.419689	-3.374855	4.295583
04859	33.803762	-2.714662	4.026980
04860	33.215824	-2.046660	3.751146
04861	32.696734	-1.426006	3.461493
04862	32.210162	-0.857217	3.196738
04863	31.766425	-0.349044	3.062526
04864	31.347368	0.025781	3.083494
04865	30.924046	0.319768	3.261651
04866	30.491089	0.568767	3.551137
04867	30.050687	0.777656	3.848946
04868	29.628669	0.965555	4.160845
04869	29.215303	1.145137	4.378977
04870	28.788309	1.375572	4.455051
04871	28.360120	1.675483	4.399318
04872	27.943586	2.019525	4.225037
04873	27.522891	2.380362	3.927576
04874	27.084139	2.779494	3.543614
04875	26.606792	3.182327	3.103622
04876	26.067543	3.583709	2.601728
04877	25.475950	3.950569	2.078770
04878	24.851518	4.287941	1.588484
04879	24.222266	4.557753	1.164169
04880	23.617384	4.778221	0.831265
04881	23.061078	4.943812	0.604981
04882	22.540674	5.051998	0.453254
04883	22.040789	5.127172	0.357255
04884	21.561627	5.181586	0.291132
04885	21.085308	5.230262	0.225761
04886	20.604841	5.300222	0.152059
04887	20.106429	5.368038	0.035689
04888	19.585708	5.455886	-0.124122
04889	19.048258	5.536726	-0.340446
04890	18.493190	5.638722	-0.585022
04891	17.920585	5.747430	-0.833060
04892	17.337889	5.835938	-1.069909
04893	16.756565	5.889653	-1.282331
04894	16.195067	5.935413	-1.480239
04895	15.644840	6.015457	-1.651315
04896	15.092027	6.078105	-1.806539
04897	14.528906	6.114061	-1.954518
04898	13.958270	6.130718	-2.127566
04899	13.399837	6.117928	-2.334088
04900	12.854026	6.100950	-2.544500
04901	12.324084	6.080397	-2.772783
04902	11.816186	6.051460	-2.998812
04903	11.324234	6.029543	-3.205053
04904	10.834216	5.989620	-3.390802
04905	10.344525	5.928673	-3.540016
04906	9.866854	5.873899	-3.617305
04907	9.409746	5.786445	-3.643764
04908	8.958346	5.671635	-3.665066
04909	8.498480	5.567396	-3.679869
04910	8.024813	5.460155	-3.701845
04911	7.544038	5.335600	-3.720251
04912	7.086957	5.232646	-3.713834
04913	6.668326	5.165291	-3.713378
04914	6.290529	5.121806	-3.757402
04915	5.975273	5.044235	-3.846433
04916	5.715386	4.935544	-3.948413
04917	5.481419	4.824820	-4.041873
04918	5.256265	4.707903	-4.105069
04919	5.047012	4.562718	-4.096456
04920	4.852698	4.414441	-3.990393
04921	4.640301	4.298496	-3.761945
04922	4.388586	4.196619	-3.434651
04923	4.060045	4.087548	-3.139356
04924	3.708112	3.952811	-2.934260
04925	3.439217	3.817931	-2.743660
04926	3.289782	3.695177	-2.478926
04927	3.241249	3.570144	-2.094781
04928	3.205450	3.386137	-1.673751
04929	3.084661	3.133239	-1.358446
04930	2.886033	2.843686	-1.159753
04931	2.663451	2.537208	-1.040451
04932	2.465393	2.231703	-0.972890
04933	2.292827	1.965880	-0.948060
04934	2.128065	1.746672	-0.973436
04935	1.955409	1.521315	-1.057590
04936	1.775635	1.271572	-1.200788
04937	1.581675	1.053437	-1.391426
04938	1.362179	0.900057	-1.600970
04939	1.131068	0.803750	-1.795213
04940	0.907718	0.770320	-1.933149
04941	0.723358	0.720180	-1.985714
04942	0.595131	0.571417	-1.933267
04943	0.508174	0.387239	-1.777700
04944	0.450870	0.249717	-1.523978
04945	0.431967	0.163243	-1.207921
04946	0.439441	0.108274	-0.881057
04947	0.469904	0.044454	-0.578807
04948	0.520915	-0.051768	-0.314530
04949	0.588369	-0.158636	-0.090382
04950	0.661675	-0.258111	0.105388
04951	0.732819	-0.320624	0.261095
04952	0.798167	-0.328528	0.361451
04953	0.860582	-0.297369	0.408153
04954	0.931422	-0.286381	0.431739
04955	1.000774	-0.311690	0.466294
04956	1.052918	-0.331684	0.522726
04957	1.102391	-0.332063	0.606276
04958	1.143909	-0.324131	0.693214
04959	1.182255	-0.316561	0.768999
04960	1.225766	-0.335571	0.819195
04961	1.283519	-0.385034	0.852788
04962	1.345551	-0.448127	0.872946
04963	1.395358	-0.501111	0.873157
04964	1.427299	-0.532297	0.854517
04965	1.452011	-0.547321	0.818993
04966	1.466418	-0.535986	0.769055
04967	1.479786	-0.514462	0.719412
04968	1.508335	-0.522585	0.690330
04969	1.541285	-0.537888	0.689365
04970	1.569953	-0.535948	0.710493
04971	1.593791	-0.521470	0.734559
04972	1.607622	-0.506094	0.746312
04973	1.617930	-0.507107	0.745469
04974	1.631562	-0.522928	0.739686
04975	1.643584	-0.534531	0.730548
04976	1.661069	-0.536824	0.713989
04977	1.686796	-0.532001	0.689504
04978	1.713547	-0.517913	0.658154
04979	1.742675	-0.520140	0.635060
04980	1.765589	-0.539190	0.637026
04981	1.775531	-0.544892	0.664644
04982	1.784292	-0.529202	0.710925
04983	1.799462	-0.509661	0.762176
04984	1.817388	-0.495470	0.804307
04985	1.824637	-0.479825	0.830648
04986	1.821147	-0.462100	0.844024
04987	1.809613	-0.449557	0.851592
04988	1.791665	-0.438437	0.858298
04989	1.775272	-0.423802	0.875231
04990	1.763520	-0.398144	0.914280
04991	1.765515	-0.367184	0.981124
04992	1.775408	-0.327302	1.077887
04993	1.783777	-0.273165	1.195371
04994	1.796259	-0.209440	1.331189
04995	1.814980	-0.154739	1.489127
04996	1.833150	-0.107737	1.667277
04997	1.845572	-0.067813	1.861818
04998	1.862999	-0.030918	2.070965
04999	1.882815	0.005130	2.287069
05000	1.905046	0.050283	2.506711
05001	1.930035	0.097530	2.715786
05002	1.955926	0.126360	2.898862
05003	1.982142	0.133755	3.051898
05004	2.006720	0.131092	3.183204
05005	2.030564	0.136288	3.296502
05006	2.050408	0.161032	3.387141
05007	2.071862	0.190879	3.453349
05008	2.093574	0.225815	3.496064
05009	2.117975	0.246701	3.525493
05010	2.144321	0.254381	3.554013
05011	2.177006	0.258414	3.590360
05012	2.213977	0.265382	3.633712
05013	2.247161	0.292683	3.672726
05014	2.275991	0.327122	3.699499
05015	2.305296	0.355816	3.718344
05016	2.343264	0.368211	3.745411
05017	2.389738	0.388181	3.794247
05018	2.440375	0.414446	3.865870
05019	2.491760	0.440080	3.945589
05020	2.533032	0.467289	4.019507
05021	2.566580	0.492593	4.070840
05022	2.593674	0.509611	4.103856
05023	2.617616	0.512708	4.127979
05024	2.645271	0.513214	4.148768
05025	2.665346	0.516029	4.163764
05026	2.681896	0.530822	4.172878
05027	2.697952	0.553234	4.181042
05028	2.712731	0.577601	4.189065
05029	2.729157	0.590121	4.194649
05030	2.749457	0.588683	4.202630
05031	2.771324	0.582934	4.217022
05032	2.787858	0.582989	4.228531
05033	2.800021	0.588982	4.224956
05034	2.815109	0.588185	4.204070
05035	2.835902	0.581468	4.174574
05036	2.857200	0.578344	4.142126
05037	2.875662	0.576580	4.114667
05038	2.904991	0.571203	4.100017
05039	2.936688	0.574073	4.091874
05040	2.970294	0.587858	4.087539
05041	2.997949	0.606849	4.071095
05042	3.019814	0.622147	4.034967
05043	3.035598	0.624129	3.979860
05044	3.051372	0.615458	3.919471
05045	3.074327	0.603014	3.865942
05046	3.091727	0.595542	3.809395
05047	3.105417	0.593034	3.737597
05048	3.116477	0.582244	3.649791
05049	3.124535	0.561706	3.547092
05050	3.133898	0.532070	3.439263
05051	3.149249	0.501358	3.331266
05052	3.175183	0.478242	3.222713
05053	3.210053	0.448953	3.102345
05054	3.241890	0.417916	2.966197
05055	3.270524	0.384880	2.822251
05056	3.299995	0.360065	2.685597
05057	3.342831	0.343448	2.572280
05058	3.399947	0.338968	2.482404
05059	3.464449	0.342141	2.405056
05060	3.527276	0.347960	2.331460
05061	3.588289	0.336827	2.262577
05062	3.641385	0.304937	2.189470
05063	3.686920	0.260235	2.118594
05064	3.726135	0.210746	2.053588
05065	3.769433	0.168700	2.010886
05066	3.825254	0.135779	1.996974
05067	3.890174	0.088247	2.006731
05068	3.956400	0.036648	2.025369
05069	4.018149	-0.011004	2.053444
05070	4.088291	-0.054421	2.091932
05071	4.165562	-0.099310	2.132850
05072	4.249395	-0.142182	2.172626
05073	4.336111	-0.187234	2.202897
05074	4.432920	-0.230867	2.240012
05075	4.545711	-0.258292	2.302569
05076	4.676085	-0.277181	2.393288
05077	4.818947	-0.297196	2.507006
05078	4.971456	-0.337970	2.629441
05079	5.140063	-0.397998	2.774098
05080	5.333981	-0.471195	2.942156
05081	5.551818	-0.537858	3.126765
05082	5.795126	-0.600904	3.309307
05083	6.060329	-0.660588	3.480582
05084	6.344483	-0.715714	3.661284
05085	6.646610	-0.756453	3.876604
05086	6.961823	-0.786015	4.130500
05087	7.300318	-0.827297	4.408042
05088	7.687224	-0.878974	4.709567
05089	8.135391	-0.897811	5.010433
05090	8.643257	-0.845280	5.270290
05091	9.203593	-0.747723	5.454773
05092	9.826758	-0.633480	5.600358
05093	10.539802	-0.525199	5.733520
05094	11.335260	-0.421142	5.814592
05095	12.213590	-0.324304	5.834485
05096	13.163151	-0.235435	5.752287
05097	14.119891	-0.103209	5.461917
05098	15.040934	0.068589	4.997108
05099	15.925380	0.239944	4.501800
05100	16.779106	0.366490	4.076427
05101	17.653666	0.413361	3.765969
05102	18.607647	0.389546	3.560771
05103	19.651121	0.372992	3.398371
05104	20.785721	0.330610	3.284053
05105	22.015938	0.238168	3.253215
05106	23.305946	0.148156	3.317025
05107	24.629457	0.042755	3.495947
05108	25.942305	-0.074336	3.736043
05109	27.231154	-0.191432	4.024376
05110	28.476112	-0.284622	4.372431
05111	29.672887	-0.333197	4.725362
05112	30.825886	-0.341623	5.096847
05113	31.964234	-0.348493	5.479871
05114	33.060720	-0.380663	5.796583
05115	34.075184	-0.463755	6.018570
05116	34.989335	-0.613749	6.159682
05117	35.802407	-0.812535	6.240136
05118	36.531939	-1.066744	6.279901
05119	37.180493	-1.421798	6.293972
05120	37.739028	-1.910468	6.359560
05121	38.064209	-2.437066	6.547230
05122	38.322821	-3.005931	6.718657
05123	38.562092	-3.557430	6.888578
05124	38.793916	-4.097253	7.036056
05125	39.034115	-4.645853	7.143562
05126	39.333011	-5.229412	7.246219
05127	39.717209	-5.796248	7.308090
05128	40.154601	-6.315748	7.317150
05129	40.623338	-6.791451	7.325536
05130	41.083192	-7.234343	7.351417
05131	41.545404	-7.706722	7.428226
05132	42.021064	-8.210997	7.552004
05133	42.507969	-8.721511	7.656703
05134	42.994481	-9.208015	7.741816
05135	43.474284	-9.644334	7.805348
05136	43.950469	-10.047600	7.856654
05137	44.419404	-10.441748	7.909976
05138	44.865386	-10.826624	7.943640
05139	45.253996	-11.236119	8.005847
05140	45.556255	-11.724054	8.169861
05141	45.792444	-12.254570	8.406481
05142	45.983626	-12.752209	8.654375
05143	46.130129	-13.166914	8.852088
05144	46.209442	-13.463304	8.940171
05145	46.230259	-13.700688	8.930556
05146	46.200784	-13.884618	8.836450
05147	46.129911	-13.983617	8.651400
05148	46.051798	-14.033772	8.419139
05149	46.001279	-14.065423	8.157287
05150	45.970760	-14.101225	7.876267
05151	45.925892	-14.162000	7.597894
05152	45.847223	-14.247747	7.342794
05153	45.738692	-14.369235	7.129906
05154	45.613187	-14.518777	6.971490
05155	45.490390	-14.688660	6.883626
05156	45.382693	-14.882192	6.861113
05157	45.293942	-15.106202	6.881859
05158	45.220342	-15.357365	6.931208
05159	45.155502	-15.621649	6.988039
05160	45.092656	-15.881200	7.045671
05161	45.017021	-16.119303	7.094099
05162	44.923622	-16.302837	7.118656
05163	44.807128	-16.440118	7.113032
05164	44.667961	-16.547495	7.089990
05165	44.503828	-16.627924	7.064977
05166	44.305060	-16.664449	7.064782
05167	44.082806	-16.634338	7.087309
05168	43.863121	-16.543386	7.107391
05169	43.657954	-16.400267	7.080999
05170	43.463363	-16.227639	7.001495
05171	43.273118	-16.047533	6.899732
05172	43.081679	-15.875866	6.789435
05173	42.866849	-15.675398	6.676411
05174	42.657433	-15.502278	6.520304
05175	42.502642	-15.420234	6.298456
05176	42.379797	-15.256966	6.083530
05177	42.308360	-15.068014	5.884050
05178	42.243093	-14.974708	5.761585
05179	42.117227	-14.962735	5.760056
05180	41.918464	-14.974603	5.865622
05181	41.642741	-14.924493	6.071894
05182	41.327166	-14.740608	6.364453
05183	41.014718	-14.448150	6.729722
05184	40.707320	-14.121702	7.177340
05185	40.394133	-13.733998	7.705389
05186	40.101765	-13.207131	8.212776
05187	39.835902	-12.532797	8.525783
05188	39.539502	-11.688414	8.588587
05189	39.194442	-10.710480	8.474931
05190	38.829984	-9.669236	8.224935
05191	38.444101	-8.608165	7.848202
05192	38.004554	-7.497266	7.375309
05193	37.556680	-6.310152	6.856832
05194	37.188224	-5.162009	6.412818
05195	36.906404	-4.222457	6.154765
05196	36.657854	-3.505633	6.089053
05197	36.455992	-2.914309	6.196912
05198	36.282138	-2.424665	6.468054
05199	36.118799	-2.057542	6.840128
05200	35.931899	-1.790297	7.232316
05201	35.686148	-1.548126	7.569051
05202	35.353129	-1.253752	7.855645
05203	34.948257	-0.986908	8.087840
05204	34.472634	-0.654607	8.228441
05205	34.013081	-0.271982	8.347737
05206	33.637349	0.089756	8.430597
05207	33.329363	0.431304	8.495073
05208	33.062104	0.675427	8.584354
05209	32.797473	0.895045	8.721589
05210	32.527544	1.101064	8.916066
05211	32.225860	1.295357	9.136902
05212	31.872711	1.494996	9.307552
05213	31.437013	1.759379	9.312795
05214	30.971118	2.097519	9.213112
05215	30.526496	2.486432	9.055714
05216	30.138193	2.899761	8.841000
05217	29.811435	3.322773	8.579051
05218	29.526662	3.741109	8.263186
05219	29.232420	4.171125	7.908344
05220	28.909487	4.583705	7.534272
05221	28.532388	4.976083	7.156438
05222	28.128705	5.326469	6.794273
05223	27.722788	5.642784	6.451880
05224	27.292505	5.923140	6.130114
05225	26.846723	6.130410	5.881193
05226	26.374888	6.305628	5.670313
05227	25.900686	6.474169	5.501178
05228	25.499612	6.625889	5.473155
05229	25.177916	6.726766	5.604385
05230	24.920855	6.804823	5.855590
05231	24.633592	6.844533	6.060475
05232	24.256105	6.919930	6.136960
05233	23.798532	7.019651	6.074011
05234	23.278125	7.202522	5.920603
05235	22.755015	7.419043	5.724456
05236	22.239379	7.644577	5.494298
05237	21.743111	7.871079	5.285579
05238	21.284539	8.081041	5.139125
05239	20.863113	8.217490	5.037560
05240	20.445836	8.281297	4.945473
05241	19.997449	8.321953	4.834213
05242	19.492512	8.331941	4.664687
05243	18.927868	8.326049	4.452973
05244	18.300671	8.298527	4.157528
05245	17.635839	8.306602	3.804617
05246	16.993883	8.325227	3.433315
05247	16.383301	8.343791	3.056196
05248	15.807633	8.385858	2.697556
05249	15.259461	8.413145	2.332668
05250	14.722717	8.403506	1.940782
05251	14.195520	8.362214	1.520944
05252	13.675067	8.304080	1.091157
05253	13.168460	8.272396	0.685012
05254	12.672635	8.250149	0.313889
05255	12.167706	8.214171	-0.071295
05256	11.669090	8.184109	-0.468115
05257	11.178789	8.172233	-0.849637
05258	10.706732	8.172896	-1.202500
05259	10.232516	8.134146	-1.539744
05260	9.733357	8.011807	-1.925181
05261	9.218431	7.857026	-2.348241
05262	8.707666	7.708807	-2.767074
05263	8.193006	7.547112	-3.197796
05264	7.695059	7.368813	-3.643602
05265	7.225375	7.190379	-4.079077
05266	6.778816	7.045777	-4.493876
05267	6.345869	6.918979	-4.905084
05268	5.914497	6.784548	-5.332113
05269	5.473145	6.648577	-5.764571
05270	5.023561	6.510783	-6.189986
05271	4.583666	6.366855	-6.603394
05272	4.179801	6.205254	-7.005179
05273	3.816840	6.039080	-7.380748
05274	3.491487	5.874474	-7.703822
05275	3.179374	5.721661	-7.966389
05276	2.854193	5.584188	-8.181650
05277	2.507941	5.421994	-8.386148
05278	2.194155	5.249424	-8.511142
05279	1.918694	5.111124	-8.560763
05280	1.667413	4.984838	-8.560080
05281	1.426922	4.830485	-8.538770
05282	1.186819	4.628459	-8.543273
05283	0.965429	4.420818	-8.549374
05284	0.761968	4.260837	-8.511874
05285	0.559608	4.136445	-8.410215
05286	0.364537	4.019884	-8.224648
05287	0.195647	3.908230	-7.927595
05288	0.088427	3.798732	-7.505638
05289	0.023912	3.669317	-7.028452
05290	-0.026657	3.515653	-6.557911
05291	-0.073751	3.358119	-6.132227
05292	-0.122043	3.184985	-5.802351
05293	-0.210753	2.992230	-5.621401
05294	-0.360829	2.775769	-5.607881
05295	-0.543489	2.541751	-5.732907
05296	-0.714257	2.320864	-5.926414
05297	-0.869907	2.129062	-6.154066
05298	-1.024911	1.962729	-6.395359
05299	-1.188260	1.803585	-6.625244
05300	-1.355798	1.662543	-6.810002
05301	-1.506331	1.548491	-6.921828
05302	-1.621237	1.460483	-6.938306
05303	-1.692712	1.382512	-6.874246
05304	-1.732045	1.315173	-6.729565
05305	-1.754403	1.248538	-6.523949
05306	-1.766663	1.171019	-6.277780
05307	-1.784898	1.090493	-6.020424
05308	-1.805291	0.999846	-5.769713
05309	-1.826662	0.889979	-5.533514
05310	-1.847109	0.784821	-5.307374
05311	-1.848265	0.681009	-5.072222
05312	-1.849192	0.589588	-4.840621
05313	-1.858948	0.529834	-4.600676
05314	-1.865605	0.468997	-4.337467
05315	-1.874033	0.400004	-4.059482
05316	-1.878481	0.341466	-3.776468
05317	-1.867926	0.302837	-3.504804
05318	-1.841690	0.273631	-3.248619
05319	-1.810705	0.229755	-3.030582
05320	-1.781227	0.166813	-2.843914
05321	-1.760175	0.108711	-2.681852
05322	-1.733819	0.064399	-2.517548
05323	-1.693308	0.050344	-2.325913
05324	-1.636487	0.080350	-2.099996
05325	-1.579815	0.129660	-1.862527
05326	-1.534007	0.160978	-1.627757
05327	-1.508353	0.174005	-1.411236
05328	-1.487553	0.177453	-1.222688
05329	-1.455444	0.184552	-1.052584
05330	-1.411507	0.206439	-0.890230
05331	-1.361028	0.249053	-0.730268
05332	-1.313166	0.283995	-0.576873
05333	-1.278029	0.303001	-0.441855
05334	-1.250868	0.309752	-0.340562
05335	-1.222021	0.308026	-0.280557
05336	-1.186628	0.300632	-0.262208
05337	-1.143250	0.282609	-0.268538
05338	-1.102570	0.258986	-0.284143
05339	-1.067093	0.243025	-0.298470
05340	-1.034214	0.240286	-0.305489
05341	-1.002399	0.244464	-0.312871
05342	-0.972731	0.254501	-0.327130
05343	-0.935296	0.258668	-0.353217
05344	-0.898138	0.252456	-0.391424
05345	-0.864044	0.233397	-0.438952
05346	-0.829986	0.205904	-0.486133
05347	-0.799762	0.182428	-0.536533
05348	-0.775360	0.166757	-0.597642
05349	-0.760659	0.152561	-0.675542
05350	-0.745585	0.131110	-0.772686
05351	-0.730537	0.093482	-0.879110
05352	-0.718391	0.043871	-0.989859
05353	-0.713817	-0.002883	-1.103378
05354	-0.713678	-0.048146	-1.216352
05355	-0.714462	-0.087748	-1.326127
05356	-0.711076	-0.124504	-1.426165
05357	-0.702001	-0.159083	-1.516035
05358	-0.689580	-0.197559	-1.586668
05359	-0.675085	-0.233082	-1.634319
05360	-0.663386	-0.271390	-1.662628
05361	-0.649302	-0.306515	-1.672663
05362	-0.637182	-0.331908	-1.665593
05363	-0.628342	-0.348900	-1.648986
05364	-0.629882	-0.357226	-1.630071
05365	-0.641548	-0.362272	-1.613406
05366	-0.662103	-0.366615	-1.600419
05367	-0.687670	-0.371019	-1.594646
05368	-0.705437	-0.371572	-1.592827
05369	-0.720963	-0.371767	-1.598347
05370	-0.735213	-0.373003	-1.610276
05371	-0.746685	-0.375762	-1.629881
05372	-0.751288	-0.386194	-1.652936
05373	-0.748668	-0.405879	-1.674127
05374	-0.738171	-0.418809	-1.702646
05375	-0.726840	-0.422985	-1.739074
05376	-0.713882	-0.420127	-1.782756
05377	-0.701257	-0.420337	-1.828222
05378	-0.693233	-0.426964	-1.877069
05379	-0.691132	-0.440767	-1.931111
05380	-0.686945	-0.465506	-1.979867
05381	-0.679828	-0.496217	-2.008794
05382	-0.674156	-0.520136	-2.019270
05383	-0.668215	-0.534389	-2.008377
05384	-0.664121	-0.546949	-1.982462
05385	-0.662349	-0.564483	-1.950741
05386	-0.658559	-0.586621	-1.914800
05387	-0.649285	-0.608818	-1.874555
05388	-0.635424	-0.629733	-1.831591
05389	-0.616517	-0.652825	-1.792033
05390	-0.593839	-0.675965	-1.754493
05391	-0.571969	-0.709608	-1.727119
05392	-0.549547	-0.749602	-1.718969
05393	-0.526330	-0.789005	-1.730083
05394	-0.491134	-0.837884	-1.758896
05395	-0.445319	-0.900812	-1.802991
05396	-0.383504	-0.981531	-1.858138
05397	-0.304049	-1.074060	-1.926609
05398	-0.204573	-1.177389	-2.012491
05399	-0.095105	-1.280230	-2.110729
05400	0.022011	-1.375378	-2.212605
05401	0.141702	-1.454948	-2.304834
05402	0.264472	-1.510769	-2.377184
05403	0.398068	-1.557525	-2.422375
05404	0.550498	-1.609149	-2.442032
05405	0.722243	-1.646159	-2.446282
05406	0.912569	-1.667090	-2.431348
05407	1.115303	-1.667579	-2.392230
05408	1.329214	-1.653835	-2.310308
05409	1.553936	-1.625577	-2.166916
05410	1.790581	-1.586980	-1.955686
05411	2.041598	-1.545528	-1.678115
05412	2.301116	-1.494022	-1.332514
05413	2.569783	-1.433882	-0.922756
05414	2.850643	-1.373769	-0.468971
05415	3.156800	-1.332717	0.005858
05416	3.479461	-1.329687	0.463957
05417	3.802259	-1.337781	0.892966
05418	4.110883	-1.323244	1.298096
05419	4.404262	-1.273816	1.669209
05420	4.687800	-1.220702	1.998030
05421	4.957924	-1.168550	2.276140
05422	5.208974	-1.118646	2.485788
05423	5.440830	-1.079100	2.618067
05424	5.651447	-1.064716	2.680912
05425	5.843371	-1.051358	2.692438
05426	6.016890	-1.044785	2.677668
05427	6.170029	-1.048507	2.648096
05428	6.303616	-1.034044	2.606958
05429	6.415498	-1.000556	2.552295
05430	6.510387	-0.963018	2.492482
05431	6.599126	-0.936016	2.437771
05432	6.685452	-0.922266	2.416627
05433	6.779105	-0.904175	2.445053
05434	6.888598	-0.889972	2.527688
05435	7.017771	-0.889473	2.656575
05436	7.163266	-0.912400	2.818314
05437	7.323027	-0.942440	3.003533
05438	7.494113	-0.971720	3.210121
05439	7.673102	-0.990573	3.446920
05440	7.856480	-0.989990	3.698736
05441	8.046968	-0.966096	3.940531
05442	8.265748	-0.925444	4.169739
05443	8.523083	-0.862191	4.373475
05444	8.815853	-0.775759	4.527733
05445	9.144040	-0.670382	4.626538
05446	9.498499	-0.552469	4.662182
05447	9.873494	-0.426275	4.640024
05448	10.256554	-0.322210	4.565130
05449	10.643769	-0.242617	4.450533
05450	11.048559	-0.173298	4.314751
05451	11.483365	-0.094708	4.169113
05452	11.948182	-0.000802	4.022348
05453	12.440066	0.080630	3.881498
05454	12.971246	0.118669	3.788682
05455	13.554249	0.126023	3.787326
05456	14.184138	0.111611	3.880396
05457	14.846351	0.097408	4.029260
05458	15.544767	0.061150	4.231148
05459	16.250649	-0.011717	4.461280
05460	16.956933	-0.133543	4.667037
05461	17.676766	-0.296799	4.866929
05462	18.399704	-0.460013	5.026331
05463	19.111800	-0.600903	5.082921
05464	19.820579	-0.700681	5.035626
05465	20.530232	-0.753891	4.935661
05466	21.247534	-0.766679	4.825758
05467	21.989161	-0.739105	4.739961
05468	22.747136	-0.685875	4.672227
05469	23.516836	-0.611312	4.608300
05470	24.275095	-0.525645	4.559284
05471	25.005055	-0.437441	4.518475
05472	25.704023	-0.352671	4.509657
05473	26.379564	-0.259896	4.509567
05474	27.033266	-0.160834	4.509872
05475	27.671646	-0.081164	4.496644
05476	28.285530	-0.029332	4.458693
05477	28.877282	-0.007278	4.405859
05478	29.455286	-0.016017	4.339445
05479	30.006165	-0.038814	4.259823
05480	30.524204	-0.073478	4.176890
05481	30.996995	-0.108981	4.083669
05482	31.427546	-0.142485	3.972461
05483	31.841251	-0.217396	3.890138
05484	32.204490	-0.343152	3.833086
05485	32.544977	-0.547269	3.806156
05486	32.841712	-0.828184	3.899155
05487	32.990994	-1.117692	4.068800
05488	33.105849	-1.476703	4.311062
05489	33.177247	-1.886462	4.523870
05490	33.262207	-2.362779	4.735635
05491	33.391287	-2.920367	4.957349
05492	33.559546	-3.550019	5.178274
05493	33.769635	-4.224007	5.394584
05494	34.023915	-4.897947	5.585746
05495	34.318034	-5.570127	5.747430
05496	34.636837	-6.279054	5.880828
05497	34.959519	-6.995748	5.989545
05498	35.273370	-7.703037	6.068223
05499	35.575978	-8.366974	6.123757
05500	35.898572	-9.027618	6.133959
05501	36.245791	-9.710639	6.125868
05502	36.612838	-10.394943	6.112461
05503	36.971108	-11.041426	6.087283
05504	37.298392	-11.604758	6.047125
05505	37.606672	-12.096026	5.975009
05506	37.932824	-12.584575	5.888780
05507	38.293557	-13.100336	5.804526
05508	38.684859	-13.617312	5.740254
05509	39.093715	-14.080337	5.670740
05510	39.531871	-14.491351	5.566115
05511	39.990856	-14.865283	5.413639
05512	40.443848	-15.196330	5.195315
05513	40.892746	-15.518398	4.931629
05514	41.349305	-15.834965	4.658526
05515	41.824764	-16.130321	4.364846
05516	42.305655	-16.397598	4.070080
05517	42.764229	-16.661113	3.799590
05518	43.183741	-16.931819	3.561143
05519	43.505941	-17.197384	3.351720
05520	43.740125	-17.454289	3.136384
05521	43.888519	-17.678489	2.912900
05522	43.981866	-17.867431	2.675669
05523	44.058191	-18.048756	2.413030
05524	44.144560	-18.234430	2.119542
05525	44.238668	-18.411815	1.802655
05526	44.332661	-18.548792	1.473197
05527	44.416853	-18.641642	1.142016
05528	44.486282	-18.672470	0.795734
05529	44.521683	-18.676171	0.440180
05530	44.508428	-18.674198	0.108516
05531	44.447008	-18.704740	-0.173517
05532	44.337480	-18.727971	-0.422911
05533	44.190462	-18.708248	-0.668808
05534	44.037662	-18.641250	-0.911720
05535	43.879405	-18.507515	-1.161220
05536	43.716629	-18.334248	-1.373954
05537	43.555868	-18.169373	-1.538650
05538	43.386476	-17.979410	-1.674757
05539	43.219978	-17.787015	-1.810011
05540	43.050268	-17.577018	-1.983229
05541	42.853999	-17.308010	-2.224168
05542	42.651105	-17.042222	-2.476778
05543	42.448307	-16.827962	-2.689394
05544	42.234975	-16.666390	-2.856234
05545	41.990503	-16.535749	-2.954645
05546	41.718424	-16.433690	-2.984005
05547	41.435743	-16.361327	-2.946238
05548	41.160490	-16.314695	-2.849999
05549	40.896985	-16.268937	-2.716139
05550	40.628604	-16.198082	-2.532213
05551	40.346921	-16.111098	-2.307840
05552	40.111713	-16.115930	-2.128687
05553	39.900506	-16.086254	-1.999133
05554	39.687622	-15.844617	-1.897156
05555	39.493112	-15.515647	-1.754626
05556	39.321255	-15.228806	-1.469349
05557	39.190575	-15.000624	-1.047785
05558	39.129313	-14.848880	-0.615727
05559	39.101452	-14.677589	-0.197639
05560	39.083076	-14.384008	0.145662
05561	39.063034	-13.985216	0.359852
05562	39.018473	-13.532009	0.484001
05563	38.896619	-12.982382	0.573592
05564	38.706284	-12.314598	0.662701
05565	38.488059	-11.545542	0.784868
05566	38.274588	-10.793966	0.887920
05567	38.027459	-10.169957	0.942588
05568	37.699307	-9.528970	0.895598
05569	37.354879	-8.870977	0.757078
05570	37.048160	-8.194601	0.603121
05571	36.794748	-7.527575	0.483407
05572	36.581997	-6.887384	0.394425
05573	36.398750	-6.318840	0.334974
05574	36.226073	-5.812807	0.299788
05575	36.040205	-5.367245	0.319183
05576	35.872176	-5.010408	0.491678
05577	35.752373	-4.795369	0.772663
05578	35.634285	-4.628416	1.048061
05579	35.474391	-4.471053	1.302230
05580	35.286418	-4.315179	1.581720
05581	35.123544	-4.202656	1.926272
05582	34.990391	-4.119395	2.274345
05583	34.862763	-4.054359	2.620691
05584	34.728736	-3.988676	2.921565
05585	34.554900	-3.845841	3.148309
05586	34.362718	-3.616234	3.290937
05587	34.160304	-3.294644	3.349999
05588	33.962905	-2.943502	3.386411
05589	33.748583	-2.595837	3.350183
05590	33.480815	-2.191716	3.244927
05591	33.189688	-1.747951	3.110678
05592	32.889429	-1.291183	2.990839
05593	32.597262	-0.863895	2.948485
05594	32.339306	-0.523747	2.980800
05595	32.100911	-0.231146	3.056572
05596	31.859139	0.006750	3.148420
05597	31.576520	0.211340	3.257065
05598	31.249445	0.427313	3.343653
05599	30.885377	0.666787	3.418524
05600	30.481300	0.921363	3.443561
05601	30.010907	1.236048	3.384112
05602	29.542099	1.563528	3.267786
05603	29.082748	1.903075	3.113317
05604	28.590552	2.227578	2.953565
05605	28.081398	2.552792	2.848497
05606	27.544724	2.883796	2.774565
05607	26.980304	3.267873	2.727962
05608	26.442991	3.660384	2.747403
05609	25.964337	3.971989	2.806056
05610	25.560885	4.219516	2.898226
05611	25.224959	4.423319	3.062382
05612	24.946868	4.601451	3.331573
05613	24.692044	4.673921	3.718215
05614	24.413607	4.674261	4.168227
05615	23.996806	4.609746	4.558011
05616	23.396386	4.571841	4.757759
05617	22.616857	4.650841	4.543087
05618	21.658829	4.952775	3.728034
05619	20.629026	5.490741	2.500821
05620	19.631977	6.122775	0.894737
05621	18.821080	6.432901	-0.549860
05622	18.134540	6.480962	-1.772973
05623	17.526878	6.363160	-2.723083
05624	16.907812	6.125572	-3.425311
05625	16.239520	5.785755	-4.116441
05626	15.548684	5.444209	-4.898350
05627	14.897597	5.137089	-5.511830
05628	14.313796	4.850981	-5.795039
05629	13.743251	4.607912	-5.711898
05630	13.129041	4.421786	-5.474625
05631	12.538908	4.282367	-5.262269
05632	12.027198	4.249191	-5.044735
05633	11.623648	4.350320	-4.731450
05634	11.302032	4.629259	-4.280357
05635	11.090821	5.071429	-3.632334
05636	10.980994	5.488533	-2.857368
05637	10.920956	5.699168	-2.034022
05638	10.794293	5.762226	-1.399346
05639	10.555568	5.775828	-1.084163
05640	10.297841	5.744640	-1.023229
05641	10.119998	5.715745	-1.180842
05642	10.066880	5.761732	-1.448090
05643	10.105295	5.836129	-1.686096
05644	10.166189	5.850982	-1.885853
05645	10.206550	5.796067	-2.025045
05646	10.226195	5.683031	-2.037926
05647	10.209020	5.622141	-1.873003
05648	10.122668	5.605228	-1.581660
05649	9.943118	5.576886	-1.220472
05650	9.699656	5.502388	-0.796910
05651	9.439525	5.368485	-0.307492
05652	9.186693	5.205029	0.225714
05653	8.942712	5.029957	0.765451
05654	8.708279	4.842800	1.308894
05655	8.474375	4.668299	1.859993
05656	8.237781	4.526554	2.414557
05657	7.986578	4.373837	2.920538
05658	7.723575	4.216689	3.347338
05659	7.441084	4.088788	3.669270
05660	7.150570	4.009436	3.906534
05661	6.867902	3.935799	4.082717
05662	6.586444	3.850631	4.193764
05663	6.306691	3.786599	4.263612
05664	6.020608	3.792094	4.313268
05665	5.713064	3.850856	4.348628
05666	5.373665	3.905824	4.342411
05667	5.027127	3.959853	4.295242
05668	4.707420	3.988622	4.216039
05669	4.455265	4.016492	4.152132
05670	4.273553	4.056986	4.126641
05671	4.123933	4.095466	4.116018
05672	3.989153	4.131134	4.115368
05673	3.866275	4.150625	4.128890
05674	3.753625	4.143355	4.165339
05675	3.667540	4.106055	4.257247
05676	3.627922	4.062350	4.419021
05677	3.642610	4.034136	4.645690
05678	3.710611	4.027907	4.882295
05679	3.833960	4.007002	5.100521
05680	3.984779	3.939536	5.265272
05681	4.098786	3.850325	5.338203
05682	4.131845	3.759712	5.299179
05683	4.095054	3.655722	5.154494
05684	3.995100	3.537659	4.897800
05685	3.861490	3.410200	4.572248
05686	3.706713	3.297005	4.188622
05687	3.546665	3.218040	3.791094
05688	3.408950	3.180166	3.432786
05689	3.296407	3.183567	3.146660
05690	3.220133	3.182724	2.968285
05691	3.157507	3.180847	2.852388
05692	3.104525	3.185296	2.794196
05693	3.044640	3.186630	2.786966
05694	2.981920	3.153608	2.808667
05695	2.905024	3.087932	2.818473
05696	2.806719	3.010510	2.782076
05697	2.684013	2.951209	2.683442
05698	2.550858	2.880357	2.526922
05699	2.405437	2.791800	2.325092
05700	2.250158	2.691137	2.077314
05701	2.086318	2.582155	1.787961
05702	1.924729	2.462913	1.450011
05703	1.759074	2.332632	1.066083
05704	1.588359	2.192960	0.650652
05705	1.403114	2.037765	0.231662
05706	1.208590	1.863383	-0.170743
05707	1.010734	1.673534	-0.532271
05708	0.830322	1.482502	-0.843942
05709	0.661952	1.304429	-1.109960
05710	0.501746	1.131982	-1.337556
05711	0.348272	0.959944	-1.536406
05712	0.196712	0.802789	-1.715605
05713	0.047333	0.666761	-1.875653
05714	-0.098510	0.545761	-2.021365
05715	-0.246720	0.444409	-2.162814
05716	-0.390792	0.348241	-2.291749
05717	-0.523373	0.250996	-2.403097
05718	-0.645347	0.170251	-2.500609
05719	-0.763918	0.101942	-2.606586
05720	-0.883120	0.037482	-2.728935
05721	-1.000149	-0.035099	-2.869989
05722	-1.102225	-0.104801	-3.018927
05723	-1.186122	-0.161229	-3.163792
05724	-1.246884	-0.201854	-3.305096
05725	-1.288931	-0.230915	-3.455012
05726	-1.315310	-0.261042	-3.608157
05727	-1.322235	-0.294446	-3.749576
05728	-1.311951	-0.322726	-3.859082
05729	-1.289750	-0.336905	-3.928864
05730	-1.259910	-0.339116	-3.964235
05731	-1.223410	-0.332100	-3.978347
05732	-1.180675	-0.325293	-3.984779
05733	-1.134989	-0.321997	-3.982232
05734	-1.087025	-0.308372	-3.960514
05735	-1.035820	-0.285383	-3.923372
05736	-0.986451	-0.262189	-3.878018
05737	-0.940796	-0.245365	-3.841617
05738	-0.900458	-0.236867	-3.829493
05739	-0.863103	-0.234259	-3.833924
05740	-0.821262	-0.228278	-3.839286
05741	-0.775399	-0.216867	-3.838314
05742	-0.723007	-0.203652	-3.822896
05743	-0.676297	-0.186164	-3.798641
05744	-0.628641	-0.171964	-3.773762
05745	-0.586530	-0.157429	-3.747197
05746	-0.549188	-0.148342	-3.713701
05747	-0.517268	-0.143882	-3.672679
05748	-0.486817	-0.144395	-3.627128
05749	-0.455010	-0.143811	-3.582860
05750	-0.421133	-0.147811	-3.546844
05751	-0.387107	-0.159954	-3.528295
05752	-0.355004	-0.182389	-3.526611
05753	-0.324626	-0.206730	-3.537416
05754	-0.297479	-0.214188	-3.554315
05755	-0.266992	-0.207975	-3.566317
05756	-0.237095	-0.199619	-3.563514
05757	-0.212670	-0.187658	-3.555753
05758	-0.199007	-0.176597	-3.549720
05759	-0.195601	-0.171415	-3.554356
05760	-0.193100	-0.170464	-3.563859
05761	-0.183590	-0.173161	-3.573544
05762	-0.167526	-0.182248	-3.578424
05763	-0.152030	-0.193265	-3.587564
05764	-0.140503	-0.201313	-3.605608
05765	-0.133620	-0.207807	-3.628569
05766	-0.133636	-0.207763	-3.653747
05767	-0.136940	-0.206838	-3.668194
05768	-0.140534	-0.197601	-3.666941
05769	-0.141567	-0.180644	-3.653091
05770	-0.141572	-0.167858	-3.637832
05771	-0.146142	-0.164730	-3.632944
05772	-0.150733	-0.170714	-3.640359
05773	-0.156858	-0.179851	-3.656769
05774	-0.167776	-0.191322	-3.670473
05775	-0.174834	-0.203744	-3.677795
05776	-0.181889	-0.210362	-3.682985
05777	-0.186150	-0.207818	-3.693274
05778	-0.189741	-0.209158	-3.704868
05779	-0.193951	-0.212969	-3.714226
05780	-0.199438	-0.213003	-3.715891
05781	-0.205351	-0.209881	-3.707942
05782	-0.211249	-0.204893	-3.693746
05783	-0.218311	-0.207281	-3.681709
05784	-0.228713	-0.219274	-3.679580
05785	-0.240022	-0.233951	-3.682720
05786	-0.251608	-0.247936	-3.686312
05787	-0.264055	-0.267575	-3.691851
05788	-0.274129	-0.288009	-3.696649
05789	-0.283929	-0.301827	-3.702719
05790	-0.292868	-0.309438	-3.713340
05791	-0.303297	-0.311525	-3.729780
05792	-0.314307	-0.318562	-3.742765
05793	-0.327357	-0.330419	-3.754532
05794	-0.339386	-0.342525	-3.769013
05795	-0.350365	-0.355382	-3.784094
05796	-0.358213	-0.367687	-3.794636
05797	-0.361481	-0.375174	-3.794302
05798	-0.365791	-0.374301	-3.777215
05799	-0.374798	-0.374874	-3.750398
05800	-0.383066	-0.372224	-3.713540
05801	-0.392387	-0.368268	-3.675651
05802	-0.401508	-0.365460	-3.638608
05803	-0.413292	-0.358180	-3.602600
05804	-0.425645	-0.349037	-3.569688
05805	-0.438890	-0.341650	-3.531514
05806	-0.445169	-0.342408	-3.489841
05807	-0.453034	-0.343390	-3.449135
05808	-0.453428	-0.344100	-3.410373
05809	-0.452007	-0.342655	-3.376593
05810	-0.446107	-0.338739	-3.342965
05811	-0.441983	-0.327662	-3.301636
05812	-0.441378	-0.305312	-3.251144
05813	-0.442669	-0.279092	-3.196235
05814	-0.442195	-0.260985	-3.148206
05815	-0.445489	-0.251642	-3.112388
05816	-0.449299	-0.247702	-3.089247
05817	-0.455066	-0.242770	-3.070620
05818	-0.463995	-0.237397	-3.052954
05819	-0.474309	-0.229086	-3.032064
05820	-0.483112	-0.217982	-3.007909
05821	-0.490341	-0.207127	-2.981526
05822	-0.495913	-0.198963	-2.950835
05823	-0.497990	-0.191967	-2.922154
05824	-0.501484	-0.183855	-2.895604
05825	-0.505682	-0.174256	-2.871816
05826	-0.508821	-0.162928	-2.852390
05827	-0.508763	-0.148672	-2.829595
05828	-0.504272	-0.134789	-2.804526
05829	-0.499753	-0.123377	-2.779150
05830	-0.491854	-0.107132	-2.758093
05831	-0.483131	-0.094489	-2.736121
05832	-0.475313	-0.074761	-2.713570
05833	-0.470784	-0.053109	-2.693287
05834	-0.469619	-0.035635	-2.682167
05835	-0.471489	-0.025192	-2.685102
05836	-0.473603	-0.023687	-2.701303
05837	-0.476027	-0.022450	-2.732903
05838	-0.481799	-0.022427	-2.777004
05839	-0.486178	-0.024997	-2.822963
05840	-0.487597	-0.026790	-2.866205
05841	-0.489759	-0.026146	-2.913020
05842	-0.491133	-0.023052	-2.961186
05843	-0.491188	-0.021497	-3.012939
05844	-0.491137	-0.021889	-3.065642
05845	-0.485676	-0.026905	-3.115575
05846	-0.473126	-0.035711	-3.160421
05847	-0.459510	-0.045870	-3.199364
05848	-0.441390	-0.055976	-3.230299
05849	-0.423161	-0.057410	-3.254574
05850	-0.406260	-0.053004	-3.273678
05851	-0.389279	-0.051602	-3.285971
05852	-0.371682	-0.052127	-3.301226
05853	-0.358938	-0.053826	-3.319811
05854	-0.344593	-0.057186	-3.347177
05855	-0.328364	-0.057563	-3.379444
05856	-0.309023	-0.051943	-3.407278
05857	-0.291536	-0.042492	-3.430675
05858	-0.276167	-0.035925	-3.450113
05859	-0.266442	-0.032457	-3.470220
05860	-0.256875	-0.030363	-3.487423
05861	-0.252290	-0.024603	-3.502516
05862	-0.245552	-0.015171	-3.504900
05863	-0.245383	-0.004877	-3.500617
05864	-0.246678	0.004083	-3.490333
05865	-0.253495	0.007366	-3.483040
05866	-0.265668	0.006990	-3.486398
05867	-0.279372	0.004345	-3.499537
05868	-0.291633	-0.001666	-3.520708
05869	-0.300208	-0.006066	-3.545371
05870	-0.308698	-0.006609	-3.565429
05871	-0.318212	-0.006430	-3.589220
05872	-0.321960	-0.007548	-3.613033
05873	-0.325882	-0.006607	-3.636726
05874	-0.325307	-0.008056	-3.655700
05875	-0.323299	-0.004875	-3.666982
