// General information: 
//  MT Manager version: 2021.4.0 
//  XDA version: 2021.4.0 build 6323 rev 112641 built on 2021-09-28
// Device information: 
//  DeviceId: 00B43859
//  ProductCode: MTW2-3A7G6
//  Firmware Version: 4.3.4
//  Hardware Version: 1.1.0
// Device settings: 
//  Filter Profile: human(46.1)
//  Option Flags: Orientation Smoother Disabled, Position/Velocity Smoother Disabled, Continuous Zero Rotation Update Disabled, AHS Disabled, ICC Disabled
// Coordinate system: ENU
PacketCounter	Roll	Pitch	Yaw
04463	-1.433985	0.270368	1.321030
04464	-1.451062	0.277583	1.332791
04465	-1.469430	0.283904	1.346054
04466	-1.486189	0.292464	1.357613
04467	-1.503471	0.298177	1.369011
04468	-1.520375	0.302356	1.377277
04469	-1.534066	0.305918	1.385712
04470	-1.550505	0.311002	1.394462
04471	-1.562289	0.315701	1.399030
04472	-1.576923	0.321751	1.399754
04473	-1.590715	0.323267	1.405716
04474	-1.601317	0.326789	1.413826
04475	-1.611769	0.327003	1.417773
04476	-1.620896	0.328681	1.424205
04477	-1.632422	0.329512	1.430011
04478	-1.644728	0.330514	1.427738
04479	-1.651501	0.333639	1.429004
04480	-1.660058	0.336344	1.428209
04481	-1.668021	0.340295	1.427222
04482	-1.676012	0.343508	1.429192
04483	-1.684342	0.348962	1.434203
04484	-1.694296	0.352678	1.439557
04485	-1.700112	0.354328	1.445111
04486	-1.709193	0.357756	1.450953
04487	-1.717872	0.362015	1.454439
04488	-1.728562	0.366058	1.448005
04489	-1.738080	0.371896	1.441595
04490	-1.749452	0.377523	1.428367
04491	-1.759811	0.385379	1.421223
04492	-1.770555	0.393941	1.418508
04493	-1.780422	0.398271	1.420284
04494	-1.791445	0.405393	1.424125
04495	-1.801796	0.412191	1.427237
04496	-1.813112	0.417685	1.427886
04497	-1.822879	0.427085	1.429925
04498	-1.831746	0.436855	1.430369
04499	-1.843780	0.448449	1.431460
04500	-1.856031	0.458077	1.428290
04501	-1.865666	0.466525	1.434982
04502	-1.874904	0.475318	1.435164
04503	-1.884069	0.484309	1.438319
04504	-1.892485	0.495095	1.444339
04505	-1.900577	0.502713	1.446184
04506	-1.906944	0.514247	1.446366
04507	-1.912787	0.523434	1.446407
04508	-1.920569	0.530979	1.443352
04509	-1.927593	0.537975	1.443337
04510	-1.934540	0.546493	1.439534
04511	-1.943472	0.551152	1.434775
04512	-1.949307	0.556427	1.428225
04513	-1.951595	0.559966	1.418348
04514	-1.954764	0.565015	1.403220
04515	-1.957924	0.570852	1.382892
04516	-1.956669	0.576239	1.360391
04517	-1.958534	0.582092	1.336165
04518	-1.958304	0.587726	1.317721
04519	-1.955388	0.592570	1.300863
04520	-1.950413	0.596980	1.282176
04521	-1.946770	0.601977	1.270006
04522	-1.942180	0.606318	1.259692
04523	-1.938171	0.611017	1.250142
04524	-1.934468	0.617000	1.238472
04525	-1.932005	0.624041	1.232660
04526	-1.930371	0.629969	1.223083
04527	-1.930526	0.636492	1.215906
04528	-1.929336	0.642590	1.209618
04529	-1.929481	0.647610	1.203542
04530	-1.930319	0.653858	1.197394
04531	-1.931905	0.660550	1.190003
04532	-1.934614	0.668919	1.183128
04533	-1.936201	0.675611	1.175738
04534	-1.939927	0.684573	1.171490
04535	-1.940552	0.691312	1.167294
04536	-1.941006	0.698736	1.163668
04537	-1.943280	0.704252	1.161853
04538	-1.945487	0.710034	1.164333
04539	-1.947259	0.715819	1.168697
04540	-1.947884	0.720965	1.171325
04541	-1.942523	0.727401	1.175650
04542	-1.940647	0.732478	1.170074
04543	-1.938186	0.738765	1.164812
04544	-1.935487	0.741357	1.157011
04545	-1.931351	0.745862	1.151572
04546	-1.925514	0.748773	1.147814
04547	-1.918497	0.750685	1.144455
04548	-1.911222	0.753307	1.137917
04549	-1.903735	0.754249	1.132127
04550	-1.894552	0.753649	1.125725
04551	-1.884940	0.754091	1.115673
04552	-1.876203	0.755550	1.102681
04553	-1.865508	0.753865	1.091876
04554	-1.854053	0.752502	1.074557
04555	-1.841609	0.751366	1.056320
04556	-1.827236	0.749533	1.036451
04557	-1.812393	0.749030	1.021070
04558	-1.796732	0.748569	1.008634
04559	-1.784224	0.747174	1.000109
04560	-1.766804	0.741042	0.993682
04561	-1.751394	0.736301	0.987782
04562	-1.737315	0.732336	0.976962
04563	-1.723588	0.725886	0.964279
04564	-1.710496	0.722283	0.947593
04565	-1.696785	0.718089	0.933258
04566	-1.681820	0.715506	0.915998
04567	-1.669998	0.711702	0.904433
04568	-1.660144	0.706501	0.895067
04569	-1.649004	0.702273	0.888526
04570	-1.637464	0.697961	0.883509
04571	-1.624011	0.693529	0.885974
04572	-1.611503	0.690619	0.895643
04573	-1.600778	0.690574	0.908207
04574	-1.592437	0.688312	0.919413
04575	-1.585044	0.685332	0.927579
04576	-1.578361	0.686451	0.935810
04577	-1.569818	0.687916	0.942378
04578	-1.560807	0.685481	0.946852
04579	-1.552600	0.684232	0.953001
04580	-1.546414	0.680759	0.957488
04581	-1.541892	0.678864	0.964683
04582	-1.532209	0.677722	0.966528
04583	-1.522724	0.677991	0.967677
04584	-1.513460	0.679529	0.956461
04585	-1.507071	0.682870	0.941720
04586	-1.499639	0.684222	0.927135
04587	-1.492979	0.684447	0.913102
04588	-1.488821	0.684808	0.899616
04589	-1.482033	0.686346	0.888594
04590	-1.476235	0.684920	0.879901
04591	-1.471360	0.684112	0.864141
04592	-1.467669	0.683255	0.830741
04593	-1.463204	0.681387	0.779280
04594	-1.458901	0.682632	0.715627
04595	-1.454270	0.684665	0.650218
04596	-1.449300	0.684177	0.589429
04597	-1.444997	0.682385	0.539467
04598	-1.435417	0.677715	0.502495
04599	-1.419466	0.673039	0.483878
04600	-1.405406	0.673432	0.477795
04601	-1.390001	0.672888	0.483884
04602	-1.373004	0.673043	0.495629
04603	-1.355856	0.670442	0.511242
04604	-1.333302	0.672678	0.526376
04605	-1.310091	0.673597	0.542145
04606	-1.287468	0.672657	0.555323
04607	-1.265684	0.673725	0.570885
04608	-1.245569	0.670270	0.582971
04609	-1.227190	0.667552	0.600285
04610	-1.209423	0.667715	0.623930
04611	-1.193481	0.664736	0.653155
04612	-1.174844	0.661440	0.688851
04613	-1.159760	0.655087	0.726787
04614	-1.143730	0.647536	0.772889
04615	-1.126921	0.642074	0.818152
04616	-1.109266	0.640080	0.859373
04617	-1.093563	0.634739	0.897336
04618	-1.074092	0.633887	0.937058
04619	-1.053704	0.629926	0.976613
04620	-1.038050	0.625416	1.014745
04621	-1.025096	0.618946	1.047788
04622	-1.014973	0.610768	1.073356
04623	-1.008564	0.602157	1.093366
04624	-1.004219	0.594652	1.094895
04625	-1.001152	0.587443	1.086850
04626	-0.999171	0.580847	1.067403
04627	-0.998159	0.575405	1.042167
04628	-0.996835	0.570885	1.014327
04629	-0.999628	0.562745	0.987682
04630	-1.001076	0.558946	0.965830
04631	-1.002574	0.550418	0.950596
04632	-1.002863	0.544245	0.936826
04633	-0.999476	0.538539	0.920590
04634	-1.000931	0.531080	0.897510
04635	-1.002502	0.524357	0.871470
04636	-1.006616	0.519506	0.838862
04637	-1.009885	0.511844	0.805499
04638	-1.015039	0.506604	0.766086
04639	-1.021921	0.496409	0.720118
04640	-1.023962	0.487774	0.675236
04641	-1.028309	0.480992	0.634032
04642	-1.032874	0.473806	0.599036
04643	-1.037609	0.466935	0.570530
04644	-1.044286	0.455634	0.543407
04645	-1.049043	0.445646	0.522698
04646	-1.050281	0.437286	0.507139
04647	-1.052400	0.430548	0.495297
04648	-1.049061	0.422737	0.483551
04649	-1.044797	0.414894	0.473639
04650	-1.040469	0.407380	0.465842
04651	-1.037600	0.397445	0.457373
04652	-1.032485	0.387953	0.447134
04653	-1.026671	0.380017	0.431820
04654	-1.018500	0.372897	0.423123
04655	-1.013842	0.364750	0.415823
04656	-1.008855	0.356982	0.407176
04657	-1.004163	0.347324	0.400973
04658	-1.001667	0.340520	0.391877
04659	-0.999192	0.335134	0.387208
04660	-0.995754	0.333273	0.382285
04661	-0.992070	0.327822	0.379310
04662	-0.991400	0.325085	0.377457
04663	-0.993015	0.322098	0.378757
04664	-0.997122	0.318770	0.380893
04665	-1.002910	0.315357	0.386250
04666	-1.008180	0.314032	0.392204
04667	-1.011172	0.316794	0.402729
04668	-1.015272	0.321269	0.416189
04669	-1.021211	0.322789	0.433013
04670	-1.024405	0.326414	0.454639
04671	-1.030070	0.328308	0.479130
04672	-1.036273	0.332159	0.502879
04673	-1.041479	0.337335	0.531346
04674	-1.045848	0.343844	0.566648
04675	-1.048601	0.350877	0.606563
04676	-1.048173	0.356964	0.651481
04677	-1.045305	0.363863	0.702852
04678	-1.041437	0.372691	0.755685
04679	-1.032056	0.382012	0.810341
04680	-1.022800	0.394695	0.867706
04681	-1.015935	0.403933	0.930188
04682	-1.009265	0.409939	0.985929
04683	-1.001429	0.413699	1.036577
04684	-0.988650	0.416114	1.078527
04685	-0.980850	0.418620	1.120565
04686	-0.973669	0.416948	1.151220
04687	-0.964882	0.411477	1.162695
04688	-0.955997	0.405274	1.153520
04689	-0.948349	0.401228	1.136227
04690	-0.944045	0.396444	1.110080
04691	-0.943346	0.389821	1.077727
04692	-0.943455	0.381075	1.046960
04693	-0.942400	0.373284	1.023376
04694	-0.940130	0.368209	1.006860
04695	-0.938457	0.366126	1.004480
04696	-0.933391	0.363964	1.009262
04697	-0.931060	0.360320	1.023868
04698	-0.925083	0.360718	1.037073
04699	-0.918434	0.361152	1.043373
04700	-0.910318	0.363880	1.043768
04701	-0.893908	0.383820	1.051388
04702	-0.870768	0.404915	1.060837
04703	-0.847081	0.428655	1.054964
04704	-0.838716	0.444345	1.011841
04705	-0.827987	0.462343	0.943913
04706	-0.811720	0.478233	0.866555
04707	-0.792954	0.492808	0.791201
04708	-0.768610	0.511177	0.732332
04709	-0.742654	0.531151	0.734125
04710	-0.729258	0.547987	0.816534
04711	-0.728170	0.554459	0.964512
04712	-0.722990	0.549065	1.152391
04713	-0.708492	0.541143	1.327789
04714	-0.684068	0.544377	1.459200
04715	-0.661497	0.566585	1.541942
04716	-0.654748	0.591475	1.600445
04717	-0.667418	0.605184	1.657059
04718	-0.682658	0.611002	1.718510
04719	-0.698256	0.608086	1.779124
04720	-0.710715	0.597811	1.855500
04721	-0.729711	0.577914	1.977142
04722	-0.748862	0.552811	2.138079
04723	-0.765735	0.529912	2.295825
04724	-0.787097	0.517112	2.401572
04725	-0.827481	0.507292	2.404831
04726	-0.881322	0.507063	2.285030
04727	-0.952128	0.514173	2.047584
04728	-1.042419	0.515498	1.710401
04729	-1.141589	0.513896	1.333062
04730	-1.241168	0.505264	0.950012
04731	-1.337142	0.490884	0.597068
04732	-1.431202	0.477419	0.286709
04733	-1.525089	0.459093	0.026936
04734	-1.609402	0.438853	-0.187735
04735	-1.685861	0.415847	-0.359329
04736	-1.749072	0.393782	-0.512715
04737	-1.810531	0.371108	-0.660954
04738	-1.878649	0.350114	-0.832924
04739	-1.953215	0.334233	-1.037891
04740	-2.033209	0.324007	-1.300218
04741	-2.111773	0.318852	-1.618734
04742	-2.204688	0.321508	-2.007156
04743	-2.307848	0.336956	-2.450885
04744	-2.431518	0.361661	-2.927381
04745	-2.570062	0.387494	-3.399840
04746	-2.732396	0.400806	-3.860163
04747	-2.896824	0.429827	-4.287714
04748	-3.076610	0.456419	-4.665355
04749	-3.287071	0.491848	-4.972620
04750	-3.541557	0.566669	-5.246115
04751	-3.842505	0.690704	-5.486108
04752	-4.185377	0.850971	-5.703380
04753	-4.569799	1.062807	-5.903697
04754	-4.982722	1.345189	-6.101343
04755	-5.426777	1.665274	-6.323665
04756	-5.915505	2.010264	-6.552796
04757	-6.453519	2.407755	-6.773473
04758	-7.038974	2.872915	-6.973267
04759	-7.650475	3.383998	-7.166253
04760	-8.278706	3.912900	-7.323507
04761	-8.913251	4.437687	-7.455849
04762	-9.568969	4.903679	-7.656493
04763	-10.296382	5.289994	-7.909097
04764	-11.067159	5.631376	-8.141322
04765	-11.918609	5.986677	-8.330570
04766	-12.867700	6.535209	-8.327217
04767	-13.900602	7.402235	-8.173283
04768	-15.035685	8.496645	-8.055314
04769	-16.292118	9.649297	-7.985640
04770	-17.661952	10.820825	-7.926664
04771	-19.087824	12.054189	-7.819395
04772	-20.517052	13.346086	-7.728070
04773	-21.932021	14.702000	-7.718374
04774	-23.345862	16.097389	-7.821160
04775	-24.798842	17.446935	-8.083499
04776	-26.307763	18.747512	-8.495818
04777	-27.876033	19.990779	-9.034787
04778	-29.527438	21.167509	-9.697594
04779	-31.277394	22.295349	-10.446387
04780	-33.121587	23.363134	-11.247957
04781	-35.043569	24.383300	-12.056947
04782	-36.999616	25.392376	-12.853681
04783	-38.955345	26.382860	-13.614183
04784	-40.862072	27.329364	-14.314887
04785	-42.649505	28.215098	-14.938376
04786	-44.267502	28.993698	-15.494664
04787	-45.675974	29.670429	-15.966027
04788	-46.872737	30.233439	-16.407329
04789	-47.867275	30.672965	-16.830404
04790	-48.712203	30.999136	-17.282413
04791	-49.595265	31.144587	-17.882421
04792	-50.487620	30.996896	-18.561911
04793	-51.326817	30.495847	-19.299354
04794	-52.045851	29.705991	-20.036539
04795	-52.631724	28.690238	-20.735333
04796	-53.085174	27.580727	-21.376948
04797	-53.398845	26.429676	-21.920690
04798	-53.555316	25.271313	-22.329595
04799	-53.542028	24.104154	-22.581714
04800	-53.367706	22.928208	-22.700142
04801	-53.040251	21.730815	-22.706520
04802	-52.580118	20.523784	-22.626097
04803	-52.006388	19.306363	-22.480533
04804	-51.335327	18.081783	-22.304765
04805	-50.602096	16.785730	-22.150139
04806	-49.815318	15.398855	-22.028954
04807	-48.971333	13.992338	-21.972035
04808	-48.090485	12.589767	-21.993085
04809	-47.184574	11.238039	-22.083556
04810	-46.284593	9.899705	-22.249921
04811	-45.391906	8.558273	-22.468824
04812	-44.502901	7.237931	-22.743721
04813	-43.641149	5.955602	-23.058258
04814	-42.815889	4.758535	-23.345677
04815	-42.035844	3.690634	-23.551515
04816	-41.294978	2.765841	-23.747639
04817	-40.631789	2.019631	-23.887882
04818	-40.059651	1.436521	-23.917402
04819	-39.569524	0.900992	-23.968790
04820	-39.156835	0.351607	-24.012921
04821	-38.783946	-0.126620	-24.002689
04822	-38.421992	-0.528074	-23.997175
04823	-38.081317	-0.845021	-23.979441
04824	-37.765685	-1.089466	-23.932145
04825	-37.482062	-1.280530	-23.859464
04826	-37.245769	-1.392345	-23.660246
04827	-37.041868	-1.440895	-23.445993
04828	-36.880264	-1.461998	-23.236752
04829	-36.734100	-1.397669	-22.985966
04830	-36.574442	-1.239916	-22.699695
04831	-36.384899	-0.977148	-22.392171
04832	-36.182090	-0.660707	-22.079685
04833	-35.973569	-0.310386	-21.749673
04834	-35.747271	0.074667	-21.419732
04835	-35.498099	0.492287	-21.110573
04836	-35.197298	0.963638	-20.811283
04837	-34.828005	1.482888	-20.540813
04838	-34.396245	1.980970	-20.333083
04839	-33.924064	2.474751	-20.134720
04840	-33.395849	2.975008	-20.098438
04841	-32.999516	3.346215	-20.449831
04842	-32.966479	3.381809	-21.220673
04843	-33.224629	3.110828	-22.311874
04844	-33.518856	2.787246	-23.333076
04845	-33.614859	2.612284	-24.063127
04846	-33.440988	2.568376	-24.535663
04847	-33.144764	2.531506	-24.791516
04848	-33.065098	2.515789	-24.620896
04849	-33.267796	2.686775	-24.231219
04850	-33.472483	3.269999	-23.681042
04851	-33.473079	4.251731	-22.990165
04852	-33.267847	5.445919	-22.217174
04853	-32.928569	6.613911	-21.466726
04854	-32.515545	7.588729	-20.782283
04855	-32.080838	8.379805	-20.174822
04856	-31.677247	8.974004	-19.689325
04857	-31.330183	9.376428	-19.363345
04858	-31.026015	9.641551	-19.188533
04859	-30.718270	9.825046	-19.136300
04860	-30.350684	9.980449	-19.176996
04861	-29.915305	10.090989	-19.270393
04862	-29.413978	10.164397	-19.385269
04863	-28.860788	10.268221	-19.484888
04864	-28.310442	10.451682	-19.529305
04865	-27.794784	10.719381	-19.504184
04866	-27.332079	10.994046	-19.378260
04867	-26.871873	11.299495	-19.142580
04868	-26.388441	11.614623	-18.814280
04869	-25.892791	11.867115	-18.410653
04870	-25.355155	12.080359	-17.954244
04871	-24.775984	12.241013	-17.483913
04872	-24.165195	12.367817	-17.044047
04873	-23.552005	12.460248	-16.664765
04874	-22.945742	12.561721	-16.383924
04875	-22.387588	12.622068	-16.200214
04876	-21.869497	12.682213	-16.098469
04877	-21.391943	12.722232	-16.053168
04878	-20.962477	12.710607	-16.036805
04879	-20.557454	12.667638	-16.011185
04880	-20.160321	12.613791	-15.976488
04881	-19.731622	12.597099	-15.919612
04882	-19.288559	12.573848	-15.826766
04883	-18.823152	12.570594	-15.695142
04884	-18.351371	12.579572	-15.531716
04885	-17.865103	12.637671	-15.349871
04886	-17.390440	12.657148	-15.159481
04887	-16.913962	12.658202	-14.964727
04888	-16.446455	12.629306	-14.777718
04889	-15.966116	12.632110	-14.590313
04890	-15.535644	12.559887	-14.440472
04891	-15.119290	12.467886	-14.290326
04892	-14.729760	12.348902	-14.138270
04893	-14.381741	12.199278	-13.996327
04894	-14.032620	12.094742	-13.809986
04895	-13.687935	11.970684	-13.584452
04896	-13.349484	11.822935	-13.351707
04897	-13.027077	11.635808	-13.115896
04898	-12.710564	11.444119	-12.871073
04899	-12.391935	11.283513	-12.630729
04900	-12.059699	11.156669	-12.374250
04901	-11.724914	11.024589	-12.125496
04902	-11.396603	10.856617	-11.886127
04903	-11.064415	10.691740	-11.676205
04904	-10.743237	10.534945	-11.506346
04905	-10.412827	10.421091	-11.357748
04906	-10.076633	10.314702	-11.226898
04907	-9.737647	10.186697	-11.104514
04908	-9.397789	10.059080	-11.000596
04909	-9.077149	9.927577	-10.901157
04910	-8.787444	9.797339	-10.781979
04911	-8.520311	9.693985	-10.634648
04912	-8.272052	9.593372	-10.460744
04913	-8.047991	9.470256	-10.280501
04914	-7.842201	9.358491	-10.115493
04915	-7.656038	9.283636	-9.952994
04916	-7.507075	9.206275	-9.822603
04917	-7.389576	9.126096	-9.735371
04918	-7.276995	9.082081	-9.698109
04919	-7.156753	9.104522	-9.676243
04920	-7.048606	9.177157	-9.669697
04921	-6.988124	9.247245	-9.640777
04922	-6.958710	9.301254	-9.547127
04923	-6.939302	9.317820	-9.412916
04924	-6.937329	9.299049	-9.227048
04925	-6.944415	9.217744	-8.986458
04926	-6.882490	9.172331	-8.673423
04927	-6.769618	9.147424	-8.353611
04928	-6.671234	9.051515	-8.112895
04929	-6.605435	8.875517	-7.979631
04930	-6.532832	8.677777	-7.953023
04931	-6.435471	8.485324	-8.025813
04932	-6.306552	8.303548	-8.183490
04933	-6.172233	8.122203	-8.397651
04934	-6.051423	7.946431	-8.619284
04935	-5.957787	7.793343	-8.806240
04936	-5.897929	7.649136	-8.935097
04937	-5.873389	7.506755	-8.965513
04938	-5.876738	7.359928	-8.881375
04939	-5.893410	7.200432	-8.715453
04940	-5.834428	7.076709	-8.392916
04941	-5.699417	6.986978	-7.938016
04942	-5.571964	6.868922	-7.497796
04943	-5.497730	6.692279	-7.151271
04944	-5.458172	6.485832	-6.910304
04945	-5.428134	6.298459	-6.761625
04946	-5.398491	6.152210	-6.700985
04947	-5.387508	6.045435	-6.701846
04948	-5.394576	5.976269	-6.726496
04949	-5.421495	5.945084	-6.738590
04950	-5.465447	5.927178	-6.705566
04951	-5.533476	5.900119	-6.639888
04952	-5.597049	5.876281	-6.549421
04953	-5.634802	5.873916	-6.406783
04954	-5.652838	5.863288	-6.233612
04955	-5.663017	5.837443	-6.079338
04956	-5.681034	5.789889	-5.982734
04957	-5.708551	5.737448	-5.956975
04958	-5.744036	5.688367	-6.007140
04959	-5.788300	5.639856	-6.114278
04960	-5.845014	5.584559	-6.251161
04961	-5.895257	5.534648	-6.384188
04962	-5.916946	5.533095	-6.506629
04963	-5.937329	5.542773	-6.602192
04964	-5.954693	5.564227	-6.661839
04965	-5.971034	5.578789	-6.683639
04966	-5.971890	5.601155	-6.671091
04967	-5.958002	5.604521	-6.647264
04968	-5.939985	5.584919	-6.633950
04969	-5.926549	5.536942	-6.662314
04970	-5.936379	5.453241	-6.765916
04971	-5.971017	5.349697	-6.927233
04972	-6.003006	5.265353	-7.103531
04973	-6.010159	5.221019	-7.275375
04974	-6.001443	5.191267	-7.415054
04975	-5.981612	5.173699	-7.509403
04976	-5.957549	5.152365	-7.550203
04977	-5.933372	5.124462	-7.534897
04978	-5.913410	5.084585	-7.486592
04979	-5.890029	5.034234	-7.423199
04980	-5.849644	4.992107	-7.348316
04981	-5.800033	4.938951	-7.282423
04982	-5.752294	4.876215	-7.244291
04983	-5.709430	4.815328	-7.232044
04984	-5.666043	4.758936	-7.240348
04985	-5.626318	4.700827	-7.266311
04986	-5.586485	4.645430	-7.312200
04987	-5.552250	4.573815	-7.354726
04988	-5.513942	4.497449	-7.378495
04989	-5.466135	4.428797	-7.369626
04990	-5.402136	4.384909	-7.338793
04991	-5.338237	4.345645	-7.293432
04992	-5.282379	4.301847	-7.237934
04993	-5.232339	4.259904	-7.170585
04994	-5.183374	4.225276	-7.091045
04995	-5.137960	4.189701	-7.002093
04996	-5.096710	4.144554	-6.891690
04997	-5.055960	4.095809	-6.763491
04998	-5.022827	4.050145	-6.622198
04999	-5.006629	3.989246	-6.477359
05000	-5.000922	3.918377	-6.341639
05001	-4.995761	3.835563	-6.211352
05002	-4.984897	3.749372	-6.078587
05003	-4.968742	3.667769	-5.952403
05004	-4.952851	3.586290	-5.833162
05005	-4.945967	3.506923	-5.730082
05006	-4.944456	3.430797	-5.643656
05007	-4.946085	3.360426	-5.578950
05008	-4.957390	3.296828	-5.524167
05009	-4.975745	3.242711	-5.476166
05010	-4.992855	3.196882	-5.428947
05011	-5.007064	3.155413	-5.379940
05012	-5.021016	3.119268	-5.331088
05013	-5.050538	3.075335	-5.289160
05014	-5.091525	3.027522	-5.250263
05015	-5.124027	2.982422	-5.194296
05016	-5.147026	2.933619	-5.130184
05017	-5.162839	2.893935	-5.076885
05018	-5.182131	2.870027	-5.042649
05019	-5.212746	2.855321	-5.027002
05020	-5.245586	2.841653	-5.025788
05021	-5.281201	2.831670	-5.028659
05022	-5.310559	2.814990	-5.033804
05023	-5.342827	2.801069	-5.034790
05024	-5.366484	2.792910	-5.033796
05025	-5.389557	2.789698	-5.030917
05026	-5.408679	2.794841	-5.026978
05027	-5.426434	2.808098	-5.020331
05028	-5.441855	2.821137	-5.016633
05029	-5.455848	2.830148	-5.022848
05030	-5.466954	2.842383	-5.041460
05031	-5.483894	2.858328	-5.068704
05032	-5.502690	2.883971	-5.090737
05033	-5.525744	2.914057	-5.117687
05034	-5.551082	2.948397	-5.151746
05035	-5.579468	2.984327	-5.190793
05036	-5.612874	3.012046	-5.232039
05037	-5.651531	3.037916	-5.284900
05038	-5.692676	3.054430	-5.347150
05039	-5.742759	3.053309	-5.421000
05040	-5.789775	3.053488	-5.499883
05041	-5.824208	3.063610	-5.582341
05042	-5.853400	3.078167	-5.680576
05043	-5.888351	3.085086	-5.795038
05044	-5.929348	3.088030	-5.920443
05045	-5.972987	3.101188	-6.054743
05046	-6.012389	3.123892	-6.198342
05047	-6.051296	3.147873	-6.351546
05048	-6.091748	3.167408	-6.504775
05049	-6.134205	3.181239	-6.642695
05050	-6.182160	3.186667	-6.765955
05051	-6.237959	3.170556	-6.895125
05052	-6.281613	3.162330	-7.036369
05053	-6.307945	3.167948	-7.190666
05054	-6.337828	3.175574	-7.360791
05055	-6.386872	3.181595	-7.550808
05056	-6.455983	3.193332	-7.756938
05057	-6.532511	3.216119	-7.970324
05058	-6.607491	3.235932	-8.186546
05059	-6.675021	3.250875	-8.383597
05060	-6.735436	3.272009	-8.563093
05061	-6.807431	3.296207	-8.734247
05062	-6.895518	3.317866	-8.895507
05063	-6.993188	3.332151	-9.041877
05064	-7.086438	3.344110	-9.164516
05065	-7.168726	3.358547	-9.252757
05066	-7.247048	3.375773	-9.311189
05067	-7.329603	3.397128	-9.354105
05068	-7.420002	3.418830	-9.388239
05069	-7.519997	3.443914	-9.425065
05070	-7.623479	3.479715	-9.470095
05071	-7.736560	3.526421	-9.519252
05072	-7.857835	3.589373	-9.571891
05073	-7.992110	3.661726	-9.616789
05074	-8.150878	3.720367	-9.639071
05075	-8.322071	3.768557	-9.646575
05076	-8.487633	3.827466	-9.625602
05077	-8.639305	3.889128	-9.575518
05078	-8.785361	3.966496	-9.521267
05079	-8.944702	4.081912	-9.487307
05080	-9.141498	4.233971	-9.461006
05081	-9.378335	4.404727	-9.441914
05082	-9.637459	4.593561	-9.458656
05083	-9.904602	4.808321	-9.532965
05084	-10.190457	5.052775	-9.689442
05085	-10.523100	5.331877	-9.906909
05086	-10.884755	5.607930	-10.114590
05087	-11.254424	5.877201	-10.312220
05088	-11.642502	6.149484	-10.530812
05089	-12.066531	6.419834	-10.806251
05090	-12.520365	6.693762	-11.129742
05091	-13.012562	6.971631	-11.452967
05092	-13.557827	7.264205	-11.741039
05093	-14.169523	7.580771	-11.977369
05094	-14.842675	7.943146	-12.177644
05095	-15.614356	8.403458	-12.290534
05096	-16.487137	9.049051	-12.248649
05097	-17.440158	9.939663	-12.093452
05098	-18.460848	11.021631	-11.923021
05099	-19.553381	12.145823	-11.728128
05100	-20.666243	13.300289	-11.427538
05101	-21.764431	14.525484	-11.031338
05102	-22.844625	15.830945	-10.669494
05103	-23.935180	17.205464	-10.444184
05104	-25.061061	18.584303	-10.370566
05105	-26.267940	19.904841	-10.495435
05106	-27.566533	21.165009	-10.785844
05107	-28.958101	22.383630	-11.199111
05108	-30.446654	23.577327	-11.727292
05109	-32.042249	24.761392	-12.378220
05110	-33.754824	25.948669	-13.104241
05111	-35.600401	27.126689	-13.913930
05112	-37.586116	28.293173	-14.843167
05113	-39.681057	29.451965	-15.824626
05114	-41.847348	30.618057	-16.856348
05115	-44.064356	31.733674	-17.972293
05116	-46.258940	32.743964	-19.125696
05117	-48.347211	33.615080	-20.252486
05118	-50.256852	34.344481	-21.325420
05119	-51.935653	34.884237	-22.377002
05120	-53.292771	35.191572	-23.365359
05121	-54.369950	35.397922	-24.381514
05122	-55.415818	35.540539	-25.452772
05123	-56.457452	35.350506	-26.435469
05124	-57.420308	34.848748	-27.345546
05125	-58.278772	34.128237	-28.147874
05126	-59.003364	33.249069	-28.765989
05127	-59.590419	32.207091	-29.214010
05128	-59.962062	31.129603	-29.469796
05129	-60.092405	30.063519	-29.505144
05130	-59.994705	29.023248	-29.306177
05131	-59.695842	28.020218	-28.896425
05132	-59.218688	27.033274	-28.320323
05133	-58.585997	26.041202	-27.637269
05134	-57.795205	25.042295	-26.870712
05135	-56.860752	24.035416	-26.038151
05136	-55.813599	22.992598	-25.158141
05137	-54.672912	21.959598	-24.259593
05138	-53.499775	20.917274	-23.424907
05139	-52.354660	19.799328	-22.671398
05140	-51.267710	18.588312	-22.022674
05141	-50.264637	17.344214	-21.539689
05142	-49.353408	16.114781	-21.233591
05143	-48.518017	14.917501	-21.056600
05144	-47.766610	13.750005	-21.027457
05145	-47.115072	12.554722	-21.118428
05146	-46.534467	11.324826	-21.299182
05147	-46.003863	10.110263	-21.571891
05148	-45.517652	8.991027	-21.917561
05149	-45.051017	7.985269	-22.304115
05150	-44.591293	7.084082	-22.713173
05151	-44.122486	6.293906	-23.090965
05152	-43.641059	5.572950	-23.446883
05153	-43.149283	4.933089	-23.755308
05154	-42.643037	4.392468	-24.001466
05155	-42.129170	3.947819	-24.196930
05156	-41.609997	3.575721	-24.372884
05157	-41.105004	3.257939	-24.532353
05158	-40.621905	3.001868	-24.675359
05159	-40.168224	2.787486	-24.817196
05160	-39.743444	2.596715	-24.944586
05161	-39.323807	2.442308	-25.036293
05162	-38.898952	2.330580	-25.075639
05163	-38.476343	2.240864	-25.066742
05164	-38.071682	2.146253	-25.012868
05165	-37.692740	2.077253	-24.900120
05166	-37.324810	2.075910	-24.718520
05167	-36.970778	2.141239	-24.473627
05168	-36.624109	2.231175	-24.218384
05169	-36.280455	2.310343	-23.965319
05170	-35.928329	2.395391	-23.713597
05171	-35.555940	2.517024	-23.448928
05172	-35.170238	2.680471	-23.156282
05173	-34.779679	2.861012	-22.899287
05174	-34.423710	3.038253	-22.771826
05175	-34.189218	3.437089	-22.576192
05176	-33.974003	4.154443	-22.575630
05177	-34.037822	4.462898	-23.124371
05178	-34.380102	4.291096	-23.860091
05179	-34.621612	4.102114	-24.459053
05180	-34.626594	4.169805	-24.825976
05181	-34.403375	4.549274	-24.974464
05182	-34.033794	5.088235	-24.889093
05183	-33.694409	5.563032	-24.707180
05184	-33.505610	5.923634	-24.510537
05185	-33.417923	6.242353	-24.335700
05186	-33.378268	6.562278	-24.242041
05187	-33.387354	6.832921	-24.137601
05188	-33.392888	7.085556	-23.907744
05189	-33.343023	7.347284	-23.555409
05190	-33.190250	7.636389	-23.107340
05191	-32.927875	7.908614	-22.602798
05192	-32.600500	8.164870	-22.031413
05193	-32.322391	8.421234	-21.390618
05194	-32.183465	8.656623	-20.757931
05195	-32.080529	8.970212	-20.167852
05196	-31.897665	9.456533	-19.619059
05197	-31.657305	10.008646	-19.080007
05198	-31.421127	10.536173	-18.602675
05199	-31.223011	11.035255	-18.213165
05200	-31.060401	11.506636	-17.906329
05201	-30.930196	11.922768	-17.672076
05202	-30.815593	12.243239	-17.485597
05203	-30.666879	12.474570	-17.331305
05204	-30.463599	12.617722	-17.173942
05205	-30.211316	12.697614	-17.020833
05206	-29.895567	12.793774	-16.890549
05207	-29.531251	12.920450	-16.768007
05208	-29.156348	13.044011	-16.653520
05209	-28.776176	13.219754	-16.558009
05210	-28.408539	13.453509	-16.472131
05211	-28.065211	13.691748	-16.376232
05212	-27.708652	13.915516	-16.249939
05213	-27.300232	14.120817	-16.073609
05214	-26.823804	14.283616	-15.815056
05215	-26.296499	14.427582	-15.476697
05216	-25.766144	14.587592	-15.156420
05217	-25.263412	14.785773	-14.921526
05218	-24.821540	15.004964	-14.747044
05219	-24.438915	15.225013	-14.641432
05220	-24.065946	15.459531	-14.594669
05221	-23.663029	15.730730	-14.588381
05222	-23.271112	15.918050	-14.566786
05223	-22.874752	16.073734	-14.524024
05224	-22.474926	16.243716	-14.470654
05225	-22.069652	16.410735	-14.399436
05226	-21.663456	16.564759	-14.307560
05227	-21.310442	16.635223	-14.172739
05228	-20.979567	16.680482	-13.999034
05229	-20.624798	16.807798	-13.825889
05230	-20.218823	17.012267	-13.645254
05231	-19.798756	17.185393	-13.444883
05232	-19.374890	17.284927	-13.203460
05233	-18.941630	17.315541	-12.923938
05234	-18.487428	17.295601	-12.614955
05235	-18.029228	17.211772	-12.281527
05236	-17.587028	17.081088	-11.961338
05237	-17.173223	16.927409	-11.684558
05238	-16.768439	16.822913	-11.452990
05239	-16.319002	16.864120	-11.252376
05240	-15.892045	16.898704	-11.067553
05241	-15.494073	16.894330	-10.889043
05242	-15.066140	16.934979	-10.687013
05243	-14.624103	16.926398	-10.461953
05244	-14.174107	16.834695	-10.235060
05245	-13.713115	16.673666	-10.033781
05246	-13.233629	16.545617	-9.863272
05247	-12.788311	16.404346	-9.732153
05248	-12.370179	16.260561	-9.643549
05249	-12.001814	16.085362	-9.615015
05250	-11.651220	15.900965	-9.610815
05251	-11.283989	15.749338	-9.588431
05252	-10.921014	15.585466	-9.548307
05253	-10.573525	15.393946	-9.498537
05254	-10.216812	15.225680	-9.429383
05255	-9.861426	15.056737	-9.351865
05256	-9.517039	14.871830	-9.276444
05257	-9.187089	14.672873	-9.205200
05258	-8.851073	14.502784	-9.118004
05259	-8.525230	14.327383	-9.031515
05260	-8.210526	14.141304	-8.954573
05261	-7.918022	13.874936	-8.870589
05262	-7.644294	13.564327	-8.800506
05263	-7.388005	13.221680	-8.756349
05264	-7.124358	12.913309	-8.744759
05265	-6.790569	12.755895	-8.738373
05266	-6.478582	12.550829	-8.730077
05267	-6.185615	12.319126	-8.734119
05268	-5.913781	12.060791	-8.763452
05269	-5.649742	11.829384	-8.807881
05270	-5.411176	11.616754	-8.896154
05271	-5.190309	11.406422	-9.033625
05272	-4.968000	11.219707	-9.212552
05273	-4.732340	11.060074	-9.401478
05274	-4.488807	10.917746	-9.581653
05275	-4.241622	10.781268	-9.770434
05276	-4.007017	10.647526	-9.994894
05277	-3.780765	10.549044	-10.280085
05278	-3.557811	10.482417	-10.583750
05279	-3.342573	10.435268	-10.875141
05280	-3.144197	10.402628	-11.117797
05281	-2.982753	10.328849	-11.283383
05282	-2.860839	10.224829	-11.400175
05283	-2.756075	10.134668	-11.457226
05284	-2.690173	10.031558	-11.438622
05285	-2.683335	9.874260	-11.308660
05286	-2.714396	9.707698	-11.081496
05287	-2.700880	9.590318	-10.741677
05288	-2.623099	9.479346	-10.347238
05289	-2.523129	9.323208	-10.067677
05290	-2.451733	9.080987	-9.997090
05291	-2.393581	8.814480	-10.050212
05292	-2.307647	8.606887	-10.171521
05293	-2.213194	8.445707	-10.346911
05294	-2.136146	8.292044	-10.549372
05295	-2.097108	8.110125	-10.755445
05296	-2.055971	7.935932	-10.919645
05297	-1.987666	7.801734	-11.021554
05298	-1.900585	7.692267	-11.081033
05299	-1.827694	7.564365	-11.098166
05300	-1.756510	7.432284	-11.031724
05301	-1.689313	7.284285	-10.881023
05302	-1.617150	7.127909	-10.661263
05303	-1.530058	6.974164	-10.384234
05304	-1.444491	6.829931	-10.088188
05305	-1.378622	6.684875	-9.810260
05306	-1.339690	6.521455	-9.564804
05307	-1.318904	6.343327	-9.353875
05308	-1.311152	6.147019	-9.172518
05309	-1.303269	5.940139	-9.008200
05310	-1.288657	5.763536	-8.833965
05311	-1.270298	5.659956	-8.654549
05312	-1.248843	5.595438	-8.472497
05313	-1.211955	5.551505	-8.255847
05314	-1.164602	5.477213	-7.992936
05315	-1.113373	5.378361	-7.716032
05316	-1.064666	5.285037	-7.460561
05317	-1.032596	5.215794	-7.237676
05318	-1.016625	5.171095	-7.038877
05319	-1.010510	5.136700	-6.869102
05320	-1.006569	5.090413	-6.736160
05321	-0.998046	5.034276	-6.636401
05322	-0.991693	4.979980	-6.584065
05323	-0.995056	4.943727	-6.582086
05324	-0.989858	4.946808	-6.609709
05325	-0.985439	4.958546	-6.643508
05326	-0.975842	4.958402	-6.657562
05327	-0.969475	4.945888	-6.654294
05328	-0.968781	4.929306	-6.639981
05329	-0.977950	4.919109	-6.620232
05330	-0.994652	4.922392	-6.601591
05331	-1.023207	4.923238	-6.592978
05332	-1.059160	4.919208	-6.597439
05333	-1.099494	4.911449	-6.610265
05334	-1.145828	4.892850	-6.624848
05335	-1.194805	4.878973	-6.643547
05336	-1.250893	4.875250	-6.668175
05337	-1.298613	4.884646	-6.689361
05338	-1.337290	4.904478	-6.715264
05339	-1.375619	4.926440	-6.748784
05340	-1.421414	4.941595	-6.790673
05341	-1.478132	4.938256	-6.838238
05342	-1.533394	4.930695	-6.898681
05343	-1.585498	4.924844	-6.957134
05344	-1.633193	4.914257	-7.020360
05345	-1.678357	4.895545	-7.100320
05346	-1.723538	4.868782	-7.200201
05347	-1.772529	4.837671	-7.311370
05348	-1.822332	4.803508	-7.422550
05349	-1.864519	4.791257	-7.531641
05350	-1.898526	4.776248	-7.635937
05351	-1.927632	4.758187	-7.731031
05352	-1.948349	4.743376	-7.813593
05353	-1.970358	4.724876	-7.883689
05354	-1.997936	4.702646	-7.937059
05355	-2.030229	4.680262	-7.973602
05356	-2.059596	4.664613	-8.001702
05357	-2.082851	4.646414	-8.026578
05358	-2.109306	4.627097	-8.053977
05359	-2.140596	4.602166	-8.087601
05360	-2.170830	4.584403	-8.123291
05361	-2.204033	4.570905	-8.159598
05362	-2.237814	4.555829	-8.181182
05363	-2.267942	4.541834	-8.184347
05364	-2.294744	4.523969	-8.163892
05365	-2.327722	4.496379	-8.123985
05366	-2.359355	4.469907	-8.077965
05367	-2.393439	4.435673	-8.029477
05368	-2.435010	4.395525	-7.995933
05369	-2.481288	4.357707	-7.977366
05370	-2.526576	4.320204	-7.981241
05371	-2.573305	4.284842	-8.008827
05372	-2.623157	4.250081	-8.055363
05373	-2.674699	4.219316	-8.119684
05374	-2.726286	4.197918	-8.193069
05375	-2.780551	4.188226	-8.269721
05376	-2.823777	4.202702	-8.349593
05377	-2.865787	4.219010	-8.443659
05378	-2.910683	4.222848	-8.547933
05379	-2.956909	4.226085	-8.658879
05380	-3.007467	4.234257	-8.772515
05381	-3.063784	4.223919	-8.879627
05382	-3.116311	4.207975	-8.976664
05383	-3.155827	4.202919	-9.046179
05384	-3.191413	4.199314	-9.094445
05385	-3.229103	4.196407	-9.126073
05386	-3.264266	4.197101	-9.147563
05387	-3.293426	4.203089	-9.167056
05388	-3.317519	4.206302	-9.199537
05389	-3.344325	4.203032	-9.254204
05390	-3.383106	4.201140	-9.341433
05391	-3.432708	4.195666	-9.449162
05392	-3.475673	4.189214	-9.561136
05393	-3.509566	4.185926	-9.667460
05394	-3.550834	4.181136	-9.770689
05395	-3.606245	4.189333	-9.871312
05396	-3.679203	4.209501	-9.951517
05397	-3.762231	4.247000	-10.016214
05398	-3.857612	4.288344	-10.077011
05399	-3.969728	4.326554	-10.134179
05400	-4.091630	4.357029	-10.174252
05401	-4.227077	4.392103	-10.189488
05402	-4.376259	4.439851	-10.177887
05403	-4.549102	4.502160	-10.155212
05404	-4.743082	4.578097	-10.143399
05405	-4.961646	4.655659	-10.139011
05406	-5.192681	4.736925	-10.150090
05407	-5.440247	4.825613	-10.180506
05408	-5.699765	4.913588	-10.215229
05409	-5.967741	5.010276	-10.238681
05410	-6.238066	5.119443	-10.237928
05411	-6.514310	5.246129	-10.218526
05412	-6.789399	5.387256	-10.189210
05413	-7.068396	5.540151	-10.162046
05414	-7.346290	5.702133	-10.149142
05415	-7.622419	5.867592	-10.141772
05416	-7.893254	6.033295	-10.143866
05417	-8.164761	6.201620	-10.180032
05418	-8.436501	6.369134	-10.254654
05419	-8.712730	6.527870	-10.353232
05420	-8.987601	6.671519	-10.459734
05421	-9.262831	6.800456	-10.563883
05422	-9.532708	6.923744	-10.652775
05423	-9.805917	7.044655	-10.743008
05424	-10.077726	7.153706	-10.813493
05425	-10.329853	7.253715	-10.836504
05426	-10.540084	7.349487	-10.813117
05427	-10.698780	7.444457	-10.737198
05428	-10.806953	7.541171	-10.619171
05429	-10.892450	7.635098	-10.509701
05430	-10.984077	7.716689	-10.439755
05431	-11.106566	7.779204	-10.420090
05432	-11.258404	7.827958	-10.447378
05433	-11.431025	7.867677	-10.505279
05434	-11.605279	7.905736	-10.560357
05435	-11.763083	7.968937	-10.592057
05436	-11.896590	8.084322	-10.591375
05437	-11.999335	8.264516	-10.598432
05438	-12.125153	8.458625	-10.634689
05439	-12.314097	8.660142	-10.738459
05440	-12.558436	8.862606	-10.813843
05441	-12.851589	9.049075	-10.880520
05442	-13.183605	9.240939	-10.988793
05443	-13.571549	9.402195	-11.167591
05444	-14.008715	9.534484	-11.348432
05445	-14.467798	9.667747	-11.479245
05446	-14.955059	9.794006	-11.553114
05447	-15.447052	9.977952	-11.519076
05448	-15.937113	10.245445	-11.314929
05449	-16.442914	10.645243	-10.938162
05450	-16.968064	11.222516	-10.444960
05451	-17.544033	11.939240	-9.945318
05452	-18.189798	12.698043	-9.489949
05453	-18.900801	13.452867	-9.097877
05454	-19.642967	14.197322	-8.800974
05455	-20.409914	14.953085	-8.617089
05456	-21.206036	15.724963	-8.602604
05457	-22.063524	16.505680	-8.792741
05458	-22.987253	17.268226	-9.183214
05459	-23.976858	17.987240	-9.726506
05460	-25.002765	18.672165	-10.365909
05461	-26.066878	19.323498	-11.080667
05462	-27.164787	19.961225	-11.808488
05463	-28.288767	20.609055	-12.515901
05464	-29.442733	21.260757	-13.224181
05465	-30.631940	21.902979	-13.938825
05466	-31.845230	22.539283	-14.640174
05467	-33.083262	23.176180	-15.305802
05468	-34.338810	23.832905	-15.935818
05469	-35.611715	24.532315	-16.549894
05470	-36.883922	25.288341	-17.134821
05471	-38.159853	26.094185	-17.710242
05472	-39.453934	26.909715	-18.301057
05473	-40.791850	27.724346	-18.931336
05474	-42.172083	28.556176	-19.621093
05475	-43.603472	29.373751	-20.394460
05476	-45.084902	30.167682	-21.213261
05477	-46.604713	30.950154	-22.098733
05478	-48.144886	31.685058	-23.029952
05479	-49.662280	32.384777	-23.957873
05480	-51.099970	33.064968	-24.850176
05481	-52.441377	33.723945	-25.681552
05482	-53.678105	34.371761	-26.478905
05483	-54.833854	35.003419	-27.268791
05484	-55.937962	35.589378	-28.062783
05485	-57.027597	36.125279	-28.874335
05486	-58.035234	36.622630	-29.603048
05487	-58.986884	37.140372	-30.335819
05488	-59.952905	37.610520	-31.068971
05489	-60.907664	37.903819	-31.749942
05490	-61.778698	38.031996	-32.394278
05491	-62.566230	38.075499	-33.012228
05492	-63.305114	38.016775	-33.614041
05493	-63.974954	37.865845	-34.154883
05494	-64.540978	37.617156	-34.631222
05495	-64.984357	37.297021	-35.022427
05496	-65.316230	36.855515	-35.299756
05497	-65.534212	36.284290	-35.461140
05498	-65.627801	35.593409	-35.502166
05499	-65.629795	34.796133	-35.458258
05500	-65.552351	33.877049	-35.324461
05501	-65.427653	32.841724	-35.128585
05502	-65.253071	31.700598	-34.894919
05503	-64.985995	30.497773	-34.580842
05504	-64.626492	29.291222	-34.167364
05505	-64.206912	28.095221	-33.685257
05506	-63.761229	26.926283	-33.166064
05507	-63.309764	25.768075	-32.646093
05508	-62.842495	24.621056	-32.138914
05509	-62.364359	23.468966	-31.679274
05510	-61.850106	22.287877	-31.278152
05511	-61.284686	21.060378	-30.883446
05512	-60.673287	19.831757	-30.512326
05513	-60.034282	18.637559	-30.195854
05514	-59.388131	17.474066	-29.927651
05515	-58.737168	16.336021	-29.721997
05516	-58.056225	15.248913	-29.566419
05517	-57.339505	14.196554	-29.485508
05518	-56.587663	13.102853	-29.471006
05519	-55.795607	11.957006	-29.511903
05520	-54.948022	10.818625	-29.588855
05521	-54.054424	9.740023	-29.737424
05522	-53.151316	8.718072	-29.944364
05523	-52.253044	7.740249	-30.179696
05524	-51.355389	6.783047	-30.445184
05525	-50.441196	5.869288	-30.737839
05526	-49.519339	5.030561	-31.043148
05527	-48.582176	4.264440	-31.348315
05528	-47.638551	3.593763	-31.616135
05529	-46.708345	3.057571	-31.809076
05530	-45.807572	2.622927	-31.971308
05531	-44.960418	2.279871	-32.052818
05532	-44.137658	2.094190	-32.032397
05533	-43.303964	2.061937	-31.928825
05534	-42.452290	2.157156	-31.726590
05535	-41.571080	2.353569	-31.425000
05536	-40.685723	2.582827	-31.069303
05537	-39.841921	2.814686	-30.638591
05538	-39.078916	2.945953	-30.250376
05539	-38.442495	2.929665	-29.942251
05540	-37.911869	2.772528	-29.728907
05541	-37.461330	2.520687	-29.623523
05542	-37.059365	2.215159	-29.593316
05543	-36.676936	1.888436	-29.611502
05544	-36.301300	1.576868	-29.624349
05545	-35.926134	1.303591	-29.625582
05546	-35.546640	1.072143	-29.633560
05547	-35.169451	0.906082	-29.600475
05548	-34.782536	0.830167	-29.497115
05549	-34.388917	0.826793	-29.302094
05550	-33.987579	0.878653	-29.013747
05551	-33.581837	0.964043	-28.654445
05552	-33.259098	1.101319	-28.290388
05553	-32.958502	1.694066	-27.692029
05554	-32.731155	2.361831	-27.293817
05555	-32.908453	2.476045	-27.316609
05556	-33.227520	2.296471	-27.531661
05557	-33.399936	2.213112	-27.692965
05558	-33.393908	2.447181	-27.644780
05559	-33.216905	2.967296	-27.397003
05560	-32.958606	3.549447	-27.078341
05561	-32.743087	3.959607	-26.830937
05562	-32.610762	4.141038	-26.706965
05563	-32.552161	4.243899	-26.677861
05564	-32.673099	4.246462	-26.821384
05565	-33.014327	4.206172	-26.980510
05566	-33.385697	4.286289	-27.040549
05567	-33.655471	4.502070	-26.977790
05568	-33.768192	4.857280	-26.780042
05569	-33.739140	5.285092	-26.462313
05570	-33.597665	5.735687	-26.060363
05571	-33.382145	6.183928	-25.581466
05572	-33.143315	6.590545	-25.060240
05573	-32.909989	6.985737	-24.516849
05574	-32.669515	7.411753	-23.989443
05575	-32.442635	7.836009	-23.485849
05576	-32.268885	8.243381	-23.041767
05577	-32.137769	8.651764	-22.685667
05578	-31.999649	9.099146	-22.399211
05579	-31.862941	9.539222	-22.139831
05580	-31.790986	9.854291	-21.967940
05581	-31.800061	10.081817	-21.937764
05582	-31.822640	10.323891	-21.939152
05583	-31.788269	10.630170	-21.902352
05584	-31.690858	10.934704	-21.808363
05585	-31.534959	11.216041	-21.665255
05586	-31.312342	11.525575	-21.471961
05587	-31.048731	11.838951	-21.256323
05588	-30.762204	12.139213	-20.988114
05589	-30.445148	12.445361	-20.669550
05590	-30.088608	12.767787	-20.326592
05591	-29.729111	13.051879	-19.970759
05592	-29.401267	13.270425	-19.670555
05593	-29.121194	13.480025	-19.439525
05594	-28.879103	13.757521	-19.307973
05595	-28.654363	14.053335	-19.236526
05596	-28.392827	14.371372	-19.189970
05597	-28.041477	14.764249	-19.196261
05598	-27.647731	15.134584	-19.233950
05599	-27.225711	15.447887	-19.244078
05600	-26.707070	15.846436	-19.207343
05601	-26.186575	16.065869	-19.068188
05602	-25.647963	16.168290	-18.867888
05603	-25.086419	16.255588	-18.638772
05604	-24.549990	16.273033	-18.362784
05605	-23.984661	16.334093	-17.984001
05606	-23.412083	16.324360	-17.494469
05607	-22.803113	16.302402	-16.926739
05608	-22.220645	16.236799	-16.324502
05609	-21.663240	16.170635	-15.727669
05610	-21.160048	16.078083	-15.201916
05611	-20.676471	16.032870	-14.710485
05612	-20.250587	15.944493	-14.265200
05613	-19.820415	15.887859	-13.810009
05614	-19.340015	15.862206	-13.296787
05615	-18.835837	15.727166	-12.766856
05616	-18.311693	15.528697	-12.311131
05617	-17.804241	15.317228	-11.946285
05618	-17.323925	15.104197	-11.684996
05619	-16.846019	14.928315	-11.530551
05620	-16.360517	14.737895	-11.450348
05621	-15.823577	14.634862	-11.346513
05622	-15.240937	14.561877	-11.209221
05623	-14.627780	14.503835	-11.052300
05624	-14.025536	14.384192	-10.865009
05625	-13.408798	14.238826	-10.674051
05626	-12.823838	14.031931	-10.531856
05627	-12.258248	13.824356	-10.414056
05628	-11.759634	13.573403	-10.317825
05629	-11.288453	13.339803	-10.347996
05630	-10.840130	13.173388	-10.379035
05631	-10.422586	13.116494	-10.390528
05632	-10.141918	13.080278	-10.416136
05633	-9.975840	13.100013	-10.451984
05634	-9.882030	13.238747	-10.479620
05635	-9.866473	13.362327	-10.553607
05636	-9.894566	13.501026	-10.553913
05637	-9.901768	13.560995	-10.568873
05638	-9.876107	13.711091	-10.592020
05639	-9.801819	13.897149	-10.605885
05640	-9.810920	13.860039	-10.760260
05641	-9.853721	13.764930	-10.901152
05642	-9.946298	13.709474	-10.960346
05643	-10.061108	13.669142	-11.034007
05644	-10.183932	13.589677	-11.145539
05645	-10.288156	13.486175	-11.304642
05646	-10.396038	13.375864	-11.578162
05647	-10.482493	13.302669	-11.918361
05648	-10.516355	13.260342	-12.258278
05649	-10.520447	13.190137	-12.558905
05650	-10.508063	13.030485	-12.737139
05651	-10.439060	12.845535	-12.755839
05652	-10.302437	12.634879	-12.619591
05653	-10.121902	12.393068	-12.390436
05654	-9.920297	12.097017	-12.094985
05655	-9.719418	11.775818	-11.795047
05656	-9.525539	11.461573	-11.506235
05657	-9.341430	11.170662	-11.246570
05658	-9.162599	10.918782	-11.085139
05659	-9.016769	10.664254	-11.108937
05660	-8.864060	10.441444	-11.215626
05661	-8.688536	10.216471	-11.321089
05662	-8.511875	9.977785	-11.461492
05663	-8.330108	9.775452	-11.638039
05664	-8.163325	9.587875	-11.773221
05665	-8.025150	9.376772	-11.881390
05666	-7.872549	9.208805	-11.967479
05667	-7.709029	9.045217	-12.000410
05668	-7.558269	8.862918	-12.011272
05669	-7.434980	8.701876	-12.023618
05670	-7.337569	8.621153	-12.042935
05671	-7.285283	8.570458	-12.085416
05672	-7.255286	8.539629	-12.176500
05673	-7.233894	8.491434	-12.314529
05674	-7.202526	8.448851	-12.457318
05675	-7.172317	8.409044	-12.594587
05676	-7.168919	8.352982	-12.716624
05677	-7.188245	8.283622	-12.800044
05678	-7.210875	8.210168	-12.855124
05679	-7.246747	8.131520	-12.899341
05680	-7.302883	8.042847	-12.948026
05681	-7.367546	7.973038	-13.026385
05682	-7.431468	7.929074	-13.129734
05683	-7.488281	7.889283	-13.217581
05684	-7.525994	7.837461	-13.278479
05685	-7.545873	7.787460	-13.323353
05686	-7.560312	7.735954	-13.349598
05687	-7.560276	7.709143	-13.341412
05688	-7.549274	7.686977	-13.281093
05689	-7.546140	7.641324	-13.157539
05690	-7.531078	7.583907	-12.981027
05691	-7.502873	7.510425	-12.781249
05692	-7.466154	7.413349	-12.574380
05693	-7.427080	7.303848	-12.380514
05694	-7.376581	7.191183	-12.206676
05695	-7.315601	7.078811	-12.065911
05696	-7.240960	6.966878	-11.967478
05697	-7.155862	6.843702	-11.911925
05698	-7.056471	6.724948	-11.888927
05699	-6.948659	6.617781	-11.898874
05700	-6.843374	6.502217	-11.930374
05701	-6.734701	6.381915	-11.964125
05702	-6.611743	6.255654	-11.988564
05703	-6.474136	6.133271	-12.006604
05704	-6.330017	6.010846	-12.027081
05705	-6.182642	5.889719	-12.046625
05706	-6.035254	5.775071	-12.070874
05707	-5.876141	5.673126	-12.103134
05708	-5.707902	5.573400	-12.131599
05709	-5.534698	5.467517	-12.149785
05710	-5.356240	5.360588	-12.154111
05711	-5.180387	5.251806	-12.142566
05712	-5.007442	5.139911	-12.127810
05713	-4.836491	5.029586	-12.120087
05714	-4.669905	4.919513	-12.117416
05715	-4.508631	4.812211	-12.113575
05716	-4.359226	4.708365	-12.114001
05717	-4.213125	4.603774	-12.117676
05718	-4.076607	4.509644	-12.120865
05719	-3.953123	4.421090	-12.127575
05720	-3.842835	4.337065	-12.135050
05721	-3.744060	4.254382	-12.130944
05722	-3.651594	4.180536	-12.118401
05723	-3.571877	4.113364	-12.103099
05724	-3.503076	4.070840	-12.092206
05725	-3.461133	4.035782	-12.095105
05726	-3.443185	3.991025	-12.109190
05727	-3.429247	3.955626	-12.126752
05728	-3.415063	3.924575	-12.149357
05729	-3.409533	3.902092	-12.179487
05730	-3.419623	3.892417	-12.217390
05731	-3.446779	3.891375	-12.255088
05732	-3.476085	3.901243	-12.283897
05733	-3.505169	3.909979	-12.293049
05734	-3.531241	3.917606	-12.266353
05735	-3.557576	3.935411	-12.214009
05736	-3.585136	3.963667	-12.145463
05737	-3.617483	3.985701	-12.080953
05738	-3.648572	4.009317	-12.022659
05739	-3.682588	4.033612	-11.974004
05740	-3.718966	4.063222	-11.941101
05741	-3.759926	4.098340	-11.927265
05742	-3.811669	4.124233	-11.935891
05743	-3.869644	4.151779	-11.953650
05744	-3.914867	4.189882	-11.974620
05745	-3.953828	4.228434	-11.980002
05746	-3.984947	4.265099	-11.969918
05747	-4.015485	4.299346	-11.946675
05748	-4.047244	4.339057	-11.915996
05749	-4.084640	4.371246	-11.885722
05750	-4.120969	4.397113	-11.856743
05751	-4.155431	4.418521	-11.829100
05752	-4.181194	4.443890	-11.800335
05753	-4.208616	4.471821	-11.776657
05754	-4.235286	4.506813	-11.761379
05755	-4.268064	4.538775	-11.759867
05756	-4.301160	4.568784	-11.764383
05757	-4.325297	4.597886	-11.768191
05758	-4.343210	4.621306	-11.768072
05759	-4.363549	4.637413	-11.763849
05760	-4.383160	4.653749	-11.759580
05761	-4.402809	4.669622	-11.754231
05762	-4.422743	4.685789	-11.746407
05763	-4.447374	4.693921	-11.739298
05764	-4.467257	4.701463	-11.733604
05765	-4.480961	4.703426	-11.732146
05766	-4.494817	4.702644	-11.729904
05767	-4.504106	4.704504	-11.727883
05768	-4.513566	4.711013	-11.727954
05769	-4.528062	4.715015	-11.730928
05770	-4.539731	4.720114	-11.735227
05771	-4.547450	4.717218	-11.737612
05772	-4.549084	4.713296	-11.739122
05773	-4.551560	4.715518	-11.747068
05774	-4.555271	4.719673	-11.754881
05775	-4.567624	4.720489	-11.764417
05776	-4.584240	4.715493	-11.769220
05777	-4.599202	4.712071	-11.771935
05778	-4.612429	4.703127	-11.771253
05779	-4.623335	4.696649	-11.770038
05780	-4.628108	4.691935	-11.767750
05781	-4.637912	4.684700	-11.768364
05782	-4.648312	4.677488	-11.770601
05783	-4.662214	4.665355	-11.777840
05784	-4.671881	4.651501	-11.786413
05785	-4.681739	4.639652	-11.797798
05786	-4.693773	4.627425	-11.808901
05787	-4.709857	4.612747	-11.817652
05788	-4.722154	4.608301	-11.822479
05789	-4.732589	4.606299	-11.829403
05790	-4.748555	4.604502	-11.833454
05791	-4.760863	4.600837	-11.832207
05792	-4.771266	4.598757	-11.831943
05793	-4.783533	4.598995	-11.833189
05794	-4.798452	4.606165	-11.839679
05795	-4.817351	4.608399	-11.853779
05796	-4.830498	4.607579	-11.874011
05797	-4.838642	4.610734	-11.886893
05798	-4.845788	4.620128	-11.887558
05799	-4.854874	4.632048	-11.882059
05800	-4.866156	4.640757	-11.876463
05801	-4.877951	4.646197	-11.872608
05802	-4.886977	4.652077	-11.875691
05803	-4.893238	4.661671	-11.878310
05804	-4.898684	4.672463	-11.877382
05805	-4.908386	4.681130	-11.872620
05806	-4.918867	4.687792	-11.862605
05807	-4.926356	4.697891	-11.853631
05808	-4.938078	4.703221	-11.842565
05809	-4.948803	4.713235	-11.830391
05810	-4.959356	4.724632	-11.815813
05811	-4.965281	4.739348	-11.795898
05812	-4.965796	4.757259	-11.771044
05813	-4.968389	4.772640	-11.748744
05814	-4.970831	4.780186	-11.731658
05815	-4.970954	4.784959	-11.724241
05816	-4.969448	4.792008	-11.724603
05817	-4.969181	4.798287	-11.733226
05818	-4.971887	4.802661	-11.745593
05819	-4.973314	4.805179	-11.758093
05820	-4.973527	4.807220	-11.767314
05821	-4.972152	4.811630	-11.775069
05822	-4.965215	4.817841	-11.776721
05823	-4.955623	4.828034	-11.776435
05824	-4.947096	4.842926	-11.761951
05825	-4.934430	4.861921	-11.737672
05826	-4.919873	4.881283	-11.711699
05827	-4.903545	4.899963	-11.685899
05828	-4.887662	4.915468	-11.663395
05829	-4.872709	4.929257	-11.650020
05830	-4.859342	4.941767	-11.640802
05831	-4.848783	4.954229	-11.640643
05832	-4.835114	4.971719	-11.647908
05833	-4.816441	4.991415	-11.658353
05834	-4.795783	5.001743	-11.666421
05835	-4.774954	5.009901	-11.670117
05836	-4.755272	5.010550	-11.675187
05837	-4.739777	5.015410	-11.676596
05838	-4.720110	5.024738	-11.679503
05839	-4.703554	5.031202	-11.680449
05840	-4.687104	5.036785	-11.687506
05841	-4.673284	5.035523	-11.695082
05842	-4.660730	5.037191	-11.705189
05843	-4.656606	5.034273	-11.715830
05844	-4.656475	5.030800	-11.722784
05845	-4.660079	5.026225	-11.733679
05846	-4.662141	5.023686	-11.742517
05847	-4.662204	5.024505	-11.757702
05848	-4.668471	5.022095	-11.778377
05849	-4.678829	5.026901	-11.805048
05850	-4.690897	5.034717	-11.829196
05851	-4.701280	5.042040	-11.845901
05852	-4.707217	5.053661	-11.857905
05853	-4.716303	5.060107	-11.870245
05854	-4.723582	5.064985	-11.873845
05855	-4.731640	5.075574	-11.875764
05856	-4.740405	5.085606	-11.877174
05857	-4.750641	5.097722	-11.875438
05858	-4.756693	5.109871	-11.870609
05859	-4.759885	5.117609	-11.869544
05860	-4.758663	5.125565	-11.868956
05861	-4.753185	5.142263	-11.872992
05862	-4.748276	5.154107	-11.883123
05863	-4.744924	5.162421	-11.890549
05864	-4.738067	5.167059	-11.887383
05865	-4.728870	5.168718	-11.884066
05866	-4.718095	5.164263	-11.875325
05867	-4.705941	5.160850	-11.866431
05868	-4.690024	5.157570	-11.860866
05869	-4.675075	5.150706	-11.857387
05870	-4.654673	5.152542	-11.848586
05871	-4.630413	5.160412	-11.839511
05872	-4.610520	5.167966	-11.831539
05873	-4.596243	5.175278	-11.816959
05874	-4.581451	5.179669	-11.792631
05875	-4.568071	5.186091	-11.765230
