// General information: 
//  MT Manager version: 2021.4.0 
//  XDA version: 2021.4.0 build 6323 rev 112641 built on 2021-09-28
// Device information: 
//  DeviceId: 00B4387C
//  ProductCode: MTW2-3A7G6
//  Firmware Version: 4.3.4
//  Hardware Version: 1.1.0
// Device settings: 
//  Filter Profile: human(46.1)
//  Option Flags: Orientation Smoother Disabled, Position/Velocity Smoother Disabled, Continuous Zero Rotation Update Disabled, AHS Disabled, ICC Disabled
// Coordinate system: ENU
PacketCounter	Roll	Pitch	Yaw
43031	0.000048	0.002729	-0.023231
43032	-0.000007	0.003187	-0.022436
43033	-0.000456	0.003052	-0.022328
43034	-0.000351	0.002697	-0.020593
43035	-0.000939	0.003436	-0.021398
43036	0.000961	0.003047	-0.021549
43037	-0.001663	0.004912	-0.021258
43038	0.000693	0.003036	-0.022294
43039	-0.000427	0.004622	-0.019707
43040	0.000394	0.003955	-0.020668
43041	0.000404	0.003576	-0.018925
43042	0.000585	0.002846	-0.018833
43043	0.000136	0.002711	-0.018724
43044	-0.000597	0.003556	-0.019459
43045	0.001129	0.001421	-0.019533
43046	0.001549	0.003139	-0.017270
43047	0.000502	0.004122	-0.019709
43048	0.000246	0.004578	-0.018883
43049	0.001429	0.004615	-0.019088
43050	0.000996	0.003534	-0.018087
43051	0.001592	0.003363	-0.017318
43052	0.002447	0.002812	-0.018227
43053	0.000464	0.005939	-0.016492
43054	-0.000290	0.005076	-0.017159
43055	0.000572	0.004482	-0.018086
43056	0.001448	0.004947	-0.016591
43057	0.001137	0.003938	-0.015569
43058	0.001204	0.004430	-0.014775
43059	0.000754	0.004295	-0.014666
43060	0.000005	0.004367	-0.016240
43061	0.000281	0.003566	-0.016192
43062	0.000818	0.005233	-0.013971
43063	0.001221	0.004884	-0.016532
43064	0.000372	0.004529	-0.015489
43065	-0.000078	0.004394	-0.015379
43066	0.000343	0.005152	-0.015495
43067	0.001205	0.004559	-0.016422
43068	0.002159	0.004893	-0.015004
43069	0.001975	0.004335	-0.016590
43070	0.001146	0.003648	-0.017159
43071	0.000558	0.004387	-0.017963
43072	0.000582	0.004922	-0.017142
43073	0.001040	0.005626	-0.017285
43074	0.001644	0.005511	-0.016495
43075	0.001919	0.004710	-0.016446
43076	0.003145	0.004798	-0.016639
43077	0.002960	0.004241	-0.018225
43078	0.003965	0.005287	-0.019276
43079	0.002664	0.005367	-0.016495
43080	0.003572	0.004782	-0.017430
43081	0.003709	0.004856	-0.018294
43082	0.003238	0.006196	-0.018363
43083	0.004099	0.005603	-0.019290
43084	0.003823	0.004514	-0.018316
43085	0.003638	0.003957	-0.019901
43086	0.001938	0.004391	-0.018715
43087	0.004615	0.005475	-0.020149
43088	0.003030	0.004568	-0.019721
43089	0.002580	0.004434	-0.019610
43090	0.002486	0.005099	-0.018706
43091	0.002761	0.004298	-0.018657
43092	0.003271	0.004089	-0.017897
43093	0.003085	0.003532	-0.019483
43094	0.003693	0.005225	-0.017259
43095	0.003104	0.005965	-0.018062
43096	0.002583	0.004404	-0.017744
43097	0.002858	0.003603	-0.017695
43098	0.002341	0.003448	-0.017588
43099	0.002477	0.003522	-0.018452
43100	0.002722	0.003509	-0.019381
43101	0.002650	0.005057	-0.016131
43102	0.001812	0.004317	-0.016723
43103	0.002673	0.003724	-0.017649
43104	0.003180	0.003719	-0.016789
43105	0.002327	0.004882	-0.015894
43106	0.002718	0.004167	-0.015827
43107	0.003314	0.003996	-0.015057
43108	0.004135	0.005381	-0.014466
43109	0.003949	0.004826	-0.016050
43110	0.005018	0.005682	-0.017205
43111	0.003900	0.007267	-0.014613
43112	0.004480	0.005283	-0.015281
43113	0.004029	0.005149	-0.015169
43114	0.003447	0.005828	-0.016007
43115	0.003721	0.005027	-0.015957
43116	0.003190	0.004696	-0.015933
43117	0.005280	0.005572	-0.016392
43118	0.002889	0.004619	-0.016700
43119	0.003749	0.004027	-0.017626
43120	0.003620	0.004487	-0.016815
43121	0.003894	0.003686	-0.016765
43122	0.004049	0.003701	-0.017665
43123	0.004909	0.003109	-0.018591
43124	0.004697	0.003591	-0.021033
43125	0.005615	0.004051	-0.019541
43126	0.003747	0.004442	-0.018346
43127	0.004607	0.003850	-0.019271
43128	0.004863	0.005048	-0.017697
43129	0.006367	0.005716	-0.017181
43130	0.006052	0.005475	-0.017148
43131	0.005601	0.005342	-0.017035
43132	0.005694	0.005421	-0.017894
43133	0.005968	0.004621	-0.017844
43134	0.005243	0.005358	-0.018629
43135	0.006748	0.006025	-0.018113
43136	0.005775	0.005593	-0.017084
43137	0.004599	0.006126	-0.016908
43138	0.005677	0.006110	-0.017127
43139	0.005812	0.006185	-0.017990
43140	0.005343	0.005870	-0.017966
43141	0.005617	0.005070	-0.017916
43142	0.006518	0.004443	-0.018870
43143	0.004756	0.004768	-0.017718
43144	0.006222	0.004337	-0.019651
43145	0.005185	0.003995	-0.018562
43146	0.005398	0.003188	-0.018510
43147	0.005532	0.003263	-0.019372
43148	0.005391	0.002762	-0.020942
43149	0.004676	0.003050	-0.019132
43150	0.005065	0.002701	-0.021696
43151	0.004936	0.003197	-0.020861
43152	0.004848	0.001699	-0.021563
43153	0.005122	0.000899	-0.021512
43154	0.004294	0.002186	-0.020564
43155	0.004165	0.002682	-0.019729
43156	0.004189	0.003131	-0.018947
43157	0.004462	0.002331	-0.018896
43158	0.002454	0.001227	-0.017509
43159	0.004485	0.001053	-0.020387
43160	0.003056	0.002197	-0.018427
43161	0.002604	0.002064	-0.018313
43162	0.002888	0.001323	-0.018240
43163	0.002436	0.001190	-0.018126
43164	0.002811	0.002294	-0.016615
43165	0.003084	0.001494	-0.016564
43166	0.002198	0.000668	-0.017188
43167	0.002069	0.001164	-0.016353
43168	0.003854	0.000677	-0.016537
43169	0.003587	0.002049	-0.016615
43170	0.003164	0.001787	-0.016572
43171	0.003298	0.001863	-0.017434
43172	0.002348	0.003151	-0.016464
43173	0.003792	0.002768	-0.018366
43174	0.001863	0.003095	-0.017187
43175	0.002075	0.001245	-0.019554
43176	-0.002185	-0.001072	-0.013383
43177	-0.003689	-0.001169	-0.013922
43178	-0.003251	-0.001285	-0.013095
43179	-0.002798	-0.000581	-0.013233
43180	-0.003112	-0.000275	-0.015740
43181	-0.003831	0.000011	-0.013923
43182	-0.003003	-0.000438	-0.014775
43183	-0.002333	-0.002535	-0.015503
43184	-0.003020	-0.001681	-0.016230
43185	-0.003476	-0.001816	-0.016110
43186	-0.003120	-0.002440	-0.015988
43187	-0.003576	-0.002574	-0.015869
43188	-0.003695	-0.001899	-0.014947
43189	-0.003889	-0.002453	-0.016525
43190	-0.003927	-0.002053	-0.015756
43191	-0.003875	-0.000054	-0.015108
43192	-0.004236	-0.002287	-0.016588
43193	-0.004692	-0.002421	-0.016468
43194	-0.005115	-0.002756	-0.016459
43195	-0.004261	-0.003349	-0.017380
43196	-0.003831	-0.003689	-0.019944
43197	-0.003903	-0.002145	-0.016686
43198	-0.004708	-0.002917	-0.017291
43199	-0.004840	-0.002422	-0.016451
43200	-0.003405	-0.002801	-0.018352
43201	-0.003538	-0.002306	-0.017512
43202	-0.002343	-0.002276	-0.017725
43203	-0.002938	-0.001535	-0.018518
43204	-0.002244	-0.002668	-0.020151
43205	-0.002963	-0.002382	-0.018333
43206	-0.001456	-0.001705	-0.017814
43207	-0.003222	-0.001381	-0.016653
43208	-0.001826	-0.001762	-0.018546
43209	-0.000788	-0.000850	-0.019660
43210	-0.001644	-0.001634	-0.020262
43211	-0.001191	-0.000931	-0.020399
43212	-0.000811	-0.000255	-0.020540
43213	-0.001005	-0.000809	-0.022117
43214	0.000979	-0.000402	-0.019979
43215	-0.000788	-0.000078	-0.018817
43216	0.000675	-0.001325	-0.019779
43217	0.000542	-0.000830	-0.018938
43218	0.000791	-0.001716	-0.018925
43219	0.001059	-0.002517	-0.018869
43220	0.000055	-0.003916	-0.020217
43221	0.000508	-0.003213	-0.020353
43222	0.001347	-0.003727	-0.021238
43223	-0.000420	-0.003402	-0.020075
43224	0.000032	-0.002604	-0.020170
43225	-0.000163	-0.003158	-0.021746
43226	-0.000473	-0.001616	-0.021732
43227	-0.000467	-0.001996	-0.019977
43228	-0.000064	-0.001170	-0.020048
43229	-0.000444	-0.003228	-0.021432
43230	-0.000746	-0.002652	-0.020523
43231	-0.000355	-0.002996	-0.023077
43232	-0.001340	-0.001864	-0.022168
43233	-0.000347	-0.003331	-0.022175
43234	-0.000116	-0.003415	-0.023134
43235	-0.000249	-0.002920	-0.022292
43236	-0.001314	-0.003275	-0.021200
43237	0.000125	-0.003657	-0.023098
43238	-0.001541	-0.003460	-0.022022
43239	-0.001674	-0.002965	-0.021180
43240	-0.001938	-0.005833	-0.021618
43241	-0.002210	-0.004462	-0.021689
43242	-0.003033	-0.005176	-0.022260
43243	-0.002581	-0.004472	-0.022396
43244	-0.003703	-0.003905	-0.022210
43245	-0.003251	-0.003201	-0.022346
43246	-0.003861	-0.002418	-0.023120
43247	-0.003193	-0.004514	-0.023847
43248	-0.003239	-0.004086	-0.023059
43249	-0.002972	-0.004886	-0.023002
43250	-0.003176	-0.004326	-0.022120
43251	-0.003494	-0.005335	-0.021084
43252	-0.002566	-0.005921	-0.022022
43253	-0.003285	-0.005635	-0.020201
43254	-0.004007	-0.006400	-0.020817
43255	-0.003155	-0.006991	-0.021737
43256	-0.004343	-0.006408	-0.021530
43257	-0.004939	-0.005666	-0.022321
43258	-0.004549	-0.006370	-0.022245
43259	-0.005146	-0.005627	-0.023035
43260	-0.004779	-0.004918	-0.023157
43261	-0.004975	-0.005471	-0.024732
43262	-0.005063	-0.004959	-0.023897
43263	-0.006831	-0.004634	-0.022730
43264	-0.005274	-0.005088	-0.024692
43265	-0.005732	-0.005221	-0.024569
43266	-0.005669	-0.004343	-0.026394
43267	-0.006126	-0.004476	-0.026271
43268	-0.006274	-0.004850	-0.027772
43269	-0.006992	-0.004563	-0.025951
43270	-0.007072	-0.004082	-0.025131
43271	-0.006869	-0.005929	-0.027491
43272	-0.008968	-0.004309	-0.025558
43273	-0.008377	-0.004481	-0.024780
43274	-0.008036	-0.004587	-0.025772
43275	-0.008494	-0.004720	-0.025648
43276	-0.007236	-0.004671	-0.025864
43277	-0.007433	-0.005223	-0.027439
43278	-0.005763	-0.004579	-0.026967
43279	-0.005896	-0.004084	-0.026124
43280	-0.006475	-0.005389	-0.028476
43281	-0.006608	-0.004894	-0.027632
43282	-0.006228	-0.004209	-0.027768
43283	-0.007011	-0.004969	-0.028364
43284	-0.006884	-0.004758	-0.029157
43285	-0.006617	-0.005558	-0.029098
43286	-0.006157	-0.003806	-0.026809
43287	-0.004320	-0.005482	-0.029493
43288	-0.004930	-0.003753	-0.027885
43289	-0.005388	-0.003885	-0.027761
43290	-0.006338	-0.002918	-0.026938
43291	-0.005486	-0.003509	-0.027858
43292	-0.005791	-0.004073	-0.029424
43293	-0.005524	-0.004873	-0.029365
43294	-0.005815	-0.004314	-0.028465
43295	-0.005948	-0.003819	-0.027621
43296	-0.007376	-0.003859	-0.028146
43297	-0.006924	-0.003155	-0.028280
43298	-0.007356	-0.003284	-0.028165
43299	-0.006691	-0.005378	-0.028891
43300	-0.006201	-0.004622	-0.029012
43301	-0.007570	-0.005591	-0.028628
43302	-0.007723	-0.005100	-0.027788
43303	-0.005702	-0.005272	-0.030665
43304	-0.007518	-0.005065	-0.029551
43305	-0.007066	-0.004361	-0.029685
43306	-0.006457	-0.004497	-0.028899
43307	-0.006516	-0.005924	-0.029559
43308	-0.006663	-0.005427	-0.028716
43309	-0.006398	-0.006226	-0.028657
43310	-0.005455	-0.005354	-0.029779
43311	-0.004790	-0.007448	-0.030504
43312	-0.005168	-0.005527	-0.028845
43313	-0.004902	-0.006326	-0.028785
43314	-0.004806	-0.006228	-0.029627
43315	-0.005663	-0.005066	-0.028717
43316	-0.004753	-0.004727	-0.027280
43317	-0.004952	-0.005277	-0.028853
43318	-0.005506	-0.004559	-0.029668
43319	-0.005640	-0.004063	-0.028822
43320	-0.004744	-0.004636	-0.029747
43321	-0.005017	-0.003264	-0.029815
43322	-0.005198	-0.004246	-0.028795
43323	-0.006381	-0.003711	-0.028603
43324	-0.005329	-0.003621	-0.028758
43325	-0.004877	-0.002916	-0.028892
43326	-0.005045	-0.002602	-0.028136
43327	-0.004381	-0.004695	-0.028862
43328	-0.004572	-0.004326	-0.028074
43329	-0.005170	-0.003582	-0.028861
43330	-0.005337	-0.003224	-0.028084
43331	-0.005862	-0.004401	-0.030376
43332	-0.006363	-0.004678	-0.030320
43333	-0.005261	-0.002719	-0.029015
43334	-0.004432	-0.003319	-0.029940
43335	-0.006200	-0.002993	-0.028768
43336	-0.005341	-0.003645	-0.029725
43337	-0.004890	-0.002941	-0.029859
43338	-0.005760	-0.002663	-0.028015
43339	-0.005308	-0.001959	-0.028149
43340	-0.004578	-0.002610	-0.029082
43341	-0.005297	-0.002324	-0.027257
43342	-0.005339	-0.002405	-0.031449
43343	-0.004676	-0.004497	-0.032174
43344	-0.005791	-0.002774	-0.029498
43345	-0.006390	-0.002029	-0.030284
43346	-0.005953	-0.003244	-0.031911
43347	-0.005502	-0.002540	-0.032045
43348	-0.004832	-0.002403	-0.033949
43349	-0.005551	-0.002117	-0.032123
43350	-0.006247	-0.002898	-0.032748
43351	-0.006381	-0.002403	-0.031902
43352	-0.006249	-0.002224	-0.032711
43353	-0.005984	-0.003023	-0.032651
43354	-0.004824	-0.002052	-0.033765
43355	-0.005144	-0.003060	-0.032724
43356	-0.003812	-0.002556	-0.035546
43357	-0.003547	-0.003355	-0.035485
43358	-0.004886	-0.003378	-0.032727
43359	-0.005485	-0.002634	-0.033513
43360	-0.004383	-0.002612	-0.033714
43361	-0.004842	-0.002744	-0.033586
43362	-0.004783	-0.002756	-0.034476
43363	-0.003468	-0.003595	-0.033763
43364	-0.003728	-0.002237	-0.033844
43365	-0.003464	-0.003036	-0.033783
43366	-0.005189	-0.002648	-0.032592
43367	-0.003171	-0.002819	-0.035471
43368	-0.004636	-0.001911	-0.033602
43369	-0.003461	-0.001874	-0.033801
43370	-0.003995	-0.002023	-0.033674
43371	-0.003731	-0.002822	-0.033613
43372	-0.003924	-0.001356	-0.033654
43373	-0.003660	-0.002155	-0.033592
43374	-0.004453	-0.002945	-0.034204
43375	-0.004587	-0.002450	-0.033356
43376	-0.000458	-0.004246	-0.000204
43377	-0.000915	-0.004377	-0.000050
43378	-0.001022	-0.005904	-0.000726
43379	-0.001154	-0.005409	0.000148
43380	-0.001425	-0.005973	-0.001395
43381	-0.002607	-0.005437	-0.001173
43382	-0.002631	-0.004975	-0.000350
43383	-0.004398	-0.004648	0.000853
43384	-0.003248	-0.004630	0.000676
43385	-0.002982	-0.005428	0.000764
43386	-0.002884	-0.005450	-0.000101
43387	-0.002431	-0.004745	-0.000207
43388	-0.002763	-0.005709	0.000877
43389	-0.002963	-0.006257	-0.000667
43390	-0.003120	-0.005805	0.000186
43391	-0.003718	-0.005059	-0.000572
43392	-0.003150	-0.005198	0.000247
43393	-0.002884	-0.005996	0.000336
43394	-0.002172	-0.006235	0.001076
43395	-0.002630	-0.006366	0.001232
43396	-0.003094	-0.006567	0.001352
43397	-0.002175	-0.006112	0.002878
43398	-0.001747	-0.006432	0.000346
43399	-0.000896	-0.007020	-0.000546
43400	-0.001125	-0.005670	-0.000610
43401	-0.001583	-0.005801	-0.000454
43402	-0.001441	-0.005764	-0.001310
43403	-0.001573	-0.005268	-0.000435
43404	-0.000782	-0.005117	-0.002334
43405	-0.001498	-0.004831	-0.000479
43406	-0.000833	-0.005502	-0.001367
43407	-0.000449	-0.005840	-0.003892
43408	-0.001116	-0.005646	-0.002092
43409	-0.000850	-0.006443	-0.002003
43410	-0.001974	-0.006652	-0.000792
43411	-0.002105	-0.006157	0.000083
43412	-0.003045	-0.005956	-0.001361
43413	-0.002592	-0.005251	-0.001467
43414	-0.002658	-0.004708	-0.000595
43415	-0.004425	-0.004381	0.000610
43416	-0.003491	-0.006865	-0.001783
43417	-0.003950	-0.006996	-0.001627
43418	-0.003561	-0.006217	-0.001692
43419	-0.004743	-0.005680	-0.001468
43420	-0.004774	-0.005187	-0.000629
43421	-0.004975	-0.005734	-0.002172
43422	-0.005290	-0.006870	-0.001171
43423	-0.005701	-0.004621	-0.002122
43424	-0.005799	-0.005871	-0.002670
43425	-0.005533	-0.006668	-0.002581
43426	-0.005245	-0.005834	-0.002591
43427	-0.004068	-0.005796	-0.002764
43428	-0.004618	-0.004954	-0.003496
43429	-0.002529	-0.004080	-0.003931
43430	-0.002611	-0.003597	-0.003076
43431	-0.004378	-0.003270	-0.001870
43432	-0.003504	-0.004633	-0.001785
43433	-0.003239	-0.005431	-0.001696
43434	-0.004094	-0.005263	-0.003176
43435	-0.003245	-0.005851	-0.004068
43436	-0.003376	-0.005180	-0.003119
43437	-0.004746	-0.006146	-0.002699
43438	-0.004484	-0.005881	-0.000166
43439	-0.004616	-0.005385	0.000711
43440	-0.004078	-0.006722	-0.000968
43441	-0.004092	-0.005766	-0.002705
43442	-0.003509	-0.005774	-0.001830
43443	-0.003968	-0.005904	-0.001672
43444	-0.003769	-0.005852	-0.002533
43445	-0.003504	-0.006649	-0.002443
43446	-0.004297	-0.007471	-0.003037
43447	-0.003774	-0.005724	-0.000723
43448	-0.003126	-0.006407	-0.001616
43449	-0.002534	-0.006578	-0.000807
43450	-0.002718	-0.006043	0.000093
43451	-0.001542	-0.006005	-0.000080
43452	-0.002090	-0.005192	-0.000829
43453	-0.002480	-0.007239	-0.002176
43454	-0.001886	-0.005445	0.000133
43455	-0.003654	-0.005117	0.001341
43456	-0.002618	-0.006207	-0.001280
43457	-0.002166	-0.005501	-0.001384
43458	-0.002026	-0.005504	-0.002257
43459	-0.002485	-0.005633	-0.002098
43460	-0.001340	-0.005491	-0.002228
43461	0.000093	-0.005868	-0.004101
43462	-0.001098	-0.004427	-0.001506
43463	-0.003333	-0.003848	-0.001929
43464	-0.001354	-0.004386	-0.002157
43465	-0.001090	-0.005183	-0.002066
43466	-0.001245	-0.004695	-0.001195
43467	-0.001377	-0.004199	-0.000318
43468	-0.002167	-0.003971	0.001532
43469	-0.002370	-0.004516	-0.000009
43470	-0.002466	-0.004050	0.000840
43471	-0.002462	-0.007389	-0.001293
43472	-0.001863	-0.005942	-0.000588
43473	-0.001271	-0.006113	0.000221
43474	-0.001682	-0.006224	0.000372
43475	-0.001814	-0.005728	0.001250
43476	-0.001524	-0.004193	0.000208
43477	-0.001728	-0.004738	-0.001333
43478	-0.001933	-0.004294	-0.000470
43479	-0.001273	-0.006383	-0.001166
43480	-0.002077	-0.005272	-0.000266
43481	-0.001625	-0.004566	-0.000370
43482	-0.001439	-0.005455	-0.000311
43483	-0.001900	-0.005585	-0.000151
43484	-0.002455	-0.004735	-0.000883
43485	-0.003171	-0.004450	0.000978
43486	-0.002401	-0.005011	0.000107
43487	-0.003001	-0.004263	-0.000646
43488	-0.002217	-0.005405	0.001019
43489	-0.002677	-0.005534	0.001179
43490	-0.001938	-0.006089	0.000320
43491	-0.002070	-0.005594	0.001199
43492	-0.001593	-0.006749	-0.000379
43493	-0.002309	-0.006463	0.001481
43494	-0.000551	-0.005855	0.001933
43495	-0.001151	-0.005107	0.001180
43496	-0.000156	-0.006748	0.001119
43497	-0.000428	-0.005375	0.001085
43498	-0.000028	-0.004619	0.001010
43499	0.000235	-0.005415	0.001102
43500	0.000659	-0.004634	0.001029
43501	0.002090	-0.005010	-0.000844
43502	0.002429	-0.004668	0.001705
43503	0.000850	-0.002838	0.002722
43504	0.001622	-0.004681	0.002098
43505	0.002074	-0.003975	0.001995
43506	0.002065	-0.003965	0.001171
43507	0.002000	-0.005386	0.000544
43508	0.001764	-0.004972	0.001406
43509	0.002215	-0.004266	0.001303
43510	0.001952	-0.003831	0.002177
43511	0.001163	-0.004584	0.001620
43512	0.000803	-0.004717	0.001744
43513	0.000671	-0.004221	0.002624
43514	0.000961	-0.005317	0.001116
43515	0.000828	-0.004821	0.001995
43516	0.001032	-0.005620	0.002094
43517	0.001295	-0.006415	0.002186
43518	0.002034	-0.007083	0.001279
43519	0.000265	-0.006755	0.002493
43520	0.001119	-0.007311	0.001603
43521	0.001382	-0.008107	0.001695
43522	0.002110	-0.008632	0.000858
43523	0.001509	-0.007883	0.000107
43524	0.001152	-0.008907	0.001181
43525	0.002582	-0.009282	-0.000693
43526	0.004034	-0.008644	-0.000158
43527	0.002266	-0.008315	0.001056
43528	0.002621	-0.009161	0.001093
43529	0.002489	-0.008665	0.001973
43530	0.002713	-0.008584	0.001117
43531	0.002835	-0.008503	0.000296
43532	0.002760	-0.008051	0.001134
43533	0.003023	-0.008846	0.001226
43534	0.002787	-0.008431	0.002090
43535	0.000549	-0.007849	0.001674
43536	0.002153	-0.009250	0.000634
43537	0.002744	-0.009421	0.001445
43538	0.002414	-0.010373	0.002541
43539	0.002536	-0.010291	0.001720
43540	0.001964	-0.010468	0.001880
43541	0.003073	-0.008513	0.003214
43542	0.002451	-0.009241	0.002623
43543	0.003297	-0.009826	0.001733
43544	0.002784	-0.008042	0.003387
43545	0.003235	-0.007336	0.003285
43546	0.002662	-0.007510	0.003446
43547	0.002784	-0.007428	0.002626
43548	0.001933	-0.008135	0.002098
43549	0.001875	-0.006601	0.005399
43550	0.000389	-0.008776	0.003330
43551	0.000257	-0.008280	0.004211
43552	0.002192	-0.008162	0.002951
43553	0.001920	-0.006788	0.002919
43554	0.002129	-0.007697	0.002969
43555	0.001997	-0.007201	0.003850
43556	0.001504	-0.006802	0.005707
43557	0.002933	-0.007176	0.003833
43558	0.001992	-0.007856	0.003339
43559	0.001860	-0.007360	0.004220
43560	0.002681	-0.007872	0.003359
43561	0.003132	-0.007165	0.003257
43562	0.002668	-0.007317	0.003406
43563	0.003119	-0.006611	0.003304
43564	0.002924	-0.008052	0.002690
43565	0.001549	-0.009015	0.003119
43566	0.001344	-0.008525	0.004007
43567	0.002189	-0.009110	0.003117
43568	0.001937	-0.007819	0.003035
43569	0.001944	-0.008200	0.004831
43570	0.002228	-0.008146	0.003953
43571	0.001042	-0.007607	0.004187
43572	0.001664	-0.007764	0.004991
43573	0.001456	-0.008306	0.003454
43574	0.001212	-0.007818	0.004351
43575	-0.000557	-0.007489	0.005569
43576	-0.000406	-0.005374	0.001401
43577	-0.001593	-0.004832	0.001633
43578	-0.001741	-0.004253	0.002545
43579	-0.001228	-0.005459	0.000934
43580	-0.001292	-0.005415	0.000129
43581	-0.002010	-0.005127	0.001993
43582	-0.001027	-0.005670	0.001077
43583	-0.002799	-0.005338	0.002293
43584	-0.002809	-0.006718	0.001661
43585	-0.002880	-0.008134	0.001035
43586	-0.001540	-0.008148	0.000792
43587	-0.001091	-0.007439	0.000688
43588	-0.001574	-0.007598	0.000832
43589	-0.001784	-0.008137	-0.000707
43590	-0.001251	-0.006406	0.001597
43591	0.000569	-0.008068	-0.001068
43592	-0.000561	-0.007569	-0.000876
43593	-0.000696	-0.007070	0.000004
43594	-0.000639	-0.007020	-0.000827
43595	-0.001103	-0.007145	-0.000664
43596	-0.001285	-0.007560	-0.002161
43597	-0.000837	-0.006851	-0.002265
43598	-0.000515	-0.006524	0.000280
43599	-0.002287	-0.006192	0.001497
43600	-0.000946	-0.006629	-0.000393
43601	-0.001270	-0.007632	0.000683
43602	-0.001667	-0.006085	0.000751
43603	-0.002462	-0.006834	0.000196
43604	-0.002274	-0.005514	0.001878
43605	-0.002486	-0.006052	0.000340
43606	-0.002896	-0.007006	0.001453
43607	-0.000887	-0.007166	-0.001408
43608	-0.001704	-0.006875	0.000474
43609	-0.002168	-0.007000	0.000637
43610	-0.002581	-0.007209	0.000740
43611	-0.002716	-0.006710	0.001621
43612	-0.002597	-0.008505	-0.000685
43613	-0.002339	-0.009297	-0.000592
43614	-0.002312	-0.008780	0.000254
43615	-0.003107	-0.009527	-0.000300
43616	-0.003263	-0.009074	0.000565
43617	-0.003398	-0.008575	0.001446
43618	-0.002791	-0.008706	0.002260
43619	-0.002673	-0.008620	0.001439
43620	-0.002315	-0.008021	0.001301
43621	-0.002056	-0.008813	0.001394
43622	-0.002173	-0.008277	0.002280
43623	-0.003284	-0.006698	0.004934
43624	-0.002534	-0.007231	0.004080
43625	-0.002416	-0.007145	0.003259
43626	-0.003647	-0.006515	0.003538
43627	-0.003642	-0.006894	0.005333
43628	-0.003132	-0.006143	0.005226
43629	-0.003345	-0.006680	0.003688
43630	-0.003594	-0.007829	0.004676
43631	-0.003729	-0.007330	0.005558
43632	-0.002756	-0.007849	0.004660
43633	-0.002167	-0.008017	0.005470
43634	-0.002032	-0.008011	0.004601
43635	-0.002307	-0.006634	0.004569
43636	-0.001786	-0.008288	0.005549
43637	-0.001529	-0.009080	0.005642
43638	-0.001074	-0.007792	0.002991
43639	-0.002185	-0.006213	0.005647
43640	-0.001556	-0.008417	0.004892
43641	-0.001298	-0.009208	0.004985
43642	-0.000659	-0.009063	0.003118
43643	-0.000794	-0.008564	0.004001
43644	-0.001223	-0.008553	0.004205
43645	-0.000775	-0.007843	0.004102
43646	-0.001321	-0.007091	0.003331
43647	-0.001456	-0.006592	0.004213
43648	-0.000415	-0.008094	0.004193
43649	0.001339	-0.007841	0.003034
43650	0.001096	-0.007235	0.003989
43651	0.001937	-0.007816	0.003097
43652	0.000021	-0.007522	0.004328
43653	0.000278	-0.008313	0.004422
43654	0.001700	-0.007672	0.004968
43655	0.002350	-0.009754	0.004273
43656	0.001737	-0.009027	0.003508
43657	0.000547	-0.008483	0.003746
43658	0.000953	-0.007953	0.003568
43659	0.000818	-0.007454	0.004451
43660	0.000097	-0.007073	0.006356
43661	0.001049	-0.007187	0.002849
43662	0.000885	-0.006705	0.003728
43663	-0.000225	-0.005127	0.006386
43664	0.000304	-0.006295	0.004787
43665	0.001335	-0.005374	0.003699
43666	0.001648	-0.006100	0.003807
43667	0.002096	-0.005390	0.003705
43668	0.001679	-0.006446	0.001464
43669	0.001936	-0.007237	0.001558
43670	0.001063	-0.007433	0.006033
43671	0.000648	-0.005178	0.005090
43672	0.001756	-0.006993	0.003450
43673	0.002344	-0.007161	0.004262
43674	0.002852	-0.008427	0.002621
43675	0.003048	-0.007306	0.004222
43676	0.003216	-0.007186	0.003395
43677	0.003472	-0.007977	0.003490
43678	0.003262	-0.009084	0.004490
43679	0.004765	-0.008419	0.005033
43680	0.003905	-0.007234	0.005994
43681	0.004021	-0.007146	0.005175
43682	0.003452	-0.007307	0.005341
43683	0.004040	-0.007476	0.006153
43684	0.005429	-0.008297	0.006875
43685	0.005405	-0.007331	0.005143
43686	0.004328	-0.008050	0.004660
43687	0.005168	-0.008630	0.003769
43688	0.004917	-0.008332	0.004580
43689	0.003144	-0.007999	0.005805
43690	0.003658	-0.007320	0.005667
43691	0.004497	-0.007900	0.004777
43692	0.004346	-0.007394	0.005660
43693	0.005296	-0.007507	0.002153
43694	0.003490	-0.007070	0.003430
43695	0.004138	-0.009150	0.002735
43696	0.002630	-0.008195	0.004684
43697	0.002355	-0.006818	0.004655
43698	0.001666	-0.006041	0.003926
43699	0.001391	-0.004663	0.003897
43700	0.003355	-0.006133	0.004586
43701	0.000527	-0.005754	0.005168
43702	0.000529	-0.005267	0.006013
43703	0.000203	-0.006268	0.007094
43704	0.001043	-0.006946	0.006147
43705	0.000576	-0.007069	0.006315
43706	0.000765	-0.007710	0.006491
43707	0.001604	-0.008289	0.005600
43708	0.001258	-0.007035	0.005523
43709	0.001514	-0.007825	0.005619
43710	-0.000133	-0.007510	0.006805
43711	-0.000269	-0.007010	0.007690
43712	0.001014	-0.007079	0.007434
43713	0.000546	-0.007202	0.007602
43714	0.000369	-0.006761	0.008459
43715	0.000484	-0.006673	0.007641
43716	-0.001752	-0.006912	0.008197
43717	0.001780	-0.007372	0.007608
43718	-0.001584	-0.005783	0.008970
43719	0.001556	-0.004953	0.009171
43720	-0.000038	-0.005043	0.008695
43721	0.000218	-0.005833	0.008791
43722	-0.000248	-0.005938	0.008963
43723	-0.001771	-0.006015	0.008488
43724	-0.001625	-0.005326	0.005126
43725	-0.002343	-0.005038	0.006998
43726	-0.003017	-0.005684	0.006460
43727	-0.001322	-0.003519	0.006806
43728	-0.002509	-0.004805	0.005583
43729	-0.001339	-0.004762	0.005409
43730	-0.001620	-0.003454	0.005345
43731	-0.001365	-0.004244	0.005441
43732	0.000242	-0.004284	0.006980
43733	-0.000949	-0.003739	0.007222
43734	0.001310	-0.005736	0.006145
43735	-0.000464	-0.005402	0.007374
43736	0.000075	-0.005236	0.005536
43737	-0.001699	-0.004902	0.006765
43738	-0.001761	-0.006248	0.006168
43739	-0.001314	-0.005538	0.006067
43740	-0.003076	-0.004773	0.004678
43741	-0.001375	-0.006898	0.004628
43742	-0.000313	-0.005810	0.003601
43743	-0.001113	-0.006554	0.003054
43744	-0.000523	-0.006667	0.003887
43745	0.000314	-0.007246	0.002996
43746	0.000801	-0.007411	0.003826
43747	0.000193	-0.006654	0.003083
43748	0.000162	-0.005754	0.001317
43749	-0.000556	-0.005466	0.003191
43750	-0.001349	-0.006150	0.002665
43751	-0.000039	-0.006986	0.003405
43752	-0.000448	-0.007162	0.003535
43753	-0.000583	-0.006662	0.004422
43754	-0.000627	-0.007152	0.006179
43755	-0.000373	-0.007942	0.006276
43756	0.001125	-0.007183	0.006856
43757	-0.000066	-0.006637	0.007100
43758	-0.000302	-0.006174	0.007978
43759	0.001700	-0.006330	0.005114
43760	0.000362	-0.008042	0.006537
43761	0.000476	-0.007953	0.005721
43762	0.001098	-0.008188	0.006491
43763	0.000629	-0.008310	0.006662
43764	-0.000005	-0.007552	0.005917
43765	0.000530	-0.010099	0.007841
43766	0.001540	-0.009140	0.006766
43767	-0.000234	-0.008805	0.007999
43768	0.000006	-0.008657	0.007174
43769	0.000593	-0.008825	0.007988
43770	0.000076	-0.009017	0.008133
43771	-0.000393	-0.009138	0.008305
43772	-0.000151	-0.009803	0.008453
43773	-0.000869	-0.009514	0.010329
43774	-0.000929	-0.008964	0.011215
43775	-0.000093	-0.009542	0.010325
43776	-0.000230	-0.005731	0.004672
43777	0.000022	-0.006517	0.004766
43778	0.001185	-0.006499	0.004571
43779	0.001296	-0.006406	0.003752
43780	0.000983	-0.007483	0.004785
43781	0.002592	-0.006347	0.002707
43782	0.002418	-0.005747	0.003639
43783	0.001613	-0.006487	0.003091
43784	0.000327	-0.006446	0.005921
43785	-0.000144	-0.006565	0.006089
43786	0.000974	-0.006398	0.005971
43787	0.001225	-0.007184	0.006065
43788	0.001883	-0.009418	0.005283
43789	0.002327	-0.008705	0.005181
43790	0.000395	-0.008416	0.006411
43791	0.002393	-0.008569	0.003542
43792	0.001928	-0.009109	0.006319
43793	0.002372	-0.008395	0.006216
43794	0.002294	-0.008010	0.007026
43795	0.002155	-0.007507	0.007911
43796	0.002117	-0.008934	0.007267
43797	0.004006	-0.009556	0.007016
43798	0.003842	-0.009132	0.007861
43799	0.003229	-0.008372	0.007117
43800	0.003208	-0.007851	0.007980
43801	0.002596	-0.007091	0.007236
43802	0.003096	-0.007234	0.008062
43803	0.003736	-0.009309	0.007367
43804	0.003208	-0.009462	0.007524
43805	0.004623	-0.009825	0.005643
43806	0.005118	-0.008010	0.007991
43807	0.003341	-0.007672	0.009223
43808	0.004319	-0.008549	0.006694
43809	0.003847	-0.008667	0.006864
43810	0.004750	-0.009196	0.005970
43811	0.004861	-0.009103	0.005151
43812	0.006820	-0.010648	0.005799
43813	0.006597	-0.011176	0.004264
43814	0.005630	-0.009553	0.006910
43815	0.006936	-0.010386	0.007647
43816	0.007144	-0.011148	0.007751
43817	0.007394	-0.011933	0.007846
43818	0.007189	-0.011314	0.008791
43819	0.006966	-0.011841	0.007257
43820	0.006531	-0.009532	0.006334
43821	0.008226	-0.011653	0.006280
43822	0.007949	-0.011031	0.007244
43823	0.006171	-0.010692	0.008477
43824	0.006215	-0.010523	0.007699
43825	0.006325	-0.010429	0.006881
43826	0.006835	-0.010492	0.007753
43827	0.006944	-0.010398	0.006935
43828	0.007844	-0.009755	0.008552
43829	0.009258	-0.010117	0.006671
43830	0.007522	-0.009598	0.007975
43831	0.008354	-0.010171	0.007082
43832	0.008614	-0.009084	0.008648
43833	0.009446	-0.009658	0.007755
43834	0.009596	-0.008558	0.009353
43835	0.010288	-0.008253	0.007547
43836	0.010718	-0.008504	0.008344
43837	0.010494	-0.009030	0.006810
43838	0.011795	-0.009769	0.007585
43839	0.010686	-0.008190	0.010252
43840	0.010450	-0.008710	0.008718
43841	0.009977	-0.008827	0.008889
43842	0.009626	-0.007528	0.008832
43843	0.009875	-0.008313	0.008928
43844	0.010078	-0.009052	0.009050
43845	0.008882	-0.008502	0.009296
43846	0.009848	-0.007571	0.008214
43847	0.010680	-0.008145	0.007321
43848	0.010146	-0.008258	0.007500
43849	0.010396	-0.009043	0.007597
43850	0.010515	-0.008844	0.006823
43851	0.010376	-0.008341	0.007710
43852	0.010659	-0.009112	0.007800
43853	0.012266	-0.007974	0.005722
43854	0.012108	-0.007385	0.006645
43855	0.011301	-0.008123	0.006101
43856	0.010701	-0.007890	0.007921
43857	0.011532	-0.008463	0.007029
43858	0.012040	-0.008560	0.007878
43859	0.012483	-0.007846	0.007777
43860	0.013429	-0.009259	0.007813
43861	0.012902	-0.007468	0.009492
43862	0.015135	-0.009243	0.008515
43863	0.014997	-0.008741	0.009403
43864	0.015100	-0.008588	0.008610
43865	0.015683	-0.008753	0.009423
43866	0.015589	-0.008301	0.010275
43867	0.016173	-0.008466	0.011088
43868	0.015231	-0.008218	0.009675
43869	0.014510	-0.007927	0.011552
43870	0.017392	-0.008593	0.011949
43871	0.015614	-0.008254	0.013186
43872	0.014968	-0.009794	0.013587
43873	0.014494	-0.009911	0.013760
43874	0.015398	-0.010470	0.012852
43875	0.014784	-0.009707	0.012111
43876	0.014703	-0.008716	0.010394
43877	0.017066	-0.009597	0.011773
43878	0.018179	-0.008522	0.010728
43879	0.016401	-0.008183	0.011966
43880	0.016507	-0.007949	0.011209
43881	0.016033	-0.008066	0.011382
43882	0.015818	-0.007648	0.012240
43883	0.015679	-0.007145	0.013129
43884	0.016382	-0.007811	0.012212
43885	0.016155	-0.008336	0.010680
43886	0.017891	-0.005993	0.011088
43887	0.015919	-0.007154	0.012524
43888	0.015386	-0.007151	0.012757
43889	0.015159	-0.007675	0.011226
43890	0.015609	-0.006932	0.011126
43891	0.014994	-0.006168	0.010386
43892	0.015031	-0.006041	0.009590
43893	0.016724	-0.008161	0.009537
43894	0.015101	-0.007851	0.010722
43895	0.016601	-0.007184	0.011262
43896	0.017265	-0.007774	0.010388
43897	0.017707	-0.007059	0.010288
43898	0.016856	-0.007768	0.009757
43899	0.016770	-0.009172	0.009139
43900	0.018971	-0.009168	0.009602
43901	0.017774	-0.008617	0.009853
43902	0.018538	-0.009150	0.008985
43903	0.017729	-0.009886	0.008444
43904	0.018098	-0.009137	0.008366
43905	0.018541	-0.008422	0.008267
43906	0.019414	-0.007834	0.009862
43907	0.019908	-0.009025	0.008255
43908	0.018478	-0.008032	0.010215
43909	0.018920	-0.007317	0.010116
43910	0.017437	-0.009315	0.008128
43911	0.018267	-0.009887	0.007237
43912	0.017418	-0.008604	0.008250
43913	0.017525	-0.008509	0.007435
43914	0.017280	-0.008950	0.005937
43915	0.016806	-0.009066	0.006112
43916	0.016279	-0.009136	0.006314
43917	0.017971	-0.011255	0.006260
43918	0.019682	-0.009047	0.006610
43919	0.018201	-0.011021	0.004638
43920	0.018931	-0.011097	0.005452
43921	0.019038	-0.011001	0.004637
43922	0.019538	-0.011144	0.005477
43923	0.020368	-0.011715	0.004587
43924	0.021524	-0.011531	0.004470
43925	0.021295	-0.012054	0.002940
43926	0.021826	-0.010323	0.005247
43927	0.020047	-0.009983	0.006489
43928	0.020476	-0.011200	0.004870
43929	0.020723	-0.011983	0.004970
43930	0.021274	-0.011211	0.004866
43931	0.021717	-0.010495	0.004767
43932	0.021776	-0.010905	0.006536
43933	0.021547	-0.011427	0.005006
43934	0.021295	-0.011003	0.005879
43935	0.021633	-0.010761	0.008400
43936	0.021195	-0.010363	0.005982
43937	0.021637	-0.009648	0.005884
43938	0.020492	-0.010067	0.007017
43939	0.021656	-0.010020	0.006842
43940	0.021657	-0.010448	0.008613
43941	0.022099	-0.009733	0.008514
43942	0.020272	-0.009295	0.009808
43943	0.021100	-0.009866	0.008917
43944	0.021279	-0.010488	0.009097
43945	0.021140	-0.009985	0.009989
43946	0.020386	-0.010753	0.009414
43947	0.020969	-0.010918	0.010229
43948	0.021309	-0.012606	0.011237
43949	0.021079	-0.013128	0.009708
43950	0.018966	-0.011129	0.009087
43951	0.020467	-0.010463	0.009627
43952	0.019831	-0.012022	0.010015
43953	0.020078	-0.012805	0.010115
43954	0.019490	-0.012031	0.009370
43955	0.020654	-0.011983	0.009195
43956	0.020017	-0.011329	0.008406
43957	0.019296	-0.011038	0.010290
43958	0.018607	-0.011791	0.009711
43959	0.019435	-0.012362	0.008820
43960	0.020205	-0.011086	0.009408
43961	0.020788	-0.011251	0.010224
43962	0.021869	-0.011294	0.010014
43963	0.021057	-0.012028	0.009477
43964	0.022041	-0.012301	0.011998
43965	0.023645	-0.011161	0.009918
43966	0.021738	-0.010712	0.011230
43967	0.022566	-0.011283	0.010339
43968	0.022446	-0.010154	0.008687
43969	0.021971	-0.010269	0.008865
43970	0.021381	-0.009368	0.008178
43971	0.021964	-0.009532	0.008994
43972	0.022121	-0.010449	0.009043
43973	0.023052	-0.010545	0.005533
43974	0.022927	-0.010076	0.006391
43975	0.022592	-0.011072	0.007482
43976	0.022934	-0.009450	0.006470
43977	0.022794	-0.008946	0.007364
43978	0.023471	-0.009511	0.006504
43979	0.024249	-0.008177	0.007121
43980	0.024387	-0.008916	0.007258
43981	0.024155	-0.009437	0.005730
43982	0.025114	-0.008262	0.004759
43983	0.023334	-0.007922	0.006006
43984	0.024090	-0.007516	0.004222
43985	0.023473	-0.006751	0.003487
43986	0.022546	-0.007977	0.005551
43987	0.022455	-0.009378	0.004937
43988	0.023230	-0.007165	0.004599
43989	0.024920	-0.009283	0.004545
43990	0.024674	-0.008813	0.005442
43991	0.023861	-0.009546	0.004905
43992	0.024188	-0.008468	0.006453
43993	0.024433	-0.009251	0.006555
43994	0.023533	-0.010041	0.006009
43995	0.023834	-0.008445	0.004999
43996	0.023033	-0.008676	0.001863
43997	0.022986	-0.007149	0.005179
43998	0.023855	-0.007729	0.004263
43999	0.023042	-0.008462	0.003727
44000	0.022635	-0.008479	0.003928
44001	0.021578	-0.008806	0.005099
44002	0.021384	-0.008246	0.006026
44003	0.021629	-0.009028	0.006128
44004	0.022077	-0.008317	0.006017
44005	0.022518	-0.007601	0.005920
44006	0.021544	-0.008304	0.005425
44007	0.022848	-0.009136	0.006164
44008	0.022574	-0.009550	0.004691
44009	0.022679	-0.009452	0.003879
44010	0.022028	-0.008568	0.003196
44011	0.022132	-0.008469	0.002384
44012	0.023275	-0.009271	0.003164
44013	0.020633	-0.007381	0.003578
44014	0.022606	-0.007628	0.000649
44015	0.020827	-0.007287	0.001898
44016	0.021762	-0.006213	0.000892
44017	0.020704	-0.006540	0.002063
44018	0.020255	-0.006605	0.002253
44019	0.020500	-0.007387	0.002355
44020	0.019373	-0.006741	0.002631
44021	0.020388	-0.010095	0.001148
44022	0.018101	-0.008060	0.000579
44023	0.019601	-0.007394	0.001119
44024	0.018563	-0.007673	0.002299
44025	0.018808	-0.008455	0.002402
44026	0.019044	-0.008328	0.001569
44027	0.018371	-0.009941	0.001949
44028	0.018847	-0.010479	0.005428
44029	0.019775	-0.010573	0.001918
44030	0.019402	-0.010106	0.002845
44031	0.018783	-0.009339	0.002112
44032	0.019504	-0.009899	0.001236
44033	0.019411	-0.011299	0.000624
44034	0.019378	-0.011227	-0.000172
44035	0.019623	-0.012008	-0.000069
44036	0.019619	-0.010162	0.000566
44037	0.018223	-0.011106	0.001025
44038	0.020440	-0.013066	-0.000048
44039	0.018660	-0.012725	0.001204
44040	0.019024	-0.011888	0.001169
44041	0.019128	-0.011790	0.000358
