// General information: 
//  MT Manager version: 2021.4.0 
//  XDA version: 2021.4.0 build 6323 rev 112641 built on 2021-09-28
// Device information: 
//  DeviceId: 00B43773
//  ProductCode: MTW2-3A7G6
//  Firmware Version: 4.3.4
//  Hardware Version: 1.1.0
// Device settings: 
//  Filter Profile: human(46.1)
//  Option Flags: Orientation Smoother Disabled, Position/Velocity Smoother Disabled, Continuous Zero Rotation Update Disabled, AHS Disabled, ICC Disabled
// Coordinate system: ENU
PacketCounter	Roll	Pitch	Yaw
39006	0.865728	-0.465010	-0.447498
39007	0.867683	-0.464799	-0.448566
39008	0.867920	-0.466331	-0.447219
39009	0.869346	-0.468283	-0.446518
39010	0.869255	-0.470357	-0.447509
39011	0.867886	-0.472294	-0.446567
39012	0.868414	-0.473720	-0.447568
39013	0.869383	-0.472744	-0.448022
39014	0.870151	-0.472110	-0.448432
39015	0.866898	-0.473282	-0.449594
39016	0.864383	-0.473607	-0.448381
39017	0.858573	-0.472705	-0.448697
39018	0.851792	-0.472468	-0.450324
39019	0.842806	-0.473283	-0.452348
39020	0.834649	-0.474017	-0.455316
39021	0.830411	-0.474421	-0.455865
39022	0.826053	-0.472787	-0.457142
39023	0.822918	-0.471575	-0.459076
39024	0.822396	-0.470280	-0.456529
39025	0.821346	-0.468968	-0.455382
39026	0.821305	-0.466702	-0.454206
39027	0.817700	-0.466462	-0.454763
39028	0.812911	-0.464608	-0.455055
39029	0.807936	-0.462188	-0.454409
39030	0.801581	-0.459024	-0.454469
39031	0.795989	-0.457251	-0.453813
39032	0.791251	-0.454205	-0.454492
39033	0.788513	-0.451251	-0.454466
39034	0.785959	-0.448867	-0.455386
39035	0.784217	-0.446677	-0.455977
39036	0.783760	-0.443438	-0.458886
39037	0.780404	-0.441131	-0.458851
39038	0.779275	-0.436583	-0.458813
39039	0.776168	-0.435366	-0.460749
39040	0.772992	-0.430480	-0.459109
39041	0.770319	-0.426336	-0.459459
39042	0.769807	-0.421140	-0.459430
39043	0.768510	-0.416023	-0.458444
39044	0.767568	-0.410607	-0.457430
39045	0.765948	-0.406037	-0.458797
39046	0.762163	-0.397899	-0.459667
39047	0.758314	-0.393863	-0.460410
39048	0.755375	-0.386916	-0.458180
39049	0.752335	-0.381361	-0.457936
39050	0.749685	-0.374312	-0.458051
39051	0.746080	-0.368215	-0.458222
39052	0.741952	-0.361372	-0.456359
39053	0.735974	-0.355477	-0.457206
39054	0.731326	-0.346897	-0.456106
39055	0.724832	-0.339270	-0.457739
39056	0.721513	-0.334060	-0.457460
39057	0.719673	-0.328405	-0.456905
39058	0.719964	-0.321692	-0.455905
39059	0.720070	-0.315604	-0.453554
39060	0.720641	-0.309536	-0.449830
39061	0.719323	-0.302462	-0.445875
39062	0.719326	-0.295851	-0.442527
39063	0.717874	-0.288454	-0.440007
39064	0.716357	-0.279342	-0.436814
39065	0.711157	-0.269971	-0.433761
39066	0.706647	-0.261713	-0.431298
39067	0.700218	-0.253650	-0.428321
39068	0.693952	-0.244952	-0.426605
39069	0.689616	-0.236021	-0.425535
39070	0.686104	-0.228528	-0.423678
39071	0.683909	-0.221452	-0.422479
39072	0.682391	-0.212338	-0.419283
39073	0.681575	-0.204296	-0.416779
39074	0.680816	-0.194857	-0.412227
39075	0.680380	-0.185073	-0.407738
39076	0.680716	-0.174016	-0.404561
39077	0.679045	-0.165522	-0.399960
39078	0.679522	-0.154787	-0.395419
39079	0.681705	-0.142734	-0.389484
39080	0.683940	-0.132440	-0.384192
39081	0.686933	-0.122018	-0.379920
39082	0.689028	-0.111402	-0.375986
39083	0.690223	-0.101738	-0.372163
39084	0.690417	-0.094256	-0.367825
39085	0.690854	-0.088055	-0.367900
39086	0.689243	-0.081324	-0.363927
39087	0.686689	-0.075982	-0.364666
39088	0.684699	-0.070989	-0.362649
39089	0.682298	-0.065982	-0.362071
39090	0.679406	-0.060992	-0.362772
39091	0.675388	-0.055854	-0.361455
39092	0.672544	-0.053570	-0.360025
39093	0.670146	-0.048545	-0.359532
39094	0.668634	-0.045734	-0.361438
39095	0.669132	-0.042224	-0.359291
39096	0.670326	-0.038659	-0.358111
39097	0.672444	-0.035271	-0.356580
39098	0.672450	-0.031809	-0.355772
39099	0.672906	-0.029489	-0.353193
39100	0.675906	-0.025173	-0.351645
39101	0.675697	-0.021542	-0.346216
39102	0.681311	-0.018110	-0.345882
39103	0.687341	-0.013892	-0.341217
39104	0.692287	-0.009148	-0.337936
39105	0.696792	-0.005560	-0.335530
39106	0.701502	-0.002877	-0.332844
39107	0.704825	0.000613	-0.330991
39108	0.706303	0.003532	-0.327083
39109	0.709824	0.007882	-0.324086
39110	0.708689	0.012431	-0.324032
39111	0.704940	0.019657	-0.322083
39112	0.702996	0.025841	-0.320445
39113	0.700208	0.031084	-0.319002
39114	0.701496	0.037032	-0.318582
39115	0.704263	0.041040	-0.316952
39116	0.711299	0.046635	-0.315638
39117	0.715678	0.050547	-0.314947
39118	0.721953	0.055070	-0.309920
39119	0.728463	0.057155	-0.308761
39120	0.734835	0.060910	-0.307057
39121	0.741106	0.064079	-0.303633
39122	0.747430	0.066642	-0.301546
39123	0.752205	0.072256	-0.298927
39124	0.758765	0.076879	-0.296239
39125	0.760776	0.080591	-0.296167
39126	0.767147	0.084345	-0.294458
39127	0.771689	0.087915	-0.292530
39128	0.776729	0.091889	-0.292556
39129	0.782833	0.094168	-0.290662
39130	0.789442	0.096832	-0.290913
39131	0.795540	0.099134	-0.288999
39132	0.803621	0.101253	-0.286149
39133	0.811134	0.102597	-0.285200
39134	0.819404	0.105585	-0.281368
39135	0.831077	0.106627	-0.279618
39136	0.839681	0.107008	-0.276006
39137	0.849125	0.107517	-0.273533
39138	0.859155	0.106912	-0.271508
39139	0.869348	0.107777	-0.267499
39140	0.880039	0.109010	-0.265853
39141	0.886344	0.109022	-0.265321
39142	0.894708	0.111242	-0.264808
39143	0.898408	0.112140	-0.263565
39144	0.901550	0.112977	-0.263199
39145	0.901165	0.115308	-0.263266
39146	0.900605	0.116162	-0.265394
39147	0.899007	0.117156	-0.265936
39148	0.898681	0.120070	-0.267460
39149	0.897797	0.120218	-0.266170
39150	0.897048	0.120204	-0.269279
39151	0.898003	0.122313	-0.267754
39152	0.898532	0.124033	-0.266176
39153	0.900346	0.125691	-0.266306
39154	0.902301	0.126426	-0.266315
39155	0.904884	0.128389	-0.265482
39156	0.909686	0.130302	-0.266097
39157	0.912886	0.132918	-0.265126
39158	0.915553	0.132783	-0.263395
39159	0.920505	0.134986	-0.261725
39160	0.926020	0.136029	-0.260598
39161	0.931405	0.137999	-0.259922
39162	0.936919	0.139041	-0.258795
39163	0.941689	0.140361	-0.257889
39164	0.946062	0.142493	-0.257518
39165	0.954775	0.142713	-0.256243
39166	0.960762	0.144728	-0.256475
39167	0.970094	0.145591	-0.255516
39168	0.977267	0.147709	-0.255368
39169	0.986028	0.149128	-0.254603
39170	0.991398	0.150496	-0.254833
39171	0.995397	0.151558	-0.255226
39172	0.998110	0.152614	-0.253871
39173	0.997818	0.152997	-0.257206
39174	0.995831	0.154834	-0.257746
39175	0.995302	0.156309	-0.259110
39176	0.991941	0.157177	-0.261013
39177	0.991402	0.158673	-0.261873
39178	0.990270	0.160072	-0.264378
39179	0.990788	0.161966	-0.266468
39180	0.990602	0.164555	-0.266627
39181	0.992675	0.165174	-0.269008
39182	0.992676	0.168630	-0.268184
39183	0.994520	0.170317	-0.268897
39184	0.995992	0.173981	-0.270036
39185	0.994592	0.175937	-0.268476
39186	0.994646	0.177439	-0.270600
39187	0.995477	0.178639	-0.271098
39188	0.997242	0.178506	-0.272086
39189	0.998761	0.178892	-0.269590
39190	1.002756	0.179291	-0.271178
39191	1.006129	0.178483	-0.271038
39192	1.012023	0.178115	-0.270506
39193	1.016529	0.176246	-0.269499
39194	1.021763	0.174038	-0.268591
39195	1.024632	0.171073	-0.267479
39196	1.023695	0.169434	-0.266508
39197	1.021807	0.166849	-0.270900
39198	1.018115	0.166417	-0.270084
39199	1.014775	0.163587	-0.273127
39200	1.012322	0.161305	-0.274880
39201	1.009320	0.158990	-0.275245
39202	1.008624	0.156266	-0.276239
39203	1.009611	0.154044	-0.276940
39204	1.009815	0.151317	-0.275211
39205	1.012516	0.147457	-0.274822
39206	1.014717	0.143202	-0.274299
39207	1.018406	0.138601	-0.274273
39208	1.021267	0.136187	-0.274125
39209	1.022627	0.132583	-0.274880
39210	1.022501	0.129314	-0.275494
39211	1.018784	0.127898	-0.277835
39212	1.016761	0.125396	-0.280569
39213	1.013576	0.125338	-0.279796
39214	1.012354	0.124351	-0.281545
39215	1.013014	0.121590	-0.284349
39216	1.016348	0.120150	-0.285561
39217	1.022556	0.119311	-0.286578
39218	1.031389	0.118608	-0.284906
39219	1.039904	0.116826	-0.284444
39220	1.048263	0.115149	-0.281412
39221	1.057039	0.112233	-0.282944
39222	1.065211	0.109689	-0.280896
39223	1.072900	0.108269	-0.278537
39224	1.078175	0.107255	-0.278005
39225	1.084308	0.104019	-0.278298
39226	1.089923	0.100400	-0.277995
39227	1.093211	0.095984	-0.277480
39228	1.094559	0.092926	-0.280058
39229	1.096912	0.087336	-0.282590
39230	1.095602	0.083963	-0.283589
39231	1.093045	0.078321	-0.287027
39232	1.090935	0.073433	-0.289012
39233	1.087512	0.068269	-0.290419
39234	1.086261	0.062945	-0.294365
39235	1.083412	0.057243	-0.295958
39236	1.082917	0.052240	-0.298542
39237	1.078915	0.046352	-0.300626
39238	1.075235	0.042771	-0.302383
39239	1.070593	0.039413	-0.301696
39240	1.065773	0.036921	-0.304210
39241	1.060264	0.033509	-0.307147
39242	1.054674	0.033839	-0.308451
39243	1.051744	0.032731	-0.309043
39244	1.048909	0.031857	-0.310191
39245	1.047391	0.031668	-0.312206
39246	1.048066	0.029914	-0.311836
39247	1.047982	0.030006	-0.314000
39248	1.051300	0.031713	-0.312641
39249	1.055912	0.031031	-0.313180
39250	1.060141	0.029590	-0.311670
39251	1.065950	0.028971	-0.311658
39252	1.071497	0.031213	-0.310897
39253	1.074685	0.031459	-0.308791
39254	1.077818	0.032299	-0.308414
39255	1.078481	0.032709	-0.307866
39256	1.078385	0.033778	-0.306288
39257	1.076808	0.033691	-0.304741
39258	1.074772	0.034333	-0.304905
39259	1.070285	0.034544	-0.305571
39260	1.064220	0.033898	-0.305519
39261	1.057205	0.033002	-0.309003
39262	1.052000	0.031919	-0.310913
39263	1.043985	0.031770	-0.313073
39264	1.038964	0.031554	-0.313999
39265	1.034262	0.029709	-0.315972
39266	1.029425	0.030360	-0.315915
39267	1.025953	0.029814	-0.318098
39268	1.022687	0.029158	-0.318264
39269	1.020399	0.028709	-0.319511
39270	1.018793	0.029132	-0.320655
39271	1.018240	0.028266	-0.319954
39272	1.017571	0.029880	-0.318754
39273	1.018694	0.030078	-0.319986
39274	1.020211	0.031034	-0.319006
39275	1.020888	0.031457	-0.317865
39276	1.022880	0.033387	-0.318242
39277	1.026084	0.033670	-0.316007
39278	1.027601	0.034626	-0.315027
39279	1.030644	0.035296	-0.313864
39280	1.033959	0.037006	-0.312501
39281	1.034815	0.037065	-0.311782
39282	1.034437	0.038786	-0.312920
39283	1.034112	0.038747	-0.313146
39284	1.036015	0.038291	-0.312770
39285	1.033805	0.040244	-0.313095
39286	1.030583	0.040781	-0.313638
39287	1.031253	0.041262	-0.312755
39288	1.028601	0.041254	-0.312920
39289	1.027132	0.042324	-0.313758
39290	1.026279	0.043071	-0.313539
39291	1.025355	0.043652	-0.313215
39292	1.025115	0.045048	-0.312994
39293	1.025172	0.044876	-0.311716
39294	1.024319	0.045623	-0.311497
39295	1.023427	0.046148	-0.311895
39296	1.022821	0.045808	-0.313640
39297	1.020360	0.045772	-0.313922
39298	1.017137	0.046308	-0.314465
39299	1.014135	0.045509	-0.317357
39300	1.011160	0.044959	-0.319863
39301	1.010142	0.045783	-0.321445
39302	1.010903	0.046416	-0.321824
39303	1.011136	0.045867	-0.320150
39304	1.010530	0.045527	-0.321894
39305	1.010624	0.045330	-0.322685
39306	1.009156	0.045427	-0.322468
39307	1.006310	0.044306	-0.325410
39308	1.002333	0.044517	-0.327315
39309	0.998921	0.045186	-0.328877
39310	0.992489	0.042801	-0.330792
39311	0.987615	0.043237	-0.330864
39312	0.981925	0.045078	-0.333905
39313	0.975690	0.045802	-0.334597
39314	0.970528	0.045907	-0.336882
39315	0.964704	0.045182	-0.338881
39316	0.960252	0.044419	-0.339428
39317	0.956833	0.045104	-0.340419
39318	0.948784	0.042830	-0.341732
39319	0.941203	0.041300	-0.345613
39320	0.932626	0.040761	-0.347681
39321	0.924186	0.040909	-0.348187
39322	0.918980	0.039820	-0.350092
39323	0.915113	0.038248	-0.352096
39324	0.913170	0.037373	-0.350520
39325	0.915165	0.036443	-0.349271
39326	0.915451	0.036104	-0.348292
39327	0.918306	0.035184	-0.341347
39328	0.919984	0.032672	-0.341571
39329	0.921521	0.030707	-0.338245
39330	0.924608	0.030361	-0.337483
39331	0.927052	0.030408	-0.335498
39332	0.929664	0.029090	-0.333379
39333	0.932051	0.026700	-0.330768
39334	0.934343	0.024836	-0.330990
39335	0.938095	0.023420	-0.327516
39336	0.941000	0.022205	-0.327735
39337	0.945626	0.020359	-0.327268
39338	0.951081	0.020226	-0.325742
39339	0.955275	0.018604	-0.324732
39340	0.961439	0.017604	-0.321468
39341	0.970269	0.017938	-0.320779
39342	0.978050	0.016824	-0.318112
39343	0.987421	0.015362	-0.315455
39344	0.997180	0.015870	-0.311421
39345	1.006095	0.014683	-0.307980
39346	1.015783	0.013560	-0.308249
39347	1.024572	0.012658	-0.305561
39348	1.031892	0.011323	-0.306594
39349	1.041107	0.010245	-0.306413
39350	1.050139	0.007280	-0.306308
39351	1.061954	0.005352	-0.306387
39352	1.071070	0.004773	-0.307032
39353	1.081910	0.003548	-0.307025
39354	1.093963	0.002637	-0.306525
39355	1.105933	0.000350	-0.305453
39356	1.112914	-0.002285	-0.303771
39357	1.119418	-0.005343	-0.305976
39358	1.116861	-0.006872	-0.304411
39359	1.112815	-0.009296	-0.306801
39360	1.104773	-0.011572	-0.308130
39361	1.093599	-0.014584	-0.311570
39362	1.084625	-0.018052	-0.315243
39363	1.074065	-0.020397	-0.319257
39364	1.063949	-0.022780	-0.323685
39365	1.054876	-0.024476	-0.323632
39366	1.048088	-0.028601	-0.327519
39367	1.043172	-0.030560	-0.327750
39368	1.040728	-0.032850	-0.329503
39369	1.039990	-0.036990	-0.330180
39370	1.039438	-0.040041	-0.329812
39371	1.038691	-0.044169	-0.329827
39372	1.041149	-0.049504	-0.331261
39373	1.040382	-0.052322	-0.330604
39374	1.043423	-0.053861	-0.329465
39375	1.047174	-0.058372	-0.326349
39376	1.051217	-0.060672	-0.325811
39377	1.056941	-0.063510	-0.322794
39378	1.064926	-0.066901	-0.321713
39379	1.072449	-0.070258	-0.319444
39380	1.079429	-0.072889	-0.317761
39381	1.089061	-0.075417	-0.317067
39382	1.098091	-0.078377	-0.316961
39383	1.107128	-0.081585	-0.317021
39384	1.117383	-0.083246	-0.316907
39385	1.130253	-0.084758	-0.316837
39386	1.143442	-0.086749	-0.315577
39387	1.158898	-0.089858	-0.312415
39388	1.174780	-0.094673	-0.315297
39389	1.188663	-0.097717	-0.313840
39390	1.204425	-0.101774	-0.313401
39391	1.218688	-0.106698	-0.316208
39392	1.231651	-0.110750	-0.315556
39393	1.242246	-0.115247	-0.314803
39394	1.251661	-0.119617	-0.315302
39395	1.257521	-0.123245	-0.315963
39396	1.258839	-0.127492	-0.318163
39397	1.259760	-0.130530	-0.319401
39398	1.260466	-0.135426	-0.321607
39399	1.255246	-0.136681	-0.322165
39400	1.249650	-0.140699	-0.325683
39401	1.242596	-0.143914	-0.326883
39402	1.235291	-0.146302	-0.331535
39403	1.225309	-0.149183	-0.334309
39404	1.216302	-0.153849	-0.337615
39405	1.209749	-0.156072	-0.342143
39406	1.199738	-0.159979	-0.344846
39407	1.191422	-0.161787	-0.348930
39408	1.184744	-0.163098	-0.348895
39409	1.179662	-0.165927	-0.349915
39410	1.176216	-0.167458	-0.351071
39411	1.174333	-0.170476	-0.351117
39412	1.176009	-0.172988	-0.351346
39413	1.177321	-0.174348	-0.351516
39414	1.177992	-0.176101	-0.351145
39415	1.182138	-0.178873	-0.348775
39416	1.185431	-0.181496	-0.349600
39417	1.190460	-0.184727	-0.348821
39418	1.197256	-0.188221	-0.348123
39419	1.202975	-0.191065	-0.343397
39420	1.208631	-0.193474	-0.343456
39421	1.215387	-0.197106	-0.341650
39422	1.221385	-0.198211	-0.344419
39423	1.225236	-0.200320	-0.342776
39424	1.229887	-0.201969	-0.342235
39425	1.235502	-0.204507	-0.340950
39426	1.241891	-0.207021	-0.344323
39427	1.248565	-0.210423	-0.343951
39428	1.256056	-0.210880	-0.343994
39429	1.264511	-0.212233	-0.342953
39430	1.273533	-0.215186	-0.342844
39431	1.283522	-0.216408	-0.345147
39432	1.289352	-0.217950	-0.344221
39433	1.294719	-0.219887	-0.344540
39434	1.300238	-0.221967	-0.345954
39435	1.303048	-0.223072	-0.348641
39436	1.304630	-0.224064	-0.350601
39437	1.303950	-0.224473	-0.349412
39438	1.299586	-0.222858	-0.350718
39439	1.294006	-0.222711	-0.353533
39440	1.286926	-0.223044	-0.357574
39441	1.281401	-0.221721	-0.359599
39442	1.278083	-0.219672	-0.361878
39443	1.277803	-0.218438	-0.358261
39444	1.279168	-0.217154	-0.358630
39445	1.281665	-0.217136	-0.355562
39446	1.281279	-0.215417	-0.356693
39447	1.278596	-0.214145	-0.361961
39448	1.275546	-0.212751	-0.361526
39449	1.268839	-0.211538	-0.364459
39450	1.262110	-0.210140	-0.366532
39451	1.257144	-0.209355	-0.366518
39452	1.254570	-0.206984	-0.367433
39453	1.255450	-0.206845	-0.365546
39454	1.253841	-0.206426	-0.366688
39455	1.256092	-0.205327	-0.363855
39456	1.256275	-0.204150	-0.364607
39457	1.253844	-0.202287	-0.364996
39458	1.252587	-0.200135	-0.364170
39459	1.250614	-0.198523	-0.364574
39460	1.246993	-0.196587	-0.364516
39461	1.242825	-0.193045	-0.364469
39462	1.237236	-0.192734	-0.365786
39463	1.233599	-0.190983	-0.362301
39464	1.229056	-0.190237	-0.364589
39465	1.223248	-0.187813	-0.364563
39466	1.217170	-0.184573	-0.367003
39467	1.212250	-0.182611	-0.368040
39468	1.207271	-0.181650	-0.369349
39469	1.201217	-0.179850	-0.373927
39470	1.196454	-0.176829	-0.374626
39471	1.192386	-0.176082	-0.372372
39472	1.188318	-0.174362	-0.376010
39473	1.185136	-0.172831	-0.375216
39474	1.184312	-0.170895	-0.375367
39475	1.182288	-0.167968	-0.373525
39476	1.181899	-0.166248	-0.374652
39477	1.179359	-0.162811	-0.377618
39478	1.178494	-0.162068	-0.377395
39479	1.178530	-0.158841	-0.380062
39480	1.178140	-0.157121	-0.381189
39481	1.177897	-0.154675	-0.378811
39482	1.178865	-0.151979	-0.378570
39483	1.179761	-0.150604	-0.375460
39484	1.178581	-0.146064	-0.375378
39485	1.179435	-0.145864	-0.373206
39486	1.179792	-0.143819	-0.372969
39487	1.180194	-0.145052	-0.376550
39488	1.179504	-0.143441	-0.375343
39489	1.177879	-0.143126	-0.378396
39490	1.175221	-0.143142	-0.378563
39491	1.172022	-0.141587	-0.375561
39492	1.169839	-0.140627	-0.377078
39493	1.169202	-0.137979	-0.375801
39494	1.168416	-0.134849	-0.376321
39495	1.169494	-0.132598	-0.372127
39496	1.169889	-0.129360	-0.372263
39497	1.172668	-0.126085	-0.367839
39498	1.174205	-0.123931	-0.367216
39499	1.173979	-0.121499	-0.365087
39500	1.175556	-0.118152	-0.364836
39501	1.176134	-0.114196	-0.364925
39502	1.176093	-0.110741	-0.364081
39503	1.176994	-0.107942	-0.369530
39504	1.179316	-0.104269	-0.367915
39505	1.183278	-0.100874	-0.366705
39506	1.186036	-0.097418	-0.366067
39507	1.190346	-0.095377	-0.363918
39508	1.192493	-0.092572	-0.363285
39509	1.193402	-0.092450	-0.361521
39510	1.197737	-0.090295	-0.361100
39511	1.198189	-0.088507	-0.363297
39512	1.198194	-0.088197	-0.365026
39513	1.196729	-0.087003	-0.365235
39514	1.194545	-0.086043	-0.366751
39515	1.191142	-0.086510	-0.368207
39516	1.188348	-0.086201	-0.369731
39517	1.182105	-0.086627	-0.368742
39518	1.178479	-0.084692	-0.368684
39519	1.173302	-0.085974	-0.368905
39520	1.167709	-0.085667	-0.370224
39521	1.163760	-0.085821	-0.365268
39522	1.160965	-0.085512	-0.366790
39523	1.158878	-0.084996	-0.364603
39524	1.156393	-0.084145	-0.363784
39525	1.152582	-0.084412	-0.368624
39526	1.148954	-0.082477	-0.368564
39527	1.146805	-0.083108	-0.364650
39528	1.143971	-0.083992	-0.365799
39529	1.141879	-0.084686	-0.363546
39530	1.141408	-0.085351	-0.363921
39531	1.139914	-0.086596	-0.364355
39532	1.142639	-0.088669	-0.365539
39533	1.144238	-0.090612	-0.362511
39534	1.144562	-0.094097	-0.364096
39535	1.142505	-0.094830	-0.362860
39536	1.142741	-0.096363	-0.361501
39537	1.143474	-0.097036	-0.363124
39538	1.142528	-0.098678	-0.362151
39539	1.142043	-0.100708	-0.359874
39540	1.142143	-0.101915	-0.359871
39541	1.143113	-0.104912	-0.361215
39542	1.145275	-0.106009	-0.358106
39543	1.146786	-0.108275	-0.356314
39544	1.148068	-0.109373	-0.355924
39545	1.150007	-0.112435	-0.360870
39546	1.151647	-0.116136	-0.360713
39547	1.154732	-0.117852	-0.360413
39548	1.159210	-0.120357	-0.360832
39549	1.159526	-0.123529	-0.355516
39550	1.162290	-0.124408	-0.357072
39551	1.166568	-0.127270	-0.356406
39552	1.167714	-0.128043	-0.357372
39553	1.168367	-0.129891	-0.354300
39554	1.170483	-0.132615	-0.355491
39555	1.172891	-0.134906	-0.353959
39556	1.173389	-0.137523	-0.354561
39557	1.173783	-0.138298	-0.349036
39558	1.176072	-0.140154	-0.349243
39559	1.177469	-0.144788	-0.343311
39560	1.179931	-0.145776	-0.342534
39561	1.181649	-0.147190	-0.340499
39562	1.183462	-0.150023	-0.339358
39563	1.185089	-0.151354	-0.334978
39564	1.184924	-0.151478	-0.333015
39565	1.186986	-0.152436	-0.328543
39566	1.189750	-0.153315	-0.330098
39567	1.192386	-0.153570	-0.326111
39568	1.193705	-0.153475	-0.326092
39569	1.194667	-0.153554	-0.320641
39570	1.196557	-0.154000	-0.320242
39571	1.197476	-0.153854	-0.318811
39572	1.197177	-0.153653	-0.318203
39573	1.195693	-0.153694	-0.314069
39574	1.192462	-0.153170	-0.314613
39575	1.191339	-0.154374	-0.317901
39576	1.188545	-0.154066	-0.319421
39577	1.186453	-0.154562	-0.324269
39578	1.185316	-0.153168	-0.326750
39579	1.183759	-0.153120	-0.324812
39580	1.181099	-0.153138	-0.324977
39581	1.180869	-0.151870	-0.325060
39582	1.180207	-0.149499	-0.328888
39583	1.177648	-0.148670	-0.324951
39584	1.171656	-0.146957	-0.325664
39585	1.167288	-0.145485	-0.324728
39586	1.161867	-0.144313	-0.325061
39587	1.157617	-0.143133	-0.322746
39588	1.154688	-0.142500	-0.325620
39589	1.150707	-0.141973	-0.320522
39590	1.149968	-0.141988	-0.323604
39591	1.147991	-0.140317	-0.322981
39592	1.147519	-0.140983	-0.323353
39593	1.145970	-0.139490	-0.325693
39594	1.144489	-0.139398	-0.325469
39595	1.144520	-0.139224	-0.326537
39596	1.146923	-0.137499	-0.327854
39597	1.148727	-0.137794	-0.326027
39598	1.149474	-0.137156	-0.326383
39599	1.152927	-0.137755	-0.327098
39600	1.154816	-0.138199	-0.326695
39601	1.158311	-0.137604	-0.325551
39602	1.159800	-0.136639	-0.324543
39603	1.160627	-0.134987	-0.326975
39604	1.161983	-0.133696	-0.327323
39605	1.160624	-0.131374	-0.328671
39606	1.158609	-0.129547	-0.329197
39607	1.158456	-0.128581	-0.321235
39608	1.157051	-0.126102	-0.321753
39609	1.157990	-0.124717	-0.319787
39610	1.159917	-0.123968	-0.319755
39611	1.160941	-0.121446	-0.321933
39612	1.159669	-0.119293	-0.321096
39613	1.160629	-0.116698	-0.319335
39614	1.159089	-0.113895	-0.321207
39615	1.156186	-0.109249	-0.316559
39616	1.154208	-0.106229	-0.317455
39617	1.151109	-0.103688	-0.311462
39618	1.146732	-0.102082	-0.312764
39619	1.139315	-0.098112	-0.319705
39620	1.130996	-0.095430	-0.321567
39621	1.119347	-0.091124	-0.321100
39622	1.107009	-0.089752	-0.322779
39623	1.093868	-0.085653	-0.322126
39624	1.081240	-0.079293	-0.324314
39625	1.066557	-0.075824	-0.322733
39626	1.052365	-0.072508	-0.326904
39627	1.037615	-0.069989	-0.332074
39628	1.026928	-0.067533	-0.334708
39629	1.017128	-0.066395	-0.332998
39630	1.011603	-0.063710	-0.335056
39631	1.008007	-0.061961	-0.335956
39632	1.002787	-0.058729	-0.335676
39633	0.992993	-0.056394	-0.335920
39634	0.976874	-0.053081	-0.337172
39635	0.952702	-0.049836	-0.343359
39636	0.923890	-0.047209	-0.346534
39637	0.897026	-0.043036	-0.347461
39638	0.873202	-0.041051	-0.351037
39639	0.849414	-0.039228	-0.354267
39640	0.819579	-0.035848	-0.356835
39641	0.784324	-0.030473	-0.354878
39642	0.745915	-0.022446	-0.355999
39643	0.711877	-0.015630	-0.355898
39644	0.684670	-0.007580	-0.357822
39645	0.669991	-0.001241	-0.351650
39646	0.660823	0.008607	-0.350111
39647	0.648970	0.019442	-0.355115
39648	0.631974	0.034274	-0.350779
39649	0.613902	0.048752	-0.344442
39650	0.600010	0.063690	-0.342639
39651	0.591438	0.078419	-0.336854
39652	0.589033	0.092746	-0.333147
39653	0.588424	0.106505	-0.327950
39654	0.588327	0.124218	-0.320906
39655	0.585581	0.142841	-0.310853
39656	0.577005	0.163239	-0.305310
39657	0.568296	0.181355	-0.298116
39658	0.558766	0.199354	-0.294541
39659	0.552003	0.216051	-0.287302
39660	0.549667	0.232763	-0.284334
39661	0.544442	0.251492	-0.281198
39662	0.540427	0.271473	-0.275079
39663	0.539225	0.287611	-0.260304
39664	0.539290	0.305741	-0.256927
39665	0.541763	0.322696	-0.251803
39666	0.547474	0.336944	-0.246334
39667	0.554631	0.350277	-0.244267
39668	0.558722	0.364632	-0.238209
39669	0.568884	0.377397	-0.233030
39670	0.577282	0.387613	-0.231292
39671	0.587448	0.400537	-0.230767
39672	0.596355	0.407830	-0.227896
39673	0.606921	0.412361	-0.226146
39674	0.615281	0.410757	-0.223007
39675	0.619589	0.402834	-0.218837
39676	0.620454	0.391798	-0.211756
39677	0.622502	0.375205	-0.204407
39678	0.619736	0.350822	-0.196731
39679	0.608489	0.322703	-0.186653
39680	0.592763	0.294385	-0.181154
39681	0.577908	0.265396	-0.173211
39682	0.560775	0.235554	-0.149634
39683	0.545629	0.207700	-0.122607
39684	0.530717	0.184881	-0.088420
39685	0.516435	0.164013	-0.062931
39686	0.500924	0.146371	-0.036626
39687	0.484442	0.134427	-0.011709
39688	0.470436	0.127627	0.011621
39689	0.458168	0.121682	0.037026
39690	0.446936	0.110742	0.072378
39691	0.437729	0.093244	0.118284
39692	0.429436	0.068777	0.188160
39693	0.422695	0.039468	0.266159
39694	0.414174	-0.000210	0.344723
39695	0.399715	-0.052709	0.423522
39696	0.374596	-0.111110	0.494095
39697	0.340485	-0.170178	0.560474
39698	0.305417	-0.223802	0.616464
39699	0.266795	-0.268675	0.669681
39700	0.228754	-0.310721	0.712435
39701	0.193149	-0.358539	0.755053
39702	0.154303	-0.414962	0.796480
39703	0.110781	-0.479148	0.827646
39704	0.062975	-0.552068	0.835251
39705	0.013853	-0.630166	0.837556
39706	-0.033744	-0.707005	0.823679
39707	-0.078572	-0.783974	0.814914
39708	-0.114319	-0.851543	0.804615
39709	-0.137545	-0.910530	0.810459
39710	-0.152090	-0.959939	0.815986
39711	-0.159238	-1.001469	0.838296
39712	-0.159852	-1.035901	0.852040
39713	-0.158778	-1.066934	0.872781
39714	-0.158457	-1.096277	0.886323
39715	-0.161715	-1.120844	0.904082
39716	-0.171983	-1.140204	0.911733
39717	-0.186921	-1.158153	0.920981
39718	-0.207314	-1.176493	0.917480
39719	-0.229000	-1.194533	0.916937
39720	-0.250729	-1.210176	0.903511
39721	-0.269921	-1.221329	0.911609
39722	-0.285683	-1.230899	0.901792
39723	-0.299560	-1.240714	0.899264
39724	-0.311825	-1.252844	0.886670
39725	-0.321441	-1.262437	0.886400
39726	-0.329135	-1.269663	0.870006
39727	-0.334488	-1.279929	0.856827
39728	-0.334974	-1.284144	0.841860
39729	-0.334456	-1.285511	0.829853
39730	-0.332353	-1.284762	0.814044
39731	-0.328904	-1.282745	0.818738
39732	-0.324549	-1.278790	0.800150
39733	-0.320393	-1.274336	0.793503
39734	-0.313410	-1.270587	0.784435
39735	-0.305259	-1.268713	0.783750
39736	-0.293431	-1.269205	0.775394
39737	-0.281324	-1.271325	0.781929
39738	-0.268094	-1.272322	0.776674
39739	-0.253727	-1.272275	0.790891
39740	-0.241294	-1.270430	0.786816
39741	-0.227086	-1.264377	0.793207
39742	-0.215229	-1.257624	0.790889
39743	-0.201553	-1.252348	0.805418
39744	-0.187171	-1.244499	0.804817
39745	-0.172962	-1.235372	0.820824
39746	-0.157238	-1.223850	0.819424
39747	-0.139627	-1.211365	0.818330
39748	-0.123402	-1.198884	0.815569
39749	-0.104325	-1.187006	0.817970
39750	-0.083710	-1.179544	0.823350
39751	-0.062400	-1.177622	0.852591
39752	-0.048336	-1.187651	0.862964
39753	-0.035142	-1.202394	0.887337
39754	-0.023536	-1.218367	0.889168
39755	-0.013450	-1.229898	0.878614
39756	-0.004721	-1.238981	0.874633
39757	0.002546	-1.245355	0.887827
39758	0.006938	-1.251922	0.883912
39759	0.012507	-1.254787	0.891971
39760	0.017513	-1.258016	0.885902
39761	0.022795	-1.257076	0.886905
39762	0.030434	-1.256834	0.881771
39763	0.040160	-1.254792	0.893368
39764	0.048922	-1.252941	0.886855
39765	0.057575	-1.247205	0.896496
39766	0.067000	-1.240825	0.887444
39767	0.075797	-1.235401	0.888939
39768	0.086515	-1.231911	0.883771
39769	0.096777	-1.226473	0.884703
39770	0.105190	-1.220988	0.871972
39771	0.114018	-1.213535	0.876404
39772	0.128311	-1.202123	0.861267
39773	0.139871	-1.189884	0.848140
39774	0.155036	-1.175582	0.839634
39775	0.162937	-1.158772	0.826883
39776	0.164868	-1.141702	0.820126
39777	0.165524	-1.122087	0.820235
39778	0.169064	-1.101799	0.821458
39779	0.175711	-1.082939	0.819054
39780	0.185403	-1.068758	0.818444
39781	0.190414	-1.055576	0.826721
39782	0.197128	-1.042263	0.825373
39783	0.201351	-1.026070	0.834160
39784	0.204007	-1.011353	0.830922
39785	0.204191	-1.002073	0.842925
39786	0.201932	-0.998190	0.816146
39787	0.202675	-0.997538	0.785470
39788	0.206636	-0.995328	0.743250
39789	0.219468	-0.992440	0.700295
39790	0.240104	-0.982880	0.655412
39791	0.259616	-0.972801	0.634592
39792	0.283891	-0.957640	0.594010
39793	0.306634	-0.939092	0.563982
39794	0.332626	-0.918777	0.525979
39795	0.362379	-0.893726	0.478100
39796	0.397857	-0.866203	0.439911
39797	0.436544	-0.836539	0.408272
39798	0.476231	-0.804400	0.370160
39799	0.510813	-0.771876	0.364327
39800	0.540384	-0.743487	0.330035
39801	0.567882	-0.717543	0.292627
39802	0.605835	-0.711849	0.261648
39803	0.653220	-0.727692	0.244556
39804	0.694738	-0.741982	0.196144
39805	0.711782	-0.751877	0.170323
39806	0.702952	-0.755437	0.114965
39807	0.682470	-0.742604	0.046060
39808	0.659144	-0.729746	-0.022196
39809	0.638083	-0.724069	-0.097686
39810	0.626367	-0.744204	-0.195457
39811	0.622051	-0.814857	-0.319238
39812	0.667210	-1.113194	-0.581959
39813	0.794607	-1.855659	-0.949977
39814	1.123070	-2.948151	-1.246295
39815	1.442974	-4.283784	-1.333055
39816	1.398758	-5.759565	-1.642749
39817	1.310611	-7.488395	-1.950658
39818	1.140429	-9.343174	-2.254895
39819	0.917735	-11.260295	-2.592642
39820	0.738027	-13.149811	-3.058257
39821	1.091243	-15.040804	-3.582475
39822	1.908490	-16.853743	-4.060876
39823	2.290894	-18.178685	-4.839310
39824	2.528291	-19.483362	-5.746127
39825	2.970470	-21.040947	-6.513343
39826	3.374642	-22.576716	-7.170519
39827	3.697274	-24.057533	-7.772791
39828	4.012093	-25.565210	-8.323016
39829	4.294081	-27.020892	-8.799863
39830	4.525070	-28.371734	-9.175454
39831	4.680937	-29.617658	-9.397767
39832	4.717585	-30.758907	-9.426702
39833	4.616691	-31.778346	-9.278442
39834	4.385818	-32.632234	-9.010748
39835	4.063532	-33.303750	-8.674157
39836	3.683899	-33.792883	-8.304584
39837	3.272174	-34.093552	-7.939693
39838	2.844084	-34.179286	-7.616327
39839	2.434789	-34.023551	-7.315343
39840	2.065431	-33.624922	-7.024881
39841	1.738528	-32.963231	-6.762108
39842	1.440110	-32.041899	-6.534586
39843	1.182119	-30.888934	-6.331780
39844	0.946886	-29.550656	-6.152847
39845	0.706148	-28.065984	-5.993444
39846	0.455262	-26.477314	-5.852675
39847	0.196189	-24.806002	-5.730574
39848	-0.063506	-23.067199	-5.617467
39849	-0.311384	-21.265315	-5.517174
39850	-0.515443	-19.477141	-5.424223
39851	-0.687295	-17.706989	-5.328237
39852	-0.856827	-15.930834	-5.250039
39853	-1.060083	-14.132384	-5.190833
39854	-1.278291	-12.350513	-5.125173
39855	-1.487337	-10.630311	-4.979163
39856	-1.669270	-9.007120	-4.716441
39857	-1.839414	-7.487386	-4.330090
39858	-2.014754	-6.084642	-3.867201
39859	-2.153474	-4.785069	-3.362997
39860	-2.226914	-3.555523	-2.855250
39861	-2.252224	-2.421664	-2.375012
39862	-2.227792	-1.407847	-1.919775
39863	-2.133948	-0.499050	-1.473049
39864	-1.996338	0.300529	-1.012371
39865	-1.846859	0.993277	-0.519960
39866	-1.697046	1.556417	0.031152
39867	-1.498894	1.720649	0.729614
39868	-1.439186	1.180323	1.515959
39869	-1.500324	0.558541	2.033299
39870	-1.413824	0.234852	2.174036
39871	-1.311549	0.030992	2.004009
39872	-1.361259	-0.262562	1.725988
39873	-1.449449	-0.568661	1.373764
39874	-1.477596	-0.875618	1.006156
39875	-1.421055	-1.195220	0.694668
39876	-1.305607	-1.532672	0.535581
39877	-1.208193	-1.826198	0.530074
39878	-1.241235	-2.029139	0.592375
39879	-1.372157	-2.234079	0.631687
39880	-1.547466	-2.503755	0.596743
39881	-1.724840	-2.789963	0.451105
39882	-1.828545	-2.996269	0.180350
39883	-1.910563	-3.177441	-0.153233
39884	-2.032986	-3.373610	-0.472477
39885	-2.207418	-3.559417	-0.732459
39886	-2.419025	-3.757764	-0.892443
39887	-2.687111	-3.985634	-0.927687
39888	-3.000653	-4.226728	-0.912430
39889	-3.318269	-4.496720	-0.932553
39890	-3.622523	-4.798222	-1.003073
39891	-3.907895	-5.141123	-1.080819
39892	-4.127547	-5.463790	-1.237737
39893	-4.301147	-5.717393	-1.389389
39894	-4.454077	-5.971601	-1.524847
39895	-4.616766	-6.190729	-1.650930
39896	-4.802188	-6.400648	-1.706151
39897	-4.989529	-6.601245	-1.737860
39898	-5.139904	-6.812738	-1.771862
39899	-5.258746	-7.020832	-1.799176
39900	-5.358686	-7.210693	-1.833099
39901	-5.448867	-7.362735	-1.904983
39902	-5.594435	-7.484241	-1.943798
39903	-5.763825	-7.577989	-1.948862
39904	-5.937529	-7.645640	-1.949618
39905	-6.096365	-7.698891	-1.958801
39906	-6.279638	-7.721904	-1.952453
39907	-6.432463	-7.736008	-1.963146
39908	-6.562536	-7.741974	-1.953723
39909	-6.704254	-7.739213	-1.925311
39910	-6.794573	-7.746079	-1.896248
39911	-6.887816	-7.760485	-1.856050
39912	-6.984917	-7.778733	-1.822168
39913	-7.079755	-7.798711	-1.799494
39914	-7.196525	-7.805851	-1.774162
39915	-7.318974	-7.818799	-1.768928
39916	-7.422661	-7.834944	-1.745862
39917	-7.527700	-7.861214	-1.709942
39918	-7.631222	-7.895797	-1.670624
39919	-7.728923	-7.933627	-1.617206
39920	-7.809255	-7.957727	-1.569057
39921	-7.888727	-7.975349	-1.506349
39922	-7.989031	-7.981493	-1.427498
39923	-8.037353	-7.978000	-1.361611
39924	-8.055493	-7.968388	-1.294519
39925	-8.056832	-7.951134	-1.240823
39926	-8.076213	-7.912304	-1.185125
39927	-8.121492	-7.856941	-1.125053
39928	-8.185865	-7.794921	-1.066289
39929	-8.276466	-7.720917	-1.001128
39930	-8.398174	-7.636683	-0.934393
39931	-8.536751	-7.551907	-0.876155
39932	-8.685384	-7.461342	-0.824067
39933	-8.827359	-7.378957	-0.779331
39934	-8.958582	-7.304490	-0.747972
39935	-9.065343	-7.253264	-0.718701
39936	-9.130847	-7.236989	-0.672385
39937	-9.125047	-7.272057	-0.611972
39938	-9.060490	-7.300292	-0.566489
39939	-8.956603	-7.326709	-0.513645
39940	-8.809057	-7.337764	-0.484729
39941	-8.664281	-7.308251	-0.497161
39942	-8.550344	-7.235760	-0.520709
39943	-8.464825	-7.135108	-0.560738
39944	-8.399529	-7.008635	-0.589733
39945	-8.327185	-6.857053	-0.588347
39946	-8.228073	-6.666799	-0.554663
39947	-8.102500	-6.430262	-0.488608
39948	-7.964596	-6.145915	-0.398582
39949	-7.823751	-5.828121	-0.291852
39950	-7.656062	-5.479543	-0.176179
39951	-7.471196	-5.108096	-0.053067
39952	-7.279515	-4.740265	0.084694
39953	-7.084963	-4.410316	0.222967
39954	-6.898979	-4.140209	0.338134
39955	-6.712263	-3.895112	0.448009
39956	-6.523055	-3.655771	0.561346
39957	-6.352726	-3.435311	0.665696
39958	-6.275830	-3.343948	0.675843
39959	-6.316067	-3.417601	0.573802
39960	-6.389946	-3.507384	0.471459
39961	-6.451339	-3.576681	0.391439
39962	-6.488376	-3.614974	0.334367
39963	-6.505108	-3.631208	0.301066
39964	-6.481257	-3.636741	0.281562
39965	-6.404229	-3.636781	0.276373
39966	-6.266638	-3.619552	0.286958
39967	-6.096909	-3.582292	0.313549
39968	-5.950718	-3.577785	0.331143
39969	-5.854336	-3.612458	0.345198
39970	-5.790723	-3.653484	0.358552
39971	-5.755309	-3.698855	0.366365
39972	-5.746734	-3.736990	0.374564
39973	-5.745751	-3.762164	0.382360
39974	-5.758154	-3.772535	0.390169
39975	-5.783816	-3.771828	0.394190
39976	-5.816382	-3.754258	0.404252
39977	-5.845913	-3.724607	0.416162
39978	-5.861916	-3.683066	0.432315
39979	-5.861847	-3.631459	0.455037
39980	-5.842337	-3.564007	0.485878
39981	-5.809184	-3.492410	0.521391
39982	-5.787498	-3.438063	0.549740
39983	-5.779945	-3.406319	0.570635
39984	-5.768044	-3.396917	0.576243
39985	-5.759745	-3.403476	0.582210
39986	-5.728473	-3.421287	0.575104
39987	-5.677656	-3.441049	0.573233
39988	-5.618643	-3.459080	0.570819
39989	-5.566999	-3.468844	0.576243
39990	-5.516193	-3.475174	0.590124
39991	-5.469996	-3.473965	0.617936
39992	-5.436229	-3.472107	0.650627
39993	-5.407453	-3.481881	0.676486
39994	-5.400692	-3.519681	0.683875
39995	-5.416167	-3.584293	0.696677
39996	-5.429455	-3.640122	0.729115
39997	-5.437394	-3.670262	0.778453
39998	-5.438197	-3.676538	0.833961
39999	-5.431741	-3.668302	0.890408
40000	-5.424593	-3.654148	0.934894
40001	-5.419247	-3.640142	0.962530
40002	-5.415850	-3.628191	0.975724
40003	-5.410887	-3.617861	0.979905
40004	-5.400194	-3.606796	0.998148
40005	-5.372736	-3.594557	1.050602
40006	-5.337040	-3.575987	1.120562
40007	-5.288282	-3.557538	1.185622
40008	-5.230370	-3.538197	1.240867
40009	-5.167564	-3.521018	1.278409
40010	-5.097821	-3.505297	1.302700
40011	-5.010332	-3.493181	1.327501
40012	-4.908243	-3.484491	1.358401
40013	-4.819751	-3.480350	1.391897
40014	-4.743189	-3.474573	1.420067
40015	-4.699465	-3.475309	1.420800
40016	-4.685988	-3.474941	1.404553
40017	-4.691098	-3.471335	1.391064
40018	-4.707516	-3.463805	1.377686
40019	-4.732146	-3.452098	1.364868
40020	-4.759605	-3.441909	1.348274
40021	-4.788299	-3.433335	1.331766
40022	-4.813360	-3.425940	1.312076
40023	-4.830636	-3.420057	1.296437
40024	-4.842979	-3.416901	1.281126
40025	-4.849155	-3.412513	1.268252
40026	-4.850753	-3.405208	1.259510
40027	-4.849518	-3.399404	1.250814
40028	-4.840960	-3.394648	1.241249
40029	-4.839012	-3.390233	1.220918
40030	-4.843597	-3.391675	1.191222
40031	-4.861663	-3.392199	1.158088
40032	-4.892958	-3.390793	1.125283
40033	-4.927815	-3.390088	1.091492
40034	-4.963112	-3.390691	1.054576
40035	-4.996137	-3.392277	1.017337
40036	-5.021896	-3.397515	0.981523
40037	-5.035624	-3.404806	0.945081
40038	-5.051039	-3.414704	0.905656
40039	-5.068042	-3.421977	0.871948
40040	-5.079295	-3.430205	0.846776
40041	-5.086913	-3.436523	0.835397
40042	-5.090307	-3.442722	0.834126
40043	-5.089600	-3.447479	0.838294
40044	-5.084917	-3.452990	0.842925
40045	-5.077128	-3.462337	0.846165
40046	-5.068493	-3.471686	0.846123
40047	-5.066225	-3.482151	0.839455
40048	-5.069201	-3.491608	0.824754
40049	-5.080529	-3.502271	0.807822
40050	-5.100456	-3.511447	0.791572
40051	-5.128733	-3.521840	0.773099
40052	-5.161855	-3.538095	0.752024
40053	-5.186437	-3.564252	0.723787
40054	-5.201469	-3.589289	0.690743
40055	-5.202263	-3.612528	0.658643
40056	-5.192457	-3.633801	0.626648
40057	-5.176192	-3.651915	0.598876
40058	-5.155838	-3.665407	0.574344
40059	-5.133555	-3.684254	0.549942
40060	-5.105951	-3.701377	0.525384
40061	-5.076377	-3.715640	0.500100
40062	-5.047831	-3.726438	0.465835
40063	-5.015200	-3.737359	0.431476
40064	-4.977167	-3.746792	0.398332
40065	-4.935727	-3.753965	0.368877
40066	-4.899134	-3.758353	0.341944
40067	-4.866963	-3.760535	0.315094
40068	-4.842380	-3.759208	0.284696
40069	-4.820128	-3.751632	0.254620
40070	-4.799802	-3.740108	0.226255
40071	-4.771648	-3.719172	0.198816
40072	-4.738998	-3.692447	0.171864
40073	-4.698267	-3.658657	0.144439
40074	-4.651526	-3.620113	0.115958
40075	-4.604421	-3.581838	0.085150
40076	-4.555687	-3.544971	0.048264
40077	-4.505073	-3.509403	0.007482
40078	-4.452801	-3.476655	-0.037565
40079	-4.393560	-3.448411	-0.084873
40080	-4.326604	-3.426712	-0.136771
40081	-4.253644	-3.410534	-0.194484
40082	-4.177774	-3.395824	-0.256585
40083	-4.105929	-3.383279	-0.322792
40084	-4.039189	-3.370178	-0.394236
40085	-3.981343	-3.347024	-0.462587
40086	-3.937736	-3.309221	-0.526149
40087	-3.904465	-3.256469	-0.580413
40088	-3.897180	-3.188859	-0.638588
40089	-3.916451	-3.135854	-0.704516
40090	-3.959875	-3.112270	-0.791056
40091	-4.038762	-3.164402	-0.934311
40092	-4.182073	-3.318958	-1.075241
40093	-4.706149	-3.797655	-1.225520
40094	-5.194554	-4.788644	-1.058311
40095	-5.940932	-6.351444	-0.746605
40096	-6.684740	-8.289208	-0.365151
40097	-7.325531	-10.409986	-0.022647
40098	-7.824077	-12.581790	0.193424
40099	-8.225979	-14.768538	0.273444
40100	-8.461144	-16.901660	0.155915
40101	-8.960406	-18.781047	-0.160879
40102	-9.560287	-20.698681	-0.492663
40103	-9.552560	-22.666189	-0.565730
40104	-9.622596	-24.748859	-0.843317
40105	-9.600866	-26.885718	-1.473434
40106	-9.132020	-29.039237	-2.315390
40107	-8.374750	-31.160437	-3.322209
40108	-7.442801	-33.188016	-4.415587
40109	-6.328095	-35.079874	-5.504687
40110	-5.055544	-36.782451	-6.598509
40111	-3.693961	-38.278605	-7.668616
40112	-2.320988	-39.584674	-8.645310
40113	-1.041229	-40.693340	-9.477842
40114	0.087790	-41.569151	-10.161578
40115	1.033241	-42.179088	-10.701308
40116	1.812070	-42.484601	-11.105105
40117	2.479335	-42.500458	-11.386771
40118	3.051149	-42.245255	-11.541783
40119	3.502367	-41.719272	-11.606487
40120	3.827755	-40.896989	-11.619109
40121	4.053121	-39.797512	-11.579144
40122	4.156811	-38.474913	-11.443053
40123	4.130275	-36.923035	-11.232248
40124	3.978158	-35.155909	-10.970415
40125	3.738970	-33.198677	-10.701634
40126	3.469297	-31.116745	-10.514808
40127	3.250707	-28.964884	-10.442543
40128	3.112631	-26.771536	-10.466137
40129	3.045163	-24.549604	-10.608894
40130	3.035938	-22.418349	-10.760704
40131	2.980830	-20.397253	-10.830803
40132	2.841138	-18.503756	-10.778453
40133	2.658771	-16.770924	-10.595526
40134	2.503441	-15.200613	-10.291628
40135	2.438882	-13.808442	-9.877133
40136	2.417022	-12.573543	-9.496834
40137	2.519407	-11.494493	-9.226235
40138	2.785584	-10.582038	-9.016292
40139	3.126503	-9.789064	-8.842112
40140	3.535273	-9.131693	-8.606147
40141	3.933273	-8.628493	-8.277903
40142	4.242661	-8.251193	-7.921086
40143	4.540752	-7.977668	-7.592844
40144	4.843061	-7.769354	-7.352620
40145	5.105798	-7.563749	-7.208594
40146	5.327292	-7.384397	-7.093848
40147	5.443276	-7.263115	-7.003641
40148	5.440698	-7.217684	-6.963179
40149	4.824408	-7.222608	-7.046149
40150	3.053104	-7.069452	-7.301573
40151	1.718410	-6.731257	-7.584880
40152	0.780079	-6.712878	-7.533364
40153	0.435190	-6.936426	-7.543939
40154	0.402412	-7.283103	-7.580486
40155	0.607442	-7.668404	-7.564525
40156	0.796198	-8.002840	-7.574252
40157	0.718195	-8.215739	-7.735483
40158	0.637562	-8.325567	-7.899851
40159	0.508890	-8.297186	-8.077188
40160	0.126908	-8.098412	-8.317450
40161	-0.447366	-7.832643	-8.528370
40162	-0.912728	-7.621984	-8.671923
40163	-1.084663	-7.562238	-8.734741
40164	-1.105802	-7.587785	-8.798079
40165	-1.038164	-7.664178	-8.879182
40166	-0.909306	-7.744650	-8.969290
40167	-0.815200	-7.795498	-8.976356
40168	-0.760909	-7.802755	-8.913259
40169	-0.672542	-7.767600	-8.802963
40170	-0.527301	-7.674534	-8.633741
40171	-0.383165	-7.543058	-8.469441
40172	-0.274280	-7.392415	-8.319447
40173	-0.251649	-7.291973	-8.267036
40174	-0.376313	-7.332154	-8.474744
40175	-0.572605	-7.425062	-8.799999
40176	-0.772445	-7.506629	-9.157102
40177	-1.014952	-7.615917	-9.445221
40178	-1.279048	-7.709501	-9.659203
40179	-1.583203	-7.826774	-9.867314
40180	-1.890448	-7.976623	-10.090526
40181	-2.197047	-8.116493	-10.276470
40182	-2.503035	-8.247506	-10.367305
40183	-2.802285	-8.346293	-10.409601
40184	-3.065987	-8.412822	-10.374932
40185	-3.303028	-8.468506	-10.317330
40186	-3.543345	-8.533912	-10.257314
40187	-3.803893	-8.587281	-10.185891
40188	-4.064338	-8.627047	-10.114869
40189	-4.311923	-8.655544	-10.048702
40190	-4.556008	-8.670998	-9.971489
40191	-4.788403	-8.670579	-9.894446
40192	-4.990677	-8.652578	-9.812736
40193	-5.173302	-8.624553	-9.728292
40194	-5.344343	-8.593158	-9.650902
40195	-5.492880	-8.554825	-9.579579
40196	-5.626122	-8.508994	-9.507800
40197	-5.735668	-8.444380	-9.438266
40198	-5.798573	-8.352494	-9.356917
40199	-5.772762	-8.197905	-9.268862
40200	-5.689703	-7.963418	-9.166055
40201	-5.549823	-7.648078	-9.045094
40202	-5.396454	-7.265727	-8.907824
40203	-5.232527	-6.841350	-8.748896
40204	-5.011700	-6.382579	-8.564971
40205	-4.683865	-5.892916	-8.357794
40206	-4.241385	-5.354962	-8.094553
40207	-3.807011	-4.780036	-7.753108
40208	-3.473043	-4.248878	-7.347018
40209	-3.213927	-3.783435	-6.939430
40210	-3.007710	-3.379403	-6.554142
40211	-2.828380	-3.032106	-6.183446
40212	-2.648452	-2.728837	-5.833306
40213	-2.464257	-2.460648	-5.500376
40214	-2.306449	-2.234909	-5.185389
40215	-2.174823	-2.034469	-4.883063
40216	-2.036115	-1.869772	-4.619614
40217	-1.890152	-1.753822	-4.373622
40218	-1.711863	-1.666620	-4.077911
40219	-1.500273	-1.594016	-3.764133
40220	-1.302752	-1.538588	-3.513796
40221	-1.140646	-1.493807	-3.300460
40222	-1.042398	-1.458989	-3.147288
40223	-0.994672	-1.426468	-3.033698
40224	-0.986038	-1.400701	-2.958711
40225	-0.997468	-1.393742	-2.915646
40226	-1.004106	-1.414055	-2.846367
40227	-0.977431	-1.454133	-2.719824
40228	-0.918037	-1.489384	-2.590177
40229	-0.850978	-1.515657	-2.475121
40230	-0.792023	-1.533628	-2.379694
40231	-0.735910	-1.542784	-2.302567
40232	-0.686768	-1.558751	-2.224278
40233	-0.665261	-1.654279	-2.155935
40234	-0.674933	-1.834295	-2.139551
40235	-0.686947	-1.995565	-2.140849
40236	-0.689168	-2.108204	-2.143829
40237	-0.685954	-2.175463	-2.139840
40238	-0.685194	-2.204876	-2.137208
40239	-0.698976	-2.210352	-2.137061
40240	-0.717481	-2.199785	-2.140153
40241	-0.739452	-2.180594	-2.147514
40242	-0.760902	-2.157660	-2.156958
40243	-0.778213	-2.138092	-2.168789
40244	-0.792432	-2.124121	-2.187047
40245	-0.800385	-2.109046	-2.210806
40246	-0.797203	-2.095543	-2.241927
40247	-0.777321	-2.071585	-2.274404
40248	-0.747033	-2.043302	-2.273500
40249	-0.706128	-2.012603	-2.241179
40250	-0.648550	-1.980872	-2.201979
40251	-0.596383	-1.944399	-2.161566
40252	-0.570637	-1.901578	-2.127580
40253	-0.561083	-1.855499	-2.108845
40254	-0.562170	-1.793417	-2.084648
40255	-0.585368	-1.748619	-2.097298
40256	-0.625118	-1.715560	-2.139179
40257	-0.676823	-1.700630	-2.190196
40258	-0.749782	-1.726259	-2.266143
40259	-0.828969	-1.773246	-2.344470
40260	-0.899339	-1.812154	-2.406622
40261	-0.949930	-1.837248	-2.447459
40262	-0.983216	-1.844408	-2.476068
40263	-1.014483	-1.840286	-2.494770
40264	-1.043807	-1.826169	-2.504028
40265	-1.061742	-1.805257	-2.515290
40266	-1.075367	-1.778358	-2.525672
40267	-1.096773	-1.758843	-2.563872
40268	-1.123659	-1.745334	-2.630389
40269	-1.157835	-1.727776	-2.712819
40270	-1.195825	-1.704647	-2.811304
40271	-1.237111	-1.678189	-2.919262
40272	-1.291441	-1.647688	-3.022216
40273	-1.349216	-1.620723	-3.133610
40274	-1.409120	-1.591384	-3.248674
40275	-1.466693	-1.555765	-3.353228
40276	-1.520547	-1.510816	-3.446303
40277	-1.569702	-1.464764	-3.537022
40278	-1.616977	-1.419570	-3.630133
40279	-1.665657	-1.388580	-3.731006
40280	-1.715313	-1.380710	-3.844510
40281	-1.762019	-1.389130	-3.957632
40282	-1.800189	-1.403404	-4.064447
40283	-1.834880	-1.426775	-4.168334
40284	-1.877382	-1.469278	-4.292044
40285	-1.932845	-1.526336	-4.421450
40286	-1.985409	-1.587206	-4.535386
40287	-2.032851	-1.653095	-4.643586
40288	-2.081371	-1.713866	-4.747713
40289	-2.129789	-1.772990	-4.851217
40290	-2.173118	-1.830467	-4.950923
40291	-2.213791	-1.886762	-5.052512
40292	-2.260392	-1.938390	-5.162155
40293	-2.326803	-1.979123	-5.271680
40294	-2.421691	-2.008542	-5.372168
40295	-2.551195	-2.034299	-5.470494
40296	-2.712303	-2.055334	-5.579690
40297	-2.905107	-2.158137	-5.714525
40298	-3.121485	-2.437926	-5.827466
40299	-3.350848	-2.904599	-5.885131
40300	-4.013375	-3.781561	-5.947667
40301	-4.490335	-5.226183	-5.550874
40302	-5.164060	-6.995617	-5.057121
40303	-5.614414	-9.010125	-4.596601
40304	-5.883413	-11.362845	-4.395730
40305	-5.971908	-13.802689	-4.655718
40306	-5.963745	-16.027300	-5.273935
40307	-5.645987	-18.183943	-5.887588
40308	-4.943143	-20.555682	-6.246631
40309	-4.308493	-23.122534	-6.714511
40310	-3.534028	-25.699142	-7.359113
40311	-2.483958	-28.258901	-8.099911
40312	-1.265209	-30.772760	-8.932305
40313	0.063223	-33.165501	-9.788604
40314	1.469761	-35.423544	-10.588748
40315	2.870688	-37.523532	-11.342542
40316	4.179350	-39.429429	-12.038160
40317	5.367569	-41.139936	-12.624303
40318	6.374229	-42.678228	-13.031927
40319	7.127210	-44.003408	-13.236813
40320	7.643876	-45.050052	-13.280463
40321	7.967410	-45.794659	-13.220951
40322	8.169418	-46.207386	-13.148593
40323	8.342502	-46.250265	-13.073224
40324	8.538221	-45.961837	-12.987946
40325	8.711134	-45.330405	-12.908072
40326	8.816634	-44.331246	-12.825054
40327	8.804581	-42.978912	-12.664042
40328	8.632233	-41.335869	-12.376155
40329	8.274007	-39.433948	-11.961445
40330	7.782148	-37.299136	-11.509829
40331	7.248541	-34.959766	-11.112980
40332	6.739173	-32.456925	-10.880277
40333	6.328495	-29.800595	-10.876090
40334	6.038252	-27.121500	-10.938791
40335	5.714542	-24.485032	-10.947518
40336	5.226593	-21.921393	-10.877255
40337	4.614178	-19.506198	-10.660095
40338	3.947625	-17.273784	-10.324437
40339	3.362791	-15.208869	-9.928597
40340	2.931639	-13.326290	-9.480347
40341	2.597296	-11.612474	-8.957643
40342	2.296026	-10.067869	-8.407649
40343	2.012819	-8.676386	-8.012496
40344	1.893668	-7.453624	-7.852517
40345	1.940061	-6.413035	-7.840481
40346	2.066066	-5.579008	-7.827984
40347	2.146946	-4.919414	-7.742254
40348	2.124875	-4.389597	-7.549574
40349	2.000790	-3.965320	-7.252587
40350	1.777521	-3.624952	-6.908758
40351	1.542565	-3.370754	-6.572716
40352	0.661217	-3.433294	-6.468368
40353	-0.927008	-3.935748	-6.273025
40354	-1.806394	-4.138108	-6.193613
40355	-2.076527	-4.127350	-6.478435
40356	-2.233110	-4.331461	-6.675872
40357	-2.347845	-4.721591	-6.591335
40358	-2.462659	-5.060508	-6.415069
40359	-2.301028	-5.257247	-6.481406
40360	-2.050234	-5.458492	-6.518905
40361	-1.845626	-5.634522	-6.510788
40362	-1.723823	-5.786416	-6.537484
40363	-1.659940	-5.949304	-6.588570
40364	-1.685398	-6.113561	-6.606067
40365	-1.769061	-6.233356	-6.617350
40366	-1.852133	-6.354595	-6.633275
40367	-1.911148	-6.471716	-6.692691
40368	-1.937878	-6.586703	-6.793100
40369	-1.935403	-6.707764	-6.887133
40370	-1.901529	-6.824916	-6.985489
40371	-1.863815	-6.922881	-7.084886
40372	-1.830938	-6.993916	-7.180874
40373	-1.801344	-7.031976	-7.304967
40374	-1.740421	-7.054372	-7.450442
40375	-1.630705	-7.069153	-7.596433
40376	-1.458434	-7.036351	-7.763565
40377	-1.298566	-7.032426	-7.862106
40378	-1.125080	-7.024026	-7.948030
40379	-0.890641	-6.923155	-8.134630
40380	-0.653771	-6.863846	-8.246745
40381	-0.372730	-6.744855	-8.379953
40382	-0.089811	-6.651287	-8.468849
40383	0.131398	-6.594436	-8.525429
40384	0.275752	-6.526489	-8.586502
40385	0.348300	-6.478442	-8.594862
40386	0.385470	-6.434095	-8.578440
40387	0.398685	-6.398432	-8.549900
40388	0.405508	-6.371593	-8.497173
40389	0.414557	-6.358944	-8.425516
40390	0.425142	-6.349803	-8.342673
40391	0.443442	-6.339743	-8.262456
40392	0.467551	-6.333593	-8.186955
40393	0.480296	-6.325429	-8.111389
40394	0.486055	-6.321300	-8.050528
40395	0.473339	-6.312745	-7.979882
40396	0.444717	-6.297699	-7.876664
40397	0.416107	-6.271064	-7.754010
40398	0.400748	-6.230280	-7.637054
40399	0.391995	-6.176498	-7.530452
40400	0.386087	-6.113864	-7.425477
40401	0.377447	-6.039860	-7.320572
40402	0.348941	-5.963652	-7.223852
40403	0.286165	-5.886864	-7.136542
40404	0.207623	-5.807777	-7.049119
40405	0.119240	-5.727025	-6.964582
40406	0.037371	-5.638301	-6.891944
40407	-0.050423	-5.565930	-6.878276
40408	-0.181955	-5.510699	-6.913135
40409	-0.330861	-5.462130	-6.949485
40410	-0.494171	-5.418085	-6.979491
40411	-0.680657	-5.374800	-6.993699
40412	-0.891991	-5.326647	-6.991606
40413	-1.135445	-5.277893	-6.946540
40414	-1.413586	-5.221599	-6.860916
40415	-1.716097	-5.153175	-6.754435
40416	-2.021635	-5.065711	-6.642970
40417	-2.306398	-4.969622	-6.535960
40418	-2.569259	-4.873149	-6.443846
40419	-2.826049	-4.775850	-6.359633
40420	-3.087539	-4.681740	-6.286014
40421	-3.349268	-4.593154	-6.230755
40422	-3.610568	-4.522110	-6.182874
40423	-3.846802	-4.480241	-6.148570
40424	-4.056219	-4.461191	-6.110014
40425	-4.251598	-4.449704	-6.060731
40426	-4.455864	-4.422544	-5.990984
40427	-4.662567	-4.383573	-5.906192
40428	-4.858324	-4.335406	-5.810106
40429	-5.029442	-4.293913	-5.708629
40430	-5.173706	-4.254329	-5.609423
40431	-5.307954	-4.238209	-5.507957
40432	-5.453709	-4.226150	-5.427141
40433	-5.609694	-4.215350	-5.361037
40434	-5.756065	-4.216996	-5.310606
40435	-5.879927	-4.238164	-5.267336
40436	-5.974857	-4.266590	-5.234606
40437	-6.032842	-4.303100	-5.207812
40438	-6.062181	-4.331673	-5.176130
40439	-6.089346	-4.347681	-5.136816
40440	-6.125270	-4.360017	-5.086993
40441	-6.167172	-4.376417	-5.036415
40442	-6.196345	-4.399910	-4.990895
40443	-6.206202	-4.420503	-4.944340
40444	-6.203959	-4.431964	-4.884194
40445	-6.193457	-4.433106	-4.806506
40446	-6.191884	-4.411314	-4.740214
40447	-6.200942	-4.377645	-4.685593
40448	-6.209305	-4.340551	-4.651070
40449	-6.188696	-4.306710	-4.635419
40450	-6.125701	-4.274463	-4.621485
40451	-6.034044	-4.230281	-4.590237
40452	-5.922701	-4.162517	-4.525651
40453	-5.819868	-4.090279	-4.420996
40454	-5.751177	-4.001660	-4.290856
40455	-5.708716	-3.897782	-4.148372
40456	-5.663272	-3.780920	-4.005919
40457	-5.585680	-3.661574	-3.886734
40458	-5.519197	-3.517540	-3.767985
40459	-5.469083	-3.356660	-3.645128
40460	-5.391544	-3.189705	-3.524921
40461	-5.289043	-3.015862	-3.430338
40462	-5.190244	-2.831888	-3.325636
40463	-5.078151	-2.649665	-3.231255
40464	-4.938140	-2.481174	-3.148313
40465	-4.794111	-2.312190	-3.063760
40466	-4.655450	-2.140108	-2.965685
40467	-4.522193	-1.970823	-2.872743
40468	-4.401533	-1.810149	-2.782552
40469	-4.295227	-1.635070	-2.679250
40470	-4.208339	-1.484166	-2.573227
40471	-4.119880	-1.346172	-2.469092
40472	-4.032438	-1.222349	-2.376564
40473	-3.947113	-1.108905	-2.283386
40474	-3.872122	-0.998645	-2.195823
40475	-3.804843	-0.895498	-2.117986
40476	-3.737413	-0.808100	-2.055817
40477	-3.675290	-0.741006	-2.002815
40478	-3.615961	-0.685533	-1.962061
40479	-3.563089	-0.637151	-1.929570
40480	-3.516527	-0.592932	-1.891625
40481	-3.486954	-0.555309	-1.853874
40482	-3.466541	-0.514852	-1.812935
40483	-3.451102	-0.469569	-1.765964
40484	-3.436936	-0.420064	-1.712304
40485	-3.424702	-0.365380	-1.656459
40486	-3.412177	-0.308108	-1.599997
40487	-3.395540	-0.249664	-1.547422
40488	-3.373802	-0.189819	-1.496912
40489	-3.344634	-0.137862	-1.453177
40490	-3.307038	-0.092397	-1.414813
40491	-3.265622	-0.054106	-1.384740
40492	-3.220410	-0.019674	-1.361404
40493	-3.175075	0.013727	-1.335372
40494	-3.127278	0.046917	-1.319004
40495	-3.080212	0.075964	-1.306383
40496	-3.038208	0.105110	-1.294231
40497	-2.994415	0.132521	-1.284550
40498	-2.951343	0.156740	-1.276271
40499	-2.911556	0.176232	-1.268881
40500	-2.871611	0.193838	-1.260636
40501	-2.832882	0.210541	-1.251438
40502	-2.791019	0.226329	-1.240642
40503	-2.749612	0.242179	-1.232537
40504	-2.705214	0.259740	-1.224967
40505	-2.670668	0.274118	-1.216413
40506	-2.643864	0.289434	-1.207238
40507	-2.621071	0.304361	-1.201910
40508	-2.601240	0.320235	-1.199027
40509	-2.581106	0.333040	-1.196336
40510	-2.559376	0.350064	-1.187135
40511	-2.526178	0.363972	-1.175245
40512	-2.478719	0.380442	-1.160047
40513	-2.421456	0.399779	-1.143525
40514	-2.356901	0.419877	-1.129204
40515	-2.286867	0.441991	-1.116013
40516	-2.203601	0.464444	-1.102680
40517	-2.111754	0.488420	-1.087937
40518	-2.004201	0.513332	-1.066292
40519	-1.874427	0.539112	-1.042704
40520	-1.719915	0.570801	-1.018748
40521	-1.540152	0.595157	-0.992461
40522	-1.352489	0.600958	-0.946137
40523	-1.188744	0.596945	-0.894735
40524	-1.053158	0.593571	-0.847893
40525	-0.946391	0.590559	-0.808403
40526	-0.871567	0.588967	-0.772859
40527	-0.809773	0.590398	-0.746842
40528	-0.761518	0.584497	-0.734228
40529	-0.723815	0.567428	-0.749641
40530	-0.690263	0.540539	-0.789682
40531	-0.655683	0.512847	-0.833948
40532	-0.619918	0.490683	-0.871042
40533	-0.592314	0.461743	-0.906787
40534	-0.575412	0.418969	-0.949266
40535	-0.566075	0.378911	-0.988389
40536	-0.560342	0.350755	-1.014611
40537	-0.551871	0.331292	-1.033097
40538	-0.541236	0.319479	-1.041143
40539	-0.524365	0.314943	-1.034922
40540	-0.501626	0.312917	-1.018829
40541	-0.477530	0.310741	-0.989152
40542	-0.449751	0.311140	-0.954020
40543	-0.424954	0.316952	-0.920611
40544	-0.400091	0.324160	-0.893473
40545	-0.366527	0.333263	-0.868507
40546	-0.325540	0.347589	-0.845840
40547	-0.273949	0.355485	-0.825574
40548	-0.221899	0.340228	-0.825238
40549	-0.164336	0.305494	-0.843050
40550	-0.112046	0.268392	-0.858475
40551	-0.070517	0.239130	-0.864985
40552	-0.036863	0.218504	-0.875906
40553	-0.031175	0.193298	-0.902038
40554	-0.079325	0.098312	-1.026876
40555	-0.125633	-0.051838	-1.239743
40556	-0.161509	-0.182708	-1.434084
40557	-0.195387	-0.288271	-1.581884
40558	-0.213020	-0.369224	-1.709683
40559	-0.238451	-0.425260	-1.806571
40560	-0.270908	-0.466015	-1.881031
40561	-0.284357	-0.499226	-1.957928
40562	-0.305101	-0.530798	-2.010641
40563	-0.347435	-0.604644	-2.072430
40564	-0.409799	-0.732792	-2.186109
40565	-0.484777	-0.851461	-2.293042
40566	-0.548880	-0.942305	-2.381931
40567	-0.596380	-1.012748	-2.462827
40568	-0.656319	-1.079826	-2.551545
40569	-0.713293	-1.156401	-2.640881
40570	-0.755910	-1.217593	-2.707151
40571	-0.781637	-1.259819	-2.756753
40572	-0.789164	-1.281793	-2.790660
40573	-0.781726	-1.296223	-2.812128
40574	-0.761967	-1.309462	-2.825842
40575	-0.730854	-1.315879	-2.834121
40576	-0.692911	-1.321205	-2.843725
40577	-0.656665	-1.332906	-2.866206
40578	-0.629386	-1.353020	-2.903414
40579	-0.602217	-1.365500	-2.941964
40580	-0.556957	-1.369368	-3.000225
40581	-0.544002	-1.369266	-3.026633
40582	-0.528287	-1.362402	-3.056429
40583	-0.504908	-1.350827	-3.093237
40584	-0.499169	-1.341435	-3.110893
40585	-0.497259	-1.330717	-3.120993
40586	-0.494393	-1.315951	-3.129559
40587	-0.488006	-1.297597	-3.130953
40588	-0.481660	-1.278023	-3.129110
40589	-0.474391	-1.254603	-3.123496
40590	-0.461480	-1.225275	-3.115202
40591	-0.433745	-1.192398	-3.105007
40592	-0.399925	-1.149533	-3.083771
40593	-0.364899	-1.098473	-3.051701
40594	-0.323090	-1.040841	-3.011950
40595	-0.278222	-0.977085	-2.964720
40596	-0.234119	-0.905860	-2.906935
40597	-0.196902	-0.830527	-2.844715
40598	-0.158900	-0.754139	-2.782360
40599	-0.120682	-0.676219	-2.712129
40600	-0.082364	-0.600005	-2.642347
40601	-0.046532	-0.523378	-2.573618
40602	-0.010981	-0.451123	-2.508224
40603	0.020102	-0.384617	-2.445119
40604	0.046754	-0.324319	-2.381649
40605	0.075430	-0.268781	-2.323085
40606	0.101562	-0.226747	-2.270703
40607	0.116872	-0.213285	-2.246871
40608	0.108588	-0.232595	-2.286948
40609	0.099200	-0.251853	-2.340514
40610	0.089873	-0.266187	-2.386024
40611	0.080544	-0.276939	-2.420860
40612	0.067729	-0.282052	-2.449206
40613	0.052088	-0.281311	-2.467471
40614	0.034064	-0.285175	-2.492249
40615	0.006827	-0.303211	-2.544592
40616	-0.026551	-0.334795	-2.615107
40617	-0.056785	-0.361919	-2.682278
40618	-0.072744	-0.376362	-2.746674
40619	-0.094051	-0.388901	-2.767720
40620	-0.106045	-0.398973	-2.797716
40621	-0.103484	-0.409130	-2.822267
40622	-0.095918	-0.418577	-2.843911
40623	-0.088700	-0.434906	-2.866001
40624	-0.073716	-0.454172	-2.890116
40625	-0.071239	-0.491977	-2.940441
40626	-0.081617	-0.560331	-3.026301
40627	-0.092971	-0.627225	-3.120025
40628	-0.104038	-0.680810	-3.195237
40629	-0.114197	-0.721952	-3.248008
40630	-0.124732	-0.757272	-3.281439
40631	-0.138330	-0.785907	-3.301610
40632	-0.169017	-0.825223	-3.348375
40633	-0.251256	-0.964303	-3.583835
40634	-0.361244	-1.163296	-3.922332
40635	-0.471155	-1.366236	-4.236490
40636	-0.561565	-1.527684	-4.480501
40637	-0.627560	-1.640280	-4.651769
40638	-0.671642	-1.713168	-4.768517
40639	-0.698190	-1.755559	-4.850812
40640	-0.712061	-1.774856	-4.908633
40641	-0.719471	-1.785347	-4.948140
40642	-0.727411	-1.798928	-4.983310
40643	-0.735013	-1.816094	-5.013784
40644	-0.754385	-1.852026	-5.074249
40645	-0.773378	-1.894269	-5.150190
40646	-0.804916	-1.936097	-5.238898
40647	-0.862984	-1.985552	-5.366373
40648	-0.936702	-2.038798	-5.508663
40649	-1.013816	-2.107715	-5.643694
40650	-1.081518	-2.173915	-5.725805
40651	-1.138522	-2.220306	-5.771681
40652	-1.190699	-2.251450	-5.806479
40653	-1.251659	-2.288338	-5.836773
40654	-1.314534	-2.321426	-5.865337
40655	-1.367976	-2.347852	-5.899640
40656	-1.422667	-2.360804	-5.942045
40657	-1.481112	-2.364033	-5.991196
40658	-1.542106	-2.356724	-6.044509
