// General information: 
//  MT Manager version: 2021.4.0 
//  XDA version: 2021.4.0 build 6323 rev 112641 built on 2021-09-28
// Device information: 
//  DeviceId: 00B43856
//  ProductCode: MTW2-3A7G6
//  Firmware Version: 4.3.4
//  Hardware Version: 1.1.0
// Device settings: 
//  Filter Profile: human(46.1)
//  Option Flags: Orientation Smoother Disabled, Position/Velocity Smoother Disabled, Continuous Zero Rotation Update Disabled, AHS Disabled, ICC Disabled
// Coordinate system: ENU
PacketCounter	Roll	Pitch	Yaw
39006	-0.934914	1.692779	1.970064
39007	-0.959638	1.702110	1.956846
39008	-0.982442	1.706859	1.943009
39009	-1.006059	1.715292	1.934768
39010	-1.028072	1.723731	1.935864
39011	-1.048833	1.727456	1.940808
39012	-1.072499	1.730954	1.945611
39013	-1.099738	1.735164	1.954970
39014	-1.128690	1.739593	1.963868
39015	-1.161663	1.742873	1.969783
39016	-1.196872	1.749810	1.979952
39017	-1.232211	1.760543	1.991034
39018	-1.265220	1.763029	2.002636
39019	-1.295503	1.761109	2.013804
39020	-1.325922	1.761934	2.026012
39021	-1.358249	1.761132	2.034802
39022	-1.390684	1.761316	2.046930
39023	-1.418032	1.765250	2.061920
39024	-1.448541	1.766532	2.077271
39025	-1.477090	1.771103	2.092947
39026	-1.502099	1.772979	2.112366
39027	-1.524214	1.766069	2.129998
39028	-1.542867	1.766110	2.150136
39029	-1.556212	1.768624	2.164271
39030	-1.568381	1.771041	2.178224
39031	-1.569508	1.773989	2.191382
39032	-1.567290	1.769314	2.194226
39033	-1.558746	1.766224	2.195816
39034	-1.542611	1.761016	2.203885
39035	-1.518556	1.749572	2.215695
39036	-1.494988	1.735222	2.231342
39037	-1.475014	1.728466	2.252613
39038	-1.457983	1.726464	2.272440
39039	-1.442721	1.724255	2.288434
39040	-1.428982	1.718511	2.300035
39041	-1.413961	1.710739	2.304646
39042	-1.397535	1.699764	2.302078
39043	-1.380735	1.687058	2.295293
39044	-1.362635	1.669215	2.289832
39045	-1.345001	1.651821	2.293540
39046	-1.320909	1.630017	2.306518
39047	-1.299920	1.611272	2.319784
39048	-1.277440	1.591996	2.334752
39049	-1.251425	1.570245	2.347108
39050	-1.224690	1.547592	2.351954
39051	-1.198500	1.526322	2.352919
39052	-1.171359	1.504184	2.351311
39053	-1.144288	1.485509	2.347575
39054	-1.116172	1.468832	2.343903
39055	-1.083107	1.447586	2.333937
39056	-1.051298	1.416882	2.315188
39057	-1.021463	1.391948	2.297050
39058	-0.996665	1.369390	2.280010
39059	-0.975015	1.339799	2.256352
39060	-0.958885	1.311175	2.229241
39061	-0.947598	1.290826	2.203432
39062	-0.935642	1.267086	2.174996
39063	-0.923327	1.249786	2.152416
39064	-0.910490	1.232406	2.128350
39065	-0.892372	1.212016	2.110892
39066	-0.870975	1.193214	2.098856
39067	-0.844924	1.181602	2.093823
39068	-0.814780	1.168774	2.091459
39069	-0.781338	1.148623	2.091460
39070	-0.745223	1.131549	2.098182
39071	-0.707116	1.119479	2.114012
39072	-0.672718	1.110530	2.138094
39073	-0.640814	1.104661	2.164115
39074	-0.612699	1.100034	2.187150
39075	-0.588165	1.090752	2.208368
39076	-0.565351	1.076066	2.222408
39077	-0.546339	1.069382	2.226825
39078	-0.530740	1.060261	2.229019
39079	-0.511683	1.056056	2.228396
39080	-0.492785	1.052385	2.237054
39081	-0.469741	1.050570	2.250305
39082	-0.445946	1.041081	2.268772
39083	-0.421909	1.026744	2.290187
39084	-0.399132	1.012376	2.320422
39085	-0.381594	1.007597	2.361704
39086	-0.366967	1.004270	2.409117
39087	-0.356325	1.008364	2.463128
39088	-0.351677	1.007067	2.514545
39089	-0.348183	1.008467	2.565990
39090	-0.343186	1.017564	2.623837
39091	-0.339243	1.028585	2.684233
39092	-0.333729	1.033870	2.743220
39093	-0.328843	1.035171	2.796143
39094	-0.320805	1.036132	2.846754
39095	-0.313976	1.033643	2.893441
39096	-0.305635	1.039055	2.943554
39097	-0.298314	1.047973	2.996847
39098	-0.290640	1.055655	3.046226
39099	-0.283189	1.061954	3.095859
39100	-0.274430	1.073322	3.151151
39101	-0.265190	1.087070	3.205700
39102	-0.251932	1.092569	3.256091
39103	-0.238988	1.094819	3.308540
39104	-0.227445	1.097797	3.357914
39105	-0.217229	1.101442	3.401991
39106	-0.210668	1.104249	3.437323
39107	-0.208032	1.112755	3.468339
39108	-0.207960	1.120919	3.490740
39109	-0.213096	1.117006	3.502346
39110	-0.219539	1.103754	3.504963
39111	-0.224987	1.094905	3.508143
39112	-0.230758	1.083311	3.509761
39113	-0.234446	1.072562	3.513036
39114	-0.235026	1.064433	3.521476
39115	-0.232318	1.059263	3.532799
39116	-0.227074	1.049232	3.545276
39117	-0.218144	1.034141	3.555942
39118	-0.214626	1.017362	3.560588
39119	-0.212272	1.000789	3.556625
39120	-0.216922	0.989041	3.546446
39121	-0.222938	0.979084	3.526739
39122	-0.231666	0.966645	3.501144
39123	-0.241872	0.958519	3.474570
39124	-0.250058	0.944562	3.447465
39125	-0.258135	0.924597	3.422930
39126	-0.259802	0.909606	3.401181
39127	-0.258006	0.898266	3.394723
39128	-0.257825	0.884529	3.393658
39129	-0.256331	0.881089	3.406026
39130	-0.252361	0.884244	3.433128
39131	-0.247407	0.888467	3.464717
39132	-0.241921	0.895918	3.500315
39133	-0.236421	0.908613	3.540547
39134	-0.228849	0.917935	3.583851
39135	-0.226145	0.929517	3.620730
39136	-0.225613	0.946539	3.649581
39137	-0.224541	0.970613	3.678008
39138	-0.222165	0.994400	3.700036
39139	-0.217680	1.020608	3.719737
39140	-0.210447	1.045856	3.738376
39141	-0.200892	1.064610	3.755794
39142	-0.191980	1.075606	3.771201
39143	-0.187654	1.084720	3.792395
39144	-0.185252	1.085232	3.817720
39145	-0.185791	1.086323	3.850126
39146	-0.191105	1.086531	3.892491
39147	-0.199837	1.086209	3.938801
39148	-0.207318	1.078774	3.983116
39149	-0.217328	1.062431	4.025971
39150	-0.231997	1.044936	4.060526
39151	-0.250241	1.037941	4.104058
39152	-0.271109	1.027697	4.149968
39153	-0.292100	1.018764	4.197688
39154	-0.311073	1.019098	4.254019
39155	-0.324314	1.021053	4.312904
39156	-0.329648	1.020759	4.367683
39157	-0.332909	1.011606	4.412453
39158	-0.329868	1.005410	4.450253
39159	-0.328015	1.001433	4.477192
39160	-0.322784	0.998669	4.496647
39161	-0.317437	0.998725	4.512553
39162	-0.312161	1.003336	4.526349
39163	-0.306451	1.006625	4.539493
39164	-0.297899	1.003234	4.547372
39165	-0.286144	0.997456	4.552309
39166	-0.273117	0.987641	4.549438
39167	-0.258628	0.975982	4.540018
39168	-0.247493	0.963204	4.523534
39169	-0.240899	0.959982	4.505861
39170	-0.236410	0.957755	4.487668
39171	-0.238211	0.956008	4.469155
39172	-0.245451	0.951418	4.453561
39173	-0.258743	0.945959	4.441160
39174	-0.272418	0.936550	4.435548
39175	-0.289677	0.925186	4.440244
39176	-0.306024	0.908077	4.450173
39177	-0.325363	0.889335	4.466417
39178	-0.346975	0.873876	4.499928
39179	-0.369396	0.864662	4.550975
39180	-0.388922	0.849635	4.617203
39181	-0.412227	0.843781	4.705907
39182	-0.435141	0.847795	4.817604
39183	-0.458992	0.849535	4.941474
39184	-0.480540	0.851008	5.069833
39185	-0.504989	0.855092	5.200985
39186	-0.527313	0.862275	5.332177
39187	-0.549630	0.872657	5.459223
39188	-0.569769	0.886905	5.583793
39189	-0.589300	0.910606	5.699341
39190	-0.607997	0.935806	5.807813
39191	-0.619311	0.968640	5.906855
39192	-0.627597	0.995571	5.993722
39193	-0.630199	1.024237	6.065688
39194	-0.628071	1.049385	6.120571
39195	-0.624578	1.067683	6.144140
39196	-0.620642	1.074778	6.139836
39197	-0.615869	1.077739	6.107768
39198	-0.611494	1.077863	6.060661
39199	-0.610013	1.073829	6.000900
39200	-0.606233	1.066307	5.935189
39201	-0.603867	1.056518	5.863351
39202	-0.599064	1.039633	5.788240
39203	-0.592768	1.018023	5.707569
39204	-0.584734	0.988004	5.628086
39205	-0.576095	0.963247	5.556111
39206	-0.574271	0.945123	5.492824
39207	-0.578758	0.924907	5.433655
39208	-0.583822	0.898178	5.378303
39209	-0.592627	0.868993	5.325463
39210	-0.598072	0.837560	5.280078
39211	-0.602765	0.806739	5.244874
39212	-0.607588	0.786640	5.223585
39213	-0.613118	0.767281	5.217791
39214	-0.620627	0.749808	5.228932
39215	-0.625035	0.740744	5.262695
39216	-0.628154	0.732776	5.316639
39217	-0.631686	0.724621	5.385096
39218	-0.633377	0.715928	5.464471
39219	-0.638301	0.715607	5.549369
39220	-0.645316	0.728470	5.639574
39221	-0.657663	0.746847	5.726243
39222	-0.670087	0.768679	5.796748
39223	-0.679613	0.791609	5.853712
39224	-0.685897	0.812599	5.901740
39225	-0.691371	0.836398	5.942987
39226	-0.692056	0.860603	5.975151
39227	-0.690045	0.883595	6.001525
39228	-0.684925	0.904528	6.016872
39229	-0.677505	0.910594	6.013026
39230	-0.670908	0.915215	5.994525
39231	-0.666688	0.927380	5.966921
39232	-0.659278	0.938173	5.931993
39233	-0.653337	0.949026	5.886175
39234	-0.646754	0.954578	5.827815
39235	-0.641080	0.958906	5.759502
39236	-0.638012	0.966714	5.681530
39237	-0.636965	0.968591	5.600962
39238	-0.642681	0.965560	5.518676
39239	-0.650392	0.958783	5.435041
39240	-0.662031	0.946290	5.350718
39241	-0.674879	0.933308	5.271024
39242	-0.686516	0.922172	5.204150
39243	-0.695034	0.911362	5.145280
39244	-0.701956	0.898343	5.096797
39245	-0.707552	0.890913	5.057592
39246	-0.711476	0.878400	5.026500
39247	-0.711238	0.869636	5.005680
39248	-0.703434	0.865130	4.999343
39249	-0.694104	0.862717	5.006322
39250	-0.684954	0.865904	5.022215
39251	-0.675769	0.876201	5.046610
39252	-0.668062	0.888690	5.070892
39253	-0.661371	0.895013	5.090207
39254	-0.650958	0.913104	5.103204
39255	-0.647104	0.924426	5.102504
39256	-0.642096	0.935033	5.089766
39257	-0.641168	0.940778	5.068733
39258	-0.640630	0.945309	5.046223
39259	-0.639072	0.948394	5.022681
39260	-0.635382	0.943258	4.998119
39261	-0.633181	0.937152	4.970089
39262	-0.627771	0.930872	4.942698
39263	-0.624107	0.929190	4.925332
39264	-0.615822	0.930529	4.910679
39265	-0.612393	0.931508	4.892084
39266	-0.609993	0.932515	4.877706
39267	-0.602971	0.934920	4.865796
39268	-0.595601	0.938245	4.857204
39269	-0.589675	0.941004	4.843034
39270	-0.582255	0.938995	4.827356
39271	-0.572861	0.934653	4.812355
39272	-0.565899	0.929251	4.791028
39273	-0.555284	0.918394	4.762823
39274	-0.541919	0.903614	4.725110
39275	-0.528451	0.892244	4.689073
39276	-0.514144	0.883080	4.654257
39277	-0.501228	0.875154	4.618077
39278	-0.488925	0.867595	4.578624
39279	-0.474009	0.855756	4.533237
39280	-0.461639	0.841984	4.489635
39281	-0.447993	0.833274	4.448602
39282	-0.435031	0.818696	4.410221
39283	-0.421364	0.802779	4.377673
39284	-0.409716	0.788412	4.346515
39285	-0.401001	0.775579	4.314956
39286	-0.395114	0.761834	4.288436
39287	-0.390573	0.751428	4.260891
39288	-0.389735	0.745400	4.238911
39289	-0.387753	0.741263	4.220116
39290	-0.386257	0.733648	4.203139
39291	-0.384454	0.721258	4.179772
39292	-0.379711	0.707742	4.162092
39293	-0.373786	0.699902	4.147548
39294	-0.367625	0.691068	4.142466
39295	-0.359247	0.687641	4.143863
39296	-0.348042	0.686244	4.143566
39297	-0.339618	0.689062	4.143993
39298	-0.329795	0.690774	4.147005
39299	-0.319701	0.688703	4.149476
39300	-0.308885	0.680990	4.147414
39301	-0.298150	0.677350	4.147693
39302	-0.287660	0.674969	4.144030
39303	-0.281414	0.676303	4.139268
39304	-0.273746	0.680244	4.131942
39305	-0.270252	0.684638	4.122209
39306	-0.265814	0.688356	4.111937
39307	-0.262629	0.691352	4.102625
39308	-0.259409	0.690790	4.091255
39309	-0.255236	0.687072	4.077306
39310	-0.248507	0.680549	4.067082
39311	-0.242955	0.672311	4.045423
39312	-0.237908	0.652696	4.013512
39313	-0.232141	0.629546	3.973624
39314	-0.227298	0.607152	3.926150
39315	-0.223499	0.580796	3.874745
39316	-0.217223	0.543056	3.812112
39317	-0.206489	0.496597	3.733610
39318	-0.199027	0.445430	3.638957
39319	-0.197800	0.393667	3.531723
39320	-0.199053	0.344532	3.413740
39321	-0.202826	0.298620	3.292756
39322	-0.201851	0.257352	3.169832
39323	-0.202465	0.219757	3.042863
39324	-0.204343	0.177884	2.910623
39325	-0.208950	0.148577	2.791581
39326	-0.212595	0.121105	2.694050
39327	-0.215362	0.100332	2.609610
39328	-0.218986	0.087306	2.541250
39329	-0.222864	0.089382	2.497795
39330	-0.227947	0.096550	2.469589
39331	-0.235286	0.103316	2.452684
39332	-0.239477	0.110046	2.451227
39333	-0.247303	0.126535	2.467470
39334	-0.248429	0.144142	2.500264
39335	-0.250162	0.163653	2.546067
39336	-0.253535	0.181928	2.598089
39337	-0.259894	0.209497	2.661292
39338	-0.269533	0.241757	2.729179
39339	-0.281465	0.275149	2.803814
39340	-0.292853	0.304727	2.879657
39341	-0.306002	0.344163	2.956675
39342	-0.321314	0.384171	3.033555
39343	-0.334556	0.429307	3.115202
39344	-0.348161	0.477063	3.200090
39345	-0.360522	0.527703	3.283734
39346	-0.370636	0.580008	3.368353
39347	-0.380516	0.634835	3.460028
39348	-0.387740	0.684260	3.553010
39349	-0.397000	0.732515	3.646694
39350	-0.404844	0.774540	3.732228
39351	-0.415295	0.813260	3.807808
39352	-0.427270	0.841814	3.874149
39353	-0.439067	0.861455	3.923742
39354	-0.453183	0.876527	3.956872
39355	-0.473319	0.883310	3.969058
39356	-0.495734	0.878930	3.962861
39357	-0.524718	0.877492	3.945732
39358	-0.561184	0.877191	3.918353
39359	-0.597344	0.877958	3.886521
39360	-0.631689	0.874447	3.847430
39361	-0.666408	0.868132	3.804232
39362	-0.695530	0.856123	3.759971
39363	-0.720221	0.843307	3.711785
39364	-0.736891	0.832987	3.660887
39365	-0.748670	0.819880	3.609749
39366	-0.761868	0.804843	3.560399
39367	-0.770233	0.789276	3.512721
39368	-0.779281	0.775281	3.461132
39369	-0.789873	0.763605	3.409928
39370	-0.802253	0.751803	3.355599
39371	-0.815303	0.742285	3.298303
39372	-0.827864	0.739277	3.240208
39373	-0.838305	0.743710	3.182407
39374	-0.848459	0.757446	3.129249
39375	-0.856508	0.772908	3.089417
39376	-0.867519	0.794213	3.068811
39377	-0.876364	0.821758	3.069409
39378	-0.884365	0.846971	3.082195
39379	-0.891723	0.865946	3.105972
39380	-0.895527	0.882058	3.138625
39381	-0.899253	0.905207	3.180626
39382	-0.902966	0.928386	3.228782
39383	-0.907308	0.960396	3.272314
39384	-0.913174	0.988799	3.309452
39385	-0.918555	1.020322	3.336863
39386	-0.925181	1.054918	3.362622
39387	-0.934016	1.095345	3.388543
39388	-0.943071	1.136347	3.412931
39389	-0.952736	1.174421	3.437784
39390	-0.964784	1.208643	3.461076
39391	-0.976022	1.244699	3.478850
39392	-0.987624	1.274490	3.495833
39393	-0.995243	1.299904	3.508770
39394	-1.003618	1.320898	3.521497
39395	-1.010594	1.343652	3.531905
39396	-1.017346	1.355309	3.538323
39397	-1.023356	1.353815	3.530921
39398	-1.028121	1.350182	3.512891
39399	-1.038947	1.336492	3.485307
39400	-1.049940	1.318783	3.447704
39401	-1.067420	1.300496	3.404505
39402	-1.091094	1.280570	3.357467
39403	-1.118355	1.261081	3.308237
39404	-1.146965	1.238083	3.255661
39405	-1.177066	1.211201	3.204066
39406	-1.201794	1.187457	3.152831
39407	-1.223685	1.161793	3.100878
39408	-1.245400	1.138740	3.051918
39409	-1.267716	1.126871	3.005053
39410	-1.291948	1.120938	2.968367
39411	-1.316118	1.119358	2.937583
39412	-1.339739	1.120297	2.915646
39413	-1.360123	1.129608	2.896459
39414	-1.374378	1.137466	2.886961
39415	-1.387441	1.146618	2.880207
39416	-1.394927	1.150854	2.876504
39417	-1.401646	1.153290	2.874937
39418	-1.406456	1.159371	2.883120
39419	-1.413543	1.172935	2.896487
39420	-1.418697	1.192607	2.922765
39421	-1.424046	1.213269	2.963234
39422	-1.427872	1.234211	3.005337
39423	-1.434007	1.254100	3.055934
39424	-1.437083	1.277064	3.109937
39425	-1.440540	1.298131	3.158990
39426	-1.445135	1.321979	3.203243
39427	-1.451041	1.348148	3.244181
39428	-1.453695	1.373765	3.284319
39429	-1.453640	1.394555	3.321018
39430	-1.452534	1.417875	3.349498
39431	-1.452902	1.438171	3.379086
39432	-1.457081	1.446622	3.396401
39433	-1.462414	1.454202	3.411456
39434	-1.471498	1.467526	3.428059
39435	-1.482220	1.483546	3.449454
39436	-1.489696	1.498912	3.481620
39437	-1.496520	1.509745	3.512613
39438	-1.503214	1.513294	3.540615
39439	-1.509246	1.512152	3.560484
39440	-1.513116	1.510468	3.574264
39441	-1.518272	1.504358	3.579368
39442	-1.523163	1.496271	3.574153
39443	-1.528959	1.492048	3.567947
39444	-1.534031	1.488173	3.565177
39445	-1.537172	1.488429	3.558448
39446	-1.533429	1.489343	3.554890
39447	-1.527860	1.489970	3.551610
39448	-1.521008	1.485448	3.545986
39449	-1.513019	1.486680	3.538967
39450	-1.502969	1.485402	3.534250
39451	-1.491419	1.482563	3.524435
39452	-1.477452	1.475482	3.513367
39453	-1.463025	1.469344	3.505580
39454	-1.449559	1.466804	3.505379
39455	-1.438210	1.469231	3.505836
39456	-1.433522	1.475464	3.506064
39457	-1.430218	1.485105	3.514394
39458	-1.428984	1.498615	3.526535
39459	-1.428427	1.512769	3.541024
39460	-1.425845	1.527581	3.556016
39461	-1.420226	1.539143	3.580384
39462	-1.412598	1.543352	3.612025
39463	-1.403647	1.546581	3.643851
39464	-1.397381	1.547574	3.678194
39465	-1.391552	1.558524	3.720907
39466	-1.386932	1.572424	3.768565
39467	-1.382967	1.587976	3.817804
39468	-1.379389	1.601561	3.866797
39469	-1.376596	1.605755	3.913068
39470	-1.369077	1.612973	3.956794
39471	-1.364307	1.617342	3.992233
39472	-1.359591	1.620800	4.030728
39473	-1.356817	1.625349	4.063514
39474	-1.355635	1.629423	4.094295
39475	-1.358342	1.632527	4.122582
39476	-1.361293	1.634355	4.153584
39477	-1.365429	1.639205	4.194481
39478	-1.371782	1.644138	4.242885
39479	-1.375116	1.648916	4.300582
39480	-1.375744	1.660509	4.367922
39481	-1.378783	1.679432	4.445604
39482	-1.380743	1.706207	4.535969
39483	-1.378292	1.737006	4.637858
39484	-1.373166	1.768545	4.747757
39485	-1.369564	1.798782	4.851858
39486	-1.360050	1.827487	4.955659
39487	-1.349327	1.850204	5.051502
39488	-1.333654	1.864153	5.148380
39489	-1.319722	1.872065	5.233213
39490	-1.310369	1.875743	5.304993
39491	-1.308214	1.876529	5.359739
39492	-1.316472	1.884338	5.404368
39493	-1.324536	1.897967	5.442497
39494	-1.334182	1.909433	5.477864
39495	-1.344499	1.911460	5.501855
39496	-1.349753	1.910518	5.526417
39497	-1.353120	1.906796	5.548471
39498	-1.354040	1.904350	5.576154
39499	-1.356862	1.904982	5.603635
39500	-1.357982	1.906840	5.631135
39501	-1.356590	1.910491	5.656328
39502	-1.357293	1.913795	5.685754
39503	-1.351695	1.923941	5.712626
39504	-1.344236	1.923916	5.739589
39505	-1.333415	1.916552	5.751533
39506	-1.318731	1.903689	5.757464
39507	-1.303951	1.889686	5.756303
39508	-1.286894	1.875472	5.755048
39509	-1.271519	1.861905	5.741600
39510	-1.255712	1.850618	5.728302
39511	-1.244048	1.840133	5.701680
39512	-1.233679	1.831781	5.673372
39513	-1.224766	1.823375	5.641433
39514	-1.215671	1.814451	5.613503
39515	-1.207372	1.801927	5.579085
39516	-1.197172	1.782390	5.544057
39517	-1.192440	1.758343	5.501786
39518	-1.183961	1.743972	5.468411
39519	-1.179054	1.736342	5.434146
39520	-1.171797	1.729334	5.401813
39521	-1.161164	1.722474	5.373908
39522	-1.149963	1.718521	5.346635
39523	-1.137542	1.715146	5.320492
39524	-1.124566	1.713415	5.293025
39525	-1.108476	1.708729	5.259145
39526	-1.093703	1.699143	5.213538
39527	-1.082043	1.685829	5.161634
39528	-1.070531	1.674624	5.102614
39529	-1.061728	1.664462	5.037902
39530	-1.051572	1.658103	4.968823
39531	-1.040866	1.650908	4.899921
39532	-1.028141	1.645453	4.832346
39533	-1.017679	1.646554	4.766889
39534	-1.007482	1.647386	4.702137
39535	-1.001205	1.641901	4.634956
39536	-0.992444	1.640150	4.570884
39537	-0.984526	1.639714	4.511749
39538	-0.976332	1.637909	4.459271
39539	-0.968551	1.637954	4.406073
39540	-0.958501	1.635543	4.357065
39541	-0.951485	1.634358	4.310971
39542	-0.938989	1.634864	4.272274
39543	-0.928667	1.636039	4.236954
39544	-0.919031	1.637612	4.203523
39545	-0.913033	1.634628	4.162307
39546	-0.907072	1.628127	4.117837
39547	-0.904066	1.626317	4.066099
39548	-0.903206	1.626065	4.015875
39549	-0.902547	1.630902	3.967269
39550	-0.899685	1.631923	3.917307
39551	-0.899132	1.627246	3.868592
39552	-0.895740	1.629709	3.821451
39553	-0.892549	1.637326	3.777627
39554	-0.889169	1.643503	3.736364
39555	-0.882888	1.645089	3.695725
39556	-0.875681	1.647585	3.660041
39557	-0.865911	1.657291	3.623311
39558	-0.854689	1.660614	3.587410
39559	-0.845617	1.660193	3.552076
39560	-0.833762	1.662414	3.522638
39561	-0.824442	1.662575	3.489529
39562	-0.817622	1.660463	3.454504
39563	-0.811432	1.659042	3.415795
39564	-0.806351	1.659573	3.382184
39565	-0.803195	1.661192	3.350085
39566	-0.801103	1.664214	3.322713
39567	-0.797546	1.670779	3.302069
39568	-0.792633	1.684791	3.282651
39569	-0.787394	1.696231	3.267126
39570	-0.779296	1.705239	3.248570
39571	-0.770880	1.713666	3.234283
39572	-0.760317	1.718046	3.221991
39573	-0.752306	1.720186	3.212358
39574	-0.741432	1.722485	3.202922
39575	-0.726495	1.724916	3.198962
39576	-0.710292	1.724150	3.193417
39577	-0.695762	1.726788	3.196179
39578	-0.683659	1.729644	3.196744
39579	-0.673586	1.732112	3.203577
39580	-0.667549	1.735713	3.211525
39581	-0.663986	1.736333	3.222076
39582	-0.663185	1.735778	3.236631
39583	-0.668957	1.733300	3.244547
39584	-0.677375	1.732199	3.259194
39585	-0.685091	1.736974	3.280360
39586	-0.691592	1.744588	3.310973
39587	-0.694013	1.755026	3.349608
39588	-0.694127	1.763196	3.396471
39589	-0.689459	1.776026	3.449307
39590	-0.683625	1.784964	3.508156
39591	-0.676759	1.793990	3.567445
39592	-0.671728	1.798372	3.623612
39593	-0.668835	1.803248	3.673235
39594	-0.667106	1.812812	3.721500
39595	-0.666459	1.821646	3.767625
39596	-0.664005	1.833282	3.815582
39597	-0.662678	1.844639	3.857907
39598	-0.664069	1.854445	3.895515
39599	-0.664468	1.859869	3.932360
39600	-0.669492	1.862760	3.969295
39601	-0.675681	1.869740	4.003415
39602	-0.681613	1.876636	4.041033
39603	-0.686570	1.883814	4.071796
39604	-0.691810	1.889090	4.104128
39605	-0.695116	1.891349	4.136888
39606	-0.689192	1.895299	4.176483
39607	-0.677920	1.899135	4.213466
39608	-0.664561	1.897549	4.252271
39609	-0.649656	1.894455	4.276784
39610	-0.634005	1.888700	4.293269
39611	-0.621134	1.880920	4.296995
39612	-0.610777	1.876230	4.293845
39613	-0.604080	1.870644	4.285148
39614	-0.596029	1.858165	4.273815
39615	-0.586787	1.842628	4.246366
39616	-0.577093	1.819164	4.217179
39617	-0.568717	1.790086	4.179210
39618	-0.558227	1.756829	4.145072
39619	-0.547938	1.721212	4.110605
39620	-0.542822	1.679685	4.069251
39621	-0.541002	1.634046	4.013650
39622	-0.528118	1.562624	3.952289
39623	-0.501441	1.486794	3.867273
39624	-0.474114	1.432333	3.778613
39625	-0.449257	1.399859	3.686229
39626	-0.425563	1.366200	3.594924
39627	-0.401881	1.322369	3.499323
39628	-0.376329	1.269301	3.409480
39629	-0.348563	1.207727	3.324228
39630	-0.326893	1.139193	3.244411
39631	-0.302316	1.076089	3.175878
39632	-0.277478	1.022130	3.117763
39633	-0.257469	0.983434	3.070009
39634	-0.245141	0.950580	3.030219
39635	-0.239157	0.917172	2.998384
39636	-0.241276	0.884063	2.977887
39637	-0.244641	0.854987	2.973244
39638	-0.256319	0.837407	2.997993
39639	-0.272199	0.820289	3.031639
39640	-0.288868	0.783417	3.061076
39641	-0.312521	0.723181	3.071895
39642	-0.340904	0.656748	3.078962
39643	-0.375500	0.606756	3.085157
39644	-0.412171	0.583708	3.107870
39645	-0.443580	0.570992	3.128399
39646	-0.468171	0.536186	3.134450
39647	-0.488950	0.481094	3.111997
39648	-0.505478	0.405846	3.065048
39649	-0.524411	0.312581	2.984954
39650	-0.550299	0.212084	2.862935
39651	-0.579484	0.117708	2.709200
39652	-0.613354	0.026681	2.524180
39653	-0.653524	-0.061314	2.328374
39654	-0.695422	-0.145474	2.127262
39655	-0.731884	-0.221730	1.936712
39656	-0.768026	-0.292071	1.751292
39657	-0.800822	-0.347814	1.573723
39658	-0.825911	-0.389835	1.414578
39659	-0.839994	-0.426682	1.280333
39660	-0.841599	-0.470249	1.156930
39661	-0.831255	-0.522883	1.042942
39662	-0.809562	-0.565106	0.946675
39663	-0.785006	-0.603208	0.867924
39664	-0.750591	-0.639438	0.807644
39665	-0.711760	-0.671736	0.761296
39666	-0.667278	-0.700231	0.714002
39667	-0.616163	-0.724059	0.676732
39668	-0.557274	-0.750226	0.635276
39669	-0.493554	-0.781408	0.599009
39670	-0.433163	-0.824217	0.552849
39671	-0.369849	-0.868767	0.495188
39672	-0.310280	-0.919695	0.414223
39673	-0.254144	-0.980971	0.302102
39674	-0.202862	-1.048639	0.157808
39675	-0.154839	-1.115867	-0.005602
39676	-0.115097	-1.183773	-0.186017
39677	-0.085973	-1.247617	-0.366016
39678	-0.065955	-1.308079	-0.551488
39679	-0.051054	-1.361859	-0.724389
39680	-0.034710	-1.412343	-0.901393
39681	-0.011497	-1.466220	-1.083365
39682	0.019304	-1.532470	-1.288354
39683	0.058548	-1.606012	-1.497320
39684	0.106831	-1.686819	-1.720765
39685	0.159997	-1.773328	-1.935720
39686	0.217588	-1.864712	-2.156026
39687	0.285440	-1.958668	-2.356279
39688	0.359599	-2.055213	-2.556907
39689	0.444850	-2.142841	-2.738800
39690	0.538065	-2.213703	-2.922139
39691	0.642774	-2.271254	-3.086408
39692	0.757183	-2.327343	-3.258887
39693	0.880109	-2.388784	-3.436750
39694	1.015454	-2.455261	-3.620297
39695	1.158909	-2.512438	-3.784512
39696	1.313222	-2.552630	-3.919657
39697	1.471407	-2.585411	-4.010303
39698	1.633381	-2.610339	-4.073296
39699	1.797387	-2.631440	-4.092649
39700	1.966879	-2.653771	-4.089393
39701	2.138597	-2.680984	-4.075878
39702	2.313809	-2.708755	-4.058525
39703	2.485670	-2.740239	-4.049655
39704	2.648641	-2.778732	-4.064359
39705	2.805511	-2.823532	-4.097533
39706	2.952633	-2.874442	-4.155648
39707	3.092030	-2.933555	-4.229331
39708	3.223214	-3.001264	-4.326977
39709	3.340273	-3.074768	-4.446006
39710	3.447944	-3.144953	-4.574601
39711	3.542068	-3.213931	-4.700948
39712	3.625151	-3.272736	-4.820531
39713	3.693027	-3.328976	-4.929899
39714	3.748121	-3.380526	-5.029751
39715	3.790669	-3.430049	-5.117983
39716	3.820130	-3.479349	-5.193579
39717	3.842091	-3.527288	-5.251005
39718	3.864553	-3.573037	-5.288779
39719	3.885012	-3.616458	-5.311958
39720	3.907926	-3.659802	-5.317697
39721	3.931740	-3.703264	-5.315835
39722	3.960079	-3.752194	-5.313536
39723	3.988697	-3.800962	-5.310279
39724	4.015685	-3.838171	-5.302323
39725	4.038732	-3.866301	-5.292644
39726	4.064714	-3.887756	-5.286679
39727	4.084788	-3.904670	-5.287512
39728	4.103786	-3.914910	-5.295897
39729	4.119799	-3.923179	-5.312625
39730	4.137059	-3.932810	-5.329802
39731	4.157906	-3.945409	-5.339710
39732	4.178063	-3.954193	-5.343138
39733	4.199027	-3.962102	-5.347124
39734	4.219066	-3.968675	-5.350110
39735	4.240104	-3.975748	-5.356752
39736	4.254928	-3.985200	-5.372145
39737	4.265484	-3.994675	-5.395160
39738	4.270217	-4.006156	-5.420023
39739	4.271401	-4.018464	-5.444177
39740	4.268822	-4.030291	-5.467387
39741	4.267062	-4.037363	-5.482343
39742	4.264909	-4.048332	-5.491057
39743	4.264983	-4.048474	-5.488580
39744	4.264898	-4.044146	-5.481332
39745	4.265833	-4.043171	-5.473110
39746	4.267513	-4.048241	-5.466974
39747	4.270420	-4.051457	-5.459814
39748	4.275339	-4.058626	-5.447460
39749	4.282418	-4.058871	-5.432748
39750	4.286741	-4.051786	-5.420620
39751	4.285171	-4.044491	-5.414660
39752	4.285424	-4.038783	-5.415753
39753	4.285776	-4.038469	-5.427057
39754	4.285039	-4.030534	-5.440560
39755	4.282355	-4.019772	-5.459652
39756	4.280464	-4.016226	-5.481384
39757	4.280868	-4.016007	-5.500739
39758	4.277347	-4.018117	-5.514135
39759	4.275876	-4.016946	-5.517643
39760	4.274879	-4.018548	-5.508970
39761	4.270543	-4.016314	-5.493891
39762	4.264186	-4.010363	-5.474063
39763	4.254488	-3.998769	-5.444872
39764	4.242984	-3.982980	-5.403420
39765	4.231675	-3.970046	-5.351135
39766	4.218183	-3.958969	-5.305271
39767	4.202423	-3.953403	-5.263425
39768	4.185464	-3.948869	-5.225341
39769	4.164499	-3.947077	-5.193722
39770	4.116411	-3.910631	-5.183928
39771	4.084784	-3.855764	-5.255781
39772	4.032496	-3.872872	-5.312022
39773	3.996217	-3.870148	-5.317060
39774	4.015523	-3.861513	-5.306969
39775	4.085453	-3.875492	-5.283631
39776	4.156138	-3.916320	-5.191575
39777	4.170848	-3.958625	-5.083975
39778	4.132296	-3.992078	-5.029549
39779	4.071834	-4.004243	-5.037292
39780	4.019609	-4.003549	-5.087369
39781	3.997546	-4.014890	-5.139627
39782	3.997597	-4.020674	-5.166409
39783	4.003498	-4.019384	-5.166512
39784	4.007276	-4.015602	-5.149130
39785	4.004347	-4.026541	-5.127875
39786	3.995704	-4.042801	-5.109401
39787	3.984239	-4.053493	-5.085757
39788	3.969167	-4.055215	-5.054523
39789	3.949335	-4.044035	-5.018769
39790	3.922423	-4.044259	-4.988932
39791	3.890098	-4.055279	-4.966082
39792	3.853236	-4.078297	-4.948526
39793	3.814336	-4.110447	-4.923164
39794	3.774167	-4.130955	-4.875491
39795	3.732451	-4.140588	-4.800895
39796	3.688005	-4.154232	-4.700214
39797	3.640361	-4.179115	-4.587438
39798	3.590042	-4.215380	-4.466751
39799	3.545655	-4.257333	-4.341584
39800	3.512612	-4.304505	-4.213928
39801	3.496455	-4.360083	-4.094017
39802	3.500978	-4.430259	-3.989046
39803	3.528250	-4.511915	-3.905532
39804	3.579971	-4.598990	-3.854620
39805	3.667610	-4.700157	-3.856016
39806	3.815656	-4.844459	-3.925670
39807	4.040153	-5.063056	-4.092276
39808	4.375161	-5.365056	-4.358557
39809	4.834467	-5.725383	-4.725249
39810	5.435791	-6.107581	-5.204626
39811	6.181961	-6.476887	-5.788115
39812	7.076503	-6.786401	-6.450053
39813	8.126966	-7.002035	-7.125248
39814	9.304953	-7.063947	-7.706536
39815	10.538581	-7.022937	-8.086425
39816	11.767863	-6.948390	-8.254489
39817	12.963343	-6.890812	-8.233605
39818	14.155382	-6.853012	-8.109113
39819	15.437899	-6.821379	-7.969207
39820	16.895303	-6.818563	-7.847457
39821	18.571759	-6.903672	-7.758905
39822	20.433658	-6.999142	-7.705248
39823	22.350800	-7.004987	-7.695243
39824	24.246769	-7.023011	-7.672911
39825	26.091574	-7.125288	-7.591844
39826	27.913228	-7.268552	-7.446198
39827	29.705127	-7.428352	-7.248474
39828	31.486229	-7.630920	-7.098567
39829	33.238955	-7.826536	-7.032147
39830	34.967284	-7.965653	-7.001770
39831	36.686425	-8.065107	-7.014534
39832	38.391544	-8.145766	-7.080980
39833	40.081502	-8.201893	-7.228804
39834	41.750792	-8.229105	-7.447713
39835	43.384713	-8.213278	-7.698315
39836	44.990033	-8.148924	-7.971706
39837	46.576207	-8.030261	-8.246214
39838	48.141171	-7.863844	-8.540842
39839	49.661366	-7.649784	-8.878276
39840	51.132313	-7.389618	-9.237465
39841	52.540115	-7.107734	-9.581440
39842	53.877021	-6.816460	-9.893841
39843	55.144658	-6.546140	-10.155343
39844	56.343259	-6.335379	-10.355069
39845	57.471390	-6.191475	-10.504983
39846	58.527307	-6.116816	-10.622038
39847	59.516920	-6.118767	-10.705136
39848	60.442556	-6.202025	-10.748082
39849	61.299481	-6.351577	-10.757781
39850	62.063688	-6.535286	-10.722135
39851	62.707469	-6.715864	-10.630002
39852	63.221692	-6.904600	-10.531554
39853	63.610359	-7.109105	-10.458269
39854	63.887779	-7.284818	-10.390434
39855	64.073641	-7.411313	-10.320156
39856	64.184317	-7.486084	-10.259059
39857	64.236694	-7.518621	-10.232349
39858	64.245414	-7.522496	-10.224952
39859	64.208908	-7.483521	-10.219689
39860	64.138957	-7.430886	-10.230221
39861	64.030105	-7.363433	-10.230774
39862	63.861549	-7.240648	-10.199072
39863	63.649012	-7.081901	-10.153163
39864	63.410442	-6.926173	-10.086879
39865	63.171867	-6.797396	-9.985881
39866	62.938053	-6.707819	-9.861597
39867	62.710499	-6.661372	-9.723200
39868	62.496314	-6.674670	-9.631980
39869	62.337168	-6.717599	-9.704603
39870	62.280729	-6.683834	-9.850418
39871	62.323431	-6.527905	-9.867314
39872	62.440924	-6.319138	-9.829576
39873	62.562213	-6.163712	-9.790470
39874	62.638926	-6.120801	-9.697981
39875	62.671531	-6.161872	-9.545000
39876	62.686080	-6.237673	-9.406634
39877	62.697582	-6.330018	-9.320303
39878	62.697772	-6.420178	-9.277777
39879	62.678751	-6.504546	-9.268957
39880	62.626690	-6.557590	-9.284623
39881	62.537194	-6.542888	-9.326318
39882	62.406253	-6.455393	-9.401943
39883	62.242409	-6.313656	-9.512014
39884	62.047271	-6.131870	-9.645052
39885	61.821706	-5.928397	-9.751532
39886	61.569911	-5.726938	-9.810728
39887	61.311003	-5.549738	-9.798783
39888	61.082411	-5.417813	-9.733699
39889	60.908306	-5.399963	-9.648369
39890	60.743886	-5.428581	-9.558923
39891	60.524685	-5.429053	-9.476777
39892	60.283657	-5.477128	-9.439537
39893	60.044330	-5.652616	-9.458881
39894	59.787709	-5.929663	-9.428269
39895	59.492201	-6.216956	-9.250101
39896	59.151710	-6.448155	-8.986383
39897	58.748656	-6.623068	-8.738175
39898	58.266402	-6.777211	-8.491103
39899	57.705992	-6.907030	-8.233454
39900	57.068212	-6.991692	-7.986177
39901	56.358741	-7.061468	-7.767693
39902	55.615659	-7.151304	-7.547928
39903	54.851832	-7.208614	-7.325713
39904	54.067897	-7.208148	-7.114155
39905	53.222282	-7.125195	-6.917845
39906	52.313544	-6.946138	-6.749932
39907	51.364504	-6.695655	-6.624655
39908	50.383977	-6.402131	-6.525799
39909	49.357068	-6.060212	-6.440694
39910	48.289086	-5.706911	-6.388252
39911	47.200139	-5.350390	-6.352556
39912	46.097069	-5.031133	-6.324043
39913	44.990941	-4.744486	-6.272105
39914	43.892440	-4.514395	-6.180932
39915	42.810899	-4.360546	-6.056174
39916	41.764332	-4.278834	-5.876168
39917	40.753524	-4.254481	-5.648344
39918	39.768446	-4.279888	-5.409710
39919	38.809530	-4.335630	-5.175858
39920	37.875667	-4.406292	-4.943319
39921	36.950394	-4.457329	-4.712053
39922	36.023645	-4.462058	-4.447599
39923	35.071767	-4.414494	-4.185213
39924	34.093058	-4.331689	-3.962751
39925	33.109007	-4.225560	-3.787977
39926	32.150422	-4.117852	-3.674501
39927	31.250631	-4.011365	-3.612472
39928	30.413784	-3.928290	-3.580909
39929	29.617216	-3.830705	-3.573866
39930	28.840146	-3.727639	-3.609837
39931	28.068437	-3.627684	-3.669986
39932	27.289210	-3.530897	-3.730814
39933	26.499679	-3.462355	-3.787545
39934	25.710922	-3.431015	-3.854771
39935	24.943034	-3.437237	-3.928894
39936	24.188966	-3.455048	-4.023806
39937	23.448299	-3.480069	-4.133210
39938	22.701217	-3.490901	-4.235456
39939	21.947540	-3.478014	-4.320857
39940	21.196588	-3.442353	-4.388386
39941	20.442213	-3.388086	-4.451938
39942	19.686576	-3.320181	-4.540905
39943	18.932948	-3.235496	-4.629779
39944	18.183533	-3.179318	-4.743739
39945	17.456935	-3.141345	-4.860083
39946	16.762381	-3.126465	-4.995079
39947	16.097464	-3.105923	-5.145908
39948	15.447729	-3.045849	-5.315442
39949	14.809345	-2.946832	-5.516997
39950	14.196001	-2.826050	-5.735591
39951	13.613731	-2.689875	-5.970277
39952	13.066422	-2.528429	-6.206754
39953	12.556464	-2.360406	-6.424698
39954	12.062707	-2.180194	-6.588725
39955	11.552499	-1.994928	-6.699231
39956	11.014213	-1.819934	-6.793107
39957	10.457143	-1.654397	-6.899280
39958	9.891842	-1.506047	-7.028238
39959	9.364692	-1.400073	-7.177489
39960	8.909954	-1.358882	-7.303041
39961	8.538619	-1.327733	-7.378094
39962	8.206238	-1.258332	-7.434326
39963	7.896023	-1.189907	-7.492213
39964	7.609164	-1.152860	-7.516025
39965	7.351859	-1.105698	-7.429137
39966	7.113030	-1.041901	-7.220081
39967	6.867620	-0.964926	-6.988287
39968	6.603225	-0.914019	-6.802094
39969	6.320292	-0.881503	-6.652124
39970	6.043654	-0.851573	-6.508419
39971	5.792670	-0.831093	-6.363764
39972	5.564546	-0.829146	-6.229393
39973	5.342114	-0.812135	-6.118132
39974	5.103839	-0.769252	-6.029276
39975	4.844251	-0.716106	-5.958891
39976	4.572994	-0.655098	-5.884350
39977	4.305246	-0.586132	-5.796053
39978	4.061835	-0.522509	-5.687003
39979	3.851817	-0.436023	-5.553991
39980	3.672938	-0.323205	-5.403927
39981	3.518255	-0.230505	-5.255515
39982	3.381989	-0.171427	-5.109537
39983	3.261320	-0.120030	-4.953867
39984	3.179171	-0.087797	-4.772769
39985	3.138554	-0.049981	-4.533856
39986	3.105805	0.037916	-4.238626
39987	3.066186	0.159452	-3.925042
39988	3.036313	0.267975	-3.626122
39989	3.014790	0.349806	-3.352993
39990	2.976630	0.429221	-3.121284
39991	2.914858	0.517063	-2.938587
39992	2.835948	0.605877	-2.780462
39993	2.749502	0.723853	-2.602344
39994	2.660605	0.834393	-2.413358
39995	2.571034	0.915644	-2.230537
39996	2.480085	0.979408	-2.078669
39997	2.402195	1.020554	-1.945929
39998	2.346478	1.051051	-1.801235
39999	2.313979	1.063514	-1.628633
40000	2.304435	1.065655	-1.437629
40001	2.313196	1.052793	-1.232979
40002	2.332209	1.043829	-0.985400
40003	2.352344	1.056415	-0.693803
40004	2.367892	1.087871	-0.385678
40005	2.367037	1.136411	-0.090098
40006	2.352786	1.200112	0.186597
40007	2.334897	1.279177	0.419129
40008	2.321181	1.353150	0.605977
40009	2.308266	1.412656	0.748010
40010	2.295646	1.460708	0.832735
40011	2.283016	1.496968	0.858580
40012	2.264336	1.516179	0.834556
40013	2.244016	1.542055	0.780637
40014	2.221766	1.576395	0.714604
40015	2.195584	1.605494	0.649850
40016	2.165804	1.623713	0.608503
40017	2.134710	1.631103	0.576183
40018	2.106876	1.624082	0.548829
40019	2.086832	1.603338	0.525941
40020	2.076104	1.571083	0.529109
40021	2.070975	1.545730	0.559379
40022	2.066024	1.527948	0.626288
40023	2.059164	1.505970	0.738003
40024	2.046954	1.499421	0.876379
40025	2.025820	1.499871	1.011805
40026	1.996509	1.516748	1.127810
40027	1.956285	1.541366	1.206807
40028	1.911219	1.565558	1.241654
40029	1.862472	1.595126	1.252180
40030	1.814162	1.619031	1.244280
40031	1.771914	1.620435	1.216305
40032	1.737051	1.607461	1.169375
40033	1.712673	1.573816	1.107681
40034	1.695921	1.545569	1.057056
40035	1.680830	1.536549	1.029613
40036	1.663380	1.531477	1.015826
40037	1.637929	1.521145	1.003712
40038	1.609246	1.505858	0.998696
40039	1.574957	1.491380	0.990618
40040	1.536962	1.472517	0.973921
40041	1.492202	1.450555	0.950340
40042	1.443100	1.433639	0.932199
40043	1.391588	1.427530	0.919816
40044	1.339209	1.427331	0.920363
40045	1.293651	1.418859	0.930025
40046	1.256546	1.406811	0.956550
40047	1.224030	1.387875	1.010578
40048	1.189139	1.364306	1.075074
40049	1.140934	1.331842	1.126224
40050	1.073932	1.299471	1.156878
40051	1.000810	1.277180	1.174927
40052	0.934937	1.257578	1.184119
40053	0.878056	1.240346	1.191410
40054	0.835041	1.230599	1.209743
40055	0.801960	1.218327	1.244426
40056	0.779941	1.197383	1.292120
40057	0.765325	1.163874	1.333929
40058	0.751949	1.122723	1.346128
40059	0.734548	1.085064	1.317560
40060	0.712565	1.058590	1.249218
40061	0.691515	1.048370	1.156376
40062	0.676322	1.037336	1.045958
40063	0.671867	1.010380	0.927694
40064	0.669806	0.979363	0.812006
40065	0.665484	0.925127	0.697726
40066	0.671103	0.848712	0.592064
40067	0.680715	0.772750	0.495657
40068	0.679660	0.716714	0.405641
40069	0.666829	0.680877	0.317450
40070	0.654373	0.647115	0.237205
40071	0.659587	0.603717	0.165638
40072	0.681666	0.548226	0.097906
40073	0.724409	0.477187	0.033789
40074	0.786219	0.387817	-0.035001
40075	0.870968	0.286776	-0.116795
40076	0.983761	0.168339	-0.208828
40077	1.123422	0.043299	-0.303943
40078	1.297744	-0.091410	-0.397548
40079	1.510071	-0.233863	-0.485026
40080	1.762477	-0.385961	-0.581369
40081	2.059186	-0.553777	-0.690591
40082	2.403159	-0.735191	-0.817298
40083	2.791507	-0.924654	-0.969614
40084	3.223988	-1.118354	-1.155822
40085	3.699994	-1.312834	-1.399953
40086	4.217144	-1.524953	-1.713701
40087	4.783044	-1.746810	-2.101907
40088	5.392384	-1.984943	-2.555699
40089	6.052298	-2.246709	-3.070608
40090	6.764836	-2.549414	-3.642552
40091	7.518757	-2.896129	-4.254160
40092	8.304879	-3.261159	-4.867767
40093	9.100335	-3.575577	-5.454135
40094	9.901405	-3.754431	-6.007455
40095	10.744168	-3.759385	-6.577943
40096	11.739370	-3.788331	-7.298865
40097	12.959435	-3.913075	-8.222434
40098	14.320854	-3.910828	-9.271923
40099	15.805391	-3.812261	-10.248631
40100	17.468992	-3.757566	-10.947660
40101	19.326058	-3.815545	-11.291967
40102	21.306762	-3.965395	-11.350139
40103	23.326438	-4.143040	-11.235769
40104	25.347382	-4.363406	-10.999449
40105	27.316247	-4.618210	-10.748616
40106	29.216285	-4.900874	-10.614526
40107	31.031855	-5.108060	-10.578220
40108	32.796442	-5.235315	-10.579385
40109	34.540956	-5.345699	-10.628687
40110	36.256316	-5.441591	-10.771821
40111	37.934275	-5.498217	-11.028389
40112	39.570885	-5.482724	-11.330454
40113	41.199456	-5.453855	-11.624775
40114	42.856300	-5.462407	-11.913102
40115	44.552130	-5.517200	-12.159795
40116	46.287166	-5.609461	-12.387653
40117	48.014751	-5.660973	-12.685636
40118	49.702503	-5.618066	-13.092200
40119	51.308376	-5.500412	-13.555671
40120	52.814239	-5.385630	-14.001407
40121	54.237690	-5.306142	-14.397831
40122	55.591830	-5.251627	-14.737746
40123	56.881544	-5.193284	-14.999540
40124	58.099204	-5.128839	-15.220882
40125	59.257960	-5.066360	-15.405785
40126	60.338311	-4.998203	-15.552902
40127	61.293229	-4.931764	-15.636372
40128	62.072607	-4.933487	-15.663666
40129	62.644357	-5.070044	-15.603894
40130	63.031155	-5.338849	-15.463169
40131	63.280365	-5.710623	-15.301031
40132	63.429171	-6.111442	-15.193109
40133	63.479541	-6.412277	-15.135202
40134	63.441171	-6.569990	-15.137898
40135	63.337312	-6.654826	-15.203881
40136	63.172336	-6.758681	-15.287724
40137	62.917197	-6.814047	-15.321758
40138	62.597519	-6.790891	-15.298592
40139	62.227470	-6.720146	-15.229569
40140	61.790763	-6.586290	-15.139026
40141	61.286381	-6.397324	-15.032172
40142	60.746195	-6.217480	-14.928169
40143	60.200814	-6.085535	-14.803033
40144	59.672826	-6.017744	-14.670094
40145	59.164495	-6.034473	-14.540276
40146	58.664189	-6.145269	-14.412040
40147	58.154177	-6.332596	-14.279479
40148	57.605696	-6.540078	-14.121217
40149	57.008346	-6.712872	-13.931359
40150	56.364690	-6.849808	-13.756108
40151	55.741021	-7.020663	-13.770061
40152	55.277545	-7.148021	-13.974070
40153	55.080650	-6.954176	-13.864317
40154	55.080594	-6.714639	-13.727584
40155	55.097639	-6.725649	-13.881131
40156	55.098496	-6.954831	-13.990956
40157	55.072611	-7.264808	-13.988157
40158	55.003141	-7.534654	-13.962205
40159	54.846496	-7.659037	-13.949647
40160	54.538577	-7.579158	-13.947570
40161	53.993007	-7.172445	-13.952261
40162	53.169776	-6.540623	-13.956962
40163	52.133701	-5.978699	-13.912040
40164	50.992580	-5.714487	-13.803445
40165	49.907508	-5.723282	-13.645386
40166	49.035274	-5.881576	-13.408576
40167	48.366343	-6.150481	-13.108061
40168	47.829070	-6.527926	-12.772164
40169	47.338326	-6.868546	-12.396595
40170	46.790857	-7.039928	-11.989926
40171	46.099372	-6.980690	-11.603140
40172	45.254216	-6.793629	-11.340541
40173	44.283479	-6.496260	-11.189699
40174	43.230443	-6.121675	-11.137218
40175	42.136657	-5.716354	-11.169630
40176	41.039343	-5.312693	-11.280164
40177	39.975686	-4.913671	-11.428762
40178	38.981625	-4.581287	-11.537560
40179	38.051521	-4.324574	-11.582662
40180	37.170317	-4.163980	-11.569769
40181	36.335515	-4.080243	-11.514743
40182	35.524067	-4.036847	-11.434140
40183	34.709548	-3.986469	-11.291651
40184	33.856749	-3.894740	-11.108051
40185	32.959927	-3.802024	-10.937766
40186	32.051721	-3.725502	-10.790481
40187	31.173710	-3.661991	-10.676378
40188	30.352336	-3.634771	-10.616093
40189	29.582514	-3.609756	-10.569930
40190	28.842081	-3.558336	-10.521107
40191	28.095039	-3.468443	-10.469315
40192	27.337109	-3.376261	-10.402656
40193	26.553133	-3.271194	-10.314965
40194	25.755031	-3.181483	-10.208726
40195	24.951437	-3.114728	-10.086482
40196	24.152452	-3.087669	-9.976496
40197	23.374783	-3.092074	-9.883399
40198	22.610483	-3.105224	-9.808232
40199	21.855011	-3.097239	-9.733139
40200	21.084867	-3.049871	-9.653585
40201	20.299349	-2.973727	-9.580611
40202	19.500403	-2.897800	-9.527341
40203	18.698364	-2.832675	-9.479417
40204	17.894918	-2.735255	-9.406405
40205	17.091115	-2.654336	-9.355150
40206	16.304212	-2.569686	-9.290002
40207	15.525339	-2.453516	-9.199490
40208	14.746895	-2.334647	-9.064217
40209	13.973679	-2.208268	-8.865822
40210	13.216950	-2.120358	-8.637468
40211	12.521342	-2.131081	-8.418762
40212	11.912645	-2.147927	-8.194108
40213	11.352709	-2.100676	-8.019299
40214	10.793438	-2.053534	-7.914000
40215	10.213197	-2.005348	-7.867760
40216	9.587512	-1.926039	-7.872405
40217	8.901674	-1.778028	-7.975095
40218	8.185472	-1.603340	-8.172932
40219	7.491488	-1.442657	-8.380435
40220	6.841960	-1.281529	-8.521746
40221	6.231799	-1.120313	-8.669806
40222	5.673735	-0.997101	-8.860288
40223	5.183146	-0.930570	-9.073788
40224	4.786433	-0.927040	-9.236862
40225	4.515419	-0.980289	-9.245682
40226	4.358037	-1.038836	-9.089992
40227	4.293874	-1.126356	-8.792619
40228	4.267911	-1.191401	-8.375898
40229	4.216773	-1.178511	-7.952040
40230	4.101470	-1.158663	-7.638646
40231	3.926611	-1.148759	-7.477214
40232	3.713551	-1.122119	-7.419649
40233	3.498657	-1.083967	-7.403211
40234	3.288973	-1.021536	-7.408482
40235	3.064197	-0.930388	-7.472924
40236	2.814033	-0.863066	-7.626700
40237	2.556051	-0.850464	-7.836635
40238	2.305691	-0.897041	-8.034866
40239	2.095247	-0.958916	-8.165032
40240	1.948756	-1.018954	-8.214805
40241	1.866184	-1.061234	-8.179770
40242	1.829973	-1.077104	-8.092087
40243	1.822604	-1.057170	-7.955297
40244	1.814198	-0.991322	-7.786165
40245	1.784280	-0.893135	-7.617189
40246	1.739087	-0.790111	-7.478895
40247	1.708584	-0.688297	-7.360399
40248	1.704493	-0.572867	-7.236718
40249	1.714676	-0.454523	-7.094550
40250	1.725275	-0.375243	-6.930310
40251	1.728227	-0.337002	-6.744690
40252	1.705685	-0.329090	-6.558749
40253	1.653551	-0.334555	-6.383209
40254	1.562349	-0.338604	-6.221848
40255	1.431444	-0.311455	-6.058679
40256	1.271141	-0.268438	-5.888102
40257	1.119989	-0.238502	-5.726137
40258	0.987636	-0.221385	-5.564760
40259	0.879820	-0.210407	-5.388216
40260	0.799275	-0.211653	-5.219870
40261	0.752195	-0.248698	-5.059446
40262	0.731815	-0.299826	-4.917827
40263	0.729393	-0.360650	-4.792888
40264	0.725165	-0.409504	-4.667567
40265	0.711270	-0.434113	-4.543274
40266	0.692735	-0.464659	-4.432416
40267	0.674283	-0.498339	-4.335772
40268	0.657004	-0.533374	-4.259700
40269	0.656675	-0.581972	-4.201114
40270	0.678621	-0.646066	-4.177226
40271	0.711030	-0.711618	-4.202993
40272	0.743763	-0.772354	-4.265059
40273	0.772195	-0.833340	-4.358655
40274	0.781551	-0.875412	-4.464878
40275	0.767942	-0.896618	-4.587817
40276	0.734396	-0.922593	-4.733678
40277	0.696109	-0.966040	-4.902955
40278	0.659272	-1.022039	-5.079200
40279	0.629124	-1.094568	-5.253993
40280	0.612372	-1.183919	-5.416785
40281	0.613531	-1.282533	-5.559871
40282	0.635897	-1.383108	-5.683827
40283	0.682297	-1.483871	-5.792550
40284	0.747214	-1.588792	-5.897904
40285	0.829796	-1.701695	-6.014977
40286	0.934618	-1.828150	-6.159135
40287	1.083976	-1.988916	-6.357760
40288	1.281043	-2.164379	-6.635145
40289	1.517434	-2.313685	-7.014191
40290	1.781568	-2.451045	-7.487599
40291	2.091803	-2.624627	-8.036180
40292	2.472937	-2.840477	-8.656142
40293	2.945163	-3.075949	-9.343738
40294	3.519493	-3.331457	-10.080011
40295	4.207619	-3.597781	-10.832618
40296	5.008181	-3.855001	-11.568185
40297	5.914003	-4.064013	-12.233100
40298	6.915172	-4.186932	-12.727192
40299	7.983095	-4.227672	-12.927964
40300	9.064322	-4.169532	-12.803873
40301	10.140992	-3.990382	-12.459332
40302	11.337016	-3.858512	-12.095409
40303	12.827990	-3.985330	-11.937821
40304	14.540582	-4.096977	-12.032847
40305	16.352625	-4.041573	-12.262496
40306	18.267840	-4.015013	-12.469245
40307	20.289206	-4.003044	-12.458442
40308	22.393055	-4.126251	-12.088435
40309	24.518375	-4.467025	-11.465225
40310	26.614256	-4.864223	-10.779928
40311	28.649166	-5.260870	-10.170841
40312	30.596670	-5.622977	-9.728885
40313	32.377749	-5.686555	-9.427303
40314	34.142238	-5.749574	-9.324289
40315	35.871944	-5.810861	-9.344351
40316	37.546864	-5.909536	-9.459359
40317	39.140661	-6.006836	-9.633522
40318	40.676334	-6.114079	-9.793752
40319	42.188694	-6.202257	-9.960948
40320	43.721889	-6.231660	-10.200077
40321	45.257454	-6.147314	-10.546416
40322	46.719297	-5.983437	-10.996202
40323	48.077198	-5.865881	-11.461063
40324	49.429236	-5.835134	-11.893565
40325	50.833525	-5.838397	-12.265139
40326	52.283453	-5.837959	-12.579438
40327	53.746740	-5.816547	-12.869562
40328	55.188212	-5.738303	-13.155595
40329	56.590016	-5.616911	-13.407738
40330	57.924971	-5.495640	-13.638063
40331	59.158852	-5.394244	-13.835666
40332	60.273157	-5.378921	-13.966109
40333	61.212758	-5.485212	-14.001890
40334	61.962329	-5.654032	-13.949076
40335	62.495135	-5.866366	-13.823313
40336	62.838919	-6.279185	-13.716916
40337	63.084999	-6.855124	-13.659072
40338	63.243244	-7.338929	-13.610787
40339	63.295218	-7.626044	-13.635297
40340	63.226663	-7.700419	-13.755589
40341	63.054701	-7.609963	-13.927622
40342	62.810337	-7.450136	-14.173551
40343	62.518838	-7.247756	-14.460749
40344	62.176434	-6.946299	-14.703606
40345	61.792146	-6.529930	-14.864848
40346	61.390837	-6.124822	-14.975650
40347	60.982917	-5.800200	-15.035208
40348	60.550212	-5.512120	-15.041223
40349	60.088738	-5.241749	-15.023481
40350	59.623007	-5.001386	-14.992029
40351	59.168314	-4.825790	-14.929446
40352	58.736560	-4.730771	-14.821018
40353	58.341720	-4.732589	-14.712459
40354	58.056614	-4.910877	-14.785538
40355	57.982014	-5.114198	-14.941438
40356	58.170550	-5.027269	-14.682322
40357	58.441303	-4.880122	-14.415869
40358	58.566654	-4.850659	-14.407907
40359	58.542363	-4.900556	-14.426137
40360	58.437940	-4.947598	-14.389319
40361	58.317249	-4.952496	-14.359847
40362	58.209489	-4.966363	-14.416024
40363	58.111075	-5.005646	-14.549724
40364	57.966840	-4.986631	-14.689763
40365	57.728234	-4.836357	-14.809597
40366	57.383998	-4.504729	-14.901332
40367	56.944156	-4.033859	-14.950911
40368	56.450880	-3.599950	-14.990957
40369	56.007699	-3.373520	-14.990815
40370	55.664651	-3.433032	-14.836441
40371	55.414615	-3.756600	-14.512614
40372	55.228095	-4.233073	-14.058769
40373	55.044158	-4.746451	-13.561713
40374	54.812551	-5.254327	-13.064175
40375	54.464109	-5.716691	-12.512451
40376	53.978950	-6.103144	-11.962065
40377	53.369710	-6.344624	-11.464649
40378	52.655631	-6.423160	-11.014954
40379	51.861121	-6.399575	-10.572516
40380	51.005617	-6.281568	-10.141960
40381	50.110334	-6.125538	-9.740228
40382	49.166239	-5.977142	-9.326733
40383	48.201338	-5.832137	-8.884384
40384	47.236168	-5.694842	-8.428445
40385	46.282060	-5.563536	-8.014443
40386	45.331116	-5.403043	-7.630962
40387	44.363318	-5.211033	-7.264083
40388	43.374228	-5.022346	-6.928695
40389	42.363183	-4.847891	-6.604590
40390	41.370387	-4.706232	-6.264847
40391	40.388179	-4.613200	-5.929970
40392	39.425640	-4.556813	-5.627953
40393	38.507445	-4.504298	-5.353836
40394	37.636829	-4.465709	-5.091360
40395	36.800878	-4.399044	-4.813413
40396	35.942639	-4.262116	-4.514577
40397	35.035398	-4.055213	-4.199705
40398	34.066937	-3.792253	-3.889514
40399	33.072376	-3.538190	-3.665398
40400	32.130518	-3.437201	-3.523049
40401	31.301785	-3.376124	-3.343786
40402	30.568274	-3.293688	-3.098907
40403	29.896467	-3.220702	-2.824347
40404	29.250447	-3.149553	-2.502189
40405	28.599856	-3.060561	-2.166774
40406	27.940616	-2.941173	-1.832169
40407	27.258944	-2.781795	-1.508789
40408	26.555358	-2.624880	-1.193737
40409	25.844040	-2.536317	-0.916093
40410	25.133127	-2.488438	-0.675071
40411	24.426490	-2.428553	-0.435731
40412	23.703086	-2.354620	-0.236301
40413	22.978622	-2.259570	-0.069167
40414	22.254525	-2.107760	0.101171
40415	21.547571	-1.971491	0.253776
40416	20.828972	-1.843770	0.391770
40417	20.128233	-1.723998	0.529792
40418	19.444042	-1.659332	0.624740
40419	18.788181	-1.644602	0.745151
40420	18.157237	-1.644780	0.904478
40421	17.551321	-1.632481	1.099212
40422	16.953364	-1.605907	1.297278
40423	16.375607	-1.599919	1.476208
40424	15.820994	-1.611875	1.627995
40425	15.274789	-1.603305	1.752568
40426	14.707787	-1.603832	1.784641
40427	14.134623	-1.609457	1.761697
40428	13.529578	-1.518689	1.738348
40429	12.887802	-1.374620	1.677637
40430	12.245910	-1.286422	1.546359
40431	11.623381	-1.188480	1.359195
40432	11.034059	-1.097429	1.116025
40433	10.462136	-0.984979	0.799939
40434	9.917731	-0.893931	0.466015
40435	9.436709	-0.844894	0.189512
40436	9.003953	-0.777219	-0.028335
40437	8.644769	-0.746048	-0.182157
40438	8.344092	-0.715918	-0.214301
40439	8.054081	-0.661267	-0.151292
40440	7.753728	-0.647985	-0.072107
40441	7.449207	-0.666850	-0.017528
40442	7.153202	-0.676499	0.027286
40443	6.868950	-0.672846	0.091172
40444	6.571862	-0.616333	0.134329
40445	6.251530	-0.538466	0.101924
40446	5.898595	-0.471190	-0.030652
40447	5.520628	-0.423910	-0.253598
40448	5.143302	-0.411349	-0.539557
40449	4.806782	-0.423839	-0.837167
40450	4.511973	-0.422132	-1.079512
40451	4.233252	-0.376440	-1.261408
40452	3.936894	-0.308229	-1.447315
40453	3.623906	-0.273831	-1.654293
40454	3.289672	-0.238514	-1.834422
40455	2.941467	-0.168780	-1.945559
40456	2.595956	-0.081375	-1.995397
40457	2.261413	0.014832	-1.990834
40458	1.946154	0.118561	-1.933991
40459	1.666058	0.236460	-1.836475
40460	1.415208	0.342076	-1.746885
40461	1.186963	0.411600	-1.727695
40462	0.977128	0.449243	-1.794542
40463	0.795406	0.459392	-1.900010
40464	0.633790	0.462770	-2.012541
40465	0.488689	0.486247	-2.119630
40466	0.360530	0.530085	-2.235279
40467	0.243728	0.558157	-2.378949
40468	0.117903	0.554675	-2.576619
40469	-0.020588	0.541979	-2.828654
40470	-0.169711	0.536657	-3.104286
40471	-0.308509	0.548874	-3.360067
40472	-0.430274	0.569141	-3.558033
40473	-0.518844	0.595293	-3.685909
40474	-0.577974	0.624049	-3.749210
40475	-0.609694	0.630034	-3.776006
40476	-0.621008	0.612108	-3.775954
40477	-0.617450	0.625745	-3.717211
40478	-0.620003	0.657113	-3.588617
40479	-0.649653	0.666993	-3.442495
40480	-0.719295	0.652864	-3.312763
40481	-0.809685	0.617164	-3.212369
40482	-0.911012	0.565964	-3.135725
40483	-1.017258	0.522613	-3.080770
40484	-1.124752	0.487084	-3.056091
40485	-1.217428	0.441737	-3.075587
40486	-1.288877	0.386518	-3.144806
40487	-1.347146	0.324211	-3.272500
40488	-1.398266	0.263434	-3.448492
40489	-1.427703	0.216593	-3.647873
40490	-1.430654	0.186770	-3.838344
40491	-1.404183	0.175026	-3.991294
40492	-1.359235	0.188933	-4.093755
40493	-1.303011	0.212799	-4.157878
40494	-1.251273	0.226992	-4.211949
40495	-1.197632	0.231311	-4.265596
40496	-1.148417	0.224139	-4.318741
40497	-1.096712	0.223102	-4.362319
40498	-1.049426	0.230804	-4.387010
40499	-1.004723	0.246912	-4.392147
40500	-0.961323	0.266250	-4.377413
40501	-0.925441	0.287509	-4.348200
40502	-0.900701	0.311816	-4.302450
40503	-0.885598	0.344619	-4.230660
40504	-0.875841	0.378516	-4.130350
40505	-0.866784	0.403215	-4.012604
40506	-0.853037	0.408973	-3.885234
40507	-0.839146	0.413334	-3.758770
40508	-0.835032	0.416440	-3.642476
40509	-0.838711	0.404461	-3.546719
40510	-0.845322	0.384451	-3.481011
40511	-0.848683	0.362907	-3.455504
40512	-0.847610	0.336530	-3.472063
40513	-0.825412	0.317329	-3.516607
40514	-0.792816	0.313753	-3.590556
40515	-0.773373	0.316618	-3.709277
40516	-0.782508	0.322583	-3.867353
40517	-0.804080	0.331356	-4.037870
40518	-0.824907	0.331059	-4.199235
40519	-0.834195	0.317563	-4.351396
40520	-0.820954	0.269161	-4.504862
40521	-0.792895	0.207832	-4.664713
40522	-0.769510	0.162882	-4.829368
40523	-0.748991	0.144155	-4.953048
40524	-0.727007	0.137862	-4.965114
40525	-0.699727	0.126919	-4.835114
40526	-0.676098	0.129424	-4.559443
40527	-0.650825	0.134263	-4.134005
40528	-0.624517	0.121813	-3.589515
40529	-0.600545	0.092720	-2.969136
40530	-0.592072	0.051589	-2.328350
40531	-0.595758	-0.009116	-1.710377
40532	-0.619305	-0.066947	-1.156629
40533	-0.651576	-0.129144	-0.625905
40534	-0.692455	-0.188176	-0.098392
40535	-0.744030	-0.228447	0.430645
40536	-0.792347	-0.251653	0.963550
40537	-0.838866	-0.269003	1.483591
40538	-0.878799	-0.280865	1.991465
40539	-0.913344	-0.281330	2.507543
40540	-0.937774	-0.259770	3.060260
40541	-0.957500	-0.209711	3.653857
40542	-0.987999	-0.145192	4.283738
40543	-1.036065	-0.092075	4.924248
40544	-1.069700	-0.094274	5.547816
40545	-1.069510	-0.141450	6.150756
40546	-1.052370	-0.184407	6.743250
40547	-1.034219	-0.179032	7.321859
40548	-1.020007	-0.147837	7.874529
40549	-1.006485	-0.128809	8.394329
40550	-0.995252	-0.116156	8.903449
40551	-0.982145	-0.096316	9.439399
40552	-0.971310	-0.065720	10.003591
40553	-0.961974	-0.029384	10.597021
40554	-0.948685	0.004386	11.225703
40555	-0.935873	0.033348	11.878736
40556	-0.917644	0.063476	12.552046
40557	-0.897111	0.112532	13.239840
40558	-0.878156	0.171912	13.931133
40559	-0.857183	0.209283	14.638428
40560	-0.834936	0.228322	15.357290
40561	-0.806562	0.234577	16.101448
40562	-0.771871	0.250888	16.886258
40563	-0.738076	0.287690	17.701759
40564	-0.706294	0.335006	18.524285
40565	-0.682579	0.385714	19.338318
40566	-0.703387	0.471171	20.122165
40567	-0.759486	0.505256	20.821545
40568	-0.793439	0.433937	21.421036
40569	-0.799872	0.359215	21.964814
40570	-0.799203	0.341081	22.467091
40571	-0.806991	0.345203	22.883484
40572	-0.825172	0.334620	23.178214
40573	-0.852430	0.319460	23.359036
40574	-0.888275	0.328088	23.465614
40575	-0.921439	0.354212	23.517575
40576	-0.956370	0.383530	23.534416
40577	-1.010639	0.434554	23.538003
40578	-1.080339	0.517086	23.555777
40579	-1.151507	0.627231	23.600900
40580	-1.226939	0.764405	23.657429
40581	-1.302892	0.901169	23.704082
40582	-1.369780	0.996785	23.778379
40583	-1.414559	1.067785	23.927314
40584	-1.449055	1.134343	24.163190
40585	-1.478393	1.204504	24.480179
40586	-1.515972	1.259219	24.854165
40587	-1.566797	1.299973	25.263013
40588	-1.620179	1.329781	25.675955
40589	-1.660391	1.329732	26.083461
40590	-1.690792	1.326343	26.485419
40591	-1.733846	1.336658	26.865399
40592	-1.781311	1.362924	27.203385
40593	-1.839263	1.390772	27.486180
40594	-1.902882	1.424096	27.721001
40595	-1.966108	1.455631	27.907474
40596	-2.030951	1.475762	28.048139
40597	-2.091550	1.488635	28.160420
40598	-2.151787	1.495716	28.265013
40599	-2.205419	1.502403	28.370394
40600	-2.255414	1.521477	28.493587
40601	-2.306516	1.548728	28.639467
40602	-2.362403	1.591696	28.812743
40603	-2.420743	1.637547	29.016036
40604	-2.476674	1.674219	29.246235
40605	-2.528761	1.700499	29.501604
40606	-2.582627	1.741004	29.769668
40607	-2.639225	1.785158	30.029148
40608	-2.691358	1.824140	30.279926
40609	-2.730031	1.845759	30.533395
40610	-2.760383	1.858031	30.779967
40611	-2.787480	1.845692	31.004685
40612	-2.808615	1.804595	31.202483
40613	-2.825576	1.745908	31.385032
40614	-2.840885	1.675968	31.565590
40615	-2.851929	1.605641	31.741939
40616	-2.863807	1.534047	31.914671
40617	-2.874801	1.466741	32.076443
40618	-2.887904	1.392382	32.206995
40619	-2.887891	1.294558	32.294056
40620	-2.876825	1.189557	32.341098
40621	-2.834510	1.021001	32.317879
40622	-2.768133	0.870886	32.274720
40623	-2.718483	0.791995	32.249893
40624	-2.677731	0.715352	32.237490
40625	-2.649565	0.639926	32.243925
40626	-2.651588	0.613235	32.282294
40627	-2.674846	0.620304	32.353792
40628	-2.707833	0.619628	32.438990
40629	-2.742702	0.607773	32.509677
40630	-2.783458	0.587295	32.556239
40631	-2.825568	0.557619	32.584779
40632	-2.865617	0.514700	32.608799
40633	-2.905388	0.468712	32.639575
40634	-2.941583	0.425906	32.689016
40635	-2.961370	0.362608	32.769548
40636	-2.956564	0.257470	32.886114
40637	-2.925882	0.121214	33.021702
40638	-2.875427	-0.035998	33.140009
40639	-2.818444	-0.196144	33.218815
40640	-2.759512	-0.344866	33.260944
40641	-2.698398	-0.478059	33.274665
40642	-2.640544	-0.600903	33.266024
40643	-2.584143	-0.712518	33.230371
40644	-2.522347	-0.819816	33.167194
40645	-2.442511	-0.937377	33.070614
40646	-2.346776	-1.075457	32.926442
40647	-2.227127	-1.231944	32.740522
40648	-2.090953	-1.430197	32.525069
40649	-1.933201	-1.671468	32.299630
40650	-1.755946	-1.959277	32.060317
40651	-1.565184	-2.278232	31.799053
40652	-1.366803	-2.608072	31.526495
40653	-1.163854	-2.936594	31.253623
40654	-0.962898	-3.248701	30.998454
40655	-0.766438	-3.532184	30.776915
40656	-0.590964	-3.770733	30.613120
40657	-0.438675	-3.960415	30.512602
40658	-0.310806	-4.122699	30.463093
