// General information: 
//  MT Manager version: 2021.4.0 
//  XDA version: 2021.4.0 build 6323 rev 112641 built on 2021-09-28
// Device information: 
//  DeviceId: 00B4387C
//  ProductCode: MTW2-3A7G6
//  Firmware Version: 4.3.4
//  Hardware Version: 1.1.0
// Device settings: 
//  Filter Profile: human(46.1)
//  Option Flags: Orientation Smoother Disabled, Position/Velocity Smoother Disabled, Continuous Zero Rotation Update Disabled, AHS Disabled, ICC Disabled
// Coordinate system: ENU
PacketCounter	Roll	Pitch	Yaw
39006	-0.001913	-0.001916	0.003220
39007	-0.003372	-0.000162	0.003856
39008	-0.002605	-0.001535	0.002173
39009	-0.002421	-0.001520	0.001274
39010	-0.002746	-0.001740	0.001226
39011	-0.002482	-0.001837	0.000259
39012	-0.002328	-0.001012	-0.001607
39013	-0.003114	-0.002217	0.000183
39014	-0.002684	-0.000373	0.002360
39015	-0.004393	-0.000152	0.003208
39016	-0.003627	-0.001525	0.001525
39017	-0.003703	-0.001086	0.002219
39018	-0.004281	-0.001993	0.001429
39019	-0.004612	-0.002204	0.001383
39020	-0.004078	-0.001543	0.001173
39021	-0.003148	-0.001018	0.002627
39022	-0.004229	-0.003301	0.000354
39023	-0.002772	-0.002660	0.000902
39024	-0.004569	-0.001562	0.000834
39025	-0.004766	-0.001108	0.001572
39026	-0.005092	-0.001327	0.001524
39027	-0.004823	-0.001392	0.000568
39028	-0.005149	-0.001611	0.000521
39029	-0.004741	-0.002485	0.000496
39030	-0.004815	-0.002016	0.001190
39031	-0.004239	-0.004103	-0.001258
39032	-0.004920	-0.003827	0.000340
39033	-0.005398	-0.003112	-0.000579
39034	-0.005852	-0.002480	-0.001541
39035	-0.006740	-0.002868	-0.000690
39036	-0.005954	-0.001519	-0.000158
39037	-0.005867	-0.002167	-0.001841
39038	-0.006320	-0.001534	-0.002802
39039	-0.005250	-0.002311	-0.003805
39040	-0.006919	-0.002064	-0.002958
39041	-0.007004	-0.001592	-0.002264
39042	-0.007330	-0.001811	-0.002311
39043	-0.006710	-0.001026	-0.002502
39044	-0.007036	-0.001245	-0.002549
39045	-0.006463	-0.000536	-0.002757
39046	-0.006917	0.000097	-0.003718
39047	-0.006095	-0.002092	-0.004437
39048	-0.006777	-0.001817	-0.002837
39049	-0.005801	-0.001558	-0.004686
39050	-0.005875	-0.001089	-0.003991
39051	-0.006131	-0.001358	-0.004084
39052	-0.006205	-0.000889	-0.003389
39053	-0.006166	-0.001678	-0.005112
39054	-0.006240	-0.001210	-0.004417
39055	-0.005331	-0.003471	-0.005202
39056	-0.007128	-0.002372	-0.005267
39057	-0.006945	-0.001107	-0.003792
39058	-0.006536	-0.001984	-0.003828
39059	-0.005852	-0.002174	-0.003125
39060	-0.005571	-0.002199	-0.004076
39061	-0.005596	-0.002886	-0.005734
39062	-0.005794	-0.003956	-0.004866
39063	-0.006041	-0.001787	-0.006026
39064	-0.005377	-0.004367	-0.004234
39065	-0.006660	-0.004760	-0.005099
39066	-0.005999	-0.004950	-0.004394
39067	-0.005918	-0.005602	-0.006078
39068	-0.005510	-0.006479	-0.006114
39069	-0.005676	-0.004837	-0.003036
39070	-0.006255	-0.005742	-0.003823
39071	-0.004102	-0.005970	-0.006525
39072	-0.006127	-0.005229	-0.004028
39073	-0.005686	-0.006036	-0.004040
39074	-0.005760	-0.005567	-0.003344
39075	-0.006095	-0.005752	-0.003367
39076	-0.005562	-0.005090	-0.003575
39077	-0.005606	-0.005760	-0.005228
39078	-0.005681	-0.005291	-0.004532
39079	-0.007334	-0.005113	-0.003710
39080	-0.005963	-0.006290	-0.006297
39081	-0.006164	-0.005017	-0.006534
39082	-0.006364	-0.006086	-0.005665
39083	-0.007061	-0.004968	-0.005022
39084	-0.007870	-0.003841	-0.004334
39085	-0.006558	-0.004029	-0.007799
39086	-0.006758	-0.005098	-0.006930
39087	-0.006351	-0.003269	-0.004745
39088	-0.005943	-0.004145	-0.004781
39089	-0.006464	-0.003431	-0.005686
39090	-0.006056	-0.004307	-0.005722
39091	-0.006439	-0.004469	-0.005723
39092	-0.008844	-0.003562	-0.004880
39093	-0.006691	-0.002707	-0.005270
39094	-0.007272	-0.003611	-0.006056
39095	-0.007351	-0.003233	-0.005396
39096	-0.007071	-0.003257	-0.006346
39097	-0.007572	-0.004169	-0.007161
39098	-0.007900	-0.004386	-0.007206
39099	-0.008210	-0.004670	-0.007291
39100	-0.008537	-0.004887	-0.007336
39101	-0.007962	-0.004107	-0.007515
39102	-0.009632	-0.003859	-0.006662
39103	-0.010082	-0.003276	-0.007643
39104	-0.009928	-0.004838	-0.008420
39105	-0.010303	-0.004963	-0.008407
39106	-0.010024	-0.004987	-0.009356
39107	-0.010085	-0.004526	-0.008665
39108	-0.009299	-0.003177	-0.008132
39109	-0.010429	-0.002722	-0.008144
39110	-0.009289	-0.001867	-0.009258
39111	-0.009512	-0.002946	-0.008381
39112	-0.010321	-0.001818	-0.007693
39113	-0.009858	-0.002700	-0.007746
39114	-0.009326	-0.002038	-0.007954
39115	-0.008880	-0.002863	-0.007985
39116	-0.008219	-0.003053	-0.007279
39117	-0.008285	-0.003775	-0.008940
39118	-0.007853	-0.001933	-0.006760
39119	-0.008280	-0.001330	-0.007733
39120	-0.008508	-0.002726	-0.010165
39121	-0.007809	-0.002865	-0.009454
39122	-0.008137	-0.003082	-0.009497
39123	-0.007731	-0.003042	-0.010463
39124	-0.006716	-0.003724	-0.011404
39125	-0.007743	-0.003363	-0.011501
39126	-0.007817	-0.002894	-0.010803
39127	-0.008963	-0.001174	-0.008431
39128	-0.008203	-0.002542	-0.010113
39129	-0.008641	-0.002684	-0.010092
39130	-0.008590	-0.000676	-0.009566
39131	-0.008023	0.000065	-0.009760
39132	-0.007009	-0.000617	-0.010701
39133	-0.008101	-0.001710	-0.010606
39134	-0.006453	0.000518	-0.010238
39135	-0.008033	0.000833	-0.009385
39136	-0.007019	0.000151	-0.010326
39137	-0.005793	-0.001327	-0.010360
39138	-0.005867	-0.000857	-0.009661
39139	-0.007341	-0.001166	-0.010430
39140	-0.007923	-0.002068	-0.011214
39141	-0.008461	-0.000189	-0.009759
39142	-0.008661	-0.001257	-0.008888
39143	-0.010065	0.000607	-0.008216
39144	-0.009051	-0.000075	-0.009156
39145	-0.009328	0.001150	-0.009387
39146	-0.009657	0.000934	-0.009430
39147	-0.009613	0.001361	-0.008788
39148	-0.009589	0.000652	-0.010478
39149	-0.010595	0.001027	-0.010568
39150	-0.010161	0.002868	-0.008387
39151	-0.010636	0.003394	-0.009377
39152	-0.009621	0.000322	-0.009231
39153	-0.008758	0.001653	-0.008732
39154	-0.008352	0.000778	-0.008766
39155	-0.008694	0.000491	-0.008825
39156	-0.007525	0.001673	-0.006636
39157	-0.008428	0.000499	-0.004790
39158	-0.007797	-0.000017	-0.007386
39159	-0.006739	-0.000712	-0.008346
39160	-0.007196	-0.000076	-0.009302
39161	-0.006753	0.000441	-0.009532
39162	-0.008170	0.001376	-0.007934
39163	-0.007207	0.000627	-0.008878
39164	-0.008624	0.001562	-0.007280
39165	-0.008173	0.000643	-0.007345
39166	-0.007160	-0.000039	-0.008286
39167	-0.008300	0.001643	-0.005927
39168	-0.007924	0.000443	-0.009263
39169	-0.007290	0.001013	-0.009545
39170	-0.007619	0.000797	-0.009587
39171	-0.001813	0.003981	-0.003581
39172	-0.002008	0.002915	-0.002704
39173	-0.002692	0.003164	-0.001090
39174	-0.000459	0.002873	-0.003838
39175	-0.001023	0.001935	-0.004632
39176	-0.001573	0.003751	-0.003193
39177	-0.000829	0.003622	-0.002487
39178	0.000444	0.003629	-0.002681
39179	0.000404	0.004923	-0.002955
39180	0.001196	0.006274	-0.002415
39181	0.001652	0.005301	-0.002496
39182	0.001583	0.005773	-0.001790
39183	0.003850	0.005528	-0.004536
39184	0.002694	0.007151	-0.002190
39185	0.003714	0.006394	-0.003155
39186	0.003645	0.006866	-0.002449
39187	0.002504	0.007374	-0.002429
39188	0.001926	0.006475	-0.003206
39189	0.001842	0.008116	-0.000142
39190	0.002860	0.007438	-0.001077
39191	0.004392	0.006574	-0.000416
39192	0.003078	0.006335	-0.001200
39193	0.002744	0.007009	-0.002188
39194	0.002675	0.007481	-0.001482
39195	0.003017	0.006653	-0.001468
39196	0.003300	0.006634	-0.002410
39197	0.003770	0.005799	-0.002436
39198	0.002104	0.006052	-0.001571
39199	0.004429	0.005736	-0.004356
39200	0.002763	0.005989	-0.003491
39201	0.002677	0.006396	-0.002797
39202	0.002960	0.006377	-0.003739
39203	0.002979	0.006749	-0.003098
39204	0.003868	0.006924	-0.004947
39205	0.003355	0.008595	-0.003576
39206	0.003286	0.009067	-0.002870
39207	0.001632	0.009212	-0.002048
39208	0.002904	0.009219	-0.002242
39209	0.002510	0.008983	-0.002261
39210	0.002921	0.008111	-0.002289
39211	0.003228	0.008201	-0.003201
39212	0.001787	0.006424	-0.003810
39213	0.002407	0.007086	-0.004040
39214	0.001827	0.006188	-0.004815
39215	0.000586	0.006297	-0.002299
39216	0.001603	0.005619	-0.003234
39217	0.001229	0.006154	-0.004249
39218	0.000905	0.005941	-0.004283
39219	-0.000178	0.006414	-0.004301
39220	-0.000502	0.006202	-0.004336
39221	0.000407	0.006766	-0.002844
39222	0.001424	0.006088	-0.003779
39223	0.002169	0.003750	-0.004538
39224	0.000023	0.005347	-0.002936
39225	0.000044	0.004746	-0.004567
39226	-0.000281	0.004533	-0.004601
39227	-0.000695	0.005164	-0.005565
39228	-0.001500	0.006295	-0.004864
39229	-0.001435	0.005514	-0.006590
39230	-0.001631	0.004449	-0.005710
39231	-0.002051	0.006712	-0.006761
39232	-0.000650	0.005866	-0.006041
39233	-0.000850	0.004649	-0.005222
39234	-0.000697	0.005483	-0.007077
39235	-0.000254	0.004492	-0.007165
39236	-0.000101	0.005326	-0.009020
39237	-0.000722	0.005539	-0.007445
39238	-0.001302	0.004642	-0.008219
39239	-0.001490	0.006869	-0.009372
39240	-0.001815	0.006657	-0.009405
39241	-0.001376	0.005635	-0.009504
39242	-0.002436	0.006082	-0.009544
39243	-0.002060	0.005259	-0.009540
39244	-0.002385	0.005047	-0.009574
39245	-0.003511	0.003900	-0.009476
39246	-0.003580	0.004372	-0.008768
39247	-0.005187	0.004696	-0.007887
39248	-0.003435	0.003360	-0.008816
39249	-0.003050	0.002381	-0.008873
39250	-0.003119	0.002854	-0.008165
39251	-0.003431	0.002673	-0.008187
39252	-0.003278	0.003507	-0.010041
39253	-0.003910	0.003844	-0.008417
39254	-0.004491	0.002947	-0.009191
39255	-0.003905	0.004715	-0.007081
39256	-0.003145	0.003354	-0.008756
39257	-0.002571	0.004071	-0.008951
39258	-0.001905	0.003884	-0.008237
39259	-0.002642	0.002852	-0.009016
39260	-0.003702	0.003299	-0.009054
39261	-0.004220	0.005162	-0.007607
39262	-0.004801	0.004266	-0.008380
39263	-0.001944	0.005439	-0.009653
39264	-0.004473	0.004814	-0.008615
39265	-0.004220	0.004851	-0.009522
39266	-0.003939	0.004834	-0.010463
39267	-0.003910	0.004054	-0.012176
39268	-0.003372	0.002330	-0.011288
39269	-0.002899	0.002883	-0.011510
39270	-0.003353	0.003524	-0.012456
39271	-0.001955	0.002631	-0.011756
39272	-0.003016	0.003078	-0.011794
39273	-0.002496	0.003807	-0.011958
39274	-0.003557	0.004254	-0.011995
39275	-0.003599	0.004674	-0.011321
39276	-0.002583	0.003997	-0.012256
39277	-0.002417	0.004861	-0.014100
39278	-0.002486	0.005333	-0.013391
39279	-0.003091	0.004468	-0.014140
39280	-0.004502	0.005406	-0.012528
39281	-0.004144	0.005312	-0.013524
39282	-0.002744	0.004467	-0.012805
39283	-0.002745	0.003661	-0.014515
39284	-0.002721	0.002960	-0.016195
39285	-0.002949	0.004662	-0.013050
39286	-0.003532	0.003767	-0.013822
39287	-0.002570	0.003152	-0.014710
39288	-0.003375	0.004283	-0.014006
39289	-0.003100	0.004242	-0.014945
39290	-0.003426	0.004031	-0.014976
39291	-0.003487	0.004562	-0.014245
39292	-0.003207	0.004545	-0.015185
39293	-0.003927	0.004800	-0.013565
39294	-0.002912	0.004123	-0.014499
39295	-0.003377	0.004768	-0.015433
39296	-0.002106	0.004775	-0.015627
39297	-0.003092	0.004431	-0.014702
39298	-0.002684	0.003561	-0.014728
39299	-0.002718	0.003951	-0.014065
39300	-0.002695	0.003251	-0.015745
39301	-0.002271	0.002379	-0.015773
39302	-0.002341	0.002851	-0.015063
39303	-0.001551	0.000594	-0.015808
39304	-0.001621	0.001066	-0.015098
39305	-0.001788	-0.000114	-0.014273
39306	-0.002371	-0.001008	-0.015044
39307	-0.002491	-0.002146	-0.014216
39308	-0.002340	-0.001310	-0.016069
39309	-0.002451	0.000303	-0.012996
39310	-0.003034	-0.000592	-0.013767
39311	-0.003069	-0.000200	-0.013102
39312	-0.000842	-0.000487	-0.015855
39313	-0.001878	0.000108	-0.015833
39314	-0.001342	0.000774	-0.016032
39315	-0.001965	-0.000167	-0.016809
39316	-0.001942	-0.000867	-0.018489
39317	-0.002640	-0.000553	-0.016856
39318	-0.003096	0.000089	-0.017799
39319	-0.002237	-0.002097	-0.018540
39320	-0.004383	-0.000501	-0.016929
39321	-0.003998	-0.000432	-0.017862
39322	-0.004802	-0.001690	-0.016068
39323	-0.004538	-0.001737	-0.017009
39324	-0.005600	-0.001288	-0.017043
39325	-0.006129	0.000436	-0.015646
39326	-0.005115	-0.000240	-0.016580
39327	-0.005684	0.000384	-0.017497
39328	-0.004670	-0.000292	-0.018431
39329	-0.005715	0.000189	-0.018454
39330	-0.005785	0.000662	-0.017743
39331	-0.006390	-0.000267	-0.018517
39332	-0.007544	0.001354	-0.016161
39333	-0.006423	0.001055	-0.019619
39334	-0.006493	0.001528	-0.018908
39335	-0.007087	0.000640	-0.019667
39336	-0.007286	0.001966	-0.019869
39337	-0.007831	0.002289	-0.018269
39338	-0.006817	0.001614	-0.019204
39339	-0.007417	0.000859	-0.019908
39340	-0.007744	0.000649	-0.019937
39341	-0.008351	0.002457	-0.018472
39342	-0.008550	0.001394	-0.017587
39343	-0.008196	-0.002318	-0.019883
39344	-0.009479	0.000156	-0.018440
39345	-0.009531	0.000630	-0.017731
39346	-0.009252	0.000614	-0.018669
39347	-0.008722	0.001297	-0.018863
39348	-0.007102	0.000816	-0.020706
39349	-0.007872	0.000953	-0.019108
39350	-0.006859	0.000278	-0.020042
39351	-0.008371	0.000565	-0.019203
39352	-0.007964	-0.000304	-0.019228
39353	-0.006643	-0.000196	-0.019396
39354	-0.005979	-0.000382	-0.018680
39355	-0.005800	-0.001891	-0.019431
39356	-0.005742	-0.002271	-0.017805
39357	-0.005413	-0.003265	-0.017858
39358	-0.005869	-0.002622	-0.018800
39359	-0.005056	-0.004775	-0.019515
39360	-0.005513	-0.004132	-0.020457
39361	-0.005905	-0.004382	-0.020479
39362	-0.006233	-0.004592	-0.020507
39363	-0.005324	-0.004050	-0.019034
39364	-0.005781	-0.003406	-0.019976
39365	-0.005374	-0.004356	-0.020034
39366	-0.005444	-0.003883	-0.019322
39367	-0.006152	-0.004875	-0.020084
39368	-0.006699	-0.003060	-0.018636
39369	-0.005339	-0.003083	-0.018868
39370	-0.004675	-0.003269	-0.018151
39371	-0.002551	0.002348	-0.001360
39372	-0.003096	0.004168	0.000102
39373	-0.003064	0.003499	-0.001555
39374	-0.003262	0.002441	-0.000656
39375	-0.004752	0.004263	0.000056
39376	-0.004473	0.004253	-0.000868
39377	-0.004842	0.004026	-0.000881
39378	-0.005903	0.004481	-0.000899
39379	-0.006712	0.005567	-0.000199
39380	-0.005827	0.005751	-0.002034
39381	-0.006546	0.006036	-0.000372
39382	-0.006615	0.006514	0.000354
39383	-0.006165	0.004452	-0.002049
39384	-0.005976	0.005612	-0.000582
39385	-0.005836	0.005223	0.001021
39386	-0.007156	0.004996	0.000263
39387	-0.007238	0.005570	0.001036
39388	-0.007952	0.005537	-0.000631
39389	-0.008108	0.007169	0.002477
39390	-0.008693	0.006283	0.001723
39391	-0.010101	0.008214	0.002450
39392	-0.009346	0.006862	0.000789
39393	-0.010338	0.006419	0.001693
39394	-0.009801	0.007092	0.001509
39395	-0.009221	0.006974	0.002300
39396	-0.009548	0.006770	0.002287
39397	-0.010189	0.007002	0.003886
39398	-0.009693	0.004968	0.001485
39399	-0.009100	0.004388	-0.001111
39400	-0.011244	0.005990	0.000520
39401	-0.011272	0.006488	0.001237
39402	-0.011600	0.006284	0.001224
39403	-0.012058	0.006946	0.000297
39404	-0.012256	0.008278	0.000110
39405	-0.012160	0.007630	-0.001553
39406	-0.012229	0.008109	-0.000826
39407	-0.013818	0.008359	0.000033
39408	-0.012547	0.008372	-0.000148
39409	-0.012229	0.008336	-0.001084
39410	-0.012686	0.006597	-0.000923
39411	-0.012788	0.007995	-0.001115
39412	-0.012856	0.008473	-0.000388
39413	-0.011081	0.008049	-0.002242
39414	-0.011020	0.010063	-0.001688
39415	-0.011451	0.010681	-0.002629
39416	-0.010050	0.009841	-0.001896
39417	-0.009973	0.010265	-0.001249
39418	-0.010300	0.010061	-0.001262
39419	-0.009825	0.009237	-0.001273
39420	-0.009634	0.010397	0.000194
39421	-0.009390	0.009491	0.000232
39422	-0.009977	0.008606	-0.000520
39423	-0.007788	0.008238	-0.003286
39424	-0.009197	0.009181	-0.001651
39425	-0.008957	0.010300	-0.000216
39426	-0.009543	0.009415	-0.000968
39427	-0.009568	0.009981	-0.000224
39428	-0.009031	0.010654	-0.000408
39429	-0.009237	0.008447	-0.001854
39430	-0.008095	0.009314	-0.002948
39431	-0.010948	0.009261	-0.000220
39432	-0.009330	0.008787	-0.002051
39433	-0.010314	0.009231	-0.002100
39434	-0.009648	0.009050	-0.001370
39435	-0.009003	0.009769	-0.001580
39436	-0.008337	0.009588	-0.000849
39437	-0.008801	0.009911	0.000737
39438	-0.009388	0.009026	-0.000015
39439	-0.009375	0.009559	0.000703
39440	-0.008709	0.009378	0.001434
39441	-0.009087	0.009144	0.001419
39442	-0.009069	0.008454	-0.000244
39443	-0.009333	0.008149	-0.000310
39444	-0.008925	0.009676	-0.001407
39445	-0.009993	0.010145	-0.001419
39446	-0.011661	0.010407	-0.000522
39447	-0.010476	0.009674	-0.001522
39448	-0.010414	0.011689	-0.000968
39449	-0.010323	0.012595	-0.002755
39450	-0.010651	0.012392	-0.002767
39451	-0.009272	0.012445	-0.002962
39452	-0.010378	0.010198	-0.005193
39453	-0.009820	0.012318	-0.005548
39454	-0.009889	0.012797	-0.004819
39455	-0.011571	0.013055	-0.003913
39456	-0.011294	0.013046	-0.004836
39457	-0.010894	0.012997	-0.005817
39458	-0.010617	0.012988	-0.006740
39459	-0.010997	0.012811	-0.006718
39460	-0.009855	0.013679	-0.007812
39461	-0.011101	0.012665	-0.007602
39462	-0.011170	0.013144	-0.006873
39463	-0.010132	0.012545	-0.007768
39464	-0.010936	0.013683	-0.007041
39465	-0.011425	0.014385	-0.007935
39466	-0.010889	0.015059	-0.008118
39467	-0.010512	0.014150	-0.008134
39468	-0.011921	0.015094	-0.006495
39469	-0.011942	0.014481	-0.008118
39470	-0.013610	0.014744	-0.007219
39471	-0.013645	0.015199	-0.006517
39472	-0.013239	0.014337	-0.006525
39473	-0.012331	0.015740	-0.005993
39474	-0.011665	0.015560	-0.005262
39475	-0.011205	0.014693	-0.005287
39476	-0.011879	0.014978	-0.003646
39477	-0.011847	0.014285	-0.005327
39478	-0.011916	0.014764	-0.004597
39479	-0.011130	0.012518	-0.005323
39480	-0.011458	0.012316	-0.005334
39481	-0.010891	0.013129	-0.005463
39482	-0.011220	0.012927	-0.005473
39483	-0.010792	0.013685	-0.005585
39484	-0.011986	0.012608	-0.005422
39485	-0.012484	0.014445	-0.003965
39486	-0.013593	0.012200	-0.006194
39487	-0.013043	0.014074	-0.004001
39488	-0.011687	0.012921	-0.006573
39489	-0.012775	0.013296	-0.006608
39490	-0.012369	0.012435	-0.006616
39491	-0.012417	0.012838	-0.005919
39492	-0.012746	0.012636	-0.005929
39493	-0.013793	0.013055	-0.005973
39494	-0.013172	0.012561	-0.008546
39495	-0.013219	0.013068	-0.007807
39496	-0.013074	0.011526	-0.008555
39497	-0.014012	0.012081	-0.008569
39498	-0.013736	0.012074	-0.009490
39499	-0.013433	0.011129	-0.009496
39500	-0.014107	0.011413	-0.007853
39501	-0.014161	0.010601	-0.009542
39502	-0.014361	0.009545	-0.008638
39503	-0.014464	0.010042	-0.007890
39504	-0.013454	0.009375	-0.008810
39505	-0.013111	0.008397	-0.008842
39506	-0.013180	0.008876	-0.008111
39507	-0.013860	0.007989	-0.008826
39508	-0.013540	0.008295	-0.006442
39509	-0.014694	0.008749	-0.006418
39510	-0.014073	0.008256	-0.008991
39511	-0.012994	0.007563	-0.009953
39512	-0.014664	0.007827	-0.009051
39513	-0.014710	0.008301	-0.008325
39514	-0.014435	0.008294	-0.009246
39515	-0.013772	0.009607	-0.008654
39516	-0.013757	0.008920	-0.010315
39517	-0.014377	0.009229	-0.008663
39518	-0.013106	0.011632	-0.009930
39519	-0.014757	0.011858	-0.009044
39520	-0.014352	0.010997	-0.009052
39521	-0.014598	0.010784	-0.009094
39522	-0.013933	0.010603	-0.008362
39523	-0.013533	0.009817	-0.008330
39524	-0.013993	0.010470	-0.009252
39525	-0.013176	0.009433	-0.007610
39526	-0.013767	0.008552	-0.008358
39527	-0.014309	0.007618	-0.009144
39528	-0.012304	0.006973	-0.009323
39529	-0.012006	0.006966	-0.010247
39530	-0.012205	0.008300	-0.010429
39531	-0.012181	0.008880	-0.009686
39532	-0.012035	0.009728	-0.011520
39533	-0.012734	0.010073	-0.009842
39534	-0.011724	0.009407	-0.010761
39535	-0.011822	0.009842	-0.010037
39536	-0.012757	0.009446	-0.009132
39537	-0.012436	0.008382	-0.009198
39538	-0.012766	0.008181	-0.009206
39539	-0.012278	0.007238	-0.009275
39540	-0.012738	0.007891	-0.010196
39541	-0.013550	0.008165	-0.008508
39542	-0.010810	0.009249	-0.009775
39543	-0.012925	0.008280	-0.010327
39544	-0.013255	0.008079	-0.010335
39545	-0.012904	0.008090	-0.011278
39546	-0.012629	0.008084	-0.012198
39547	-0.013671	0.008542	-0.012209
39548	-0.014392	0.008516	-0.013869
39549	-0.013283	0.010509	-0.012603
39550	-0.013875	0.009628	-0.013350
39551	-0.012335	0.010342	-0.012787
39552	-0.013139	0.011481	-0.012055
39553	-0.012344	0.011366	-0.011337
39554	-0.012413	0.011845	-0.010604
39555	-0.012023	0.011851	-0.011547
39556	-0.013041	0.012621	-0.008249
39557	-0.010252	0.010895	-0.011807
39558	-0.011790	0.012693	-0.011075
39559	-0.013433	0.012855	-0.010213
39560	-0.013029	0.011994	-0.010220
39561	-0.012667	0.012078	-0.011118
39562	-0.012867	0.013412	-0.011299
39563	-0.012789	0.012698	-0.012998
39564	-0.013381	0.011818	-0.013744
39565	-0.012877	0.012515	-0.013906
39566	-0.011346	0.013209	-0.013347
39567	-0.011923	0.012391	-0.014071
39568	-0.011993	0.012870	-0.013338
39569	-0.011321	0.012670	-0.012602
39570	-0.010656	0.012490	-0.011869
39571	-0.001957	0.005218	-0.002923
39572	-0.004272	0.004972	-0.004402
39573	-0.001915	0.004088	-0.002933
39574	-0.004100	0.002987	-0.003498
39575	-0.002627	0.003632	-0.002925
39576	-0.003556	0.003230	-0.002011
39577	-0.003096	0.002499	-0.001975
39578	-0.003288	0.003827	-0.002149
39579	-0.003632	0.003549	-0.002166
39580	-0.003742	0.003713	-0.004732
39581	-0.003823	0.005393	-0.001601
39582	-0.004408	0.004507	-0.002340
39583	-0.003400	0.003748	-0.003290
39584	-0.003462	0.004220	-0.002550
39585	-0.002895	0.004962	-0.002698
39586	-0.003218	0.004756	-0.002698
39587	-0.003505	0.005338	-0.003695
39588	-0.003829	0.005131	-0.003694
39589	-0.004086	0.006816	-0.000506
39590	-0.001602	0.004826	-0.001420
39591	-0.002124	0.003911	-0.002188
39592	-0.002186	0.004384	-0.001447
39593	-0.002543	0.004969	-0.002415
39594	-0.002867	0.004763	-0.002414
39595	-0.002548	0.004811	-0.003319
39596	-0.002743	0.003749	-0.002405
39597	-0.003540	0.007287	-0.002748
39598	-0.001056	0.005297	-0.003662
39599	-0.001631	0.004478	-0.004377
39600	-0.002560	0.004077	-0.003462
39601	-0.001927	0.004008	-0.002654
39602	-0.001384	0.004676	-0.002828
39603	-0.001839	0.005415	-0.003705
39604	-0.002293	0.006064	-0.004617
39605	-0.002978	0.006445	-0.002913
39606	-0.003564	0.005560	-0.003651
39607	-0.000805	0.006664	-0.004906
39608	-0.001604	0.005408	-0.003077
39609	-0.001958	0.005158	-0.003082
39610	-0.001416	0.005827	-0.003255
39611	-0.000123	0.005831	-0.003434
39612	-0.001181	0.006285	-0.003432
39613	0.001832	0.004404	-0.005270
39614	0.001770	0.004877	-0.004529
39615	0.000839	0.006562	-0.002167
39616	0.001591	0.005213	-0.003820
39617	0.000804	0.006409	-0.003055
39618	0.001476	0.006222	-0.002315
39619	0.001883	0.005268	-0.002350
39620	0.000089	0.006382	-0.002346
39621	-0.000568	0.006723	-0.000669
39622	0.001915	0.004733	-0.001584
39623	0.000379	0.004885	-0.000752
39624	0.000397	0.004196	-0.002403
39625	0.000930	0.004880	-0.002571
39626	-0.000129	0.005334	-0.002567
39627	-0.000555	0.005094	-0.002552
39628	-0.001272	0.005065	-0.004202
39629	-0.001930	0.005406	-0.002524
39630	-0.000915	0.004735	-0.003436
39631	-0.002024	0.006332	-0.001063
39632	-0.001139	0.006517	-0.002889
39633	-0.001682	0.005555	-0.003673
39634	-0.001402	0.005544	-0.004585
39635	-0.002120	0.005936	-0.002860
39636	-0.001710	0.005070	-0.002859
39637	0.000070	0.006135	-0.004863
39638	-0.003063	0.007714	-0.003942
39639	-0.002106	0.007042	-0.004833
39640	-0.003036	0.006642	-0.003916
39641	-0.002640	0.006550	-0.004903
39642	-0.003228	0.005666	-0.005640
39643	-0.002103	0.006530	-0.006727
39644	-0.003163	0.006984	-0.006723
39645	-0.003880	0.007230	-0.005057
39646	-0.004468	0.006346	-0.005793
39647	-0.003696	0.007277	-0.008580
39648	-0.003628	0.006895	-0.006925
39649	-0.004022	0.006572	-0.006945
39650	-0.005081	0.007027	-0.006940
39651	-0.004365	0.008415	-0.006333
39652	-0.005687	0.008191	-0.007067
39653	-0.003226	0.007470	-0.005565
39654	-0.003289	0.007943	-0.004822
39655	-0.003838	0.007118	-0.005549
39656	-0.003638	0.008270	-0.004068
39657	-0.004901	0.007947	-0.004869
39658	-0.004359	0.008616	-0.005041
39659	-0.004807	0.009223	-0.005970
39660	-0.005867	0.009678	-0.005965
39661	-0.006497	0.009967	-0.004309
39662	-0.003489	0.009334	-0.003747
39663	-0.005286	0.009455	-0.002844
39664	-0.004273	0.008785	-0.003756
39665	-0.003673	0.009450	-0.003948
39666	-0.004470	0.010584	-0.003203
39667	-0.003791	0.011254	-0.003419
39668	-0.004117	0.011050	-0.003415
39669	-0.003550	0.011797	-0.003569
39670	-0.005347	0.010524	-0.002474
39671	-0.003108	0.010205	-0.005237
39672	-0.002907	0.011357	-0.003755
39673	-0.003955	0.011625	-0.003827
39674	-0.003020	0.012117	-0.002347
39675	-0.003470	0.012574	-0.003336
39676	-0.002798	0.012388	-0.002595
39677	-0.000765	0.011809	-0.002747
39678	-0.000828	0.012282	-0.002003
39679	-0.002897	0.012685	-0.002740
39680	-0.002827	0.014692	-0.002170
39681	-0.003059	0.013687	-0.001220
39682	-0.002780	0.013678	-0.002131
39683	-0.002321	0.012914	-0.002105
39684	-0.002043	0.012905	-0.003015
39685	-0.002726	0.013110	-0.001377
39686	-0.001714	0.012441	-0.002289
39687	-0.002420	0.011611	-0.002965
39688	-0.002613	0.012940	-0.003134
39689	-0.002711	0.011955	-0.002217
39690	-0.002774	0.012429	-0.001473
39691	-0.002478	0.012488	-0.002359
39692	-0.002934	0.013139	-0.003267
39693	-0.000978	0.011051	-0.003259
39694	-0.004112	0.012631	-0.002331
39695	-0.002817	0.011699	-0.001600
39696	-0.000596	0.011421	-0.004344
39697	-0.000476	0.011001	-0.002718
39698	0.000065	0.011670	-0.002889
39699	0.000684	0.012323	-0.003095
39700	0.001356	0.012136	-0.002353
39701	0.000283	0.012595	-0.002335
39702	-0.001516	0.011322	-0.001238
39703	0.000667	0.011063	-0.003963
39704	-0.000868	0.010468	-0.002127
39705	-0.000371	0.009598	-0.002156
39706	-0.000094	0.009590	-0.003066
39707	0.000452	0.009414	-0.002281
39708	-0.000269	0.009388	-0.003927
39709	-0.000920	0.009773	-0.002227
39710	0.002088	0.009139	-0.001666
39711	0.000052	0.009582	-0.002396
39712	0.000120	0.009201	-0.000738
39713	-0.000205	0.009054	-0.000711
39714	0.000336	0.009724	-0.000882
39715	0.000406	0.010161	-0.000194
39716	-0.000185	0.009280	-0.000927
39717	-0.000762	0.009590	0.000718
39718	0.001718	0.007602	-0.000200
39719	-0.001147	0.007536	0.002580
39720	-0.001868	0.007510	0.000934
39721	-0.002267	0.008200	0.000026
39722	-0.001596	0.008013	0.000768
39723	-0.000451	0.007348	-0.000196
39724	0.001089	0.008034	0.000370
39725	0.001564	0.008699	0.000221
39726	-0.000101	0.008961	0.001146
39727	0.000955	0.008323	0.000232
39728	0.000892	0.008797	0.000978
39729	0.001626	0.008503	0.001659
39730	0.002168	0.009172	0.001488
39731	0.002052	0.010448	0.001271
39732	0.002727	0.012650	0.000926
39733	0.001958	0.012960	0.002636
39734	0.002574	0.012470	0.000072
39735	0.003696	0.011928	-0.000828
39736	0.003029	0.012206	0.000833
39737	0.003458	0.011307	0.000819
39738	0.004129	0.011121	0.001562
39739	0.003691	0.011842	0.000681
39740	0.003364	0.011639	0.000688
39741	0.003844	0.012238	0.000502
39742	0.002573	0.012321	0.003080
39743	0.004852	0.012227	0.000394
39744	0.004919	0.011845	0.002053
39745	0.004524	0.011603	0.002059
39746	0.004460	0.012077	0.002805
39747	0.005078	0.012843	0.002648
39748	0.004486	0.011963	0.001917
39749	0.005048	0.012525	0.001689
39750	0.006059	0.011857	0.000776
39751	0.004269	0.012099	0.001734
39752	0.004545	0.012092	0.000825
39753	0.004191	0.011927	0.000850
39754	0.004862	0.011741	0.001593
39755	0.005494	0.012371	0.001379
39756	0.003563	0.011956	0.001567
39757	0.002828	0.012190	0.003236
39758	0.002236	0.011311	0.002505
39759	0.005027	0.012264	0.001172
39760	0.005832	0.013611	0.001740
39761	0.005545	0.013615	0.001820
39762	0.004747	0.014749	0.002570
39763	0.004377	0.014638	0.002629
39764	0.004918	0.015308	0.002459
39765	0.005477	0.016010	0.002299
39766	0.005414	0.016485	0.003046
39767	0.006304	0.015867	0.002202
39768	0.006974	0.015681	0.002945
39769	0.007625	0.015421	0.003669
39770	0.007297	0.015219	0.003677
39771	0.000888	0.008670	-0.002534
39772	0.000819	0.009137	-0.001791
39773	0.000260	0.010939	-0.000300
39774	-0.000339	0.010053	-0.001034
39775	0.000648	0.009307	-0.001974
39776	0.000783	0.007762	-0.002712
39777	0.002259	0.008368	-0.002161
39778	0.001321	0.007964	-0.001240
39779	0.001120	0.008398	-0.000467
39780	0.001915	0.007350	0.001186
39781	0.000946	0.007946	0.001225
39782	0.000346	0.007061	0.000491
39783	0.001754	0.006271	0.001250
39784	0.001419	0.006062	0.001255
39785	0.001016	0.006571	0.000263
39786	0.001415	0.005703	0.000264
39787	0.002567	0.005005	-0.000706
39788	0.000629	0.004585	-0.000519
39789	0.000089	0.004859	0.001101
39790	0.002300	0.004578	-0.001649
39791	0.001802	0.003700	-0.002409
39792	0.000659	0.005309	-0.000006
39793	0.001746	0.004595	-0.000967
39794	0.001411	0.004387	-0.000961
39795	0.002078	0.005090	-0.001159
39796	0.001348	0.005062	-0.002806
39797	0.003222	0.002903	-0.002802
39798	0.003683	0.004723	-0.000581
39799	0.002056	0.005002	0.000347
39800	0.003324	0.005005	0.000169
39801	0.003613	0.004960	-0.000761
39802	0.002544	0.005412	-0.000751
39803	0.002242	0.005218	-0.000746
39804	0.002906	0.005026	-0.000007
39805	0.002837	0.004287	-0.001656
39806	0.002767	0.004755	-0.000912
39807	0.000127	0.003933	-0.003061
39808	0.001057	0.004417	-0.001583
39809	0.002118	0.002951	-0.001536
39810	0.001387	0.002923	-0.003182
39811	0.001055	0.003820	-0.000829
39812	0.001458	0.005340	-0.001915
39813	0.002400	0.004446	-0.000239
39814	0.001799	0.003563	-0.000971
39815	0.003305	0.002723	-0.000261
39816	0.003839	0.003387	-0.000433
39817	0.003877	0.003906	0.000303
39818	0.005613	0.002573	-0.000617
39819	0.004774	0.003651	0.000126
39820	0.004309	0.004299	-0.000780
39821	0.006229	0.002145	-0.000789
39822	0.006159	0.002613	-0.000044
39823	0.005632	0.001824	-0.000759
39824	0.005562	0.002292	-0.000014
39825	0.005233	0.002075	-0.000014
39826	0.004897	0.001867	-0.000007
39827	0.005211	0.001884	-0.000920
39828	0.004480	0.001857	-0.002565
39829	0.004372	0.003613	0.000620
39830	0.006842	0.001620	-0.000305
39831	0.005145	0.001950	0.000665
39832	0.006147	0.001279	-0.000251
39833	0.005451	0.002317	0.000423
39834	0.005381	0.002786	0.001169
39835	0.005076	0.002555	0.001159
39836	0.005402	0.002843	0.003556
39837	0.005521	0.002039	0.001819
39838	0.005451	0.002508	0.002564
39839	0.004311	0.004072	0.004951
39840	0.004578	0.004061	0.004040
39841	0.004602	0.004454	0.004724
39842	0.005604	0.003782	0.003809
39843	0.006116	0.002862	0.003751
39844	0.006780	0.002670	0.004492
39845	0.004147	0.004347	0.004498
39846	0.003545	0.003465	0.003767
39847	0.004967	0.002730	0.004549
39848	0.004703	0.001368	0.002162
39849	0.004563	0.002586	0.001931
39850	0.004227	0.002379	0.001938
39851	0.004815	0.002140	0.002681
39852	0.005213	0.001273	0.002684
39853	0.005277	0.000457	0.000956
39854	0.005207	0.000925	0.001702
39855	0.003656	0.001177	0.002593
39856	0.004924	0.001181	0.002416
39857	0.005627	0.001123	0.003203
39858	0.005160	0.001772	0.002298
39859	0.004446	0.002904	0.003024
39860	0.004713	0.002893	0.002113
39861	0.004089	0.003166	0.003764
39862	0.005764	0.001536	-0.000465
39863	0.004007	0.001741	0.000468
39864	0.003937	0.002210	0.001214
39865	0.004536	0.002130	0.002026
39866	0.004934	0.001263	0.002029
39867	0.005591	0.000945	0.002714
39868	0.005124	0.001595	0.001809
39869	0.006067	0.002117	0.003303
39870	0.005464	0.001235	0.002573
39871	0.004867	0.000381	0.001854
39872	0.004063	0.001510	0.002606
39873	0.004809	0.001124	0.003236
39874	0.004608	0.002449	0.003070
39875	0.005126	0.001713	0.003099
39876	0.004926	0.003038	0.002933
39877	0.008114	0.001267	0.001063
39878	0.004972	0.002846	0.002007
39879	0.006474	0.003591	0.002606
39880	0.006871	0.002724	0.002610
39881	0.007031	0.002858	0.001797
39882	0.007694	0.002667	0.002539
39883	0.007821	0.001834	0.002635
39884	0.006886	0.003820	0.002475
39885	0.008796	0.001627	0.002451
39886	0.008726	0.002096	0.003198
39887	0.008318	0.002713	0.002264
39888	0.007980	0.002507	0.002273
39889	0.007177	0.002041	0.003133
39890	0.007444	0.002031	0.002224
39891	0.007974	0.002833	0.002113
39892	0.007637	0.002627	0.002123
39893	0.008252	0.003288	0.001925
39894	0.007648	0.002407	0.001196
39895	0.008778	0.001739	0.000244
39896	0.009441	0.001547	0.000986
39897	0.008991	0.001187	0.000961
39898	0.009257	0.001178	0.000052
39899	0.008887	0.001042	0.000103
39900	0.007952	0.003028	-0.000056
39901	0.007256	0.003194	0.001572
39902	0.007858	0.002706	-0.000994
39903	0.008842	0.001969	-0.001932
39904	0.009039	0.003112	-0.000446
39905	0.009084	0.003496	0.000228
39906	0.009878	0.002447	0.001884
39907	0.009125	0.003539	0.002606
39908	0.009124	0.002854	0.000959
39909	0.008454	0.003198	0.002657
39910	0.010660	0.002921	-0.000097
39911	0.009030	0.003321	0.000888
39912	0.008226	0.004450	0.001643
39913	0.007941	0.004245	0.001639
39914	0.008474	0.004910	0.001468
39915	0.008479	0.005364	0.002186
39916	0.007805	0.005637	0.003854
39917	0.006821	0.006087	0.003842
39918	0.007957	0.006948	0.002752
39919	0.009017	0.006245	0.001805
39920	0.009214	0.007388	0.003292
39921	0.010506	0.007408	0.003112
39922	0.010168	0.007202	0.003123
39923	0.010812	0.006974	0.003856
39924	0.012209	0.006122	0.004592
39925	0.012822	0.006820	0.004412
39926	0.012354	0.007472	0.003510
39927	0.012480	0.007960	0.004214
39928	0.013211	0.006616	0.002560
39929	0.012098	0.007017	0.002565
39930	0.012631	0.007683	0.002394
39931	0.012449	0.007463	0.002352
39932	0.012845	0.006597	0.002356
39933	0.012973	0.007391	0.000511
39934	0.012367	0.006512	-0.000216
39935	0.013438	0.005870	-0.001141
39936	0.014238	0.007209	-0.000573
39937	0.013488	0.007477	0.001116
39938	0.013753	0.007468	0.000208
39939	0.013431	0.007228	0.000200
39940	0.015095	0.007050	0.001675
39941	0.014110	0.007389	0.001615
39942	0.013504	0.006509	0.000888
39943	0.016407	0.007460	-0.000492
39944	0.016068	0.007255	-0.000481
39945	0.016573	0.007885	-0.000658
39946	0.016365	0.006822	0.000267
39947	0.017017	0.007557	0.000094
39948	0.017282	0.007548	-0.000815
39949	0.019791	0.006693	0.000617
39950	0.018652	0.008300	0.003031
39951	0.018650	0.008714	0.003734
39952	0.019052	0.010236	0.002651
39953	0.019011	0.009623	0.001048
39954	0.019407	0.008758	0.001053
39955	0.019053	0.008538	0.001061
39956	0.020587	0.009217	0.001622
39957	0.020531	0.008592	0.000016
39958	0.017389	0.010173	0.000969
39959	0.018282	0.009657	0.000155
39960	0.019213	0.010139	0.001636
39961	0.020046	0.009274	0.000675
39962	0.019242	0.010404	0.001432
39963	0.020322	0.009807	0.000526
39964	0.020178	0.009039	0.004760
39965	0.021440	0.008760	0.001264
39966	0.020164	0.008837	0.003854
39967	0.019766	0.009584	0.002979
39968	0.019762	0.008902	0.001334
39969	0.020032	0.008099	0.001402
39970	0.019359	0.008371	0.003073
39971	0.003759	0.007949	-0.001566
39972	0.003543	0.009275	-0.001731
39973	0.002841	0.009487	-0.000092
39974	0.003686	0.007287	-0.000834
39975	0.004620	0.006550	-0.001766
39976	0.004397	0.005489	-0.000843
39977	0.003369	0.005956	-0.000841
39978	0.003618	0.005948	-0.001752
39979	0.003277	0.005705	-0.001762
39980	0.001653	0.004814	-0.003220
39981	0.002521	0.005342	-0.001703
39982	0.002036	0.005994	-0.002606
39983	0.002099	0.006520	-0.001874
39984	0.002348	0.006512	-0.002784
39985	0.002227	0.007043	-0.001997
39986	0.001873	0.006838	-0.001987
39987	0.000915	0.007223	-0.002038
39988	0.000496	0.006724	-0.005337
39989	0.001448	0.007121	-0.003911
39990	0.001363	0.007590	-0.003163
39991	-0.000289	0.007909	-0.002208
39992	0.000694	0.007240	-0.003126
39993	0.000962	0.007376	-0.003970
39994	-0.000126	0.007832	-0.003952
39995	0.000147	0.007903	-0.004828
39996	0.000062	0.008372	-0.004080
39997	0.000518	0.009109	-0.004199
39998	0.002037	0.009787	-0.003642
39999	0.000535	0.010136	-0.002709
40000	0.001517	0.009468	-0.003626
40001	0.002095	0.010105	-0.003826
40002	0.002474	0.009240	-0.003823
40003	0.002166	0.009132	-0.003778
40004	0.002814	0.008941	-0.003037
40005	0.002766	0.008219	-0.004695
40006	0.002680	0.008689	-0.003947
40007	0.001016	0.008996	-0.002988
40008	0.001860	0.006797	-0.003730
40009	0.002677	0.007047	-0.005521
40010	0.002322	0.006844	-0.005509
40011	0.002296	0.007356	-0.004754
40012	0.002813	0.008021	-0.004926
40013	0.002181	0.008326	-0.003249
40014	0.001558	0.007449	-0.003975
40015	0.004001	0.005333	-0.004968
40016	0.002710	0.005409	-0.002377
40017	0.003039	0.005398	-0.003311
40018	0.002685	0.005194	-0.003299
40019	0.003686	0.005300	-0.005213
40020	0.002932	0.005281	-0.006852
40021	0.004501	0.004716	-0.008733
40022	0.004954	0.006531	-0.006509
40023	0.004352	0.005735	-0.007199
40024	0.003264	0.006192	-0.007179
40025	0.003771	0.006905	-0.007321
40026	0.004419	0.006714	-0.006580
40027	0.004421	0.006077	-0.008209
40028	0.004807	0.007600	-0.009294
40029	0.004087	0.007941	-0.007581
40030	0.003463	0.007064	-0.008307
40031	0.004496	0.006359	-0.009261
40032	0.003539	0.005959	-0.008327
40033	0.004317	0.007211	-0.007802
40034	0.004093	0.006150	-0.006877
40035	0.004726	0.005827	-0.006198
40036	0.004371	0.005624	-0.006185
40037	0.004368	0.004950	-0.007831
40038	0.002677	0.005211	-0.006889
40039	0.003730	0.004665	-0.007763
40040	0.004516	0.006004	-0.007197
40041	0.004415	0.006413	-0.006474
40042	0.004663	0.006407	-0.007382
40043	0.003945	0.006790	-0.005647
40044	0.004787	0.004593	-0.006389
40045	0.005455	0.005063	-0.006698
40046	0.003764	0.005324	-0.005755
40047	0.005149	0.004499	-0.005009
40048	0.004060	0.004957	-0.004988
40049	0.003723	0.004797	-0.004956
40050	0.004102	0.003933	-0.004952
40051	0.004541	0.004591	-0.005105
40052	0.002719	0.005710	-0.005075
40053	0.003192	0.006434	-0.005207
40054	0.004435	0.004052	-0.004298
40055	0.004584	0.005989	-0.003783
40056	0.004831	0.005982	-0.004691
40057	0.005471	0.005665	-0.004010
40058	0.005516	0.005277	-0.002346
40059	0.004854	0.004465	-0.003029
40060	0.005501	0.004274	-0.002286
40061	0.006097	0.005040	-0.002431
40062	0.005472	0.004165	-0.003155
40063	0.005647	0.006129	-0.002635
40064	0.005624	0.005450	-0.004281
40065	0.005810	0.005033	-0.002667
40066	0.005787	0.004355	-0.004312
40067	0.006711	0.003664	-0.005227
40068	0.007359	0.003473	-0.004485
40069	0.007408	0.002785	-0.006156
40070	0.005455	0.004762	-0.007037
40071	0.006935	0.003843	-0.006361
40072	0.006179	0.003826	-0.007997
40073	0.006914	0.003528	-0.007329
40074	0.007160	0.003522	-0.008237
40075	0.006877	0.003269	-0.008268
40076	0.007394	0.003935	-0.008439
40077	0.006666	0.004275	-0.006722
40078	0.009653	0.003631	-0.006182
40079	0.009485	0.002616	-0.005246
40080	0.007856	0.001730	-0.006697
40081	0.009563	0.001525	-0.005252
40082	0.008204	0.001311	-0.005965
40083	0.008719	0.001091	-0.005198
40084	0.006757	0.000680	-0.004990
40085	0.006745	0.002275	-0.001886
40086	0.005579	0.000057	-0.004083
40087	0.007814	-0.000328	-0.006912
40088	0.008130	-0.000044	-0.004509
40089	0.007817	-0.000287	-0.004526
40090	0.008333	0.000380	-0.004696
40091	0.008091	0.000210	-0.004696
40092	0.009611	0.000888	-0.004138
40093	0.008038	0.000049	-0.005578
40094	0.007952	0.000519	-0.004826
40095	0.009259	-0.000371	-0.004090
40096	0.008632	-0.001246	-0.004812
40097	0.008518	-0.000774	-0.004051
40098	0.008162	-0.000976	-0.004035
40099	0.007701	-0.001025	-0.003915
40100	0.008078	-0.001888	-0.003909
40101	0.005933	0.001185	-0.002383
40102	0.008379	-0.000803	-0.003318
40103	0.006719	-0.000549	-0.002385
40104	0.007968	-0.000544	-0.002564
40105	0.007370	-0.001327	-0.003245
40106	0.006280	-0.000868	-0.003220
40107	0.007064	-0.000251	-0.003488
40108	0.007712	-0.000442	-0.002745
40109	0.007703	-0.001149	-0.004406
40110	0.009363	0.001058	-0.004024
40111	0.007777	0.001298	-0.003111
40112	0.007421	0.001097	-0.003095
40113	0.007562	0.001095	-0.003971
40114	0.007807	0.001090	-0.004878
40115	0.008208	0.000246	-0.004871
40116	0.009859	0.000066	-0.003400
40117	0.011560	0.001024	-0.005457
40118	0.011474	0.001494	-0.004704
40119	0.010481	0.002312	-0.007238
40120	0.010526	0.001925	-0.005572
40121	0.010481	0.002314	-0.004869
40122	0.010124	0.002113	-0.004853
40123	0.009482	0.003256	-0.004128
40124	0.008723	0.003240	-0.005761
40125	0.009246	0.003831	-0.005970
40126	0.009160	0.004301	-0.005216
40127	0.010188	0.003521	-0.006201
40128	0.010102	0.003991	-0.005447
40129	0.011130	0.003329	-0.006374
40130	0.011646	0.003995	-0.006544
40131	0.011349	0.003914	-0.006481
40132	0.010852	0.002183	-0.006289
40133	0.011375	0.002813	-0.006477
40134	0.011289	0.003283	-0.005724
40135	0.010913	0.003890	-0.006675
40136	0.009823	0.004349	-0.006648
40137	0.010164	0.003487	-0.006631
40138	0.010138	0.002811	-0.008275
40139	0.010547	0.003482	-0.008413
40140	0.011465	0.003963	-0.006932
40141	0.010344	0.004500	-0.006858
40142	0.011323	0.003835	-0.007774
40143	0.010766	0.003105	-0.008443
40144	0.011151	0.004630	-0.009525
40145	0.011542	0.004604	-0.010477
40146	0.012189	0.004413	-0.009733
40147	0.011889	0.004901	-0.008916
40148	0.014202	0.003772	-0.010765
40149	0.012101	0.006962	-0.009189
40150	0.011472	0.006089	-0.009909
40151	0.012357	0.005444	-0.010792
40152	0.013407	0.005067	-0.008398
40153	0.013554	0.005228	-0.009199
40154	0.014201	0.005037	-0.008455
40155	0.013971	0.004724	-0.008525
40156	0.014287	0.005007	-0.006121
40157	0.014272	0.004187	-0.007836
40158	0.014186	0.004657	-0.007082
40159	0.013532	0.003868	-0.007752
40160	0.014319	0.005207	-0.007183
40161	0.014672	0.005179	-0.008126
40162	0.013983	0.005452	-0.006448
40163	0.014438	0.006167	-0.006574
40164	0.013347	0.006628	-0.006546
40165	0.013852	0.007393	-0.006660
40166	0.013223	0.006521	-0.007379
40167	0.013099	0.007028	-0.006595
40168	0.013343	0.007024	-0.007501
40169	0.013786	0.006253	-0.007463
40170	0.012695	0.006714	-0.007434
40171	0.004943	0.006986	-0.002853
40172	0.003572	0.006777	-0.003557
40173	0.003515	0.008326	-0.000456
40174	0.005951	0.006341	-0.001390
40175	0.004339	0.006678	-0.000419
40176	0.005580	0.006686	-0.000594
40177	0.005549	0.007061	0.000105
40178	0.004449	0.007523	0.000139
40179	0.004966	0.008190	-0.000027
40180	0.003998	0.007794	0.000919
40181	0.004602	0.008394	0.000699
40182	0.007038	0.006409	-0.000234
40183	0.005500	0.006569	0.000629
40184	0.004862	0.005700	-0.000085
40185	0.005761	0.004883	-0.001052
40186	0.005997	0.004881	-0.001953
40187	0.005668	0.004674	-0.001943
40188	0.005574	0.005146	-0.001184
40189	0.006184	0.005688	-0.001440
40190	0.006089	0.006160	-0.000681
40191	0.005542	0.005190	-0.001465
40192	0.004442	0.005652	-0.001431
40193	0.004039	0.005447	-0.001400
40194	0.003945	0.005919	-0.000640
40195	0.005261	0.006064	-0.000768
40196	0.004763	0.006724	-0.001658
40197	0.004070	0.007030	0.000042
40198	0.006504	0.005045	-0.000892
40199	0.005659	0.005932	-0.003422
40200	0.004963	0.006207	-0.001738
40201	0.004151	0.005731	-0.000872
40202	0.003381	0.005720	-0.002498
40203	0.003310	0.006275	-0.001698
40204	0.001807	0.006925	-0.003313
40205	0.003689	0.004778	-0.003316
40206	0.001725	0.006760	-0.004183
40207	0.003248	0.007363	-0.003659
40208	0.002881	0.007165	-0.003636
40209	0.001802	0.007558	-0.003637
40210	0.001163	0.006689	-0.004350
40211	0.000832	0.006405	-0.004379
40212	0.000738	0.006876	-0.003619
40213	0.002660	0.004773	-0.003612
40214	0.001100	0.006567	-0.002828
40215	0.000445	0.005643	-0.003567
40216	0.001356	0.006124	-0.002081
40217	0.000887	0.005820	-0.002079
40218	0.001394	0.006489	-0.002242
40219	0.000976	0.006375	-0.002157
40220	0.001342	0.005515	-0.002144
40221	0.000177	0.006123	-0.002017
40222	0.002348	0.005855	-0.004777
40223	0.000571	0.006151	-0.003781
40224	0.001407	0.006347	-0.005605
40225	0.001403	0.006898	-0.004827
40226	0.001769	0.006039	-0.004814
40227	0.002977	0.006149	-0.004929
40228	0.002619	0.008338	-0.005994
40229	0.004359	0.006130	-0.005987
40230	0.004265	0.006602	-0.005225
40231	0.003493	0.005708	-0.005916
40232	0.003671	0.006850	-0.004418
40233	0.004165	0.007568	-0.004549
40234	0.003798	0.007370	-0.004524
40235	0.003306	0.007118	-0.004493
40236	0.004405	0.005598	-0.004492
40237	0.004416	0.004853	-0.006176
40238	0.004321	0.005325	-0.005414
40239	0.002513	0.005626	-0.004404
40240	0.002145	0.005428	-0.004379
40241	0.003010	0.004698	-0.005300
40242	0.002971	0.004027	-0.006936
40243	0.002001	0.004530	-0.006912
40244	0.002235	0.004529	-0.007812
40245	0.003906	0.004151	-0.009629
40246	0.002203	0.004417	-0.008667
40247	0.003122	0.003706	-0.009590
40248	0.002425	0.003981	-0.007903
40249	0.002819	0.003173	-0.007867
40250	0.001718	0.003636	-0.007829
40251	0.002126	0.004158	-0.008035
40252	0.001025	0.004621	-0.007997
40253	0.004696	0.004068	-0.008459
40254	0.004601	0.004540	-0.007696
40255	0.002869	0.003230	-0.006611
40256	0.002774	0.003702	-0.005849
40257	0.003700	0.002986	-0.006770
40258	0.004338	0.002797	-0.006020
40259	0.005384	0.002130	-0.006953
40260	0.005420	0.001744	-0.005278
40261	0.006789	0.001402	-0.008849
40262	0.007241	0.003213	-0.006613
40263	0.004905	0.002125	-0.007108
40264	0.005871	0.001463	-0.008019
40265	0.005478	0.001197	-0.008017
40266	0.005711	0.001197	-0.008916
40267	0.006027	0.001270	-0.009799
40268	0.004653	0.001064	-0.010497
40269	0.003983	0.001278	-0.008841
40270	0.003342	0.000411	-0.009551
40271	0.004525	-0.000479	-0.008782
40272	0.004758	-0.000479	-0.009680
40273	0.003571	0.000086	-0.009570
40274	0.003476	0.000558	-0.008807
40275	0.004477	-0.000004	-0.009672
40276	0.002042	0.000924	-0.008695
40277	0.003966	-0.001282	-0.008739
40278	0.005074	-0.000415	-0.009827
40279	0.003087	-0.000143	-0.010631
40280	0.002992	0.000329	-0.009868
40281	0.003369	-0.000663	-0.009926
40282	0.003000	-0.000860	-0.009899
40283	0.003368	-0.001757	-0.009904
40284	0.003864	-0.003474	-0.008976
40285	0.004292	-0.002730	-0.009080
40286	0.003791	-0.002068	-0.009966
40287	0.004719	-0.002725	-0.010871
40288	0.005029	-0.002442	-0.008458
40289	0.004896	-0.002786	-0.008564
40290	0.003926	-0.003180	-0.007611
40291	0.005231	-0.002592	-0.007041
40292	0.002981	-0.003663	-0.007547
40293	0.002423	-0.003332	-0.005869
40294	0.001780	-0.004198	-0.006577
40295	0.003203	-0.003645	-0.006055
40296	0.002233	-0.004039	-0.005101
40297	0.001922	-0.004221	-0.005085
40298	0.001422	-0.003559	-0.005970
40299	0.001111	-0.003819	-0.005985
40300	-0.000724	-0.002693	-0.005931
40301	-0.000254	-0.001985	-0.006064
40302	-0.000897	-0.002851	-0.006773
40303	-0.000384	-0.001061	-0.004559
40304	0.000634	-0.002862	-0.007868
40305	0.000565	-0.002366	-0.007100
40306	0.000612	-0.000366	-0.006513
40307	0.000253	-0.000441	-0.006425
40308	-0.000116	-0.000638	-0.006397
40309	0.001663	-0.002833	-0.006404
40310	0.001567	-0.002360	-0.005640
40311	0.000858	-0.003261	-0.006346
40312	-0.000440	-0.003183	-0.003729
40313	0.000097	-0.002412	-0.003850
40314	-0.000458	-0.000609	-0.002337
40315	-0.000151	-0.000539	-0.003220
40316	0.001635	0.000807	-0.001922
40317	0.001679	0.000140	-0.003577
40318	-0.000025	0.000408	-0.002609
40319	0.001458	0.001050	-0.002056
40320	0.000082	0.000846	-0.002750
40321	0.000471	-0.000103	-0.002789
40322	0.001251	0.001236	-0.002214
40323	0.001472	0.001175	-0.003136
40324	0.000501	0.000781	-0.002180
40325	0.000443	0.000169	-0.003785
40326	0.002098	0.002374	-0.003400
40327	0.001960	0.001409	-0.002436
40328	0.000857	0.001874	-0.002394
40329	0.000717	0.002298	-0.001642
40330	0.001080	0.001441	-0.001627
40331	0.000940	0.001903	-0.000856
40332	0.001303	0.001046	-0.000840
40333	0.000294	0.001518	-0.000816
40334	0.000198	0.001991	-0.000051
40335	0.001173	0.001446	-0.000905
40336	0.001810	0.001258	-0.000153
40337	0.002319	0.001998	-0.000280
40338	0.001348	0.001605	0.000676
40339	0.001493	0.001551	-0.000227
40340	0.000522	0.001158	0.000729
40341	0.003619	-0.000722	-0.001202
40342	0.003524	-0.000250	-0.000437
40343	0.003595	0.001655	0.000096
40344	0.002217	0.001452	-0.000596
40345	0.002417	0.001496	-0.001469
40346	0.003656	0.001505	-0.001644
40347	0.002555	0.001890	-0.001641
40348	0.001779	0.001885	-0.003260
40349	0.003349	0.001309	-0.005154
40350	0.002195	0.002914	-0.002711
40351	0.001112	0.003115	-0.000083
40352	0.002951	0.003321	-0.001184
40353	0.002104	0.004541	-0.000354
40354	0.002466	0.003684	-0.000338
40355	0.002749	0.003764	-0.001207
40356	0.001920	0.004898	-0.000427
40357	0.001129	0.005144	0.001280
40358	0.001686	0.004676	-0.001280
40359	0.002672	0.004176	-0.002113
40360	0.002851	0.005318	-0.000611
40361	0.002614	0.006713	-0.000724
40362	0.002977	0.005856	-0.000707
40363	0.004404	0.005805	-0.000956
40364	0.004440	0.005418	0.000723
40365	0.003093	0.007688	-0.001018
40366	0.004056	0.007029	-0.001928
40367	0.003432	0.006172	-0.002633
40368	0.003937	0.006842	-0.002793
40369	0.004507	0.007568	-0.002945
40370	0.005013	0.008238	-0.003105
40371	0.004475	0.006884	-0.002477
40372	0.003647	0.008018	-0.001696
40373	0.005437	0.005831	-0.001701
40374	0.005994	0.005362	-0.004261
40375	0.005888	0.005748	-0.003536
40376	0.005649	0.004693	-0.002592
40377	0.005295	0.004434	-0.002600
40378	0.003866	0.005370	-0.000892
40379	0.003618	0.005246	-0.000856
40380	0.002790	0.006380	-0.000075
40381	0.005836	0.004531	-0.001981
40382	0.005741	0.005003	-0.001214
40383	0.002715	0.004869	0.001640
40384	0.003546	0.005068	-0.000183
40385	0.003313	0.004884	-0.000179
40386	0.002943	0.004688	-0.000148
40387	0.002872	0.004372	0.001596
40388	0.002970	0.005233	-0.000213
40389	0.003295	0.004371	-0.000189
40390	0.001040	0.003304	-0.000687
40391	0.002614	0.003929	-0.000169
40392	0.001643	0.003536	0.000790
40393	0.002671	0.002859	-0.000148
40394	0.002168	0.003523	-0.001029
40395	0.001933	0.003264	-0.001062
40396	0.001837	0.003736	-0.000294
40397	0.001761	0.002996	-0.001955
40398	0.001666	0.003468	-0.001187
40399	-0.000465	0.004013	-0.001812
40400	0.000172	0.003823	-0.001060
40401	-0.000159	0.003512	-0.001097
40402	0.000203	0.002655	-0.001080
40403	0.000576	0.001725	-0.001101
40404	0.000481	0.002197	-0.000333
40405	0.001045	0.002884	-0.000503
40406	0.002007	0.002225	-0.001413
40407	0.000294	0.002447	-0.000461
40408	-0.000077	0.002252	-0.000429
40409	-0.000356	0.002135	-0.000379
40410	0.000281	0.001946	0.000375
40411	0.001327	0.000414	0.000381
40412	0.000824	0.001079	-0.000499
40413	0.002668	-0.001201	-0.000570
40414	0.002573	-0.000728	0.000199
40415	0.001114	-0.000638	0.001023
40416	0.001944	-0.000438	-0.000800
40417	0.000872	0.000096	-0.000728
40418	0.001102	0.000099	-0.001623
40419	0.001313	-0.000792	-0.001585
40420	0.002275	-0.001451	-0.002495
40421	0.001851	0.000433	-0.000965
40422	0.000652	-0.001765	-0.003139
40423	0.002948	-0.001753	-0.005797
40424	0.003453	-0.001083	-0.005956
40425	0.002787	-0.000427	-0.006800
40426	0.003424	-0.000616	-0.006047
40427	0.003874	0.000219	-0.006106
40428	0.003503	0.000024	-0.006072
40429	0.003569	-0.000643	-0.007734
40430	0.000951	0.002284	-0.005256
40431	0.000776	0.002899	-0.004394
40432	0.000729	0.002235	-0.006024
40433	0.000397	0.002001	-0.006021
40434	-0.000107	0.002666	-0.006901
40435	0.000423	0.003358	-0.007057
40436	0.000796	0.004888	-0.008129
40437	0.001000	0.004024	-0.008075
40438	-0.002170	0.005617	-0.007067
40439	-0.000775	0.004705	-0.006364
40440	-0.000546	0.004708	-0.007258
40441	0.000093	0.005348	-0.007466
40442	0.000731	0.005159	-0.006712
40443	0.000985	0.004159	-0.006744
40444	0.001346	0.003303	-0.006725
40445	0.001875	0.003878	-0.006936
40446	0.001227	0.003016	-0.007638
40447	0.000118	0.004581	-0.005220
40448	0.001403	0.003454	-0.007794
40449	0.000909	0.004084	-0.008692
40450	0.000537	0.003890	-0.008658
40451	0.001038	0.003717	-0.007864
40452	-0.000343	0.003518	-0.008550
40453	0.000670	0.005660	-0.007157
40454	0.000021	0.004799	-0.007859
40455	0.001330	0.003994	-0.007080
40456	0.000694	0.005519	-0.008871
40457	0.001346	0.005373	-0.008098
40458	0.000373	0.004981	-0.007135
40459	0.001968	0.005804	-0.006520
40460	0.002196	0.005807	-0.007414
40461	0.001454	0.006033	-0.005730
40462	0.000805	0.005172	-0.006431
40463	0.002738	0.005659	-0.004222
40464	0.002690	0.004996	-0.005851
40465	0.003052	0.004250	-0.005778
40466	0.002956	0.004722	-0.005008
40467	0.002854	0.004151	-0.006579
40468	0.003814	0.003494	-0.007489
40469	0.003710	0.004985	-0.004388
40470	0.001596	0.005447	-0.005057
40471	0.004064	0.003615	-0.005934
40472	0.003645	0.004557	-0.003499
40473	0.003904	0.004627	-0.004368
40474	0.003531	0.004433	-0.004333
40475	0.004233	0.004227	-0.003606
40476	0.004282	0.006226	-0.003013
40477	0.004650	0.005257	-0.003053
40478	0.004145	0.005923	-0.003931
40479	0.002482	0.006186	-0.002965
40480	0.004775	0.005065	-0.004820
40481	0.004666	0.005552	-0.004040
40482	0.005170	0.006223	-0.004198
40483	0.004840	0.006066	-0.004155
40484	0.005153	0.006346	-0.001736
40485	0.005592	0.005372	-0.001797
40486	0.006552	0.004715	-0.002707
40487	0.005393	0.006343	-0.000242
40488	0.005476	0.004821	-0.000958
40489	0.006128	0.004567	-0.000238
40490	0.005755	0.004374	-0.000202
40491	0.006267	0.004974	-0.000402
40492	0.006303	0.004587	0.001282
40493	0.005017	0.005186	0.001444
40494	0.005976	0.004529	0.000534
40495	0.004313	0.004717	0.001468
40496	0.005272	0.004060	0.000559
40497	0.005420	0.002526	-0.000182
40498	0.004314	0.002994	-0.000129
40499	0.004697	0.002199	-0.000087
40500	0.005933	0.002209	-0.000261
40501	0.006126	0.001306	-0.000224
40502	0.005475	0.000446	-0.000923
40503	0.005418	0.000919	-0.000161
40504	0.006377	0.000262	-0.001071
40505	0.006735	0.000900	-0.001207
40506	0.006361	0.000707	-0.001170
40507	0.006740	-0.000024	-0.001091
40508	0.006967	-0.000019	-0.001983
40509	0.007299	-0.000943	-0.001990
40510	0.007613	-0.000663	0.000431
40511	0.008432	-0.001377	-0.000475
40512	0.007603	-0.000242	0.000314
40513	0.007875	-0.000344	-0.000643
40514	0.007501	-0.000537	-0.000606
40515	0.007215	-0.000722	-0.000586
40516	0.007719	-0.000051	-0.000743
40517	0.008298	0.000724	-0.000863
40518	0.007647	-0.000135	-0.001561
40519	0.008485	-0.000723	-0.002405
40520	0.008066	0.000218	0.000032
40521	0.008440	0.000166	-0.000924
40522	0.008344	0.000639	-0.000151
40523	0.009211	-0.000067	-0.001064
40524	0.009160	-0.000727	-0.002691
40525	0.009079	0.001006	0.000532
40526	0.008428	0.000147	-0.000166
40527	0.009386	-0.000397	-0.001018
40528	0.007825	0.001400	-0.000211
40529	0.006798	0.001906	-0.000158
40530	0.007024	0.001911	-0.001050
40531	0.007530	0.001230	-0.000976
40532	0.007156	0.001037	-0.000938
40533	0.008304	0.000692	-0.004467
40534	0.008764	0.002497	-0.002223
40535	0.008217	0.001658	-0.002935
40536	0.006833	0.001462	-0.003615
40537	0.007573	0.000308	-0.001991
40538	0.007931	-0.000547	-0.001970
40539	0.007580	0.000154	-0.002868
40540	0.007206	-0.000038	-0.002830
40541	0.007507	-0.000912	-0.002806
40542	0.007410	-0.000438	-0.002033
40543	0.006895	0.000256	-0.002889
40544	0.006975	-0.001264	-0.003603
40545	0.006794	-0.000794	-0.002810
40546	0.006698	-0.000321	-0.002037
40547	0.006453	-0.000578	-0.002068
40548	0.006357	-0.000104	-0.001294
40549	0.006638	-0.001030	-0.001295
40550	0.005985	-0.001887	-0.001991
40551	0.005861	-0.001479	-0.001242
40552	0.007697	-0.001271	-0.002346
40553	0.008363	-0.001429	-0.001583
40554	0.008413	0.000570	-0.000987
40555	0.009521	-0.000855	-0.000940
40556	0.009103	0.000086	0.001499
40557	0.009380	-0.000697	0.001576
40558	0.009927	-0.001157	-0.000980
40559	0.012084	-0.001342	-0.003712
40560	0.010245	-0.000210	-0.003638
40561	0.010283	0.000240	-0.002908
40562	0.010509	0.000246	-0.003799
40563	0.010503	0.000808	-0.003002
40564	0.009439	0.000145	-0.005346
40565	0.009906	-0.000688	-0.005339
40566	0.011566	0.001513	-0.004955
40567	0.009806	0.001776	-0.003961
40568	0.010896	0.000260	-0.003957
40569	0.011176	0.000279	-0.004854
40570	0.011812	0.000091	-0.004097
40571	0.008171	0.004376	-0.003704
40572	0.008671	0.005053	-0.003859
40573	0.009622	0.005567	-0.002359
40574	0.008965	0.004715	-0.003054
40575	0.009951	0.004128	-0.003931
40576	0.010130	0.005272	-0.002421
40577	0.010037	0.004504	-0.004094
40578	0.011269	0.004518	-0.004267
40579	0.010951	0.004275	-0.004267
40580	0.012183	0.004290	-0.004440
40581	0.012148	0.003729	-0.006018
40582	0.011491	0.002877	-0.006712
40583	0.010397	0.004539	-0.004235
40584	0.010751	0.003690	-0.004212
40585	0.011451	0.003568	-0.003433
40586	0.010473	0.003183	-0.002461
40587	0.010725	0.003222	-0.003346
40588	0.010946	0.003234	-0.004236
40589	0.010308	0.003419	-0.002589
40590	0.009650	0.002567	-0.003283
40591	0.010548	0.001830	-0.004224
40592	0.009716	0.002970	-0.003430
40593	0.009414	0.004317	-0.003542
40594	0.009768	0.003468	-0.003519
40595	0.010246	0.004086	-0.003695
40596	0.009588	0.003235	-0.004389
40597	0.009835	0.003994	-0.006288
40598	0.008124	0.004271	-0.005298
40599	0.009083	0.003703	-0.006163
40600	0.008251	0.004843	-0.005368
40601	0.008514	0.005955	-0.003893
40602	0.008135	0.005768	-0.003851
40603	0.008487	0.005029	-0.003771
40604	0.009266	0.006371	-0.003191
40605	0.009366	0.005682	-0.004873
40606	0.007656	0.005959	-0.003882
40607	0.008532	0.005310	-0.004770
40608	0.008299	0.006649	-0.004906
40609	0.008449	0.006555	-0.005831
40610	0.007937	0.007229	-0.006702
40611	0.007764	0.007859	-0.005828
40612	0.008717	0.007209	-0.006736
40613	0.009011	0.006338	-0.006706
40614	0.010111	0.007214	-0.007791
40615	0.009120	0.008856	-0.005344
40616	0.011217	0.007348	-0.004623
40617	0.011627	0.006549	-0.004586
40618	0.012127	0.007226	-0.004740
40619	0.011506	0.006369	-0.005445
40620	0.011127	0.006183	-0.005403
40621	0.011386	0.005323	-0.005365
40622	0.012338	0.004674	-0.006272
40623	0.013407	0.003987	-0.007228
40624	0.012721	0.006652	-0.006610
40625	0.011779	0.006379	-0.005587
40626	0.011999	0.006392	-0.006476
40627	0.011720	0.006263	-0.006425
40628	0.011208	0.006937	-0.007295
40629	0.011508	0.006079	-0.007266
40630	0.011408	0.006557	-0.006488
40631	0.010771	0.005684	-0.007194
40632	0.011550	0.007025	-0.006613
40633	0.011201	0.006906	-0.006545
40634	0.011421	0.006919	-0.007434
40635	0.011234	0.007391	-0.006638
40636	0.012013	0.008733	-0.006058
40637	0.012349	0.007875	-0.006037
40638	0.012330	0.006094	-0.010061
40639	0.011362	0.009219	-0.007789
40640	0.012633	0.008104	-0.010362
40641	0.012710	0.007765	-0.008659
40642	0.013941	0.007780	-0.008832
40643	0.013925	0.007173	-0.010442
40644	0.012946	0.006788	-0.009467
40645	0.013235	0.005992	-0.009397
40646	0.013135	0.006470	-0.008619
40647	0.012257	0.007201	-0.011218
40648	0.013209	0.006552	-0.012125
40649	0.013340	0.006599	-0.012975
40650	0.014571	0.006615	-0.013148
40651	0.014578	0.007089	-0.012399
40652	0.015117	0.006637	-0.014954
40653	0.015111	0.008298	-0.011777
40654	0.014451	0.007449	-0.012468
40655	0.016110	0.009578	-0.012123
40656	0.016182	0.008066	-0.012833
40657	0.016497	0.008170	-0.013695
40658	0.015984	0.008846	-0.014563
