// General information: 
//  MT Manager version: 2021.4.0 
//  XDA version: 2021.4.0 build 6323 rev 112641 built on 2021-09-28
// Device information: 
//  DeviceId: 00B43856
//  ProductCode: MTW2-3A7G6
//  Firmware Version: 4.3.4
//  Hardware Version: 1.1.0
// Device settings: 
//  Filter Profile: human(46.1)
//  Option Flags: Orientation Smoother Disabled, Position/Velocity Smoother Disabled, Continuous Zero Rotation Update Disabled, AHS Disabled, ICC Disabled
// Coordinate system: ENU
PacketCounter	SampleTimeFine	Roll	Pitch	Yaw
24599		0.856607	-0.485899	-2.098096
24600		0.867546	-0.472490	-2.024935
24601		0.889723	-0.466203	-1.953466
24602		0.915198	-0.468452	-1.903871
24603		0.939649	-0.481656	-1.870450
24604		0.965416	-0.493963	-1.844688
24605		0.988913	-0.509995	-1.828106
24606		1.010088	-0.506620	-1.814040
24607		1.026142	-0.504504	-1.813483
24608		1.028761	-0.506867	-1.847204
24609		1.018289	-0.519347	-1.904764
24610		0.998423	-0.531805	-1.981303
24611		0.970815	-0.542774	-2.066054
24612		0.942505	-0.543957	-2.150827
24613		0.915284	-0.553236	-2.228916
24614		0.887852	-0.568921	-2.302819
24615		0.859740	-0.597130	-2.358037
24616		0.829236	-0.606584	-2.382865
24617		0.800054	-0.612967	-2.367001
24618		0.776557	-0.611052	-2.314493
24619		0.758076	-0.605083	-2.226954
24620		0.739551	-0.595880	-2.101325
24621		0.718131	-0.596275	-1.956291
24622		0.686559	-0.599842	-1.803034
24623		0.652982	-0.587640	-1.662544
24624		0.627599	-0.571731	-1.546023
24625		0.605263	-0.555799	-1.470575
24626		0.589742	-0.554280	-1.426014
24627		0.575715	-0.556716	-1.406965
24628		0.564480	-0.568083	-1.414836
24629		0.553148	-0.600358	-1.442930
24630		0.542640	-0.630917	-1.476077
24631		0.530085	-0.650481	-1.493865
24632		0.515093	-0.669937	-1.485790
24633		0.500883	-0.694433	-1.439968
24634		0.485802	-0.707440	-1.373849
24635		0.479522	-0.722575	-1.277218
24636		0.470753	-0.740532	-1.150324
24637		0.450883	-0.755075	-1.025855
24638		0.422382	-0.753269	-0.915509
24639		0.393157	-0.747934	-0.817068
24640		0.360250	-0.743108	-0.739332
24641		0.331735	-0.758361	-0.695584
24642		0.303107	-0.779991	-0.684575
24643		0.272204	-0.800967	-0.690093
24644		0.241577	-0.830526	-0.698604
24645		0.207219	-0.859463	-0.700307
24646		0.172643	-0.876653	-0.701472
24647		0.140877	-0.883236	-0.683961
24648		0.117359	-0.885412	-0.657483
24649		0.097426	-0.887406	-0.626018
24650		0.078711	-0.894097	-0.597907
24651		0.061851	-0.905356	-0.574582
24652		0.046079	-0.913049	-0.548142
24653		0.027484	-0.919160	-0.507810
24654		0.007107	-0.919280	-0.465664
24655		-0.010207	-0.933704	-0.416665
24656		-0.032268	-0.937009	-0.360946
24657		-0.058700	-0.941952	-0.310151
24658		-0.088646	-0.942846	-0.267183
24659		-0.127708	-0.942195	-0.233874
24660		-0.167405	-0.939930	-0.207098
24661		-0.205650	-0.953741	-0.196743
24662		-0.245872	-0.960512	-0.195648
24663		-0.282122	-0.973593	-0.187851
24664		-0.319630	-0.988513	-0.178107
24665		-0.352899	-0.994247	-0.171598
24666		-0.385020	-1.003363	-0.163811
24667		-0.412015	-1.009255	-0.157035
24668		-0.437617	-1.005820	-0.159051
24669		-0.460944	-1.006448	-0.166848
24670		-0.482568	-1.012624	-0.179046
24671		-0.505824	-1.013232	-0.189878
24672		-0.530312	-1.008689	-0.198465
24673		-0.551672	-1.014184	-0.209075
24674		-0.572681	-1.014244	-0.225075
24675		-0.598188	-1.013247	-0.242838
24676		-0.626455	-1.018497	-0.255751
24677		-0.657415	-1.019260	-0.263772
24678		-0.693527	-1.015014	-0.262833
24679		-0.727159	-1.011668	-0.253385
24680		-0.760161	-1.010879	-0.238553
24681		-0.790611	-1.026240	-0.223435
24682		-0.826408	-1.036925	-0.215038
24683		-0.865497	-1.037002	-0.219180
24684		-0.905117	-1.032706	-0.231259
24685		-0.934933	-1.035226	-0.245965
24686		-0.961695	-1.043210	-0.257515
24687		-0.987882	-1.048619	-0.260852
24688		-1.012908	-1.049053	-0.259517
24689		-1.036460	-1.051458	-0.247653
24690		-1.061865	-1.049332	-0.223445
24691		-1.088945	-1.033290	-0.193015
24692		-1.115991	-1.014811	-0.148385
24693		-1.138972	-1.001135	-0.103048
24694		-1.162025	-0.983940	-0.065211
24695		-1.182329	-0.978615	-0.039027
24696		-1.207520	-0.977798	-0.022493
24697		-1.229155	-0.982308	-0.007273
24698		-1.250571	-0.984263	0.011540
24699		-1.268045	-0.979979	0.040595
24700		-1.292920	-0.973234	0.074534
24701		-1.319397	-0.960880	0.106771
24702		-1.351744	-0.938907	0.144085
24703		-1.380165	-0.917655	0.189864
24704		-1.409135	-0.893434	0.232167
24705		-1.440116	-0.869616	0.262909
24706		-1.469430	-0.854154	0.292231
24707		-1.499966	-0.839532	0.320078
24708		-1.527289	-0.824704	0.345242
24709		-1.549709	-0.810858	0.372255
24710		-1.571256	-0.792504	0.398842
24711		-1.592675	-0.772108	0.434625
24712		-1.610992	-0.753038	0.478296
24713		-1.625829	-0.733794	0.528463
24714		-1.636076	-0.715626	0.580398
24715		-1.646552	-0.695851	0.631928
24716		-1.654778	-0.679657	0.673602
24717		-1.666613	-0.668176	0.702120
24718		-1.677708	-0.665955	0.716085
24719		-1.691389	-0.659070	0.721244
24720		-1.705164	-0.652863	0.720278
24721		-1.716945	-0.646583	0.719782
24722		-1.726519	-0.642678	0.724651
24723		-1.739872	-0.642247	0.731575
24724		-1.752893	-0.644862	0.740372
24725		-1.768561	-0.640126	0.749564
24726		-1.781968	-0.635040	0.768758
24727		-1.794279	-0.624031	0.793729
24728		-1.805704	-0.612786	0.822675
24729		-1.815595	-0.599215	0.853203
24730		-1.824651	-0.589535	0.883018
24731		-1.830447	-0.586544	0.913041
24732		-1.836768	-0.584771	0.936412
24733		-1.843816	-0.576303	0.959034
24734		-1.843807	-0.566340	0.984502
24735		-1.845166	-0.557238	1.014556
24736		-1.848554	-0.552368	1.040968
24737		-1.847308	-0.555344	1.064468
24738		-1.839764	-0.572538	1.080618
24739		-1.836254	-0.581116	1.094226
24740		-1.831173	-0.580550	1.108066
24741		-1.824923	-0.571210	1.123242
24742		-1.816507	-0.569814	1.140537
24743		-1.810868	-0.567870	1.150392
24744		-1.804279	-0.564184	1.153680
24745		-1.797205	-0.561947	1.157406
24746		-1.792919	-0.555328	1.161387
24747		-1.789107	-0.549828	1.164893
24748		-1.786912	-0.552258	1.168105
24749		-1.783747	-0.554181	1.169347
24750		-1.781520	-0.555220	1.172609
24751		-1.783921	-0.552314	1.174159
24752		-1.784903	-0.548644	1.175684
24753		-1.788234	-0.543943	1.173352
24754		-1.794356	-0.537403	1.157467
24755		-1.799329	-0.543685	1.134971
24756		-1.804678	-0.545663	1.107621
24757		-1.807137	-0.545195	1.087817
24758		-1.807529	-0.536570	1.073332
24759		-1.807508	-0.529479	1.065419
24760		-1.807945	-0.522493	1.066039
24761		-1.809783	-0.514956	1.074302
24762		-1.812556	-0.506606	1.086172
24763		-1.813476	-0.500991	1.102948
24764		-1.812307	-0.507424	1.115644
24765		-1.811983	-0.509841	1.126002
24766		-1.815743	-0.503869	1.133773
24767		-1.819704	-0.506557	1.126093
24768		-1.821888	-0.514674	1.103453
24769		-1.827335	-0.519949	1.076016
24770		-1.831835	-0.526537	1.054018
24771		-1.839678	-0.533321	1.039319
24772		-1.844124	-0.537463	1.037128
24773		-1.851217	-0.531553	1.043101
24774		-1.855490	-0.527499	1.050314
24775		-1.859180	-0.517970	1.062826
24776		-1.864175	-0.503974	1.078528
24777		-1.869569	-0.486854	1.093889
24778		-1.874129	-0.474998	1.102414
24779		-1.877926	-0.469510	1.105804
24780		-1.881404	-0.472644	1.106139
24781		-1.887727	-0.476641	1.104954
24782		-1.891842	-0.487251	1.104521
24783		-1.894429	-0.492682	1.108806
24784		-1.895089	-0.496921	1.113554
24785		-1.896088	-0.495306	1.121085
24786		-1.896138	-0.493464	1.126550
24787		-1.895211	-0.491169	1.132945
24788		-1.894747	-0.487365	1.135940
24789		-1.891543	-0.486442	1.137339
24790		-1.889747	-0.486712	1.144681
24791		-1.887896	-0.484703	1.153627
24792		-1.887869	-0.480194	1.165258
24793		-1.886869	-0.472240	1.170595
24794		-1.887697	-0.463000	1.170813
24795		-1.885105	-0.469414	1.163558
24796		-1.883945	-0.475428	1.151993
24797		-1.878941	-0.477701	1.138334
24798		-1.874936	-0.483347	1.126686
24799		-1.874198	-0.484753	1.110289
24800		-1.870096	-0.486224	1.098801
24801		-1.866577	-0.491631	1.091120
24802		-1.864883	-0.495856	1.086178
24803		-1.858556	-0.500806	1.078554
24804		-1.849811	-0.507092	1.083903
24805		-1.844695	-0.504359	1.099382
24806		-1.837558	-0.499061	1.116874
24807		-1.831483	-0.495345	1.134951
24808		-1.824721	-0.486457	1.155130
24809		-1.818967	-0.479202	1.175586
24810		-1.818011	-0.476534	1.191165
24811		-1.814438	-0.479339	1.195602
24812		-1.814152	-0.483926	1.199788
24813		-1.810131	-0.484814	1.206577
24814		-1.803778	-0.493979	1.223006
24815		-1.801393	-0.506581	1.244502
24816		-1.798316	-0.517000	1.277168
24817		-1.798135	-0.527243	1.326687
24818		-1.801983	-0.536427	1.386941
24819		-1.807786	-0.545591	1.455876
24820		-1.818547	-0.553294	1.531596
24821		-1.831425	-0.566602	1.617575
24822		-1.842238	-0.581582	1.703613
24823		-1.853231	-0.595480	1.785541
24824		-1.868255	-0.607849	1.855155
24825		-1.879883	-0.625784	1.909962
24826		-1.890507	-0.644956	1.958421
24827		-1.900664	-0.671756	2.001756
24828		-1.914720	-0.692923	2.039144
24829		-1.921527	-0.711163	2.062158
24830		-1.928981	-0.724240	2.070328
24831		-1.932397	-0.750313	2.067952
24832		-1.939888	-0.792521	2.056238
24833		-1.950598	-0.840905	2.039968
24834		-1.961598	-0.892341	2.026003
24835		-1.967168	-0.947790	2.019157
24836		-1.962613	-1.004753	2.021056
24837		-1.947931	-1.064750	2.030813
24838		-1.922187	-1.108944	2.050064
24839		-1.884116	-1.145585	2.077748
24840		-1.840261	-1.184141	2.105048
24841		-1.795662	-1.226242	2.137775
24842		-1.752345	-1.269870	2.173410
24843		-1.712935	-1.313635	2.203642
24844		-1.666405	-1.362215	2.242396
24845		-1.611625	-1.415802	2.285273
24846		-1.542358	-1.480803	2.319692
24847		-1.454980	-1.555137	2.357483
24848		-1.352087	-1.624548	2.409231
24849		-1.233850	-1.686574	2.480335
24850		-1.100881	-1.740938	2.568607
24851		-0.948152	-1.790225	2.670950
24852		-0.778292	-1.832443	2.788738
24853		-0.584270	-1.875179	2.918684
24854		-0.360183	-1.912198	3.054203
24855		-0.105801	-1.952641	3.205632
24856		0.184351	-1.999138	3.368020
24857		0.522766	-2.051492	3.513947
24858		0.916576	-2.113797	3.627829
24859		1.371554	-2.199340	3.711544
24860		1.878939	-2.293907	3.765291
24861		2.443391	-2.386021	3.765188
24862		3.077922	-2.476823	3.682300
24863		3.796753	-2.586304	3.498797
24864		4.608896	-2.712467	3.194360
24865		5.526631	-2.848420	2.761039
24866		6.543554	-2.945004	2.214119
24867		7.665082	-2.940828	1.562659
24868		8.858986	-2.802273	0.899456
24869		10.100989	-2.569131	0.363363
24870		11.364207	-2.278532	0.000819
24871		12.662336	-1.984185	-0.229314
24872		13.994578	-1.714442	-0.395491
24873		15.370119	-1.500853	-0.560394
24874		16.781865	-1.307197	-0.700036
24875		18.225833	-1.094750	-0.854511
24876		19.697217	-0.856706	-1.096377
24877		21.172678	-0.575936	-1.420910
24878		22.663598	-0.196789	-1.753092
24879		24.182762	0.222925	-2.040029
24880		25.703163	0.558353	-2.253374
24881		27.227273	0.786438	-2.317746
24882		28.766140	0.926103	-2.173604
24883		30.323112	0.957803	-1.852045
24884		31.856534	0.867698	-1.451342
24885		33.389860	0.671712	-1.018696
24886		34.959663	0.384465	-0.525341
24887		36.523998	0.050283	0.001140
24888		38.030922	-0.319621	0.496668
24889		39.477593	-0.678073	0.937526
24890		40.857213	-0.924945	1.354025
24891		42.196957	-1.088492	1.754158
24892		43.525901	-1.231233	2.176195
24893		44.867264	-1.381270	2.603456
24894		46.160868	-1.512355	3.006435
24895		47.408706	-1.569946	3.374329
24896		48.596926	-1.585266	3.684614
24897		49.724814	-1.556587	3.989962
24898		50.799140	-1.514555	4.248737
24899		51.822659	-1.443660	4.497321
24900		52.807769	-1.352495	4.714033
24901		53.725044	-1.255116	4.851703
24902		54.571718	-1.110093	4.959792
24903		55.382072	-0.931409	5.058408
24904		56.157008	-0.746795	5.137703
24905		56.906692	-0.592019	5.208806
24906		57.613887	-0.461480	5.284115
24907		58.273599	-0.337396	5.353931
24908		58.861393	-0.192634	5.423765
24909		59.381701	-0.047453	5.493329
24910		59.822131	0.086928	5.579898
24911		60.184491	0.214855	5.692746
24912		60.469873	0.338082	5.819300
24913		60.666846	0.487585	5.937007
24914		60.766447	0.675907	6.032866
24915		60.784939	0.910551	6.106073
24916		60.751841	1.202801	6.184886
24917		60.706147	1.555504	6.234028
24918		60.640059	1.987676	6.245094
24919		60.540869	2.414721	6.196806
24920		60.413196	2.792080	6.109951
24921		60.253568	3.119749	5.992802
24922		60.054083	3.437869	5.871187
24923		59.831678	3.773225	5.767145
24924		59.573395	4.078942	5.674949
24925		59.273998	4.267467	5.596324
24926		58.926415	4.323537	5.548605
24927		58.550586	4.296856	5.592658
24928		58.176277	4.187425	5.765816
24929		57.822729	4.009253	6.047991
24930		57.490385	3.758656	6.393115
24931		57.188873	3.427333	6.780238
24932		56.923047	3.021832	7.192535
24933		56.675364	2.546598	7.593947
24934		56.432368	2.070606	7.979469
24935		56.175721	1.643785	8.335481
24936		55.876413	1.301274	8.644777
24937		55.526880	1.063934	8.893110
24938		55.134491	0.935178	9.094203
24939		54.707888	0.921124	9.254559
24940		54.258532	1.016584	9.369876
24941		53.802316	1.201048	9.417662
24942		53.367968	1.471077	9.366821
24943		52.962999	1.817078	9.291975
24944		52.581847	2.192667	9.299143
24945		52.266544	2.506100	9.401691
24946		52.039910	2.732385	9.538149
24947		51.912245	2.920588	9.745987
24948		51.874973	3.102278	10.012572
24949		51.916291	3.220233	10.247857
24950		51.980569	3.270857	10.457659
24951		52.026724	3.276707	10.657513
24952		52.023523	3.258499	10.844765
24953		51.956662	3.235923	11.025695
24954		51.826985	3.211409	11.180719
24955		51.623024	3.203631	11.315805
24956		51.370413	3.241428	11.439071
24957		51.079033	3.299127	11.514367
24958		50.757819	3.406103	11.562805
24959		50.417683	3.578013	11.576456
24960		50.058645	3.848767	11.576055
24961		49.700009	4.216143	11.539641
24962		49.350136	4.671878	11.476641
24963		48.993133	5.159457	11.360720
24964		48.615567	5.705182	11.161448
24965		48.208415	6.324120	10.892356
24966		47.771263	6.865009	10.626609
24967		47.291365	7.240094	10.435280
24968		46.696042	7.695346	10.221883
24969		45.952498	8.399753	9.918284
24970		45.106354	9.164941	9.584837
24971		44.222889	9.815963	9.274409
24972		43.308208	10.433016	8.947925
24973		42.408101	10.995964	8.637718
24974		41.513257	11.375173	8.349157
24975		40.608219	11.677796	8.062759
24976		39.679601	11.940183	7.809856
24977		38.726647	12.074288	7.568961
24978		37.791713	12.120860	7.372074
24979		36.908472	12.071046	7.239741
24980		36.069846	11.945748	7.162425
24981		35.265490	11.768810	7.156309
24982		34.476103	11.558019	7.192941
24983		33.699822	11.319092	7.283088
24984		32.917781	11.057849	7.419065
24985		32.150395	10.805839	7.591357
24986		31.407767	10.566339	7.736311
24987		30.695701	10.363502	7.810331
24988		30.020722	10.194204	7.813542
24989		29.352709	10.077109	7.713346
24990		28.687714	9.984114	7.535434
24991		28.011991	9.917083	7.294284
24992		27.326892	9.861257	6.992616
24993		26.636395	9.811513	6.638284
24994		25.960572	9.766767	6.259495
24995		25.313641	9.714207	5.932241
24996		24.712608	9.612277	5.683465
24997		24.141811	9.486312	5.517148
24998		23.609948	9.336538	5.441115
24999		23.094107	9.144439	5.380067
25000		22.598150	8.942600	5.297552
25001		22.131979	8.689520	5.202839
25002		21.672101	8.441588	5.079917
25003		21.205345	8.182773	4.931532
25004		20.732700	7.910188	4.756925
25005		20.246274	7.648077	4.541504
25006		19.735767	7.380580	4.321241
25007		19.215537	7.124876	4.116609
25008		18.684086	6.894272	3.936767
25009		18.141902	6.673248	3.834013
25010		17.609988	6.462203	3.818200
25011		17.069805	6.241360	3.827832
25012		16.525073	6.065720	3.877438
25013		15.996774	5.910449	3.974562
25014		15.497310	5.754184	4.117172
25015		15.020558	5.609681	4.279573
25016		14.571735	5.434389	4.448285
25017		14.113093	5.261626	4.611712
25018		13.652367	5.094708	4.754675
25019		13.194972	4.918519	4.865072
25020		12.761977	4.771290	4.990454
25021		12.351673	4.649527	5.101933
25022		11.948703	4.512545	5.187368
25023		11.583815	4.346129	5.279009
25024		11.246700	4.126899	5.393515
25025		10.903108	3.919797	5.532241
25026		10.579720	3.714622	5.720540
25027		10.261429	3.518619	5.976875
25028		9.954003	3.337615	6.272220
25029		9.641698	3.163159	6.596461
25030		9.318638	3.027477	6.932480
25031		8.970397	2.948183	7.217800
25032		8.604044	2.912217	7.415294
25033		8.258358	2.916099	7.563308
25034		7.929716	2.918335	7.638356
25035		7.599550	2.896853	7.619675
25036		7.267861	2.875146	7.570021
25037		6.932536	2.822166	7.506728
25038		6.590506	2.745796	7.437785
25039		6.237319	2.671673	7.404946
25040		5.886278	2.566697	7.419232
25041		5.552931	2.465135	7.490954
25042		5.256184	2.411220	7.671322
25043		4.986449	2.387284	7.927357
25044		4.737724	2.363418	8.152638
25045		4.526273	2.370680	8.372372
25046		4.368628	2.374721	8.618579
25047		4.244613	2.348645	8.846281
25048		4.120464	2.332913	9.056331
25049		4.011164	2.338089	9.270491
25050		3.926028	2.356576	9.503153
25051		3.845026	2.383101	9.738080
25052		3.760100	2.398121	9.900066
25053		3.685787	2.405341	9.975045
25054		3.634902	2.384596	10.004628
25055		3.569711	2.321279	9.952504
25056		3.489560	2.215969	9.827595
25057		3.399984	2.114077	9.677871
25058		3.314927	2.042867	9.556930
25059		3.223074	2.006555	9.483470
25060		3.114343	2.000302	9.443928
25061		2.983234	2.024456	9.416858
25062		2.836209	2.060101	9.362691
25063		2.672546	2.073159	9.254055
25064		2.486854	2.073018	9.081016
25065		2.292649	2.057269	8.853798
25066		2.102224	2.008398	8.555648
25067		1.917490	1.921843	8.191284
25068		1.756038	1.785350	7.798255
25069		1.612060	1.625954	7.393270
25070		1.491290	1.464496	6.997400
25071		1.396788	1.324530	6.641258
25072		1.327080	1.220504	6.341704
25073		1.276935	1.131081	6.078032
25074		1.249252	1.057521	5.852797
25075		1.240578	0.990860	5.660617
25076		1.243074	0.922740	5.479231
25077		1.257873	0.858936	5.298850
25078		1.279773	0.800407	5.119748
25079		1.305381	0.732919	4.948862
25080		1.331949	0.669654	4.800618
25081		1.350139	0.596135	4.679087
25082		1.361818	0.524903	4.590415
25083		1.370080	0.457763	4.548293
25084		1.384576	0.411150	4.559437
25085		1.406675	0.378011	4.610981
25086		1.430471	0.357431	4.692452
25087		1.449531	0.336839	4.783174
25088		1.470308	0.313170	4.873088
25089		1.498363	0.284674	4.969414
25090		1.538040	0.259008	5.064589
25091		1.592206	0.224283	5.152877
25092		1.654340	0.184300	5.243466
25093		1.718113	0.148116	5.340873
25094		1.783309	0.117254	5.440213
25095		1.846607	0.099395	5.557477
25096		1.910814	0.083294	5.704806
25097		1.967776	0.072827	5.873170
25098		2.020695	0.068250	6.053908
25099		2.069920	0.066696	6.234544
25100		2.111115	0.058541	6.392052
25101		2.139214	0.050868	6.519097
25102		2.156957	0.028455	6.606585
25103		2.160995	-0.003919	6.631698
25104		2.164885	-0.061681	6.624018
25105		2.161389	-0.144207	6.601083
25106		2.144637	-0.226505	6.573103
25107		2.124390	-0.307995	6.555486
25108		2.095382	-0.381250	6.550182
25109		2.065362	-0.460635	6.564664
25110		2.031870	-0.527335	6.588125
25111		1.999532	-0.572756	6.621129
25112		1.975539	-0.603806	6.667333
25113		1.959374	-0.629494	6.723347
25114		1.953758	-0.671298	6.775442
25115		1.939034	-0.712953	6.816760
25116		1.918314	-0.749460	6.843093
25117		1.891475	-0.797102	6.857003
25118		1.862921	-0.851925	6.843985
25119		1.830055	-0.905711	6.810475
25120		1.797733	-0.953765	6.772428
25121		1.758814	-0.988001	6.734937
25122		1.715649	-1.018946	6.695423
25123		1.678012	-1.062294	6.671821
25124		1.638833	-1.113132	6.673005
25125		1.592767	-1.157711	6.695891
25126		1.547989	-1.196803	6.746619
25127		1.500518	-1.224233	6.827441
25128		1.451504	-1.238421	6.936387
25129		1.403478	-1.243688	7.055725
25130		1.361515	-1.232610	7.180256
25131		1.322929	-1.219252	7.304333
25132		1.286027	-1.207327	7.403330
25133		1.247406	-1.209803	7.469732
25134		1.211876	-1.220179	7.503847
25135		1.180471	-1.232107	7.518402
25136		1.152778	-1.235358	7.531485
25137		1.120864	-1.223457	7.541529
25138		1.095019	-1.201539	7.548061
25139		1.069590	-1.174684	7.552992
25140		1.047066	-1.138916	7.558506
25141		1.031756	-1.101898	7.553179
25142		1.017155	-1.065852	7.531972
25143		0.997525	-1.040781	7.493858
25144		0.973631	-1.018766	7.430783
25145		0.945071	-1.000505	7.348362
25146		0.923571	-0.985709	7.246027
25147		0.902381	-0.975787	7.136210
25148		0.885711	-0.960286	7.024091
25149		0.870391	-0.943712	6.931308
25150		0.858237	-0.916963	6.849339
25151		0.846770	-0.884535	6.779006
25152		0.837587	-0.849782	6.714300
25153		0.829220	-0.820822	6.659755
25154		0.816776	-0.790227	6.609025
25155		0.799855	-0.753904	6.570663
25156		0.782277	-0.713721	6.543752
25157		0.756944	-0.678227	6.533026
25158		0.734681	-0.656501	6.535668
25159		0.705194	-0.638820	6.562132
25160		0.671746	-0.614646	6.621186
25161		0.637084	-0.579983	6.707037
25162		0.602850	-0.538546	6.816687
25163		0.571434	-0.493469	6.945294
25164		0.542386	-0.437892	7.076637
25165		0.521566	-0.392376	7.206336
25166		0.498911	-0.350015	7.333261
25167		0.470279	-0.314227	7.456353
25168		0.439148	-0.278884	7.564749
25169		0.411081	-0.248883	7.676665
25170		0.385491	-0.216937	7.788600
25171		0.367330	-0.185684	7.894135
25172		0.351213	-0.160164	7.989456
25173		0.339000	-0.129682	8.063764
25174		0.340585	-0.088296	8.134873
25175		0.345543	-0.049935	8.205649
25176		0.349639	-0.009167	8.270544
25177		0.346525	0.030250	8.319388
25178		0.341338	0.058356	8.368364
25179		0.335532	0.077849	8.427336
25180		0.328885	0.104966	8.487440
25181		0.325360	0.149912	8.550955
25182		0.323571	0.197015	8.623692
25183		0.320478	0.235131	8.697287
25184		0.318311	0.272193	8.779364
25185		0.318809	0.306643	8.868780
25186		0.331916	0.344332	8.981881
25187		0.348682	0.378541	9.124056
25188		0.368809	0.418516	9.282334
25189		0.387382	0.467943	9.447602
25190		0.407323	0.524041	9.619998
25191		0.431155	0.585304	9.794816
25192		0.454104	0.652274	9.957986
25193		0.481780	0.718830	10.099738
25194		0.514848	0.768107	10.218571
25195		0.548062	0.814585	10.309294
25196		0.587545	0.846170	10.371156
25197		0.623751	0.873796	10.403348
25198		0.656856	0.899741	10.398904
25199		0.686583	0.918118	10.364961
25200		0.713574	0.927975	10.304433
25201		0.735384	0.931670	10.223702
25202		0.751894	0.939496	10.127211
25203		0.762844	0.953663	10.026356
25204		0.766326	0.971531	9.925514
25205		0.765809	0.992609	9.830149
25206		0.763506	1.015823	9.755332
25207		0.759740	1.031279	9.690032
25208		0.756565	1.035226	9.631319
25209		0.750210	1.035087	9.574872
25210		0.741644	1.039868	9.517900
25211		0.737100	1.042519	9.461652
25212		0.732560	1.048234	9.405675
25213		0.727946	1.047548	9.346596
25214		0.721182	1.049584	9.285786
25215		0.710060	1.046355	9.214983
25216		0.696408	1.044417	9.135223
25217		0.680156	1.031428	9.044411
25218		0.660010	1.017620	8.941968
25219		0.640117	1.002267	8.837871
25220		0.625087	0.985627	8.740146
25221		0.614112	0.968163	8.655434
25222		0.606778	0.947670	8.587131
25223		0.601989	0.926764	8.535982
25224		0.598960	0.909017	8.506386
25225		0.602672	0.884970	8.499395
25226		0.617418	0.861132	8.515967
25227		0.640962	0.842598	8.544404
25228		0.672278	0.832537	8.583518
25229		0.709902	0.826193	8.623769
25230		0.750120	0.817359	8.660190
25231		0.786596	0.796229	8.692564
25232		0.814131	0.769927	8.711538
25233		0.830888	0.735273	8.718375
25234		0.832543	0.694282	8.707341
25235		0.824075	0.651660	8.679199
25236		0.809739	0.610207	8.632070
25237		0.794530	0.561802	8.580760
25238		0.777539	0.514387	8.524078
25239		0.755175	0.467906	8.446306
25240		0.740993	0.420964	8.353068
25241		0.734477	0.359058	8.245569
25242		0.740824	0.285053	8.132518
25243		0.750613	0.204872	8.010637
25244		0.777030	0.109506	7.890905
25245		0.816262	0.010869	7.773902
25246		0.853692	-0.048091	7.664042
25247		0.892512	-0.104179	7.570054
25248		0.940505	-0.180190	7.486586
25249		0.991618	-0.272439	7.397830
25250		1.036158	-0.382315	7.314325
25251		1.070696	-0.488870	7.225850
25252		1.103180	-0.592145	7.137234
25253		1.137356	-0.696696	7.053394
25254		1.174703	-0.807702	6.987079
25255		1.209132	-0.897011	6.934502
25256		1.244009	-0.967807	6.900336
25257		1.285989	-1.034219	6.886407
25258		1.336097	-1.100893	6.883781
25259		1.392738	-1.158794	6.888170
25260		1.469185	-1.216869	6.916429
25261		1.562647	-1.281012	6.974142
25262		1.686287	-1.357042	7.058049
25263		1.842539	-1.444299	7.178663
25264		2.030148	-1.531974	7.322316
25265		2.248106	-1.607787	7.466376
25266		2.494085	-1.674723	7.590419
25267		2.771896	-1.725352	7.681585
25268		3.064491	-1.755443	7.749374
25269		3.377964	-1.768731	7.788379
25270		3.715377	-1.793455	7.782573
25271		4.077238	-1.852429	7.714117
25272		4.474498	-1.942885	7.556751
25273		4.921834	-2.074321	7.274602
25274		5.439316	-2.295719	6.813576
25275		6.040563	-2.555817	6.170169
25276		6.742362	-2.734953	5.378036
25277		7.532573	-2.732232	4.485914
25278		8.381678	-2.566786	3.595485
25279		9.271960	-2.313796	2.910182
25280		10.203489	-2.057528	2.501724
25281		11.175522	-1.802682	2.277309
25282		12.190998	-1.531486	2.084829
25283		13.256127	-1.243960	1.845742
25284		14.346115	-0.999888	1.585541
25285		15.447983	-0.852875	1.341178
25286		16.585943	-0.726821	1.105294
25287		17.820300	-0.548777	0.852833
25288		19.150953	-0.368785	0.616301
25289		20.494879	-0.171148	0.412903
25290		21.765747	0.028896	0.249471
25291		22.951306	0.212498	0.138574
25292		24.089413	0.349804	0.121167
25293		25.226129	0.405340	0.252630
25294		26.368847	0.361815	0.537013
25295		27.513901	0.259257	1.012229
25296		28.695269	0.076234	1.652569
25297		29.936611	-0.198703	2.425372
25298		31.198069	-0.560666	3.282382
25299		32.440197	-0.975649	4.181575
25300		33.644270	-1.395516	5.040583
25301		34.812545	-1.759790	5.865411
25302		35.971176	-2.155447	6.607411
25303		37.066739	-2.442864	7.325914
25304		38.147473	-2.721537	7.934000
25305		39.202009	-2.976986	8.491777
25306		40.277230	-3.233446	9.004094
25307		41.356003	-3.488426	9.454231
25308		42.444690	-3.731081	9.806813
25309		43.527012	-3.918724	10.112202
25310		44.574605	-4.059223	10.342184
25311		45.554397	-4.101725	10.530174
25312		46.494524	-4.080478	10.646845
25313		47.404506	-3.982715	10.713987
25314		48.296200	-3.836391	10.718243
25315		49.173712	-3.637476	10.655713
25316		50.018733	-3.383899	10.542453
25317		50.824430	-3.122497	10.395901
25318		51.572850	-2.858119	10.236667
25319		52.298865	-2.618592	10.081436
25320		52.976701	-2.405348	9.943641
25321		53.597828	-2.198533	9.809158
25322		54.154484	-1.993032	9.683999
25323		54.666146	-1.812803	9.578445
25324		55.130258	-1.658651	9.489673
25325		55.543457	-1.539731	9.442078
25326		55.913543	-1.460980	9.430171
25327		56.226035	-1.426194	9.436447
25328		56.483671	-1.415990	9.460198
25329		56.697776	-1.429648	9.500591
25330		56.872410	-1.471158	9.544924
25331		57.012556	-1.503360	9.598811
25332		57.117616	-1.520737	9.639677
25333		57.182965	-1.539649	9.650186
25334		57.205993	-1.527834	9.639041
25335		57.203491	-1.455074	9.615716
25336		57.172085	-1.322286	9.560872
25337		57.089949	-1.128797	9.461253
25338		56.946361	-0.905572	9.300817
25339		56.731598	-0.651941	9.111504
25340		56.474144	-0.370141	8.922143
25341		56.187047	-0.079002	8.764327
25342		55.891588	0.162077	8.650742
25343		55.594393	0.324744	8.599247
25344		55.305144	0.404617	8.622861
25345		55.024961	0.413139	8.728444
25346		54.740989	0.333518	8.884520
25347		54.444366	0.168869	9.052244
25348		54.133493	-0.031213	9.243174
25349		53.807383	-0.232503	9.446101
25350		53.461331	-0.418826	9.641482
25351		53.095742	-0.553837	9.804810
25352		52.701667	-0.640081	9.927093
25353		52.298743	-0.696408	10.032977
25354		51.896489	-0.734782	10.153222
25355		51.487940	-0.767724	10.292077
25356		51.057355	-0.768209	10.423041
25357		50.596432	-0.705354	10.541777
25358		50.111291	-0.608860	10.628035
25359		49.628899	-0.519182	10.598580
25360		49.172362	-0.390257	10.570772
25361		48.766484	-0.231679	10.660155
25362		48.455027	-0.146731	10.855728
25363		48.217438	-0.093965	11.099451
25364		48.002840	-0.014976	11.287305
25365		47.810335	0.175679	11.371282
25366		47.630308	0.518599	11.384196
25367		47.456389	0.892932	11.372486
25368		47.265792	1.229521	11.349346
25369		47.032377	1.574105	11.303412
25370		46.764436	1.930019	11.229543
25371		46.473166	2.278534	11.104697
25372		46.138733	2.629433	10.979936
25373		45.731510	3.023369	10.880986
25374		45.250048	3.450877	10.786659
25375		44.718151	3.856662	10.639952
25376		44.138778	4.307437	10.407201
25377		43.520399	4.868585	10.126211
25378		42.927604	5.473363	9.909387
25379		42.410659	6.049250	9.800947
25380		42.018239	6.456033	9.781941
25381		41.713113	6.642371	9.875710
25382		41.409805	6.740631	9.995889
25383		41.048315	6.851481	10.062291
25384		40.588451	7.049654	10.029930
25385		40.049191	7.402340	9.907028
25386		39.425575	7.840004	9.641682
25387		38.745539	8.366758	9.260444
25388		38.035716	8.873934	8.816624
25389		37.286711	9.318637	8.331164
25390		36.529834	9.769713	7.830622
25391		35.794661	10.155587	7.332860
25392		35.114260	10.393272	6.902427
25393		34.478216	10.534618	6.516306
25394		33.876896	10.604258	6.173731
25395		33.304952	10.579765	5.893254
25396		32.704311	10.509314	5.605345
25397		32.063737	10.424994	5.344080
25398		31.415253	10.307962	5.123151
25399		30.772215	10.158684	4.903578
25400		30.128471	10.020775	4.686183
25401		29.475154	9.871740	4.469506
25402		28.811450	9.719986	4.265803
25403		28.113892	9.612988	4.052014
25404		27.409352	9.534263	3.829442
25405		26.699636	9.465108	3.612703
25406		26.016107	9.405327	3.403379
25407		25.383562	9.339698	3.199905
25408		24.781953	9.312588	3.023471
25409		24.184966	9.388911	2.836152
25410		23.616818	9.489254	2.642459
25411		23.079531	9.526238	2.462559
25412		22.563481	9.497376	2.344975
25413		22.051607	9.419264	2.242348
25414		21.537980	9.314676	2.141843
25415		21.023837	9.164900	2.062946
25416		20.518804	8.991475	2.024426
25417		20.023120	8.800455	1.998950
25418		19.547919	8.591927	1.998754
25419		19.077537	8.344518	2.008376
25420		18.595974	8.130644	2.032924
25421		18.103739	7.888138	2.097704
25422		17.615466	7.656898	2.213371
25423		17.131447	7.487326	2.340835
25424		16.662339	7.350446	2.484971
25425		16.207501	7.246006	2.630306
25426		15.770724	7.157311	2.736403
25427		15.337958	7.061656	2.852215
25428		14.917115	6.951848	2.957816
25429		14.494264	6.812594	3.078131
25430		14.057420	6.630010	3.254194
25431		13.597447	6.455715	3.467975
25432		13.128858	6.292796	3.703302
25433		12.643666	6.125603	3.929039
25434		12.172219	5.933528	4.178894
25435		11.701139	5.751329	4.459580
25436		11.221453	5.573484	4.746826
25437		10.725255	5.394830	5.020812
25438		10.207370	5.227196	5.281482
25439		9.696028	5.066282	5.548958
25440		9.217132	4.866490	5.833852
25441		8.735557	4.670458	6.109226
25442		8.282332	4.459515	6.349967
25443		7.858125	4.215548	6.601797
25444		7.432655	3.991246	6.902488
25445		7.013564	3.772491	7.213422
25446		6.615642	3.577665	7.548610
25447		6.245390	3.400684	7.909635
25448		5.898389	3.236238	8.252633
25449		5.573561	3.075815	8.562803
25450		5.257153	2.955300	8.845001
25451		4.938849	2.868532	9.090436
25452		4.635474	2.778937	9.274823
25453		4.345213	2.706617	9.384484
25454		4.073614	2.618781	9.427281
25455		3.816699	2.515206	9.391042
25456		3.577956	2.412821	9.314837
25457		3.336060	2.308963	9.221628
25458		3.078880	2.211334	9.093883
25459		2.809346	2.133996	8.945922
25460		2.551055	2.060346	8.828756
25461		2.301513	1.997656	8.789978
25462		2.062078	1.947829	8.849584
25463		1.829910	1.892830	8.991604
25464		1.615793	1.873643	9.186234
25465		1.430918	1.902983	9.373127
25466		1.268617	1.895373	9.442884
25467		1.125428	1.852829	9.364322
25468		1.032299	1.808850	9.225937
25469		0.954993	1.746293	9.048598
25470		0.889840	1.688694	8.832443
25471		0.854786	1.604725	8.651940
25472		0.822551	1.570497	8.524964
25473		0.776162	1.594290	8.477058
25474		0.724833	1.624947	8.496207
25475		0.642386	1.664289	8.601441
25476		0.536644	1.716613	8.750415
25477		0.412280	1.758115	8.905221
25478		0.266284	1.754575	9.033294
25479		0.110241	1.683501	9.100016
25480		-0.039550	1.581670	9.067274
25481		-0.171927	1.460513	8.956598
25482		-0.266083	1.326535	8.821072
25483		-0.318071	1.197967	8.670081
25484		-0.328053	1.088708	8.509551
25485		-0.301175	0.994326	8.355662
25486		-0.267137	0.910274	8.232030
25487		-0.265837	0.823413	8.130042
25488		-0.311741	0.743041	8.035635
25489		-0.393615	0.659244	7.950415
25490		-0.489025	0.569356	7.870496
25491		-0.579524	0.479680	7.792003
25492		-0.661632	0.375658	7.695378
25493		-0.740787	0.262267	7.585698
25494		-0.802766	0.153864	7.442486
25495		-0.846739	0.057564	7.272706
25496		-0.872343	-0.035083	7.088394
25497		-0.898856	-0.142187	6.893718
25498		-0.926741	-0.251650	6.719875
25499		-0.946285	-0.365110	6.581306
25500		-0.965211	-0.468762	6.491391
25501		-0.988565	-0.559419	6.456071
25502		-1.016455	-0.633375	6.456536
25503		-1.049946	-0.686607	6.485431
25504		-1.083302	-0.732135	6.547544
25505		-1.112913	-0.764740	6.639953
25506		-1.131752	-0.790955	6.753213
25507		-1.138271	-0.814193	6.875161
25508		-1.133044	-0.832362	6.993430
25509		-1.110023	-0.857392	7.095908
25510		-1.082289	-0.868658	7.179587
25511		-1.058167	-0.876831	7.231205
25512		-1.042887	-0.883532	7.247956
25513		-1.031804	-0.905707	7.223444
25514		-1.015741	-0.944167	7.165833
25515		-0.996337	-0.992783	7.093900
25516		-0.968814	-1.040719	7.021618
25517		-0.938113	-1.084921	6.951960
25518		-0.893849	-1.127338	6.892886
25519		-0.849895	-1.164729	6.838768
25520		-0.802870	-1.202939	6.793549
25521		-0.753028	-1.242899	6.764685
25522		-0.702843	-1.284118	6.746348
25523		-0.661112	-1.318540	6.735133
25524		-0.632099	-1.335118	6.730856
25525		-0.618835	-1.338635	6.731176
25526		-0.614954	-1.331947	6.718796
25527		-0.609099	-1.333998	6.697857
25528		-0.595721	-1.351736	6.668486
25529		-0.583249	-1.371981	6.623675
25530		-0.573978	-1.397088	6.558846
25531		-0.566159	-1.431361	6.482060
25532		-0.559169	-1.467401	6.396061
25533		-0.546867	-1.498506	6.303568
25534		-0.524624	-1.524564	6.212494
25535		-0.500906	-1.543545	6.125501
25536		-0.471449	-1.564173	6.061368
25537		-0.442416	-1.576723	6.015230
25538		-0.411812	-1.577390	5.982806
25539		-0.367758	-1.581083	5.961439
25540		-0.323446	-1.579716	5.946638
25541		-0.278861	-1.590723	5.931148
25542		-0.240999	-1.605361	5.906588
25543		-0.217389	-1.607284	5.873939
25544		-0.200860	-1.613638	5.834713
25545		-0.188807	-1.637832	5.781356
25546		-0.178784	-1.659944	5.722240
25547		-0.173270	-1.668276	5.661659
25548		-0.171407	-1.669593	5.604023
25549		-0.161413	-1.674884	5.560711
25550		-0.159307	-1.675244	5.546291
25551		-0.168345	-1.680547	5.534620
25552		-0.180904	-1.687076	5.520012
25553		-0.198010	-1.686046	5.507932
25554		-0.215336	-1.682381	5.499168
25555		-0.226595	-1.686073	5.495413
25556		-0.241899	-1.688325	5.494077
25557		-0.263225	-1.679849	5.491117
25558		-0.284258	-1.669829	5.493339
25559		-0.308859	-1.658924	5.502953
25560		-0.330111	-1.646876	5.523642
25561		-0.349377	-1.633168	5.565671
25562		-0.363823	-1.624693	5.625680
25563		-0.382615	-1.608602	5.695320
25564		-0.396238	-1.567080	5.764496
25565		-0.405649	-1.520425	5.831345
25566		-0.411079	-1.485318	5.885191
25567		-0.416418	-1.456817	5.925228
25568		-0.427165	-1.422870	5.945275
25569		-0.442538	-1.383772	5.955960
25570		-0.459831	-1.351483	5.960997
25571		-0.478534	-1.316212	5.965386
25572		-0.503986	-1.280323	5.976807
25573		-0.529343	-1.242977	5.997466
25574		-0.554668	-1.194228	6.034928
25575		-0.585113	-1.140366	6.082245
25576		-0.610518	-1.089320	6.135109
25577		-0.626560	-1.060096	6.194016
25578		-0.638809	-1.040576	6.259898
25579		-0.653350	-1.015744	6.328435
25580		-0.668017	-0.982816	6.386564
25581		-0.685145	-0.955368	6.446877
25582		-0.700962	-0.925964	6.509294
25583		-0.717194	-0.888869	6.571920
25584		-0.730045	-0.862631	6.631325
25585		-0.745969	-0.840978	6.678311
25586		-0.763812	-0.815423	6.713039
25587		-0.781026	-0.784655	6.746153
25588		-0.798088	-0.752679	6.778884
25589		-0.816447	-0.716090	6.809552
25590		-0.833768	-0.681776	6.841987
25591		-0.850748	-0.651221	6.876582
25592		-0.864035	-0.623853	6.918293
25593		-0.875910	-0.597753	6.961843
25594		-0.881541	-0.572631	7.008012
25595		-0.889613	-0.538388	7.056642
25596		-0.894945	-0.511863	7.110031
25597		-0.903734	-0.495435	7.157535
25598		-0.909086	-0.483892	7.199373
25599		-0.917774	-0.476644	7.227249
25600		-0.929216	-0.460597	7.240872
25601		-0.940842	-0.451147	7.242247
25602		-0.953818	-0.444258	7.227672
25603		-0.963887	-0.437691	7.205308
25604		-0.969643	-0.426589	7.173996
25605		-0.966504	-0.414236	7.144859
25606		-0.960307	-0.410315	7.119376
25607		-0.954702	-0.416359	7.096554
25608		-0.949227	-0.422034	7.075799
25609		-0.945188	-0.425823	7.059844
25610		-0.938955	-0.424426	7.053929
25611		-0.933187	-0.423459	7.049496
25612		-0.929299	-0.416510	7.049807
25613		-0.923557	-0.404894	7.065226
25614		-0.918227	-0.391570	7.100595
25615		-0.912248	-0.379096	7.145398
25616		-0.905564	-0.368244	7.193167
25617		-0.902648	-0.360341	7.237789
25618		-0.903428	-0.356013	7.272629
25619		-0.910741	-0.344091	7.290791
25620		-0.918217	-0.334062	7.295526
25621		-0.923623	-0.334246	7.285967
25622		-0.930766	-0.342263	7.271205
25623		-0.938356	-0.349609	7.246787
25624		-0.941372	-0.357645	7.220643
25625		-0.941944	-0.366354	7.193288
25626		-0.938247	-0.378325	7.162367
25627		-0.934648	-0.393229	7.134782
25628		-0.933441	-0.416970	7.116589
25629		-0.936925	-0.431714	7.097412
25630		-0.945830	-0.437371	7.080947
25631		-0.956026	-0.438225	7.069562
25632		-0.959478	-0.449515	7.056854
25633		-0.959904	-0.469127	7.044636
25634		-0.957656	-0.494363	7.045549
25635		-0.958684	-0.516168	7.067836
25636		-0.962153	-0.527020	7.105455
25637		-0.967281	-0.528454	7.156194
25638		-0.975190	-0.513900	7.208136
25639		-0.980767	-0.521962	7.269477
25640		-0.985408	-0.537371	7.329582
25641		-0.990898	-0.553714	7.392110
25642		-0.997834	-0.570201	7.458333
25643		-1.006198	-0.586196	7.530893
25644		-1.016110	-0.596894	7.611035
25645		-1.029695	-0.609923	7.699132
25646		-1.042268	-0.627161	7.790485
25647		-1.054309	-0.653772	7.875859
25648		-1.063546	-0.680883	7.954932
25649		-1.068353	-0.708315	8.021940
25650		-1.068697	-0.723626	8.081847
25651		-1.062315	-0.730591	8.142977
25652		-1.046697	-0.751128	8.205588
25653		-1.031441	-0.776083	8.253122
25654		-1.014960	-0.806235	8.296977
25655		-0.999205	-0.840884	8.343593
25656		-0.981979	-0.879765	8.382490
25657		-0.963383	-0.921428	8.418892
25658		-0.942918	-0.965311	8.441353
25659		-0.919344	-1.008157	8.446265
25660		-0.895954	-1.057028	8.432475
25661		-0.871373	-1.116387	8.414124
25662		-0.845062	-1.183772	8.395783
25663		-0.815709	-1.249253	8.379481
25664		-0.774339	-1.312853	8.365643
25665		-0.716655	-1.375155	8.359882
25666		-0.638678	-1.436274	8.361270
25667		-0.535498	-1.516028	8.375174
25668		-0.420065	-1.572992	8.405002
25669		-0.298294	-1.617906	8.459274
25670		-0.168359	-1.657779	8.518253
25671		-0.034539	-1.700411	8.577825
25672		0.105319	-1.748334	8.637225
25673		0.251660	-1.798434	8.694218
25674		0.412109	-1.849229	8.743169
25675		0.592977	-1.897465	8.778862
25676		0.799632	-1.951843	8.804884
25677		1.040326	-2.021550	8.802989
25678		1.316714	-2.114752	8.764581
25679		1.626291	-2.213090	8.677155
25680		1.968310	-2.309015	8.546000
25681		2.342729	-2.394646	8.369709
25682		2.753492	-2.482553	8.154137
25683		3.188015	-2.577211	7.895141
25684		3.647694	-2.691444	7.580166
25685		4.130033	-2.809950	7.196229
25686		4.632252	-2.923945	6.730804
25687		5.156819	-3.024778	6.171591
25688		5.712197	-3.115413	5.517798
25689		6.305188	-3.194265	4.772410
25690		6.935580	-3.247402	3.966992
25691		7.594417	-3.262169	3.141659
25692		8.264086	-3.242770	2.346279
25693		8.944142	-3.204080	1.657237
25694		9.632200	-3.114306	1.127493
25695		10.331848	-2.930408	0.760982
25696		11.044960	-2.621153	0.554768
25697		11.785826	-2.259849	0.443811
25698		12.602619	-1.970492	0.403034
25699		13.533666	-1.806548	0.420205
25700		14.581765	-1.718932	0.459265
25701		15.732547	-1.621296	0.460134
25702		16.956863	-1.468405	0.406686
25703		18.213849	-1.271105	0.367245
25704		19.466800	-1.061652	0.351425
25705		20.740482	-0.890643	0.340476
25706		22.023505	-0.734099	0.263320
25707		23.313605	-0.618673	0.096718
25708		24.582921	-0.533339	-0.091748
25709		25.816769	-0.445314	-0.217790
25710		27.003835	-0.416292	-0.232778
25711		28.161601	-0.480846	-0.079892
25712		29.305986	-0.624034	0.248349
25713		30.476421	-0.861375	0.745408
25714		31.677966	-1.211489	1.393106
25715		32.905174	-1.641210	2.129117
25716		34.133024	-2.123973	2.885614
25717		35.342433	-2.605553	3.602661
25718		36.514972	-3.058233	4.238510
25719		37.658084	-3.463230	4.787266
25720		38.784985	-3.857939	5.259010
25721		39.877895	-4.192696	5.696206
25722		40.940033	-4.483150	6.063052
25723		41.973629	-4.721517	6.369879
25724		42.976478	-4.956539	6.631113
25725		43.943046	-5.135555	6.875025
25726		44.898611	-5.228927	7.080937
25727		45.864315	-5.263168	7.236415
25728		46.832206	-5.250520	7.326352
25729		47.802771	-5.194453	7.363006
25730		48.750522	-5.080781	7.369448
25731		49.682275	-4.922252	7.361833
25732		50.583326	-4.716702	7.360678
25733		51.456942	-4.484884	7.362566
25734		52.297122	-4.250883	7.342554
25735		53.090451	-3.994555	7.309491
25736		53.842223	-3.714361	7.283386
25737		54.566008	-3.447618	7.255688
25738		55.225153	-3.180255	7.218407
25739		55.827352	-2.892538	7.191779
25740		56.363558	-2.636056	7.161111
25741		56.838933	-2.413058	7.139478
25742		57.265293	-2.231376	7.139677
25743		57.632500	-2.085104	7.154985
25744		57.939464	-1.952671	7.189197
25745		58.180941	-1.817989	7.231719
25746		58.369606	-1.713255	7.292671
25747		58.526443	-1.678159	7.385805
25748		58.644702	-1.688395	7.491019
25749		58.728260	-1.731785	7.590422
25750		58.757730	-1.788687	7.682687
25751		58.731367	-1.846107	7.742794
25752		58.652570	-1.861578	7.765248
25753		58.516990	-1.808590	7.772943
25754		58.330111	-1.687915	7.761451
25755		58.107558	-1.529634	7.726316
25756		57.860812	-1.334921	7.685751
25757		57.594354	-1.113383	7.671390
25758		57.315469	-0.923669	7.695042
25759		57.029283	-0.835183	7.759472
25760		56.738387	-0.853937	7.861882
25761		56.445299	-0.935099	8.008365
25762		56.156911	-1.062272	8.180252
25763		55.873395	-1.204861	8.348412
25764		55.580356	-1.357550	8.495125
25765		55.266017	-1.494686	8.617254
25766		54.935369	-1.603697	8.731340
25767		54.590094	-1.685814	8.822550
25768		54.238149	-1.708380	8.917427
25769		53.891337	-1.684653	9.016643
25770		53.558778	-1.655771	9.106318
25771		53.231744	-1.637719	9.190270
25772		52.896023	-1.618060	9.264839
25773		52.548552	-1.599071	9.326684
25774		52.186579	-1.559500	9.399130
25775		51.805276	-1.512855	9.487270
25776		51.400554	-1.470818	9.569131
25777		50.994768	-1.432577	9.593821
25778		50.602217	-1.366145	9.641049
25779		50.238225	-1.264388	9.742765
25780		49.944404	-1.221376	9.903626
25781		49.703714	-1.198597	10.055169
25782		49.478150	-1.130858	10.182185
25783		49.251843	-1.013692	10.249862
25784		49.014284	-0.820159	10.263315
25785		48.752596	-0.521931	10.222356
25786		48.469042	-0.102053	10.124700
25787		48.166482	0.399030	9.956691
25788		47.831377	0.943507	9.742112
25789		47.457837	1.513606	9.441832
25790		47.066244	2.173731	9.070574
25791		46.678010	2.886418	8.656164
25792		46.299819	3.557802	8.225494
25793		45.925608	4.209566	7.814218
25794		45.559680	4.852120	7.446928
25795		45.194783	5.460579	7.146347
25796		44.839613	6.003971	6.941817
25797		44.525358	6.434980	6.833911
25798		44.281076	6.718602	6.804936
25799		44.056004	6.901196	6.848493
25800		43.830530	6.994570	6.961177
25801		43.568822	7.033794	7.119930
25802		43.262654	7.101918	7.263762
25803		42.930701	7.208041	7.389422
25804		42.585930	7.289185	7.504789
25805		42.241809	7.331428	7.619472
25806		41.880538	7.428473	7.691660
25807		41.499093	7.623322	7.683075
25808		41.091800	7.891329	7.605203
25809		40.659098	8.239578	7.415818
25810		40.173323	8.662548	7.107672
25811		39.612111	9.165999	6.726974
25812		38.990922	9.638330	6.325936
25813		38.313511	10.033915	5.962555
25814		37.590183	10.379017	5.633123
25815		36.852708	10.598969	5.395382
25816		36.112908	10.686456	5.256908
25817		35.374054	10.673563	5.182770
25818		34.651655	10.565790	5.201829
25819		33.950285	10.413641	5.299750
25820		33.272380	10.237104	5.412481
25821		32.627705	10.063094	5.508767
25822		31.990282	9.925248	5.563757
25823		31.348715	9.830327	5.538793
25824		30.708234	9.782916	5.457927
25825		30.069095	9.770172	5.354063
25826		29.421716	9.772550	5.230901
25827		28.773116	9.769233	5.125242
25828		28.134582	9.763949	5.012895
25829		27.510790	9.749286	4.887867
25830		26.899114	9.758419	4.743422
25831		26.317665	9.734986	4.611396
25832		25.757206	9.734315	4.495640
25833		25.217196	9.737400	4.393667
25834		24.681480	9.730902	4.308378
25835		24.132930	9.714938	4.222962
25836		23.596198	9.667354	4.153503
25837		23.078971	9.604278	4.101121
25838		22.577582	9.544543	4.029491
25839		22.079629	9.460543	3.967777
25840		21.589013	9.360238	3.938208
25841		21.105033	9.239777	3.925082
25842		20.634270	9.071160	3.916325
25843		20.178380	8.912599	3.920880
25844		19.725185	8.761402	3.944947
25845		19.265753	8.600015	3.977030
25846		18.800823	8.436272	4.037713
25847		18.328489	8.292641	4.104492
25848		17.857520	8.173666	4.199917
25849		17.396665	8.075014	4.328577
25850		16.955144	7.983088	4.486336
25851		16.520748	7.879869	4.649830
25852		16.095571	7.773412	4.798473
25853		15.670484	7.663305	4.934453
25854		15.250309	7.525716	5.097740
25855		14.850090	7.366310	5.304539
25856		14.461537	7.201453	5.557016
25857		14.081385	7.020594	5.792603
25858		13.709609	6.829975	6.045078
25859		13.310324	6.641310	6.283423
25860		12.909544	6.461931	6.498352
25861		12.498198	6.301682	6.635616
25862		12.070417	6.143737	6.669771
25863		11.640345	5.995961	6.666182
25864		11.225508	5.816889	6.664787
25865		10.798528	5.660835	6.642136
25866		10.398438	5.497380	6.633184
25867		10.015634	5.337398	6.624938
25868		9.630279	5.186544	6.570619
25869		9.264617	5.042091	6.544864
25870		8.949373	4.895991	6.583510
25871		8.653275	4.736138	6.669029
25872		8.346708	4.583632	6.798294
25873		8.031055	4.432283	6.937791
25874		7.714859	4.258505	7.088861
25875		7.386923	4.050878	7.217062
25876		7.049114	3.841618	7.320565
25877		6.699194	3.658963	7.368848
25878		6.347301	3.449211	7.356001
25879		5.991051	3.244647	7.309430
25880		5.644393	3.074809	7.256611
25881		5.318285	2.919991	7.193411
25882		5.006211	2.762399	7.101196
25883		4.716726	2.603782	7.007488
25884		4.459301	2.457381	6.937759
25885		4.224393	2.317779	6.918701
25886		4.010054	2.181683	6.973971
25887		3.791834	2.080331	7.100614
25888		3.570986	2.019263	7.281987
25889		3.352392	1.976090	7.492587
25890		3.140985	1.927279	7.697690
25891		2.943489	1.883074	7.878347
25892		2.769835	1.823672	8.022887
25893		2.602411	1.755223	8.115257
25894		2.425662	1.691943	8.134842
25895		2.245918	1.625129	8.122416
25896		2.054681	1.565677	8.064791
25897		1.859496	1.510984	7.944696
25898		1.682521	1.446552	7.799462
25899		1.517300	1.395022	7.655573
25900		1.358502	1.353922	7.501938
25901		1.217040	1.316649	7.332756
25902		1.075446	1.270848	7.145477
25903		0.937879	1.189136	6.951447
25904		0.806185	1.081573	6.726306
25905		0.682630	0.951556	6.469625
25906		0.585429	0.804587	6.212180
25907		0.513644	0.667038	5.984898
25908		0.463068	0.541748	5.793591
25909		0.435674	0.433137	5.625535
25910		0.422274	0.333020	5.464609
25911		0.409429	0.234912	5.269677
25912		0.399644	0.133409	5.052446
25913		0.393318	0.041027	4.811082
25914		0.383255	-0.054125	4.526489
25915		0.369435	-0.172813	4.195412
25916		0.356208	-0.295596	3.835518
25917		0.352247	-0.433303	3.496641
25918		0.351658	-0.584628	3.175969
25919		0.347574	-0.728967	2.870050
25920		0.347129	-0.868428	2.607414
25921		0.337162	-0.995979	2.399220
25922		0.316707	-1.110740	2.233673
25923		0.283717	-1.216264	2.117420
25924		0.239585	-1.304383	2.051558
25925		0.189969	-1.380139	2.012476
25926		0.137927	-1.444991	1.968418
25927		0.081038	-1.513226	1.924291
25928		0.023924	-1.582478	1.884814
25929		-0.032076	-1.645492	1.863765
25930		-0.083554	-1.703376	1.870090
25931		-0.123014	-1.754141	1.924602
25932		-0.152852	-1.806077	2.021085
25933		-0.175591	-1.847889	2.146608
25934		-0.186373	-1.886089	2.284938
25935		-0.195687	-1.915411	2.427666
25936		-0.200974	-1.925900	2.556571
25937		-0.201375	-1.928985	2.648243
25938		-0.187997	-1.938697	2.710179
25939		-0.164882	-1.955811	2.747029
25940		-0.140237	-1.976938	2.755382
25941		-0.115247	-2.011672	2.736094
25942		-0.098614	-2.041689	2.677886
25943		-0.084884	-2.075484	2.586825
25944		-0.071131	-2.123575	2.489065
25945		-0.063992	-2.165656	2.390422
25946		-0.061911	-2.203132	2.297882
25947		-0.068247	-2.240290	2.216676
25948		-0.078616	-2.276992	2.156780
25949		-0.088552	-2.305174	2.122211
25950		-0.098011	-2.326317	2.120033
25951		-0.112120	-2.333139	2.141730
25952		-0.133301	-2.329076	2.180090
25953		-0.155330	-2.338764	2.238724
25954		-0.175004	-2.358023	2.313903
25955		-0.194046	-2.380651	2.408932
25956		-0.202828	-2.402355	2.522100
25957		-0.211565	-2.419438	2.629144
25958		-0.214139	-2.427870	2.723519
25959		-0.221648	-2.422654	2.800522
25960		-0.228919	-2.415582	2.848268
25961		-0.239477	-2.417470	2.872302
25962		-0.245220	-2.434522	2.872851
25963		-0.248985	-2.469803	2.848177
25964		-0.251418	-2.493782	2.804926
25965		-0.254885	-2.510844	2.751850
25966		-0.252204	-2.530251	2.708203
25967		-0.250537	-2.544869	2.674828
25968		-0.245541	-2.560916	2.659863
25969		-0.239630	-2.580660	2.659103
25970		-0.244389	-2.582041	2.666509
25971		-0.252280	-2.580012	2.677596
25972		-0.259057	-2.575938	2.689371
25973		-0.264681	-2.567157	2.717847
25974		-0.268583	-2.566983	2.762490
25975		-0.277113	-2.567911	2.817540
25976		-0.291480	-2.572251	2.881854
25977		-0.315121	-2.578229	2.944691
25978		-0.340626	-2.583405	3.003733
25979		-0.372544	-2.578148	3.060957
25980		-0.403722	-2.563754	3.109018
25981		-0.437557	-2.541901	3.148459
25982		-0.466991	-2.522852	3.174009
25983		-0.495219	-2.508892	3.190709
25984		-0.522574	-2.493511	3.194792
25985		-0.546041	-2.472402	3.195109
25986		-0.563284	-2.459695	3.192948
25987		-0.577072	-2.453985	3.191207
25988		-0.586988	-2.445942	3.191459
25989		-0.594512	-2.432171	3.193691
25990		-0.602933	-2.406514	3.208565
25991		-0.615755	-2.374684	3.233126
25992		-0.628459	-2.349410	3.261009
25993		-0.642307	-2.323043	3.292662
25994		-0.656747	-2.292716	3.327868
25995		-0.671284	-2.276859	3.357842
25996		-0.692864	-2.269015	3.376782
25997		-0.720005	-2.262760	3.386300
25998		-0.749999	-2.253897	3.399926
25999		-0.779433	-2.232463	3.420018
26000		-0.807530	-2.199047	3.450524
26001		-0.835433	-2.153739	3.488445
26002		-0.861085	-2.108773	3.532242
26003		-0.885438	-2.078263	3.572239
26004		-0.903599	-2.062391	3.613624
26005		-0.919733	-2.048867	3.651514
26006		-0.932739	-2.028424	3.685374
26007		-0.946042	-1.993353	3.723436
26008		-0.958505	-1.957199	3.759028
26009		-0.971829	-1.923401	3.788286
26010		-0.980350	-1.893838	3.815689
26011		-0.992783	-1.875585	3.843126
26012		-1.004705	-1.863177	3.865784
26013		-1.019513	-1.842813	3.875304
26014		-1.036011	-1.816020	3.876034
26015		-1.053033	-1.792529	3.877963
26016		-1.073586	-1.766325	3.878922
26017		-1.096992	-1.738478	3.877716
26018		-1.120185	-1.708203	3.884909
26019		-1.143980	-1.677961	3.897700
26020		-1.161922	-1.655686	3.919337
26021		-1.176744	-1.638240	3.942715
26022		-1.195958	-1.617782	3.972876
26023		-1.214501	-1.598397	4.006870
26024		-1.230876	-1.576146	4.051247
26025		-1.244632	-1.542169	4.102310
26026		-1.252321	-1.509012	4.148780
26027		-1.257848	-1.476959	4.200558
26028		-1.254927	-1.452330	4.259526
26029		-1.256824	-1.424709	4.318681
26030		-1.260530	-1.394992	4.375659
26031		-1.271455	-1.355648	4.421020
26032		-1.279387	-1.323052	4.459803
26033		-1.282517	-1.303529	4.495743
26034		-1.287191	-1.284207	4.522618
26035		-1.290085	-1.266985	4.537407
26036		-1.294333	-1.255146	4.535935
26037		-1.299769	-1.229795	4.517689
26038		-1.307502	-1.192219	4.486297
26039		-1.309961	-1.159549	4.455978
26040		-1.307664	-1.129396	4.442365
26041		-1.303923	-1.094014	4.446528
26042		-1.298270	-1.064532	4.454482
26043		-1.298890	-1.042894	4.460394
26044		-1.299169	-1.017675	4.469301
26045		-1.303461	-0.988099	4.476410
26046		-1.310075	-0.958668	4.476565
26047		-1.314633	-0.924055	4.471003
26048		-1.317542	-0.887223	4.462576
26049		-1.317149	-0.855732	4.453386
26050		-1.313646	-0.831309	4.440567
26051		-1.315626	-0.807142	4.427012
26052		-1.310712	-0.796646	4.416078
26053		-1.310700	-0.776520	4.412645
26054		-1.306905	-0.757014	4.418080
26055		-1.303256	-0.733659	4.425535
26056		-1.299237	-0.714553	4.433966
26057		-1.298573	-0.695762	4.433996
26058		-1.296946	-0.676333	4.434484
26059		-1.298869	-0.655029	4.434963
26060		-1.302104	-0.633012	4.429455
26061		-1.302518	-0.618112	4.422310
26062		-1.301984	-0.604398	4.411529
26063		-1.294067	-0.602853	4.409041
26064		-1.286756	-0.605169	4.406663
26065		-1.281606	-0.600569	4.407124
26066		-1.283256	-0.595733	4.413289
26067		-1.287109	-0.585296	4.427813
26068		-1.294529	-0.575189	4.455326
26069		-1.301212	-0.557590	4.503925
26070		-1.304692	-0.539562	4.559570
26071		-1.309978	-0.521319	4.625011
26072		-1.318071	-0.497450	4.691811
26073		-1.329580	-0.470254	4.751522
26074		-1.340829	-0.441143	4.808434
26075		-1.346437	-0.434963	4.857299
26076		-1.351852	-0.434697	4.901349
26077		-1.357601	-0.431480	4.944267
26078		-1.356726	-0.437199	4.985694
26079		-1.358519	-0.442747	5.026380
26080		-1.366579	-0.433581	5.065520
26081		-1.374459	-0.422284	5.109411
26082		-1.384079	-0.407658	5.158443
26083		-1.394759	-0.393114	5.203821
26084		-1.408169	-0.378422	5.239352
26085		-1.418056	-0.366306	5.268861
26086		-1.424586	-0.348151	5.293144
26087		-1.428904	-0.330847	5.321296
26088		-1.430007	-0.316645	5.347829
26089		-1.431967	-0.304692	5.369509
26090		-1.435631	-0.297906	5.386184
26091		-1.435089	-0.293308	5.398467
26092		-1.436994	-0.285680	5.414110
26093		-1.441519	-0.273043	5.432181
26094		-1.448250	-0.262634	5.447431
26095		-1.457097	-0.249768	5.466727
26096		-1.462421	-0.243728	5.490038
26097		-1.470084	-0.236074	5.519660
26098		-1.473833	-0.228230	5.554282
26099		-1.475799	-0.226688	5.590648
26100		-1.482277	-0.211306	5.620203
26101		-1.484906	-0.189699	5.643321
26102		-1.487515	-0.182132	5.655430
26103		-1.493381	-0.174846	5.660654
26104		-1.498729	-0.169785	5.658892
26105		-1.502654	-0.165493	5.657435
26106		-1.504651	-0.174130	5.661006
26107		-1.512092	-0.180981	5.660812
26108		-1.521056	-0.177403	5.659616
26109		-1.526755	-0.181611	5.662680
26110		-1.533128	-0.177050	5.669584
26111		-1.539179	-0.172001	5.676497
26112		-1.545132	-0.165464	5.676982
26113		-1.545641	-0.157646	5.676502
26114		-1.542071	-0.153128	5.679211
26115		-1.538775	-0.145948	5.670827
26116		-1.533998	-0.148161	5.656381
26117		-1.531668	-0.155695	5.631180
26118		-1.529490	-0.163554	5.611147
26119		-1.527146	-0.172302	5.597237
26120		-1.524864	-0.174981	5.590024
26121		-1.520891	-0.177124	5.584510
26122		-1.520228	-0.180864	5.579823
26123		-1.517460	-0.184791	5.581389
26124		-1.516388	-0.187444	5.585461
26125		-1.516882	-0.187174	5.594331
26126		-1.516305	-0.181860	5.608024
26127		-1.515295	-0.177717	5.629095
26128		-1.514187	-0.176206	5.655555
26129		-1.512183	-0.180667	5.678613
26130		-1.508984	-0.190731	5.695435
26131		-1.507438	-0.194290	5.712243
