// General information: 
//  MT Manager version: 2021.4.0 
//  XDA version: 2021.4.0 build 6323 rev 112641 built on 2021-09-28
// Device information: 
//  DeviceId: 00B43773
//  ProductCode: MTW2-3A7G6
//  Firmware Version: 4.3.4
//  Hardware Version: 1.1.0
// Device settings: 
//  Filter Profile: human(46.1)
//  Option Flags: Orientation Smoother Disabled, Position/Velocity Smoother Disabled, Continuous Zero Rotation Update Disabled, AHS Disabled, ICC Disabled
// Coordinate system: ENU
PacketCounter	Roll	Pitch	Yaw
57584	0.004598	-0.043774	1.071471
57585	0.004614	-0.043358	1.085976
57586	0.004713	-0.042676	1.086785
57587	0.005406	-0.041246	1.102170
57588	0.005585	-0.040330	1.101019
57589	0.008087	-0.038043	1.105306
57590	0.008634	-0.037266	1.104964
57591	0.009590	-0.035874	1.101680
57592	0.010029	-0.034281	1.103338
57593	0.009355	-0.033667	1.111535
57594	0.009988	-0.036040	1.111080
57595	0.009859	-0.036748	1.108358
57596	0.010434	-0.037021	1.107979
57597	0.009712	-0.037513	1.121747
57598	0.010373	-0.040937	1.121254
57599	0.010249	-0.040688	1.126738
57600	0.011668	-0.042055	1.125980
57601	0.012905	-0.045036	1.136833
57602	0.013480	-0.045309	1.136454
57603	0.012865	-0.047092	1.131755
57604	0.012991	-0.047461	1.132528
57605	0.011310	-0.048217	1.137851
57606	0.009068	-0.048222	1.137687
57607	0.009960	-0.049924	1.157598
57608	0.008085	-0.050068	1.158244
57609	0.008114	-0.051012	1.160970
57610	0.007452	-0.052389	1.162047
57611	0.005791	-0.052966	1.164401
57612	0.004593	-0.051288	1.166744
57613	0.004040	-0.052817	1.187779
57614	0.002532	-0.053100	1.189235
57615	0.002755	-0.053693	1.207957
57616	0.001667	-0.052829	1.208300
57617	0.001870	-0.052551	1.216814
57618	0.001994	-0.052920	1.217589
57619	0.001437	-0.052576	1.231096
57620	0.003532	-0.052120	1.232036
57621	0.004405	-0.053088	1.245001
57622	0.005205	-0.051634	1.247472
57623	0.006748	-0.049617	1.241304
57624	0.007321	-0.049890	1.240929
57625	0.008118	-0.048648	1.251834
57626	0.007846	-0.047827	1.251838
57627	0.007628	-0.047300	1.257373
57628	0.007245	-0.045664	1.259375
57629	0.006367	-0.046528	1.259745
57630	0.005278	-0.045664	1.260090
57631	0.005039	-0.046273	1.268114
57632	0.003554	-0.044219	1.267687
57633	0.003442	-0.044657	1.284367
57634	0.003198	-0.044886	1.284333
57635	0.004365	-0.045602	1.294755
57636	0.004092	-0.044781	1.294759
57637	0.004294	-0.048260	1.296955
57638	0.004419	-0.048630	1.297732
57639	0.004759	-0.047221	1.304439
57640	0.003671	-0.046357	1.304784
57641	0.004125	-0.047268	1.311227
57642	0.005485	-0.046532	1.310551
57643	0.006727	-0.045318	1.315127
57644	0.006544	-0.047650	1.315018
57645	0.006710	-0.045551	1.313042
57646	0.004408	-0.043453	1.312956
57647	0.003208	-0.042280	1.319884
57648	0.002569	-0.041319	1.319080
57649	0.001219	-0.038946	1.320815
57650	0.000071	-0.035979	1.321237
57651	0.000240	-0.033384	1.319844
57652	-0.000488	-0.029268	1.319154
57653	-0.001631	-0.028102	1.327871
57654	-0.002300	-0.026089	1.327106
57655	-0.003295	-0.027022	1.336864
57656	-0.002750	-0.026243	1.336531
57657	-0.003668	-0.025839	1.347078
57658	-0.003880	-0.027121	1.347010
57659	-0.005229	-0.028047	1.349621
57660	-0.005950	-0.027323	1.350780
57661	-0.006186	-0.028329	1.351286
57662	-0.006736	-0.030523	1.350371
57663	-0.005917	-0.032431	1.344910
57664	-0.007793	-0.032576	1.345562
57665	-0.006859	-0.034488	1.351586
57666	-0.007551	-0.034816	1.352708
57667	-0.007636	-0.036654	1.357206
57668	-0.009062	-0.036702	1.356707
57669	-0.008907	-0.037957	1.367337
57670	-0.009997	-0.037093	1.367688
57671	-0.010598	-0.038134	1.366419
57672	-0.010360	-0.039320	1.365204
57673	-0.009987	-0.039035	1.371403
57674	-0.011862	-0.039181	1.372057
57675	-0.011102	-0.039045	1.383252
57676	-0.011824	-0.038322	1.384415
57677	-0.012127	-0.036995	1.385608
57678	-0.014429	-0.034898	1.385527
57679	-0.016433	-0.033801	1.398341
57680	-0.016645	-0.035084	1.398279
57681	-0.018749	-0.033582	1.402873
57682	-0.019838	-0.032718	1.403226
57683	-0.021291	-0.032307	1.407359
57684	-0.023624	-0.029157	1.407317
57685	-0.024169	-0.029817	1.402266
57686	-0.026472	-0.027719	1.402187
57687	-0.028363	-0.026200	1.403456
57688	-0.028521	-0.026194	1.401472
57689	-0.029946	-0.025524	1.411638
57690	-0.032554	-0.025389	1.410672
57691	-0.034260	-0.024661	1.411252
57692	-0.035715	-0.023657	1.410795
57693	-0.037188	-0.023202	1.427423
57694	-0.038276	-0.022338	1.427777
57695	-0.038539	-0.022751	1.426547
57696	-0.040109	-0.020932	1.428090
57697	-0.041316	-0.021324	1.440567
57698	-0.041617	-0.019450	1.440621
57699	-0.042238	-0.021056	1.446028
57700	-0.043242	-0.019954	1.444423
57701	-0.044319	-0.020385	1.455069
57702	-0.045407	-0.019521	1.455425
57703	-0.044725	-0.021161	1.465030
57704	-0.046577	-0.018965	1.463802
57705	-0.046200	-0.018569	1.466527
57706	-0.047654	-0.017565	1.466073
57707	-0.048953	-0.015542	1.471998
57708	-0.048918	-0.012755	1.472903
57709	-0.049384	-0.012075	1.478971
57710	-0.049380	-0.008235	1.479913
57711	-0.049823	-0.007942	1.487383
57712	-0.050009	-0.006882	1.485440
57713	-0.049991	-0.006495	1.491727
57714	-0.049894	-0.005813	1.492557
57715	-0.051179	-0.005605	1.497878
57716	-0.051480	-0.003730	1.497935
57717	-0.050234	-0.005651	1.503287
57718	-0.050839	-0.005741	1.502458
57719	-0.050348	-0.005228	1.512499
57720	-0.049707	-0.007607	1.512067
57721	-0.048541	-0.008408	1.521725
57722	-0.047145	-0.008723	1.521030
57723	-0.046404	-0.009401	1.528498
57724	-0.045824	-0.009674	1.528141
57725	-0.044895	-0.011789	1.526908
57726	-0.044346	-0.011009	1.526590
57727	-0.043231	-0.012629	1.533040
57728	-0.043802	-0.013772	1.532175
57729	-0.043718	-0.013178	1.531932
57730	-0.043137	-0.013451	1.531577
57731	-0.043536	-0.013112	1.535423
57732	-0.044558	-0.014354	1.535707
57733	-0.044267	-0.014030	1.537494
57734	-0.045289	-0.015272	1.537778
57735	-0.045319	-0.014047	1.541058
57736	-0.045703	-0.012411	1.543079
57737	-0.046090	-0.011970	1.546883
57738	-0.046357	-0.011148	1.546905
57739	-0.045676	-0.010844	1.546497
57740	-0.046761	-0.009980	1.546857
57741	-0.045851	-0.007328	1.549657
57742	-0.046515	-0.005313	1.548906
57743	-0.048465	-0.005830	1.554695
57744	-0.048615	-0.005822	1.552719
57745	-0.048266	-0.005495	1.556937
57746	-0.048532	-0.004673	1.556960
57747	-0.047455	-0.003232	1.563406
57748	-0.046569	-0.001540	1.563941
57749	-0.046768	-0.001994	1.563835
57750	-0.047368	-0.002085	1.563009
57751	-0.045861	-0.004119	1.562825
57752	-0.048127	-0.003073	1.562714
57753	-0.048531	-0.003695	1.573369
57754	-0.047915	-0.005022	1.572980
57755	-0.046233	-0.005678	1.571456
57756	-0.044496	-0.005080	1.571617
57757	-0.042753	-0.006046	1.569832
57758	-0.041404	-0.007654	1.571066
57759	-0.042180	-0.007371	1.572027
57760	-0.039928	-0.008781	1.570964
57761	-0.038184	-0.009476	1.576083
57762	-0.037232	-0.009891	1.576545
57763	-0.034088	-0.008782	1.582238
57764	-0.032319	-0.009238	1.582362
57765	-0.029832	-0.007073	1.589510
57766	-0.028858	-0.005140	1.588087
57767	-0.025700	-0.005039	1.592930
57768	-0.023962	-0.004441	1.593093
57769	-0.022528	-0.004112	1.593858
57770	-0.021941	-0.004386	1.593509
57771	-0.020085	-0.005113	1.600589
57772	-0.019498	-0.005387	1.600241
57773	-0.019123	-0.005245	1.600462
57774	-0.018503	-0.006572	1.600075
57775	-0.016856	-0.007409	1.600932
57776	-0.016721	-0.007783	1.601733
57777	-0.015987	-0.008713	1.609131
57778	-0.016184	-0.009999	1.609083
57779	-0.015534	-0.010879	1.609704
57780	-0.015764	-0.011112	1.609695
57781	-0.015565	-0.014868	1.610277
57782	-0.014698	-0.015526	1.612703
57783	-0.015596	-0.015177	1.619734
57784	-0.017309	-0.017194	1.618362
57785	-0.017307	-0.018787	1.617742
57786	-0.017902	-0.018879	1.616921
57787	-0.019973	-0.019558	1.621827
57788	-0.021021	-0.019750	1.622156
57789	-0.021323	-0.022333	1.624041
57790	-0.021918	-0.022424	1.623221
57791	-0.021879	-0.020790	1.624136
57792	-0.022992	-0.018874	1.624541
57793	-0.023287	-0.019611	1.621834
57794	-0.023549	-0.018790	1.621864
57795	-0.024013	-0.019428	1.626555
57796	-0.024575	-0.020574	1.625697
57797	-0.024913	-0.019105	1.632146
57798	-0.025927	-0.020351	1.632437
57799	-0.024934	-0.019765	1.632192
57800	-0.025615	-0.020098	1.633333
57801	-0.024951	-0.020730	1.629676
57802	-0.024394	-0.019950	1.629369
57803	-0.024523	-0.019785	1.632755
57804	-0.025668	-0.016815	1.633200
57805	-0.026240	-0.017513	1.643512
57806	-0.027319	-0.016651	1.643881
57807	-0.026856	-0.015120	1.651841
57808	-0.028299	-0.014116	1.651397
57809	-0.028225	-0.014006	1.652094
57810	-0.028087	-0.014381	1.652900
57811	-0.029644	-0.014358	1.658539
57812	-0.029572	-0.012624	1.659423
57813	-0.029539	-0.013508	1.664504
57814	-0.029335	-0.015992	1.665234
57815	-0.027648	-0.018217	1.670796
57816	-0.027177	-0.017680	1.672454
57817	-0.025702	-0.021315	1.680110
57818	-0.022989	-0.029495	1.690293
57819	-0.016021	-0.049808	1.720982
57820	-0.004635	-0.086703	1.758751
57821	0.010980	-0.137116	1.806725
57822	0.028010	-0.193643	1.853204
57823	0.049754	-0.265363	1.914715
57824	0.073060	-0.338372	1.969640
57825	0.092775	-0.413443	2.016784
57826	0.108821	-0.479929	2.051634
57827	0.125482	-0.531087	2.077711
57828	0.137924	-0.563477	2.087959
57829	0.153128	-0.582815	2.088509
57830	0.166584	-0.583407	2.079948
57831	0.181426	-0.578763	2.066255
57832	0.195754	-0.567043	2.043236
57833	0.210339	-0.549110	2.021007
57834	0.221135	-0.530018	1.992913
57835	0.233235	-0.511417	1.969739
57836	0.243776	-0.492962	1.938838
57837	0.257465	-0.475840	1.912825
57838	0.273939	-0.463773	1.886031
57839	0.288504	-0.454944	1.873940
57840	0.304011	-0.448811	1.853161
57841	0.321298	-0.442691	1.841042
57842	0.341451	-0.438566	1.824065
57843	0.364279	-0.441859	1.815167
57844	0.399629	-0.450701	1.805029
57845	0.462373	-0.464605	1.799773
57846	0.527332	-0.474332	1.782151
57847	0.589886	-0.480774	1.757257
57848	0.646315	-0.485330	1.731726
57849	0.701020	-0.491062	1.709646
57850	0.747517	-0.497738	1.676579
57851	0.787084	-0.518132	1.677803
57852	0.816553	-0.552131	1.664409
57853	0.835618	-0.599018	1.673595
57854	0.849941	-0.660851	1.681949
57855	0.861836	-0.726908	1.720140
57856	0.872524	-0.802980	1.742970
57857	0.889356	-0.894482	1.804625
57858	0.910345	-0.988326	1.842668
57859	0.925282	-1.065545	1.897370
57860	0.936818	-1.118239	1.918530
57861	0.941219	-1.148872	1.949125
57862	0.942772	-1.165819	1.946830
57863	0.949281	-1.186603	1.943041
57864	0.952826	-1.191588	1.928785
57865	0.953460	-1.187932	1.911954
57866	0.950582	-1.185590	1.894875
57867	0.953332	-1.178481	1.874387
57868	0.965370	-1.170456	1.858932
57869	0.986352	-1.166682	1.842219
57870	1.014302	-1.166196	1.824640
57871	1.050997	-1.163658	1.806102
57872	1.089837	-1.156088	1.783235
57873	1.122060	-1.141937	1.760246
57874	1.144753	-1.127424	1.736703
57875	1.157005	-1.111170	1.712545
57876	1.161796	-1.089949	1.690969
57877	1.158183	-1.064843	1.667028
57878	1.141714	-1.038235	1.643948
57879	1.120930	-1.024845	1.632543
57880	1.094192	-1.041031	1.636332
57881	1.068633	-1.070210	1.646640
57882	1.036223	-1.113280	1.658642
57883	0.997426	-1.167433	1.668870
57884	0.954755	-1.247948	1.670505
57885	0.907824	-1.343898	1.670333
57886	0.857230	-1.447360	1.662153
57887	0.795768	-1.569053	1.631864
57888	0.721982	-1.696069	1.591620
57889	0.633250	-1.797241	1.554569
57890	0.539159	-1.865876	1.524044
57891	0.452488	-1.909865	1.496706
57892	0.375055	-1.930401	1.470277
57893	0.307075	-1.931999	1.448775
57894	0.245448	-1.920062	1.433838
57895	0.197901	-1.898094	1.424453
57896	0.157238	-1.870426	1.417340
57897	0.116840	-1.836463	1.414796
57898	0.083881	-1.796284	1.418137
57899	0.058325	-1.752055	1.422019
57900	0.035036	-1.715585	1.438419
57901	0.020738	-1.684243	1.460236
57902	0.015406	-1.666580	1.486828
57903	0.015507	-1.660292	1.521152
57904	0.035069	-1.677526	1.563264
57905	0.066670	-1.709449	1.614063
57906	0.105413	-1.763745	1.660508
57907	0.135192	-1.850518	1.703525
57908	0.141434	-1.971964	1.736761
57909	0.074943	-2.157897	1.733325
57910	-0.058004	-2.438580	1.714083
57911	-0.239046	-2.813514	1.681479
57912	-0.438814	-3.301310	1.665931
57913	-0.660556	-3.906729	1.665847
57914	-0.889760	-4.622200	1.687863
57915	-1.118400	-5.554053	1.742726
57916	-1.397363	-6.890523	1.739829
57917	-1.772060	-8.697335	1.595908
57918	-2.233867	-10.832588	1.317135
57919	-2.743114	-12.761422	0.999327
57920	-3.304941	-14.260505	0.628969
57921	-3.927172	-15.394825	0.130533
57922	-4.582581	-16.178193	-0.540054
57923	-5.088517	-16.842921	-1.293746
57924	-5.091180	-17.244307	-1.930572
57925	-4.670689	-17.315763	-2.244867
57926	-4.425696	-17.535009	-2.649850
57927	-4.195981	-18.011568	-3.201021
57928	-3.756269	-18.588796	-3.753664
57929	-3.274267	-19.202315	-4.303851
57930	-2.857861	-19.859872	-4.904048
57931	-2.434430	-20.559694	-5.577524
57932	-2.010339	-21.267442	-6.303747
57933	-1.612117	-21.955682	-7.063171
57934	-1.255810	-22.636263	-7.817046
57935	-0.908531	-23.309259	-8.553541
57936	-0.580342	-23.972813	-9.254669
57937	-0.267223	-24.611907	-9.950305
57938	0.053132	-25.203418	-10.632691
57939	0.387642	-25.744414	-11.301459
57940	0.748808	-26.229492	-11.957301
57941	1.093972	-26.648221	-12.571528
57942	1.412019	-27.004203	-13.128818
57943	1.700674	-27.304105	-13.613849
57944	1.950452	-27.546591	-14.039187
57945	2.159131	-27.715279	-14.418982
57946	2.349556	-27.803834	-14.794901
57947	2.583511	-27.814880	-15.184489
57948	2.830265	-27.760096	-15.586102
57949	3.068053	-27.637561	-15.981629
57950	3.284143	-27.458312	-16.318452
57951	3.445615	-27.229733	-16.561762
57952	3.529187	-26.944953	-16.691888
57953	3.521678	-26.610889	-16.688396
57954	3.394707	-26.227134	-16.548726
57955	3.160671	-25.785452	-16.287667
57956	2.849214	-25.281796	-15.937630
57957	2.496974	-24.710355	-15.542331
57958	2.135033	-24.070745	-15.130072
57959	1.768655	-23.366545	-14.703893
57960	1.370978	-22.603623	-14.246823
57961	0.943304	-21.795224	-13.738506
57962	0.477321	-20.940901	-13.145543
57963	-0.029764	-20.038888	-12.457884
57964	-0.598222	-19.096805	-11.682781
57965	-1.228038	-18.111337	-10.843496
57966	-1.891949	-17.080774	-9.962060
57967	-2.589756	-16.017858	-9.083219
57968	-3.269013	-14.922323	-8.206623
57969	-3.915996	-13.804042	-7.341205
57970	-4.518549	-12.673236	-6.482487
57971	-5.049024	-11.538222	-5.616058
57972	-5.533554	-10.423099	-4.744638
57973	-5.988257	-9.335151	-3.852303
57974	-6.412272	-8.292613	-2.887854
57975	-6.821235	-7.320605	-1.840185
57976	-7.224743	-6.437620	-0.732388
57977	-7.620200	-5.633135	0.400488
57978	-7.978313	-4.890811	1.503762
57979	-8.295507	-4.205345	2.506145
57980	-8.590717	-3.573175	3.352221
57981	-8.827787	-2.985449	4.017313
57982	-9.002378	-2.454008	4.476861
57983	-9.092356	-1.962166	4.724039
57984	-9.097983	-1.530513	4.774521
57985	-9.053013	-1.178821	4.652503
57986	-8.980919	-0.902118	4.462600
57987	-8.864477	-0.699699	4.278552
57988	-8.714305	-0.582167	4.119697
57989	-8.548834	-0.550009	3.994072
57990	-8.388519	-0.556843	3.902920
57991	-7.641269	-0.779792	3.898572
57992	-6.771999	-1.179911	3.675299
57993	-6.047344	-1.390172	3.583956
57994	-5.715385	-1.605403	3.677047
57995	-5.672423	-1.895330	3.788527
57996	-5.708665	-2.171071	3.864157
57997	-5.721424	-2.484390	3.834109
57998	-5.685017	-2.796970	3.749721
57999	-5.567045	-3.090100	3.705744
58000	-5.366400	-3.405198	3.709707
58001	-5.041857	-3.717836	3.732909
58002	-4.611742	-3.979838	3.763332
58003	-4.134040	-4.178253	3.786875
58004	-3.707526	-4.363508	3.794585
58005	-3.395432	-4.562637	3.769856
58006	-3.223060	-4.741126	3.739458
58007	-3.148616	-4.913514	3.706193
58008	-3.106476	-5.077331	3.657839
58009	-3.046188	-5.228215	3.596564
58010	-2.977615	-5.348358	3.511442
58011	-2.920648	-5.448496	3.413261
58012	-2.881719	-5.550243	3.300554
58013	-2.865428	-5.652011	3.163435
58014	-2.875667	-5.754428	3.012815
58015	-2.885449	-5.862981	2.868249
58016	-2.886585	-5.986695	2.718173
58017	-2.882904	-6.109711	2.562859
58018	-2.877083	-6.233615	2.401274
58019	-2.861995	-6.360655	2.227690
58020	-2.836889	-6.489660	2.049946
58021	-2.811855	-6.616926	1.864369
58022	-2.789191	-6.726609	1.677515
58023	-2.766543	-6.844062	1.494965
58024	-2.718957	-6.953786	1.352549
58025	-2.650344	-7.069369	1.194549
58026	-2.548214	-7.184002	1.100886
58027	-2.427690	-7.311865	1.040656
58028	-2.306587	-7.441858	1.021660
58029	-2.192439	-7.559936	1.025177
58030	-2.099115	-7.662031	1.037551
58031	-2.026103	-7.748641	1.061771
58032	-1.976807	-7.812242	1.080479
58033	-1.950956	-7.859811	1.100395
58034	-1.929587	-7.898450	1.121880
58035	-1.902932	-7.935055	1.142519
58036	-1.877600	-7.968744	1.169766
58037	-1.851021	-8.005159	1.213917
58038	-1.825415	-8.049701	1.280277
58039	-1.817819	-8.092445	1.368671
58040	-1.804378	-8.132846	1.453769
58041	-1.783540	-8.179177	1.534972
58042	-1.767045	-8.224180	1.588404
58043	-1.763388	-8.260414	1.601546
58044	-1.783566	-8.299629	1.590206
58045	-1.812024	-8.338548	1.613366
58046	-1.848714	-8.367621	1.668094
58047	-1.888895	-8.387298	1.736506
58048	-1.930422	-8.403272	1.814389
58049	-1.971780	-8.411483	1.899525
58050	-2.019861	-8.411606	1.953522
58051	-2.084200	-8.409609	1.983730
58052	-2.161343	-8.400902	2.009018
58053	-2.240500	-8.385615	2.027494
58054	-2.334880	-8.358186	2.040349
58055	-2.455248	-8.329413	2.045969
58056	-2.591026	-8.295156	2.060864
58057	-2.719439	-8.253643	2.080494
58058	-2.846016	-8.204941	2.112754
58059	-2.976843	-8.150947	2.153117
58060	-3.112160	-8.087792	2.205222
58061	-3.249519	-8.014242	2.263485
58062	-3.370064	-7.938586	2.328383
58063	-3.469318	-7.864731	2.391565
58064	-3.562757	-7.792720	2.453257
58065	-3.647779	-7.725057	2.513471
58066	-3.717766	-7.658480	2.562450
58067	-3.785467	-7.588436	2.599665
58068	-3.845630	-7.516733	2.627186
58069	-3.875198	-7.447899	2.659342
58070	-3.878694	-7.379503	2.698921
58071	-3.873490	-7.307174	2.743687
58072	-3.867136	-7.245744	2.769426
58073	-3.894606	-7.194227	2.759106
58074	-3.941300	-7.144585	2.736968
58075	-3.977212	-7.104263	2.706767
58076	-3.993820	-7.068918	2.697410
58077	-4.003453	-7.029501	2.704367
58078	-4.006734	-6.985548	2.714493
58079	-4.006964	-6.943116	2.730441
58080	-4.000946	-6.898622	2.754313
58081	-3.992195	-6.848679	2.786070
58082	-3.979758	-6.796463	2.816551
58083	-3.995554	-6.742891	2.833800
58084	-4.030520	-6.684584	2.844807
58085	-4.050742	-6.625225	2.850806
58086	-4.065631	-6.565470	2.862300
58087	-4.066624	-6.507019	2.894620
58088	-4.042168	-6.455755	2.973499
58089	-4.028801	-6.403517	3.062600
58090	-4.004866	-6.343712	3.160623
58091	-3.955837	-6.281013	3.262398
58092	-3.908249	-6.217344	3.362378
58093	-3.857008	-6.149353	3.459557
58094	-3.794021	-6.076432	3.548258
58095	-3.754414	-6.021976	3.599717
58096	-3.713857	-5.973727	3.635079
58097	-3.672073	-5.924898	3.656423
58098	-3.648179	-5.882716	3.671759
58099	-3.627486	-5.845233	3.691907
58100	-3.593872	-5.804000	3.714333
58101	-3.552830	-5.763265	3.736038
58102	-3.503250	-5.723974	3.756254
58103	-3.446768	-5.675233	3.779848
58104	-3.399646	-5.632162	3.796520
58105	-3.388635	-5.603970	3.799228
58106	-3.389289	-5.573121	3.796993
58107	-3.386164	-5.536755	3.790010
58108	-3.373987	-5.492813	3.783267
58109	-3.351349	-5.437505	3.776486
58110	-3.323981	-5.374648	3.776556
58111	-3.287012	-5.306649	3.789193
58112	-3.226592	-5.232512	3.818538
58113	-3.139465	-5.139925	3.869322
58114	-3.042223	-5.031827	3.933371
58115	-2.950147	-4.922111	3.982517
58116	-2.874261	-4.820205	4.024837
58117	-2.816451	-4.727015	4.049092
58118	-2.780918	-4.655248	4.055610
58119	-2.746410	-4.591996	4.049883
58120	-2.718268	-4.519106	4.045465
58121	-2.688919	-4.447054	4.042113
58122	-2.657804	-4.377006	4.052501
58123	-2.617724	-4.293301	4.074105
58124	-2.563393	-4.191771	4.112029
58125	-2.487294	-4.077521	4.153921
58126	-2.386820	-3.935204	4.210990
58127	-2.273002	-3.771046	4.275956
58128	-2.159769	-3.609474	4.334166
58129	-2.055089	-3.452613	4.374074
58130	-1.979759	-3.314507	4.379112
58131	-1.921789	-3.195540	4.365279
58132	-1.872499	-3.086902	4.348618
58133	-1.827469	-2.968071	4.334631
58134	-1.777987	-2.843977	4.331589
58135	-1.724272	-2.708080	4.335336
58136	-1.663366	-2.555748	4.350126
58137	-1.593203	-2.390407	4.374485
58138	-1.521785	-2.223126	4.406444
58139	-1.455676	-2.059169	4.442297
58140	-1.394199	-1.900341	4.480406
58141	-1.338733	-1.759516	4.512812
58142	-1.291901	-1.627010	4.542306
58143	-1.249425	-1.510081	4.570165
58144	-1.215333	-1.407109	4.597674
58145	-1.183826	-1.317613	4.620920
58146	-1.157800	-1.238058	4.641725
58147	-1.130906	-1.168411	4.659784
58148	-1.104820	-1.109549	4.677282
58149	-1.081289	-1.062636	4.695269
58150	-1.066705	-1.024574	4.714101
58151	-1.054489	-0.990697	4.729698
58152	-1.044383	-0.956882	4.744527
58153	-1.035093	-0.930761	4.757314
58154	-1.025550	-0.907225	4.770225
58155	-1.012411	-0.886601	4.780384
58156	-1.000541	-0.868224	4.789377
58157	-0.991510	-0.855163	4.796242
58158	-0.984265	-0.841244	4.803175
58159	-0.976870	-0.829096	4.810680
58160	-0.971787	-0.818794	4.814578
58161	-0.962593	-0.807647	4.819429
58162	-0.950825	-0.798441	4.825389
58163	-0.938761	-0.791870	4.829931
58164	-0.930807	-0.786140	4.833521
58165	-0.925423	-0.778471	4.836004
58166	-0.920386	-0.770806	4.835086
58167	-0.910037	-0.764620	4.835539
58168	-0.896535	-0.757993	4.834061
58169	-0.880316	-0.748930	4.830322
58170	-0.867640	-0.742228	4.829180
58171	-0.855282	-0.737372	4.829753
58172	-0.843862	-0.734892	4.829964
58173	-0.829673	-0.739167	4.834345
58174	-0.817728	-0.745816	4.839840
58175	-0.804017	-0.750156	4.845364
58176	-0.787602	-0.757290	4.850002
58177	-0.773389	-0.763682	4.854313
58178	-0.762989	-0.767877	4.858575
58179	-0.753138	-0.771471	4.861845
58180	-0.743777	-0.775259	4.863669
58181	-0.732153	-0.777735	4.864346
58182	-0.721131	-0.782719	4.865469
58183	-0.709695	-0.786973	4.863307
58184	-0.699141	-0.793080	4.865540
58185	-0.684634	-0.801186	4.865858
58186	-0.671727	-0.808759	4.869012
58187	-0.657019	-0.816147	4.872128
58188	-0.645775	-0.822524	4.875978
58189	-0.631065	-0.829913	4.879090
58190	-0.616814	-0.834858	4.885586
58191	-0.604948	-0.839792	4.888951
58192	-0.595235	-0.844772	4.891540
58193	-0.586545	-0.848172	4.894314
58194	-0.578862	-0.849708	4.896861
58195	-0.572510	-0.852701	4.898677
58196	-0.565676	-0.852054	4.901627
58197	-0.559187	-0.854844	4.901485
58198	-0.553636	-0.856311	4.905844
58199	-0.546466	-0.858317	4.907359
58200	-0.540803	-0.857466	4.909831
58201	-0.532128	-0.858758	4.912670
58202	-0.524113	-0.859374	4.916063
58203	-0.515103	-0.859747	4.919748
58204	-0.507592	-0.858318	4.924356
58205	-0.500230	-0.858557	4.928708
58206	-0.493521	-0.859174	4.933579
58207	-0.487842	-0.856108	4.938704
58208	-0.482682	-0.853212	4.942392
58209	-0.477209	-0.849805	4.944748
58210	-0.470767	-0.844794	4.947028
58211	-0.463998	-0.840329	4.947942
58212	-0.457578	-0.833203	4.950295
58213	-0.450672	-0.828532	4.949252
58214	-0.443071	-0.822667	4.952049
58215	-0.434772	-0.819603	4.954219
58216	-0.430704	-0.811007	4.955653
58217	-0.422291	-0.805621	4.955938
58218	-0.416561	-0.798218	4.956671
58219	-0.410153	-0.791502	4.956848
58220	-0.404067	-0.785292	4.958358
58221	-0.399985	-0.779223	4.957542
58222	-0.398690	-0.774516	4.959021
58223	-0.393928	-0.767664	4.959865
58224	-0.391317	-0.764012	4.959831
58225	-0.389670	-0.760914	4.959904
58226	-0.389053	-0.756989	4.959723
58227	-0.387405	-0.753892	4.959796
58228	-0.386420	-0.752220	4.960354
58229	-0.386296	-0.747722	4.959172
58230	-0.388968	-0.744585	4.960284
58231	-0.385801	-0.741832	4.961649
58232	-0.387981	-0.739682	4.961580
58233	-0.387829	-0.737302	4.960324
58234	-0.388518	-0.733378	4.961619
58235	-0.389177	-0.731989	4.960659
58236	-0.393007	-0.729705	4.961253
58237	-0.392383	-0.726197	4.958888
58238	-0.394587	-0.721930	4.958891
58239	-0.397273	-0.717094	4.957890
58240	-0.399799	-0.714806	4.957007
58241	-0.400797	-0.713281	4.955232
58242	-0.402990	-0.710072	4.955198
58243	-0.404478	-0.707559	4.954604
58244	-0.407028	-0.703152	4.953793
58245	-0.410830	-0.702348	4.952163
58246	-0.413502	-0.699208	4.953272
58247	-0.414507	-0.696625	4.951533
58248	-0.419532	-0.692015	4.951716
58249	-0.421494	-0.689574	4.952263
58250	-0.424513	-0.686295	4.952559
58251	-0.425635	-0.684981	4.952739
58252	-0.429466	-0.682693	4.953329
58253	-0.431387	-0.683430	4.953768
58254	-0.432186	-0.681828	4.956946
58255	-0.432001	-0.680511	4.955650
58256	-0.433959	-0.679763	4.958310
58257	-0.432231	-0.680909	4.958236
58258	-0.432181	-0.681493	4.961010
58259	-0.432447	-0.682366	4.960786
58260	-0.432754	-0.681753	4.962784
58261	-0.433511	-0.681639	4.963738
58262	-0.435443	-0.683009	4.966327
58263	-0.434535	-0.684090	4.966582
58264	-0.436370	-0.682074	4.967322
58265	-0.434647	-0.682163	4.967282
58266	-0.433637	-0.682606	4.967769
58267	-0.431222	-0.682973	4.969355
58268	-0.430347	-0.683624	4.971798
58269	-0.428263	-0.684913	4.972535
58270	-0.426231	-0.684711	4.975495
58271	-0.426251	-0.688055	4.977965
58272	-0.425695	-0.690688	4.979523
58273	-0.426058	-0.693894	4.981180
58274	-0.425996	-0.695538	4.983918
58275	-0.426358	-0.698746	4.985574
58276	-0.425470	-0.700458	4.987981
58277	-0.425030	-0.701615	4.989378
58278	-0.424624	-0.703398	4.992928
58279	-0.425845	-0.703361	4.995023
58280	-0.428135	-0.703535	4.996834
58281	-0.428529	-0.703566	4.998598
58282	-0.430463	-0.704938	5.001184
58283	-0.432480	-0.706953	5.003537
58284	-0.433601	-0.707332	5.005829
58285	-0.434609	-0.707644	5.010693
58286	-0.434203	-0.709427	5.014243
58287	-0.433791	-0.707408	5.015748
58288	-0.432448	-0.706931	5.017084
58289	-0.431665	-0.707171	5.019328
58290	-0.430828	-0.704645	5.021880
58291	-0.429576	-0.703755	5.023017
58292	-0.429414	-0.702012	5.023907
58293	-0.429674	-0.700779	5.023749
58294	-0.429538	-0.696916	5.024711
58295	-0.430771	-0.694765	5.026876
58296	-0.431435	-0.692953	5.028097
58297	-0.431691	-0.691722	5.027938
58298	-0.433538	-0.688644	5.028712
58299	-0.433448	-0.687551	5.029365
58300	-0.434775	-0.687583	5.028887
58301	-0.434314	-0.688748	5.030281
58302	-0.433414	-0.691520	5.032652
58303	-0.432470	-0.692616	5.032903
58304	-0.431582	-0.694329	5.035309
58305	-0.430306	-0.694503	5.036409
58306	-0.429775	-0.695018	5.038039
58307	-0.428485	-0.696254	5.039102
58308	-0.428160	-0.696421	5.037963
58309	-0.427693	-0.697590	5.039356
58310	-0.427506	-0.697966	5.040173
58311	-0.429390	-0.697663	5.040636
58312	-0.428390	-0.697047	5.041159
58313	-0.428633	-0.695820	5.040998
58314	-0.428803	-0.694998	5.041038
58315	-0.428701	-0.693910	5.041690
58316	-0.428195	-0.692304	5.043392
58317	-0.427940	-0.692068	5.042051
58318	-0.427065	-0.692722	5.044494
58319	-0.425145	-0.693682	5.042455
58320	-0.424983	-0.691937	5.043345
58321	-0.424012	-0.694100	5.043556
58322	-0.425007	-0.693210	5.043926
58323	-0.423247	-0.692260	5.043917
58324	-0.423417	-0.691437	5.043957
58325	-0.421999	-0.690349	5.043134
58326	-0.422525	-0.688327	5.042397
58327	-0.421563	-0.689432	5.042644
58328	-0.420081	-0.688744	5.042024
58329	-0.417134	-0.689063	5.042461
58330	-0.416147	-0.687385	5.043021
58331	-0.416338	-0.689346	5.042747
58332	-0.416494	-0.689583	5.042750
58333	-0.415540	-0.689629	5.043033
58334	-0.415379	-0.687884	5.043922
58335	-0.415375	-0.689135	5.046454
58336	-0.414579	-0.688168	5.044208
58337	-0.412122	-0.687500	5.045824
58338	-0.409952	-0.687090	5.046831
58339	-0.407824	-0.687344	5.047597
58340	-0.408007	-0.685460	5.047673
58341	-0.405864	-0.686775	5.048402
58342	-0.404547	-0.684176	5.049812
58343	-0.404259	-0.685007	5.048430
58344	-0.401620	-0.683464	5.048331
58345	-0.401000	-0.683374	5.047799
58346	-0.399999	-0.682757	5.048322
58347	-0.397383	-0.682941	5.047945
58348	-0.395696	-0.682602	5.050095
58349	-0.394235	-0.683641	5.049197
58350	-0.394074	-0.681896	5.050086
58351	-0.393120	-0.680885	5.050404
58352	-0.391993	-0.678995	5.049008
58353	-0.390556	-0.677913	5.048183
58354	-0.389429	-0.676023	5.046787
58355	-0.387977	-0.676002	5.045925
58356	-0.387320	-0.675246	5.045635
58357	-0.385384	-0.675153	5.043630
58358	-0.383571	-0.673542	5.043861
58359	-0.382116	-0.673522	5.042999
58360	-0.380647	-0.671771	5.042416
58361	-0.380016	-0.671685	5.041883
58362	-0.380199	-0.669799	5.041958
58363	-0.380378	-0.670708	5.041716
58364	-0.381016	-0.671017	5.042860
58365	-0.381005	-0.671217	5.045425
58366	-0.382469	-0.671460	5.046897
58367	-0.380294	-0.673843	5.047588
58368	-0.379090	-0.673577	5.050880
58369	-0.377285	-0.673698	5.050831
58370	-0.378279	-0.672807	5.051198
58371	-0.378152	-0.670672	5.051881
58372	-0.378335	-0.668787	5.051956
58373	-0.378562	-0.665451	5.051862
58374	-0.379088	-0.663425	5.051124
58375	-0.379329	-0.659028	5.051067
58376	-0.379539	-0.655019	5.051216
58377	-0.379268	-0.652672	5.049942
58378	-0.379135	-0.648802	5.050905
58379	-0.378177	-0.646734	5.051259
58380	-0.378870	-0.642797	5.052550
58381	-0.377414	-0.641718	5.051725
58382	-0.377939	-0.639691	5.050986
58383	-0.375782	-0.639953	5.051751
58384	-0.375138	-0.638133	5.051497
58385	-0.372482	-0.639384	5.051084
58386	-0.370312	-0.638972	5.052092
58387	-0.366830	-0.640290	5.051350
58388	-0.364302	-0.641080	5.053134
58389	-0.362128	-0.642406	5.053862
58390	-0.361441	-0.643771	5.053496
58391	-0.359440	-0.646869	5.051379
58392	-0.359265	-0.646183	5.052230
58393	-0.357432	-0.647370	5.052143
58394	-0.357585	-0.647607	5.052143
58395	-0.357746	-0.648520	5.051899
58396	-0.358740	-0.647629	5.052264
58397	-0.357059	-0.647968	5.054171
58398	-0.356344	-0.651458	5.053729
58399	-0.357202	-0.651030	5.051894
58400	-0.355346	-0.652602	5.052014
58401	-0.354333	-0.653724	5.052255
58402	-0.352477	-0.655296	5.052375
58403	-0.350638	-0.656484	5.052288
58404	-0.350106	-0.657001	5.053915
58405	-0.349791	-0.656781	5.052565
58406	-0.348476	-0.654178	5.053977
58407	-0.344624	-0.656703	5.054010
58408	-0.343623	-0.656084	5.054533
58409	-0.341466	-0.655289	5.055335
58410	-0.339311	-0.653815	5.056381
58411	-0.338308	-0.653876	5.056659
58412	-0.337635	-0.654179	5.056330
58413	-0.334322	-0.652529	5.057656
58414	-0.331296	-0.654308	5.058261
58415	-0.329308	-0.655284	5.056218
58416	-0.329490	-0.653397	5.056292
58417	-0.328454	-0.655583	5.056494
58418	-0.327781	-0.655886	5.056165
58419	-0.325120	-0.656081	5.055787
58420	-0.324119	-0.655462	5.056309
58421	-0.322113	-0.657500	5.054228
58422	-0.321454	-0.656741	5.053936
58423	-0.318278	-0.658985	5.052341
58424	-0.317292	-0.657304	5.052901
58425	-0.314971	-0.657358	5.051710
58426	-0.313471	-0.657727	5.051052
58427	-0.311148	-0.657780	5.049860
58428	-0.309805	-0.657303	5.051196
58429	-0.306671	-0.656359	5.049716
58430	-0.304829	-0.656869	5.049873
58431	-0.301463	-0.658409	5.051085
58432	-0.301131	-0.658571	5.049941
58433	-0.302755	-0.657591	5.053194
58434	-0.319992	-0.662115	5.062648
58435	-0.346731	-0.670908	5.076448
58436	-0.381446	-0.680040	5.089785
58437	-0.424991	-0.696321	5.104266
58438	-0.486686	-0.712254	5.114691
58439	-0.557441	-0.742828	5.109001
58440	-0.647023	-0.786468	5.078220
58441	-0.744446	-0.843405	5.036677
58442	-0.857214	-0.914306	4.983038
58443	-0.987652	-1.034571	4.901746
58444	-1.117083	-1.164244	4.815565
58445	-1.256392	-1.326510	4.714573
58446	-1.406280	-1.516030	4.602627
58447	-1.536496	-1.673440	4.507503
58448	-1.638385	-1.787928	4.437599
58449	-1.704636	-1.870855	4.388177
58450	-1.744820	-1.940992	4.351666
58451	-1.768818	-1.993341	4.329694
58452	-1.784017	-2.027353	4.319014
58453	-1.785317	-2.038247	4.315286
58454	-1.780081	-2.035152	4.326510
58455	-1.762192	-2.022848	4.347787
58456	-1.738387	-1.998392	4.382345
58457	-1.709272	-1.962319	4.432813
58458	-1.670745	-1.912588	4.498072
58459	-1.612789	-1.857393	4.580174
58460	-1.545769	-1.805165	4.675035
58461	-1.478657	-1.764907	4.776088
58462	-1.406619	-1.742269	4.883609
58463	-1.312422	-1.735028	4.992172
58464	-1.210873	-1.734376	5.099745
58465	-1.133386	-1.739149	5.192800
58466	-1.089285	-1.762408	5.278956
58467	-1.091969	-1.809147	5.341170
58468	-1.132948	-1.884887	5.383976
58469	-1.213311	-1.994843	5.406387
58470	-1.336800	-2.152703	5.406359
58471	-1.502650	-2.368199	5.394587
58472	-1.692567	-2.661722	5.395247
58473	-1.900936	-3.075714	5.408878
58474	-2.109388	-3.596240	5.438551
58475	-2.296319	-4.245804	5.540483
58476	-2.460851	-5.050864	5.722779
58477	-2.620473	-6.015832	5.941507
58478	-2.854456	-7.458620	6.063900
58479	-3.256662	-9.402238	5.990079
58480	-3.690615	-10.951653	5.846710
58481	-4.160761	-12.185469	5.535644
58482	-4.623357	-13.114894	5.162198
58483	-5.051968	-13.846509	4.769946
58484	-5.446977	-14.447250	4.381358
58485	-5.900723	-15.064179	3.950695
58486	-6.423691	-15.777250	3.429874
58487	-6.474730	-16.353063	3.119103
58488	-6.250888	-16.783057	3.020928
58489	-6.234425	-17.370654	2.750644
58490	-6.141135	-18.088771	2.315791
58491	-5.840699	-18.871517	1.770439
58492	-5.479713	-19.725321	1.053493
58493	-5.084297	-20.652079	0.133400
58494	-4.583560	-21.623143	-0.936980
58495	-3.963690	-22.600223	-2.135670
58496	-3.306731	-23.554290	-3.446320
58497	-2.639319	-24.464258	-4.854603
58498	-1.926758	-25.323879	-6.324672
58499	-1.147216	-26.151606	-7.836744
58500	-0.293854	-26.944715	-9.336536
58501	0.612316	-27.700965	-10.795813
58502	1.509901	-28.407680	-12.185345
58503	2.387706	-29.072656	-13.465690
58504	3.183647	-29.695473	-14.583767
58505	3.866899	-30.287042	-15.523882
58506	4.454775	-30.873031	-16.246587
58507	4.934349	-31.473894	-16.742394
58508	5.279502	-32.079763	-17.008966
58509	5.468643	-32.684604	-17.060685
58510	5.514390	-33.290117	-16.956768
58511	5.452015	-33.867595	-16.758308
58512	5.325630	-34.401240	-16.536312
58513	5.191231	-34.866592	-16.337669
58514	5.087582	-35.247269	-16.195305
58515	5.042867	-35.541695	-16.146787
58516	5.068052	-35.738149	-16.162982
58517	5.141880	-35.829937	-16.223259
58518	5.204777	-35.812998	-16.290947
58519	5.234910	-35.682062	-16.353419
58520	5.219541	-35.434779	-16.411002
58521	5.198497	-35.076499	-16.452201
58522	5.180473	-34.625036	-16.467760
58523	5.145959	-34.091787	-16.459204
58524	5.076260	-33.463901	-16.401183
58525	4.959409	-32.746622	-16.291741
58526	4.800006	-31.961811	-16.132358
58527	4.594570	-31.102383	-15.893701
58528	4.335659	-30.182731	-15.547612
58529	3.999915	-29.227891	-15.095092
58530	3.566293	-28.247952	-14.542111
58531	3.018759	-27.221002	-13.893303
58532	2.395120	-26.143976	-13.217469
58533	1.791791	-25.042658	-12.585359
58534	1.257650	-23.923167	-12.033581
58535	0.801661	-22.758754	-11.578338
58536	0.397885	-21.589616	-11.159032
58537	0.007774	-20.484996	-10.688209
58538	-0.396648	-19.467186	-10.057184
58539	-0.847085	-18.536605	-9.192490
58540	-1.413219	-17.694496	-8.125840
58541	-2.077427	-16.913222	-6.895368
58542	-2.822082	-16.173939	-5.533176
58543	-3.562119	-15.463236	-4.072290
58544	-4.213646	-14.752724	-2.583469
58545	-4.782975	-14.060982	-1.180800
58546	-5.278600	-13.394230	0.059113
58547	-5.659681	-12.747046	1.074903
58548	-5.904070	-12.123333	1.852215
58549	-6.056179	-11.562492	2.382648
58550	-6.105981	-11.041454	2.677649
58551	-6.075638	-10.535828	2.779754
58552	-5.966038	-10.062799	2.755115
58553	-5.778699	-9.648641	2.677772
58554	-5.596047	-9.297984	2.563443
58555	-5.453107	-9.009620	2.436654
58556	-5.345569	-8.798135	2.301923
58557	-5.238188	-8.625685	2.135636
58558	-5.176777	-8.454468	1.966284
58559	-5.194441	-8.299552	1.826808
58560	-5.223704	-8.183985	1.732914
58561	-5.267999	-8.116629	1.678489
58562	-5.331672	-8.077176	1.656305
58563	-5.349349	-8.044307	1.657956
58564	-5.316975	-8.006984	1.668867
58565	-5.269024	-7.985753	1.663548
58566	-5.211446	-7.969532	1.611113
58567	-4.961024	-7.923802	1.424326
58568	-4.369793	-7.698468	1.210355
58569	-3.943268	-7.442285	0.999305
58570	-3.593846	-7.315789	0.874565
58571	-3.466590	-7.333084	0.655034
58572	-3.393864	-7.459317	0.426169
58573	-3.295959	-7.638236	0.255410
58574	-3.214666	-7.799815	0.100458
58575	-3.195044	-7.946265	-0.078488
58576	-3.185318	-8.065685	-0.269692
58577	-3.155828	-8.127486	-0.429193
58578	-3.119703	-8.120012	-0.547848
58579	-3.067774	-8.085714	-0.654840
58580	-3.007350	-8.024416	-0.749232
58581	-2.968550	-7.938512	-0.857807
58582	-2.964679	-7.848652	-1.010174
58583	-2.936470	-7.765911	-1.184072
58584	-2.865343	-7.703484	-1.340909
58585	-2.767603	-7.680343	-1.476809
58586	-2.682159	-7.707889	-1.628056
58587	-2.602265	-7.764817	-1.729060
58588	-2.549285	-7.838448	-1.833209
58589	-2.518557	-7.923148	-1.958080
58590	-2.467322	-7.998983	-2.036059
58591	-2.368474	-8.071517	-2.104292
58592	-2.238593	-8.131919	-2.182406
58593	-2.096057	-8.199645	-2.234471
58594	-1.969736	-8.268563	-2.311409
58595	-1.856546	-8.315318	-2.417603
58596	-1.764323	-8.341157	-2.510304
58597	-1.707171	-8.364441	-2.593193
58598	-1.689058	-8.378956	-2.635590
58599	-1.701951	-8.392627	-2.673737
58600	-1.734522	-8.396015	-2.691381
58601	-1.787096	-8.387605	-2.702048
58602	-1.853718	-8.377175	-2.700520
58603	-1.904188	-8.367784	-2.678112
58604	-1.924293	-8.355982	-2.647330
58605	-1.930198	-8.327036	-2.621092
58606	-1.937174	-8.289891	-2.589363
58607	-1.948080	-8.253470	-2.556105
58608	-1.951520	-8.234601	-2.492075
58609	-1.930714	-8.226032	-2.390020
58610	-1.864367	-8.204510	-2.249390
58611	-1.841978	-8.187722	-2.216977
58612	-1.876568	-8.168025	-2.224103
58613	-1.916524	-8.140894	-2.228993
58614	-1.939785	-8.119581	-2.218504
58615	-1.968497	-8.093152	-2.203875
58616	-1.980077	-8.062602	-2.213653
58617	-1.919466	-8.014603	-2.205504
58618	-1.801715	-7.927978	-2.097338
58619	-1.628222	-7.791217	-1.847053
58620	-1.403069	-7.600540	-1.453032
58621	-1.142682	-7.375656	-1.004713
58622	-0.885613	-7.130139	-0.535608
58623	-0.659141	-6.868619	-0.119993
58624	-0.485278	-6.603711	0.180121
58625	-0.369818	-6.329705	0.380870
58626	-0.278276	-6.096241	0.565216
58627	-0.206614	-5.926274	0.733033
58628	-0.137767	-5.776403	0.884930
58629	-0.071770	-5.641993	1.012134
58630	-0.018574	-5.498110	1.118032
58631	0.036828	-5.328688	1.199126
58632	0.098738	-5.126701	1.259823
58633	0.156130	-4.895833	1.299644
58634	0.203015	-4.638674	1.317537
58635	0.239414	-4.425767	1.320473
58636	0.236338	-4.342227	1.291869
58637	0.212913	-4.300818	1.265669
58638	0.188948	-4.266840	1.260464
58639	0.172803	-4.229309	1.269929
58640	0.167124	-4.167809	1.286252
58641	0.174379	-4.055121	1.303182
58642	0.199063	-3.867848	1.320757
58643	0.250578	-3.639857	1.360499
58644	0.298902	-3.463242	1.424163
58645	0.339019	-3.327276	1.486256
58646	0.377494	-3.226016	1.549220
58647	0.401484	-3.195372	1.616985
58648	0.417623	-3.182724	1.675241
58649	0.433311	-3.165022	1.722300
58650	0.442612	-3.135859	1.765804
58651	0.454721	-3.091148	1.810399
58652	0.469737	-3.014020	1.846360
58653	0.487386	-2.893325	1.865330
58654	0.486812	-2.725082	1.859040
58655	0.481269	-2.536883	1.830410
58656	0.462485	-2.347361	1.787168
58657	0.436697	-2.165262	1.736704
58658	0.401206	-1.996980	1.692532
58659	0.363832	-1.892314	1.680522
58660	0.333596	-1.911236	1.746419
58661	0.306955	-1.997602	1.867143
58662	0.301760	-2.217008	2.116620
58663	0.301434	-2.500161	2.385402
58664	0.289472	-2.724164	2.591652
58665	0.276644	-2.872238	2.728888
58666	0.248027	-3.025844	2.820165
58667	0.200118	-3.217052	2.874367
58668	0.127555	-3.454303	2.886240
58669	0.027487	-3.734662	2.871263
58670	-0.067854	-3.946804	2.853995
58671	-0.146492	-4.078238	2.841775
58672	-0.209971	-4.143180	2.828303
58673	-0.249796	-4.168553	2.822146
58674	-0.273261	-4.176000	2.846714
58675	-0.284166	-4.182663	2.895254
58676	-0.278081	-4.174431	2.958093
58677	-0.272458	-4.153988	3.017567
58678	-0.283677	-4.114115	3.069599
58679	-0.304959	-4.068589	3.112594
58680	-0.307229	-4.014966	3.141476
58681	-0.297680	-3.972932	3.178246
58682	-0.311781	-3.951788	3.240361
58683	-0.342143	-3.919533	3.328260
58684	-0.359439	-3.892036	3.377687
58685	-0.369405	-3.852543	3.411085
58686	-0.390973	-3.800081	3.434631
58687	-0.409941	-3.723018	3.453887
58688	-0.420683	-3.626868	3.440158
58689	-0.435502	-3.510422	3.397283
58690	-0.459069	-3.367299	3.326562
58691	-0.486025	-3.206905	3.233712
58692	-0.510118	-3.028889	3.132453
58693	-0.528932	-2.835024	3.029069
58694	-0.540027	-2.628723	2.929351
58695	-0.534456	-2.424088	2.839632
58696	-0.519088	-2.223113	2.754386
58697	-0.508112	-2.029988	2.671415
58698	-0.509022	-1.836058	2.592170
58699	-0.514392	-1.654806	2.518901
58700	-0.519571	-1.502492	2.463002
58701	-0.519097	-1.397212	2.430440
58702	-0.513138	-1.314441	2.409632
58703	-0.501297	-1.245076	2.390922
58704	-0.488425	-1.182433	2.372709
58705	-0.470386	-1.120455	2.349512
58706	-0.454332	-1.064133	2.328971
58707	-0.431516	-1.020888	2.315006
58708	-0.406498	-0.979668	2.305002
58709	-0.379435	-0.943214	2.291175
58710	-0.360132	-0.908731	2.280419
58711	-0.337777	-0.881464	2.274952
58712	-0.313714	-0.860204	2.271644
58713	-0.284607	-0.843327	2.267173
58714	-0.259352	-0.827151	2.261397
58715	-0.242147	-0.815961	2.252854
58716	-0.234161	-0.804040	2.244162
58717	-0.229313	-0.794813	2.235615
58718	-0.231066	-0.784704	2.223984
58719	-0.230614	-0.777275	2.216155
58720	-0.235090	-0.768650	2.209374
58721	-0.238686	-0.763169	2.203080
58722	-0.241645	-0.754879	2.197613
58723	-0.243332	-0.747488	2.191571
58724	-0.246086	-0.739613	2.188882
58725	-0.247678	-0.734352	2.182760
58726	-0.248428	-0.730161	2.182085
58727	-0.246244	-0.726940	2.180193
58728	-0.242941	-0.724259	2.179824
58729	-0.241144	-0.723286	2.178995
58730	-0.243708	-0.723137	2.177985
58731	-0.246348	-0.722897	2.177910
58732	-0.249443	-0.721797	2.178082
58733	-0.251201	-0.726124	2.179485
58734	-0.248907	-0.729536	2.185122
58735	-0.245581	-0.732361	2.187451
58736	-0.244965	-0.736086	2.188952
58737	-0.241497	-0.738645	2.189321
58738	-0.240400	-0.738791	2.187840
58739	-0.238747	-0.741930	2.186033
58740	-0.237900	-0.744058	2.183653
58741	-0.237557	-0.747276	2.183311
58742	-0.232890	-0.749047	2.183279
58743	-0.228683	-0.749512	2.183406
58744	-0.227285	-0.752207	2.184624
58745	-0.227998	-0.753526	2.186644
58746	-0.233486	-0.754452	2.187703
58747	-0.238844	-0.756090	2.187697
58748	-0.249511	-0.756384	2.187911
58749	-0.260141	-0.755258	2.187139
58750	-0.269151	-0.755622	2.186708
58751	-0.278701	-0.752547	2.186513
58752	-0.286055	-0.749517	2.183595
58753	-0.290238	-0.747874	2.182245
58754	-0.295384	-0.745482	2.182282
58755	-0.296091	-0.743330	2.182464
58756	-0.298593	-0.740396	2.184353
58757	-0.298858	-0.740528	2.185276
58758	-0.299793	-0.738998	2.188441
58759	-0.297851	-0.736303	2.190478
58760	-0.297520	-0.733627	2.192220
58761	-0.295232	-0.731082	2.195078
58762	-0.294854	-0.729473	2.196780
58763	-0.291891	-0.727615	2.196497
58764	-0.289902	-0.725011	2.197595
58765	-0.284058	-0.724478	2.197127
58766	-0.277137	-0.724490	2.198176
58767	-0.270557	-0.725323	2.199308
58768	-0.263055	-0.727355	2.199135
58769	-0.254719	-0.730393	2.199545
58770	-0.245307	-0.733980	2.201467
58771	-0.233837	-0.739829	2.204429
58772	-0.224270	-0.742767	2.209171
58773	-0.219199	-0.746729	2.210825
58774	-0.212183	-0.748876	2.211791
58775	-0.209007	-0.747432	2.214292
58776	-0.208688	-0.748608	2.213092
58777	-0.204740	-0.749981	2.212369
58778	-0.204266	-0.750509	2.213990
58779	-0.200753	-0.753064	2.214369
58780	-0.197007	-0.756135	2.216581
58781	-0.191241	-0.760398	2.219875
58782	-0.185005	-0.767045	2.222958
58783	-0.181098	-0.770819	2.224116
58784	-0.179355	-0.773669	2.226151
58785	-0.176372	-0.775273	2.227712
58786	-0.175460	-0.774618	2.228232
58787	-0.172084	-0.773971	2.228735
58788	-0.170343	-0.773352	2.228932
58789	-0.165795	-0.769422	2.228096
58790	-0.161221	-0.769060	2.228148
58791	-0.158282	-0.766126	2.227916
58792	-0.155759	-0.764474	2.227833
58793	-0.153551	-0.763639	2.227840
58794	-0.152153	-0.762867	2.227218
58795	-0.149552	-0.763252	2.228003
58796	-0.149765	-0.763477	2.227983
58797	-0.146238	-0.762559	2.226529
58798	-0.144545	-0.760871	2.226768
58799	-0.141941	-0.761253	2.227555
58800	-0.141324	-0.761513	2.227213
58801	-0.139357	-0.762658	2.226321
58802	-0.137471	-0.765240	2.226394
58803	-0.134282	-0.767639	2.225958
58804	-0.131957	-0.769036	2.224931
58805	-0.130426	-0.771365	2.225139
58806	-0.133176	-0.770418	2.226124
58807	-0.130718	-0.771443	2.224092
58808	-0.130299	-0.774753	2.222806
58809	-0.128621	-0.776810	2.221054
58810	-0.128785	-0.778103	2.220991
58811	-0.127152	-0.779091	2.219281
58812	-0.127757	-0.778097	2.218483
58813	-0.126217	-0.780422	2.218692
58814	-0.126087	-0.780799	2.219490
58815	-0.127626	-0.781377	2.217106
58816	-0.128717	-0.780500	2.217448
58817	-0.129225	-0.781535	2.217523
58818	-0.131146	-0.780623	2.218186
58819	-0.131652	-0.781658	2.218261
58820	-0.134497	-0.782050	2.221164
58821	-0.134708	-0.782168	2.222101
58822	-0.137021	-0.780036	2.221986
58823	-0.137619	-0.782406	2.223981
58824	-0.140027	-0.781612	2.225784
58825	-0.142629	-0.780287	2.225767
58826	-0.146504	-0.780220	2.226210
58827	-0.150228	-0.779774	2.225652
58828	-0.156154	-0.778417	2.225960
58829	-0.160803	-0.779272	2.227642
58830	-0.163359	-0.782595	2.228460
58831	-0.166545	-0.783097	2.226721
58832	-0.168172	-0.781268	2.228245
58833	-0.167545	-0.781415	2.228865
58834	-0.168342	-0.779621	2.230068
58835	-0.170889	-0.779358	2.230011
58836	-0.176474	-0.778152	2.231136
58837	-0.182240	-0.779883	2.232279
58838	-0.188848	-0.777843	2.235727
58839	-0.195296	-0.775417	2.238176
58840	-0.199708	-0.774396	2.239800
58841	-0.198877	-0.774960	2.243203
58842	-0.199035	-0.775876	2.247924
58843	-0.196544	-0.776509	2.250687
58844	-0.195091	-0.776427	2.254808
58845	-0.191819	-0.776027	2.257293
58846	-0.192224	-0.775452	2.259274
58847	-0.191345	-0.773607	2.260802
58848	-0.189357	-0.771001	2.261905
58849	-0.185938	-0.770330	2.262432
58850	-0.182729	-0.768980	2.263993
58851	-0.177649	-0.768378	2.263880
58852	-0.171998	-0.766064	2.264522
58853	-0.166428	-0.768819	2.265105
58854	-0.163512	-0.768385	2.265805
58855	-0.155795	-0.771091	2.264608
58856	-0.149410	-0.770152	2.266849
58857	-0.142620	-0.770685	2.266056
58858	-0.137556	-0.770202	2.264975
58859	-0.131060	-0.771650	2.263321
58860	-0.129999	-0.774199	2.263715
58861	-0.127895	-0.777456	2.262758
58862	-0.130109	-0.777457	2.262556
58863	-0.129811	-0.777438	2.262366
58864	-0.128752	-0.776509	2.260925
58865	-0.127479	-0.776253	2.258456
58866	-0.126420	-0.775323	2.257016
58867	-0.123487	-0.775134	2.253907
58868	-0.121305	-0.773324	2.253009
58869	-0.117883	-0.773016	2.248761
58870	-0.116874	-0.771017	2.247363
58871	-0.117408	-0.771331	2.242713
58872	-0.118645	-0.771094	2.240230
58873	-0.116883	-0.770712	2.236623
58874	-0.117386	-0.771851	2.235738
58875	-0.113279	-0.771843	2.233133
58876	-0.108165	-0.772425	2.232012
58877	-0.105865	-0.772990	2.227225
58878	-0.101436	-0.773263	2.224463
58879	-0.094496	-0.773507	2.221720
58880	-0.089774	-0.772865	2.219821
58881	-0.083225	-0.771884	2.216301
58882	-0.075670	-0.771496	2.214262
58883	-0.067506	-0.772992	2.211979
58884	-0.060441	-0.772723	2.211080
58885	-0.053549	-0.771893	2.208382
58886	-0.044339	-0.768086	2.203873
58887	-0.036375	-0.765304	2.201763
58888	-0.029314	-0.761550	2.199034
58889	-0.023599	-0.757045	2.194008
58890	-0.019765	-0.751812	2.190641
58891	-0.014049	-0.747305	2.185615
58892	-0.012022	-0.742642	2.180065
58893	-0.008259	-0.738980	2.174816
58894	-0.007703	-0.731198	2.170854
58895	-0.006089	-0.727589	2.167385
58896	-0.005382	-0.723013	2.163293
58897	-0.004161	-0.718178	2.159048
58898	-0.004044	-0.711585	2.156182
58899	-0.003259	-0.707940	2.153033
58900	-0.003041	-0.703484	2.150081
58901	-0.000108	-0.699420	2.149939
58902	0.001231	-0.694081	2.147532
58903	0.003966	-0.689581	2.144611
58904	0.006579	-0.686568	2.142619
58905	0.010435	-0.681184	2.140245
58906	0.012945	-0.676030	2.138340
58907	0.016852	-0.671713	2.135924
58908	0.017753	-0.667564	2.134613
58909	0.023216	-0.661168	2.131649
58910	0.025777	-0.657082	2.129701
58911	0.028074	-0.653767	2.127881
58912	0.030540	-0.651387	2.123066
58913	0.034206	-0.649047	2.119746
58914	0.038186	-0.647008	2.116254
58915	0.041073	-0.645705	2.113209
58916	0.043839	-0.645898	2.111087
58917	0.050732	-0.645030	2.108412
58918	0.056426	-0.643767	2.109024
58919	0.060485	-0.642646	2.106484
58920	0.063625	-0.636727	2.106267
58921	0.068753	-0.633651	2.104319
58922	0.072193	-0.630662	2.102011
58923	0.075806	-0.627240	2.098741
58924	0.077678	-0.622836	2.095154
58925	0.077246	-0.621400	2.093385
58926	0.077457	-0.616934	2.090433
58927	0.082056	-0.616751	2.086715
58928	0.085694	-0.614196	2.087188
58929	0.090438	-0.613377	2.086296
58930	0.091492	-0.612434	2.084853
58931	0.093851	-0.613662	2.084826
58932	0.096763	-0.613218	2.085528
58933	0.098386	-0.612709	2.088689
58934	0.100073	-0.611008	2.088932
58935	0.104633	-0.612888	2.091873
58936	0.107058	-0.612569	2.093714
58937	0.111421	-0.613659	2.098660
58938	0.115559	-0.614123	2.104605
58939	0.123097	-0.615617	2.110240
58940	0.131529	-0.615602	2.117422
58941	0.139315	-0.618605	2.125794
58942	0.147063	-0.618279	2.131334
58943	0.155416	-0.616308	2.134829
58944	0.162479	-0.615668	2.138728
58945	0.170200	-0.614455	2.140536
58946	0.174524	-0.612214	2.142653
58947	0.175512	-0.612458	2.144132
58948	0.173486	-0.609407	2.144869
58949	0.168719	-0.610857	2.143740
58950	0.159408	-0.604822	2.143504
58951	0.152140	-0.602683	2.141503
58952	0.136925	-0.598135	2.140616
58953	0.123784	-0.591209	2.139052
58954	0.108951	-0.584389	2.137113
58955	0.096243	-0.576262	2.134453
58956	0.081012	-0.568210	2.131732
58957	0.053014	-0.559715	2.129162
58958	0.005109	-0.552053	2.128347
58959	-0.046803	-0.546188	2.130023
58960	-0.096025	-0.542437	2.127692
58961	-0.140227	-0.538693	2.124463
58962	-0.187983	-0.538766	2.110973
58963	-0.234125	-0.545009	2.082477
58964	-0.287844	-0.560928	2.042278
58965	-0.344460	-0.587528	2.005919
58966	-0.406108	-0.610626	1.968627
58967	-0.482361	-0.664242	1.903000
58968	-0.579722	-0.751336	1.814296
58969	-0.681822	-0.837368	1.731440
58970	-0.773613	-0.903502	1.671764
58971	-0.849691	-0.953529	1.633200
58972	-0.917891	-0.986437	1.609041
58973	-0.967277	-1.009205	1.600829
58974	-1.000578	-1.019325	1.602822
58975	-1.015686	-1.026719	1.613238
58976	-1.022823	-1.028186	1.633994
58977	-1.018330	-1.025692	1.659008
58978	-1.011670	-1.017410	1.691803
58979	-1.001215	-1.004697	1.730896
58980	-0.993062	-0.989718	1.775617
58981	-0.980262	-0.973818	1.828182
58982	-0.968066	-0.962672	1.889446
58983	-0.945412	-0.957123	1.955294
58984	-0.913219	-0.960000	2.025911
58985	-0.869941	-0.968404	2.107525
58986	-0.816508	-0.981703	2.198461
58987	-0.757071	-1.010139	2.288785
58988	-0.707900	-1.058887	2.375861
58989	-0.700824	-1.150449	2.436296
58990	-0.737138	-1.305208	2.473968
58991	-0.827512	-1.521272	2.483815
58992	-0.960283	-1.833082	2.500900
58993	-1.092139	-2.328823	2.604204
58994	-1.247536	-3.010163	2.746758
58995	-1.420537	-3.889404	2.948628
58996	-1.633393	-5.041979	3.175195
58997	-1.868234	-6.387760	3.398330
58998	-2.208893	-8.193291	3.478354
58999	-2.597263	-9.971466	3.329637
59000	-2.943604	-11.404600	3.003124
59001	-3.333519	-12.579436	2.493909
59002	-3.830852	-13.462139	1.884128
59003	-4.500064	-14.143420	1.168449
59004	-5.263507	-14.840188	0.359577
59005	-5.613085	-15.422461	-0.276678
59006	-5.560208	-15.842104	-0.763596
59007	-5.549843	-16.500842	-1.547163
59008	-5.335882	-17.384142	-2.646070
59009	-4.712515	-18.309953	-3.849433
59010	-3.967089	-19.295729	-5.151638
59011	-3.238169	-20.385915	-6.567279
59012	-2.392665	-21.539996	-7.940867
59013	-1.486228	-22.720217	-9.192435
59014	-0.672959	-23.896198	-10.317609
59015	0.017071	-25.055211	-11.309371
59016	0.633842	-26.201232	-12.157159
59017	1.182675	-27.341913	-12.877614
59018	1.658822	-28.448416	-13.534354
59019	2.132625	-29.481795	-14.173776
59020	2.619647	-30.435982	-14.822638
59021	3.155354	-31.322852	-15.523887
59022	3.740361	-32.131891	-16.262360
59023	4.322218	-32.850480	-16.971179
59024	4.855587	-33.480045	-17.643124
59025	5.401888	-34.051815	-18.284332
59026	5.941438	-34.572747	-18.829894
59027	6.397834	-35.036094	-19.243825
59028	6.711325	-35.430520	-19.489902
59029	6.916777	-35.759484	-19.580201
59030	7.046158	-36.011820	-19.566510
59031	7.108418	-36.144387	-19.490244
59032	7.128046	-36.144030	-19.385639
59033	7.065202	-36.015304	-19.267913
59034	6.907266	-35.773327	-19.096983
59035	6.665742	-35.427494	-18.872707
59036	6.366219	-34.991462	-18.652127
59037	6.060574	-34.425922	-18.466824
59038	5.762971	-33.736815	-18.332450
59039	5.455525	-32.955287	-18.227785
59040	5.117846	-32.098293	-18.091231
59041	4.698314	-31.182609	-17.853869
59042	4.191395	-30.245811	-17.508831
59043	3.605040	-29.285041	-17.046207
59044	2.921601	-28.293999	-16.446949
59045	2.152814	-27.284270	-15.715473
59046	1.323549	-26.244479	-14.855094
59047	0.446268	-25.173073	-13.863174
59048	-0.449318	-24.076429	-12.777883
59049	-1.343659	-22.940356	-11.640649
59050	-2.248009	-21.752405	-10.512070
59051	-3.053441	-20.538733	-9.459090
59052	-3.707891	-19.323935	-8.525795
59053	-4.228373	-18.086344	-7.704795
59054	-4.633763	-16.861905	-6.945884
59055	-4.970722	-15.676244	-6.208142
59056	-5.283305	-14.522872	-5.448939
59057	-5.599914	-13.429494	-4.670790
59058	-5.893811	-12.425099	-3.864477
59059	-6.188553	-11.464023	-3.036924
59060	-6.503510	-10.546716	-2.259510
59061	-6.785983	-9.695936	-1.567926
59062	-7.043379	-8.919426	-1.035210
59063	-7.203640	-8.247925	-0.729794
59064	-7.239797	-7.698503	-0.645052
59065	-7.089816	-7.234913	-0.756771
59066	-6.860578	-6.814960	-1.035693
59067	-6.637565	-6.431711	-1.420321
59068	-6.392239	-6.116909	-1.796910
59069	-6.162578	-5.912492	-2.086571
59070	-5.944948	-5.774720	-2.257127
59071	-5.751642	-5.679827	-2.318348
59072	-5.631629	-5.626092	-2.332433
59073	-5.576541	-5.587621	-2.280673
59074	-5.533718	-5.543780	-2.154696
59075	-5.494746	-5.494180	-1.969290
59076	-5.431261	-5.457000	-1.748873
59077	-5.321348	-5.442272	-1.521079
59078	-5.201887	-5.448487	-1.319608
59079	-5.087387	-5.454837	-1.135254
59080	-4.657109	-5.482537	-0.964906
59081	-4.031296	-5.359137	-0.727914
59082	-3.580702	-5.261123	-0.624804
59083	-3.385112	-5.350669	-0.628061
59084	-3.272251	-5.472754	-0.664075
59085	-3.127179	-5.576742	-0.690873
59086	-3.054129	-5.664267	-0.730106
59087	-3.020828	-5.749180	-0.737966
59088	-2.961130	-5.813299	-0.742610
59089	-2.903100	-5.838876	-0.795836
59090	-2.898533	-5.851327	-0.872492
59091	-2.914913	-5.878372	-0.933868
59092	-2.898219	-5.916500	-0.983341
59093	-2.832757	-5.975425	-1.045362
59094	-2.735164	-6.046694	-1.106581
59095	-2.609320	-6.133686	-1.144647
59096	-2.488192	-6.201855	-1.181894
59097	-2.401602	-6.265906	-1.231373
59098	-2.350566	-6.334235	-1.288873
59099	-2.319990	-6.400903	-1.336910
59100	-2.292528	-6.469905	-1.376157
59101	-2.259027	-6.550797	-1.419881
59102	-2.234083	-6.635587	-1.462006
59103	-2.219184	-6.720045	-1.512201
59104	-2.222623	-6.794510	-1.592487
59105	-2.236684	-6.868959	-1.685274
59106	-2.248849	-6.946158	-1.782667
59107	-2.254096	-7.021617	-1.879144
59108	-2.243544	-7.097308	-1.976654
59109	-2.220875	-7.167430	-2.093429
59110	-2.227001	-7.220920	-2.237685
59111	-2.252610	-7.264555	-2.400097
59112	-2.280165	-7.306282	-2.568348
59113	-2.287389	-7.350303	-2.715903
59114	-2.277911	-7.398637	-2.838448
59115	-2.237339	-7.447789	-2.915539
59116	-2.167511	-7.498882	-2.981518
59117	-2.103249	-7.539702	-3.067830
59118	-2.056055	-7.577512	-3.141242
59119	-2.011055	-7.609413	-3.190968
59120	-1.998925	-7.625396	-3.256907
59121	-2.007755	-7.626645	-3.345983
59122	-2.010287	-7.606101	-3.433928
59123	-2.010061	-7.575874	-3.505011
59124	-2.000850	-7.544815	-3.548717
59125	-1.961736	-7.519213	-3.556857
59126	-1.902276	-7.492478	-3.550015
59127	-1.835258	-7.455436	-3.532077
59128	-1.747837	-7.415459	-3.479245
59129	-1.557153	-7.378340	-3.372830
59130	-1.234971	-7.324036	-3.186995
59131	-1.005890	-7.264944	-3.109023
59132	-0.892428	-7.191767	-3.066667
59133	-0.809314	-7.108017	-3.025269
59134	-0.717219	-7.031631	-2.975449
59135	-0.626405	-6.956768	-2.885168
59136	-0.547318	-6.866732	-2.736582
59137	-0.511741	-6.787304	-2.634892
59138	-0.520704	-6.707847	-2.554121
59139	-0.524763	-6.616844	-2.456231
59140	-0.488357	-6.511402	-2.265397
59141	-0.413275	-6.391323	-1.991065
59142	-0.327371	-6.263128	-1.640665
59143	-0.318113	-6.186418	-1.423601
59144	-0.353920	-6.119783	-1.293888
59145	-0.360694	-6.040528	-1.175073
59146	-0.339396	-5.954077	-1.018733
59147	-0.300675	-5.846031	-0.803852
59148	-0.243949	-5.703049	-0.524813
59149	-0.166671	-5.546489	-0.195174
59150	-0.088841	-5.412040	0.136627
59151	-0.017579	-5.297188	0.434966
59152	0.040404	-5.214334	0.699217
59153	0.065098	-5.198020	0.896163
59154	0.068383	-5.190287	1.040198
59155	0.063909	-5.171920	1.163255
59156	0.037835	-5.153578	1.231878
59157	-0.006963	-5.139006	1.257235
59158	-0.063847	-5.120427	1.276220
59159	-0.127160	-5.088494	1.275633
59160	-0.207614	-5.020580	1.234734
59161	-0.303175	-4.922990	1.175207
59162	-0.395159	-4.797392	1.127759
59163	-0.472657	-4.647132	1.104083
59164	-0.505332	-4.517008	1.183369
59165	-0.508879	-4.479568	1.399086
59166	-0.533299	-4.467073	1.626251
59167	-0.565684	-4.489222	1.813371
59168	-0.631666	-4.542562	1.943322
59169	-0.707592	-4.601509	2.015015
59170	-0.774709	-4.639676	2.053382
59171	-0.830275	-4.655484	2.069800
59172	-0.873582	-4.653910	2.079676
59173	-0.904675	-4.649989	2.102682
59174	-0.924977	-4.634808	2.140326
59175	-0.923381	-4.605074	2.179929
59176	-0.926223	-4.550521	2.252848
59177	-0.909185	-4.497221	2.293365
59178	-0.877205	-4.423706	2.334851
59179	-0.844009	-4.357079	2.373954
59180	-0.818195	-4.310617	2.389101
59181	-0.801433	-4.284793	2.387727
59182	-0.798310	-4.307337	2.400989
59183	-0.796263	-4.346811	2.417226
59184	-0.788272	-4.365366	2.428621
59185	-0.779137	-4.373797	2.421984
59186	-0.787923	-4.374664	2.396201
59187	-0.804421	-4.374450	2.355728
59188	-0.834049	-4.373327	2.294967
59189	-0.862428	-4.367995	2.220698
59190	-0.886578	-4.354399	2.142897
59191	-0.900125	-4.338326	2.071366
59192	-0.909412	-4.335395	2.034517
59193	-0.900315	-4.331776	2.003643
59194	-0.897589	-4.330152	1.967616
59195	-0.892107	-4.332798	1.938999
59196	-0.886996	-4.341387	1.920673
59197	-0.892267	-4.370613	1.908072
59198	-0.937741	-4.414630	1.885690
59199	-0.977357	-4.466881	1.860002
59200	-1.017297	-4.509188	1.858129
59201	-1.043308	-4.532877	1.879460
59202	-1.063437	-4.538700	1.916579
59203	-1.060427	-4.524185	1.973216
59204	-1.049425	-4.504912	2.033229
59205	-1.037656	-4.493207	2.081588
59206	-1.033348	-4.478220	2.125345
59207	-1.029467	-4.465106	2.155211
59208	-1.044471	-4.444282	2.187015
59209	-1.076877	-4.418280	2.233524
59210	-1.131336	-4.384069	2.281321
59211	-1.200239	-4.345023	2.322796
59212	-1.276603	-4.298096	2.357786
59213	-1.345997	-4.246852	2.389189
59214	-1.407573	-4.191654	2.415483
59215	-1.446147	-4.134037	2.439359
59216	-1.467421	-4.071683	2.452536
59217	-1.486256	-3.992339	2.465117
59218	-1.485359	-3.911422	2.457525
59219	-1.463882	-3.803617	2.455575
59220	-1.425772	-3.652535	2.455229
59221	-1.375096	-3.486273	2.460769
59222	-1.328309	-3.328593	2.469539
59223	-1.288276	-3.169892	2.471708
59224	-1.248006	-3.004380	2.470035
59225	-1.206078	-2.834810	2.464191
59226	-1.171269	-2.657074	2.450723
59227	-1.135732	-2.476905	2.430550
59228	-1.105325	-2.294347	2.404668
59229	-1.070425	-2.127803	2.386448
59230	-1.040718	-1.982553	2.378281
59231	-1.003212	-1.851409	2.369007
59232	-0.967583	-1.729220	2.355437
59233	-0.931449	-1.624426	2.338743
59234	-0.899213	-1.532587	2.324134
59235	-0.865953	-1.458774	2.309989
59236	-0.843271	-1.439538	2.300715
59237	-0.835439	-1.485792	2.297104
59238	-0.841406	-1.609588	2.318159
59239	-0.846686	-1.830706	2.384917
59240	-0.850721	-2.027034	2.441802
59241	-0.851197	-2.155364	2.472983
59242	-0.852992	-2.231044	2.486448
59243	-0.850127	-2.267581	2.486671
59244	-0.845377	-2.277697	2.477959
59245	-0.828702	-2.269480	2.468971
59246	-0.798284	-2.251789	2.456634
59247	-0.755812	-2.218935	2.443931
59248	-0.705169	-2.165673	2.430244
59249	-0.653812	-2.091961	2.410235
59250	-0.611594	-1.999170	2.381624
59251	-0.577175	-1.896949	2.347816
59252	-0.554173	-1.790653	2.314470
59253	-0.545725	-1.703897	2.280730
59254	-0.550009	-1.634503	2.255085
59255	-0.558147	-1.578817	2.232693
59256	-0.570938	-1.530974	2.213612
59257	-0.583829	-1.485681	2.199433
59258	-0.596897	-1.444004	2.186008
59259	-0.607152	-1.406211	2.177324
59260	-0.615571	-1.372267	2.169589
59261	-0.622453	-1.336375	2.164338
59262	-0.626048	-1.303611	2.161410
59263	-0.623522	-1.273076	2.157277
59264	-0.624120	-1.240991	2.157010
59265	-0.625559	-1.211779	2.157193
59266	-0.627553	-1.182196	2.160256
59267	-0.629433	-1.157669	2.163376
59268	-0.635146	-1.136499	2.167683
59269	-0.639023	-1.115239	2.172445
59270	-0.644170	-1.098515	2.177413
59271	-0.647199	-1.083571	2.180799
59272	-0.649214	-1.072476	2.185452
59273	-0.644208	-1.064718	2.188572
59274	-0.640089	-1.056447	2.193742
59275	-0.633243	-1.051978	2.196122
59276	-0.627889	-1.047761	2.198862
59277	-0.620033	-1.046549	2.200811
59278	-0.616679	-1.044893	2.200448
59279	-0.609993	-1.043489	2.201887
59280	-0.610432	-1.039390	2.202029
59281	-0.610655	-1.036201	2.203222
59282	-0.610702	-1.033334	2.204148
59283	-0.610532	-1.031374	2.206127
59284	-0.609235	-1.031924	2.207446
59285	-0.606392	-1.030502	2.211274
59286	-0.604921	-1.034279	2.212473
59287	-0.600231	-1.036151	2.215557
59288	-0.596259	-1.037242	2.218724
59289	-0.589122	-1.038140	2.220913
59290	-0.579249	-1.037755	2.224760
59291	-0.568160	-1.038027	2.227389
59292	-0.557451	-1.037676	2.230924
59293	-0.543799	-1.039122	2.232577
59294	-0.536208	-1.039430	2.235359
59295	-0.525956	-1.039665	2.238302
59296	-0.519811	-1.040700	2.239706
59297	-0.513066	-1.040360	2.241113
59298	-0.509211	-1.039302	2.244360
59299	-0.502131	-1.039117	2.246592
59300	-0.498334	-1.036983	2.249879
59301	-0.490920	-1.036956	2.252936
59302	-0.485562	-1.036248	2.257519
59303	-0.481658	-1.035646	2.259041
59304	-0.477358	-1.033387	2.261193
59305	-0.472560	-1.033893	2.262361
59306	-0.468479	-1.033628	2.263607
59307	-0.463347	-1.034290	2.265600
59308	-0.459710	-1.035226	2.267940
59309	-0.450511	-1.037412	2.270294
59310	-0.442815	-1.037088	2.275902
59311	-0.432342	-1.038830	2.281595
59312	-0.422916	-1.039649	2.286537
59313	-0.412218	-1.042183	2.290228
59314	-0.403184	-1.041767	2.294388
59315	-0.392820	-1.044140	2.297255
59316	-0.385791	-1.043501	2.301214
59317	-0.377600	-1.045934	2.305841
59318	-0.370911	-1.045866	2.313720
59319	-0.359327	-1.046723	2.319968
59320	-0.346521	-1.043184	2.329442
59321	-0.327883	-1.039971	2.339802
59322	-0.307840	-1.034860	2.348518
59323	-0.286760	-1.027156	2.356159
59324	-0.269885	-1.020896	2.359422
59325	-0.259483	-1.014533	2.361502
59326	-0.258132	-1.009135	2.359110
59327	-0.260123	-1.009272	2.355207
59328	-0.263492	-1.008328	2.349723
59329	-0.265146	-1.007888	2.341901
59330	-0.269801	-1.004599	2.335992
59331	-0.271847	-1.002922	2.327389
59332	-0.274329	-0.999568	2.319721
59333	-0.274943	-0.994382	2.315413
59334	-0.278378	-0.988843	2.308142
59335	-0.279939	-0.984986	2.306061
59336	-0.282650	-0.980841	2.300394
59337	-0.286824	-0.977515	2.296420
59338	-0.292546	-0.973403	2.292821
59339	-0.294884	-0.970585	2.291009
59340	-0.297659	-0.966098	2.290128
59341	-0.299057	-0.962680	2.290832
59342	-0.301825	-0.961712	2.291781
59343	-0.303165	-0.959368	2.292443
59344	-0.302316	-0.957609	2.293017
59345	-0.299649	-0.955710	2.294086
59346	-0.298800	-0.953951	2.294660
59347	-0.296911	-0.953096	2.295998
59348	-0.296062	-0.951336	2.296571
59349	-0.294568	-0.949243	2.297129
59350	-0.295221	-0.947131	2.296364
59351	-0.293107	-0.947062	2.295702
59352	-0.296770	-0.944983	2.297002
59353	-0.297947	-0.942342	2.295709
59354	-0.300448	-0.936935	2.295693
59355	-0.300131	-0.931122	2.293909
59356	-0.301974	-0.922513	2.293712
59357	-0.300155	-0.917051	2.293268
59358	-0.302598	-0.912719	2.293208
59359	-0.301832	-0.909217	2.292164
59360	-0.303106	-0.905076	2.292619
59361	-0.302725	-0.903854	2.292624
59362	-0.304155	-0.902786	2.292125
59363	-0.303383	-0.902802	2.292912
59364	-0.304421	-0.902971	2.293195
59365	-0.303257	-0.904223	2.294765
59366	-0.304915	-0.902366	2.296268
59367	-0.306269	-0.899999	2.296938
59368	-0.308367	-0.898609	2.294789
59369	-0.309160	-0.897189	2.294281
59370	-0.310650	-0.895042	2.293825
59371	-0.310551	-0.894730	2.292966
59372	-0.310871	-0.892774	2.293025
59373	-0.311048	-0.893377	2.291299
59374	-0.312026	-0.894624	2.291538
59375	-0.311596	-0.894469	2.291505
59376	-0.310459	-0.894572	2.290034
59377	-0.309469	-0.895364	2.288825
59378	-0.307785	-0.893631	2.289089
59379	-0.304458	-0.894806	2.288912
59380	-0.302271	-0.892945	2.288043
59381	-0.297777	-0.894310	2.288383
59382	-0.296641	-0.894412	2.286911
59383	-0.292755	-0.896532	2.285558
59384	-0.291633	-0.893851	2.287000
59385	-0.288524	-0.897016	2.285914
59386	-0.287437	-0.899565	2.286314
59387	-0.284890	-0.901780	2.286406
59388	-0.285535	-0.903188	2.287468
59389	-0.283501	-0.902006	2.286866
59390	-0.284036	-0.902045	2.286012
59391	-0.281824	-0.904096	2.285280
59392	-0.283707	-0.900707	2.284041
59393	-0.282453	-0.900568	2.283706
59394	-0.284660	-0.900544	2.283471
59395	-0.285972	-0.899231	2.284106
59396	-0.288026	-0.896133	2.284826
59397	-0.287550	-0.897035	2.284758
59398	-0.289433	-0.893646	2.283518
59399	-0.290810	-0.891250	2.284199
59400	-0.292028	-0.888182	2.284610
59401	-0.292512	-0.886894	2.284941
59402	-0.293276	-0.886144	2.286090
59403	-0.291754	-0.885077	2.286627
59404	-0.292349	-0.884036	2.285817
59405	-0.291759	-0.887090	2.285667
59406	-0.290518	-0.886564	2.287023
59407	-0.287545	-0.888294	2.290774
59408	-0.286637	-0.887606	2.291305
59409	-0.283831	-0.888882	2.292275
59410	-0.285431	-0.888101	2.293732
59411	-0.284753	-0.886996	2.294583
59412	-0.285850	-0.886085	2.294907
59413	-0.285385	-0.886973	2.294844
59414	-0.287832	-0.882633	2.294782
59415	-0.287547	-0.880284	2.294850
59416	-0.287426	-0.877115	2.293818
59417	-0.285974	-0.874957	2.294404
59418	-0.284078	-0.871224	2.295584
59419	-0.281795	-0.869093	2.295863
59420	-0.281450	-0.867456	2.297572
59421	-0.278775	-0.866565	2.298636
59422	-0.278764	-0.864766	2.299519
59423	-0.275468	-0.865898	2.299362
59424	-0.275789	-0.863938	2.299420
59425	-0.272217	-0.864152	2.300129
59426	-0.269969	-0.863363	2.299219
59427	-0.266010	-0.864815	2.300712
59428	-0.264084	-0.867395	2.300804
59429	-0.261293	-0.868657	2.301784
59430	-0.260718	-0.867806	2.301491
59431	-0.257868	-0.870146	2.302426
59432	-0.257857	-0.868347	2.303310
59433	-0.256905	-0.869088	2.302121
59434	-0.256269	-0.869317	2.301783
59435	-0.254543	-0.869004	2.300330
59436	-0.253514	-0.870474	2.300774
59437	-0.251962	-0.870453	2.301283
59438	-0.251266	-0.871761	2.300901
59439	-0.247978	-0.872879	2.300745
59440	-0.248077	-0.872452	2.303544
59441	-0.244527	-0.872657	2.304270
59442	-0.242783	-0.871999	2.304494
59443	-0.239236	-0.872200	2.305219
59444	-0.237764	-0.872458	2.304573
59445	-0.233312	-0.873761	2.304936
59446	-0.230964	-0.872348	2.306855
59447	-0.228917	-0.872188	2.306238
59448	-0.227737	-0.870582	2.307639
59449	-0.225360	-0.870588	2.307850
59450	-0.225288	-0.869868	2.308689
59451	-0.223976	-0.869054	2.311203
59452	-0.225073	-0.868141	2.311524
59453	-0.224764	-0.866831	2.311559
59454	-0.225883	-0.863136	2.314798
59455	-0.224407	-0.862021	2.315353
59456	-0.226966	-0.859049	2.317203
59457	-0.226328	-0.857897	2.318073
59458	-0.226921	-0.856851	2.317260
59459	-0.225451	-0.855737	2.317823
59460	-0.224814	-0.855964	2.317485
59461	-0.223280	-0.855929	2.318002
59462	-0.223689	-0.858123	2.317056
59463	-0.221963	-0.861317	2.317425
59464	-0.221264	-0.862623	2.317042
59465	-0.219609	-0.864738	2.317470
59466	-0.218911	-0.866045	2.317086
59467	-0.215820	-0.867434	2.318909
59468	-0.214973	-0.865663	2.319485
59469	-0.211772	-0.865666	2.319375
59470	-0.211762	-0.863865	2.320258
59471	-0.208067	-0.863752	2.319044
59472	-0.206949	-0.861064	2.320491
59473	-0.204586	-0.861038	2.320694
59474	-0.203948	-0.861264	2.320355
59475	-0.203536	-0.862089	2.320301
59476	-0.203132	-0.861531	2.321966
59477	-0.202712	-0.862367	2.321911
59478	-0.202579	-0.862726	2.322705
59479	-0.198632	-0.866919	2.321298
59480	-0.199065	-0.866331	2.323269
59481	-0.194302	-0.867762	2.324449
59482	-0.190491	-0.868405	2.324840
59483	-0.188150	-0.868374	2.325056
59484	-0.186701	-0.865849	2.327329
59485	-0.182399	-0.864963	2.327798
59486	-0.181159	-0.864435	2.329155
59487	-0.178724	-0.860235	2.330372
59488	-0.176721	-0.855119	2.329644
59489	-0.173455	-0.850956	2.330565
59490	-0.172732	-0.847022	2.331232
59491	-0.170904	-0.843584	2.330753
59492	-0.172124	-0.840507	2.331162
59493	-0.168534	-0.836495	2.332912
59494	-0.167958	-0.835639	2.332617
59495	-0.167081	-0.833530	2.334358
59496	-0.166774	-0.833592	2.333192
59497	-0.165333	-0.832433	2.333757
59498	-0.165655	-0.830467	2.333814
59499	-0.166185	-0.830187	2.334168
59500	-0.166445	-0.829301	2.334180
59501	-0.166719	-0.829781	2.332486
59502	-0.167692	-0.831027	2.332714
59503	-0.167455	-0.831382	2.329881
59504	-0.169721	-0.830272	2.329679
59505	-0.169576	-0.829542	2.326920
59506	-0.170106	-0.829573	2.326061
59507	-0.169855	-0.828237	2.326142
59508	-0.168836	-0.826165	2.324761
59509	-0.167487	-0.823918	2.325402
59510	-0.168141	-0.821786	2.324633
59511	-0.168947	-0.822405	2.324089
59512	-0.168371	-0.821548	2.323794
59513	-0.167558	-0.821123	2.322676
59514	-0.167881	-0.819154	2.322732
59515	-0.166728	-0.818907	2.322438
59516	-0.166089	-0.819131	2.322098
59517	-0.164615	-0.819038	2.322628
59518	-0.165145	-0.819067	2.321768
59519	-0.163620	-0.820065	2.322280
59520	-0.162981	-0.820288	2.321941
59521	-0.160635	-0.821326	2.322154
59522	-0.161165	-0.821356	2.321294
59523	-0.159185	-0.821123	2.320706
59524	-0.159446	-0.820235	2.320718
59525	-0.156853	-0.819247	2.321803
59526	-0.157382	-0.819277	2.320943
59527	-0.155265	-0.821216	2.320250
59528	-0.156031	-0.820462	2.321393
59529	-0.155242	-0.820057	2.320301
59530	-0.155172	-0.819333	2.321138
59531	-0.154879	-0.819050	2.321169
59532	-0.155140	-0.818161	2.321180
59533	-0.152467	-0.819330	2.322224
59534	-0.151766	-0.820634	2.321839
59535	-0.151488	-0.820355	2.321886
59536	-0.149618	-0.821852	2.322021
59537	-0.147260	-0.822852	2.322204
59538	-0.147458	-0.823045	2.322170
59539	-0.145506	-0.822798	2.321587
59540	-0.144330	-0.821185	2.322992
59541	-0.141647	-0.822354	2.324012
59542	-0.142177	-0.822383	2.323151
59543	-0.142480	-0.821130	2.324368
59544	-0.141841	-0.821352	2.324027
59545	-0.141519	-0.822134	2.324031
59546	-0.141780	-0.821245	2.324042
59547	-0.140558	-0.822047	2.323657
59548	-0.140108	-0.819023	2.323454
59549	-0.138238	-0.817716	2.322937
59550	-0.138674	-0.817127	2.324906
59551	-0.138375	-0.816803	2.324878
59552	-0.137230	-0.816889	2.323406
59553	-0.135453	-0.816941	2.324767
59554	-0.134877	-0.816080	2.324473
59555	-0.134148	-0.818106	2.325242
59556	-0.132783	-0.819739	2.326509
59557	-0.130759	-0.820549	2.325835
59558	-0.128826	-0.823128	2.325924
59559	-0.126783	-0.825059	2.325279
59560	-0.126382	-0.824499	2.326943
59561	-0.126183	-0.823101	2.327014
59562	-0.127344	-0.821100	2.327375
59563	-0.125822	-0.819591	2.326009
59564	-0.124774	-0.815813	2.327506
59565	-0.125835	-0.813156	2.327158
59566	-0.126048	-0.809799	2.325302
59567	-0.124254	-0.807367	2.324800
59568	-0.124753	-0.805695	2.326815
