// General information: 
//  MT Manager version: 2021.4.0 
//  XDA version: 2021.4.0 build 6323 rev 112641 built on 2021-09-28
// Device information: 
//  DeviceId: 00B43859
//  ProductCode: MTW2-3A7G6
//  Firmware Version: 4.3.4
//  Hardware Version: 1.1.0
// Device settings: 
//  Filter Profile: human(46.1)
//  Option Flags: Orientation Smoother Disabled, Position/Velocity Smoother Disabled, Continuous Zero Rotation Update Disabled, AHS Disabled, ICC Disabled
// Coordinate system: ENU
PacketCounter	Roll	Pitch	Yaw
37482	0.319765	0.186029	-0.611790
37483	0.337447	0.178250	-0.582156
37484	0.347669	0.180182	-0.561003
37485	0.355951	0.186508	-0.561242
37486	0.363160	0.195158	-0.577703
37487	0.369116	0.208337	-0.591845
37488	0.370062	0.224004	-0.603589
37489	0.367749	0.237080	-0.614925
37490	0.365819	0.249495	-0.628443
37491	0.360792	0.259584	-0.643604
37492	0.353600	0.266844	-0.665942
37493	0.342945	0.284388	-0.693632
37494	0.327712	0.306726	-0.728321
37495	0.306794	0.339858	-0.774576
37496	0.282155	0.385028	-0.832910
37497	0.254760	0.421221	-0.902489
37498	0.233172	0.445728	-0.980384
37499	0.220808	0.460466	-1.021456
37500	0.209285	0.457780	-1.046052
37501	0.209466	0.431370	-1.058837
37502	0.214252	0.397757	-1.053614
37503	0.228309	0.375157	-1.003827
37504	0.246307	0.348165	-0.944418
37505	0.255492	0.322502	-0.894037
37506	0.258089	0.317314	-0.871406
37507	0.261074	0.314857	-0.861461
37508	0.262746	0.303564	-0.851132
37509	0.262778	0.299585	-0.855431
37510	0.262325	0.290496	-0.847186
37511	0.266584	0.279916	-0.821125
37512	0.272321	0.274157	-0.791253
37513	0.275975	0.272490	-0.777852
37514	0.273506	0.276112	-0.786565
37515	0.267040	0.281139	-0.805995
37516	0.264292	0.275855	-0.826939
37517	0.265957	0.260637	-0.828123
37518	0.273410	0.245888	-0.788145
37519	0.286107	0.227931	-0.737879
37520	0.302854	0.205872	-0.673077
37521	0.316479	0.195361	-0.606804
37522	0.325387	0.186368	-0.572944
37523	0.331806	0.179979	-0.562594
37524	0.330683	0.172328	-0.559266
37525	0.325480	0.166518	-0.558629
37526	0.323042	0.162656	-0.568554
37527	0.329925	0.147466	-0.559429
37528	0.342631	0.115584	-0.512389
37529	0.358485	0.076761	-0.453230
37530	0.376638	0.035885	-0.415977
37531	0.389533	0.006239	-0.396845
37532	0.396642	0.000002	-0.397446
37533	0.398342	0.003751	-0.412307
37534	0.395847	0.009789	-0.433852
37535	0.390600	0.027843	-0.459991
37536	0.382973	0.040847	-0.496549
37537	0.378835	0.040531	-0.537296
37538	0.380707	0.037056	-0.569462
37539	0.383951	0.041622	-0.589579
37540	0.384506	0.042611	-0.604586
37541	0.382761	0.046466	-0.623256
37542	0.386669	0.048455	-0.638290
37543	0.392243	0.043511	-0.640537
37544	0.404863	0.036171	-0.630027
37545	0.416042	0.039615	-0.610782
37546	0.429734	0.018594	-0.570805
37547	0.446370	0.004984	-0.529771
37548	0.462478	-0.002324	-0.500261
37549	0.468433	0.002006	-0.480006
37550	0.473393	0.008781	-0.463332
37551	0.471758	0.025632	-0.455187
37552	0.471323	0.042268	-0.449105
37553	0.468756	0.041428	-0.449874
37554	0.467005	0.046487	-0.453805
37555	0.468583	0.058785	-0.474401
37556	0.471963	0.070004	-0.488021
37557	0.479292	0.080866	-0.498744
37558	0.488864	0.097990	-0.510858
37559	0.497110	0.115057	-0.536884
37560	0.502617	0.139194	-0.572882
37561	0.509773	0.166628	-0.611150
37562	0.516453	0.187510	-0.639755
37563	0.526643	0.193454	-0.649603
37564	0.539324	0.202054	-0.639787
37565	0.546713	0.216724	-0.633136
37566	0.553309	0.230322	-0.637117
37567	0.560318	0.230893	-0.653775
37568	0.569958	0.230331	-0.679402
37569	0.584079	0.233618	-0.693217
37570	0.598960	0.225348	-0.691888
37571	0.609301	0.217317	-0.688110
37572	0.621725	0.212637	-0.688231
37573	0.631685	0.205839	-0.680110
37574	0.639909	0.201745	-0.662842
37575	0.645207	0.200689	-0.650751
37576	0.651077	0.206102	-0.644952
37577	0.659962	0.220978	-0.634847
37578	0.667141	0.230824	-0.617708
37579	0.671395	0.243131	-0.601807
37580	0.669511	0.268228	-0.581032
37581	0.665436	0.301869	-0.565137
37582	0.658724	0.345795	-0.554952
37583	0.648963	0.405765	-0.540482
37584	0.638161	0.463462	-0.518698
37585	0.632120	0.510155	-0.485475
37586	0.619762	0.553047	-0.453266
37587	0.607653	0.607675	-0.429544
37588	0.587329	0.670441	-0.401619
37589	0.558145	0.747126	-0.376005
37590	0.522929	0.851915	-0.343824
37591	0.479243	0.976133	-0.303153
37592	0.431897	1.083006	-0.252227
37593	0.369071	1.186567	-0.177959
37594	0.291194	1.271415	-0.073204
37595	0.195219	1.333429	0.058687
37596	0.084350	1.376122	0.211775
37597	-0.044161	1.379233	0.378224
37598	-0.196124	1.379675	0.559646
37599	-0.365997	1.356620	0.753958
37600	-0.548059	1.301440	0.935121
37601	-0.743019	1.242598	1.095091
37602	-0.946064	1.161811	1.257788
37603	-1.145245	1.013763	1.445574
37604	-1.324757	0.824462	1.649669
37605	-1.495742	0.631739	1.897811
37606	-1.664072	0.463782	2.168039
37607	-1.826500	0.340474	2.410571
37608	-1.983047	0.229825	2.578198
37609	-2.123797	0.117932	2.722945
37610	-2.233947	0.020173	2.897916
37611	-2.309895	-0.037708	3.108209
37612	-2.370386	-0.067340	3.280635
37613	-2.404518	-0.107842	3.416352
37614	-2.397239	-0.151807	3.488956
37615	-2.360571	-0.186615	3.508500
37616	-2.304586	-0.199059	3.502849
37617	-2.227005	-0.216745	3.492895
37618	-2.127253	-0.249400	3.474607
37619	-2.006896	-0.274996	3.429017
37620	-1.879119	-0.283515	3.336512
37621	-1.748895	-0.298970	3.194255
37622	-1.617586	-0.322343	2.999808
37623	-1.491475	-0.331776	2.743965
37624	-1.370592	-0.331172	2.433741
37625	-1.254028	-0.318821	2.095669
37626	-1.152583	-0.304823	1.759646
37627	-1.065105	-0.278111	1.463405
37628	-0.982021	-0.259160	1.220195
37629	-0.901965	-0.264370	1.016195
37630	-0.817846	-0.287897	0.861361
37631	-0.735600	-0.327201	0.791534
37632	-0.678133	-0.357650	0.738603
37633	-0.623796	-0.388246	0.693642
37634	-0.573876	-0.412801	0.684564
37635	-0.531173	-0.421983	0.691054
37636	-0.501117	-0.431406	0.677504
37637	-0.470002	-0.465270	0.659281
37638	-0.440356	-0.484686	0.649941
37639	-0.417631	-0.485862	0.665269
37640	-0.400237	-0.503441	0.705425
37641	-0.386785	-0.512834	0.775107
37642	-0.381633	-0.494504	0.841933
37643	-0.388446	-0.472225	0.860398
37644	-0.399985	-0.434683	0.808448
37645	-0.415106	-0.386240	0.718062
37646	-0.433326	-0.334748	0.626237
37647	-0.446232	-0.285286	0.564643
37648	-0.451959	-0.255864	0.535086
37649	-0.454796	-0.238337	0.522036
37650	-0.459177	-0.214862	0.523204
37651	-0.477087	-0.182754	0.544390
37652	-0.490940	-0.160994	0.581113
37653	-0.511544	-0.150500	0.615631
37654	-0.528876	-0.130417	0.667097
37655	-0.554818	-0.110612	0.734366
37656	-0.589019	-0.083031	0.793228
37657	-0.626150	-0.070958	0.840993
37658	-0.670065	-0.047172	0.887348
37659	-0.727804	0.004949	0.915479
37660	-0.783146	0.011707	0.932161
37661	-0.849604	0.005598	0.960041
37662	-0.927031	-0.007098	1.014252
37663	-1.020124	-0.018760	1.091972
37664	-1.134003	-0.024889	1.156921
37665	-1.267209	-0.029199	1.201455
37666	-1.416890	-0.028988	1.250372
37667	-1.584784	-0.015908	1.323045
37668	-1.779789	-0.000825	1.428312
37669	-2.027056	0.011429	1.543167
37670	-2.347794	0.032866	1.654933
37671	-2.763606	0.063959	1.774777
37672	-3.288396	0.111089	1.883946
37673	-3.924556	0.196313	1.952522
37674	-4.691143	0.328524	1.936606
37675	-5.611177	0.493147	1.825900
37676	-6.682204	0.688544	1.637934
37677	-7.859483	0.974781	1.457144
37678	-9.083284	1.253208	1.449412
37679	-10.301462	1.486111	1.718869
37680	-11.493848	1.653227	2.269044
37681	-12.700982	1.839315	2.908535
37682	-13.928386	2.016822	3.504646
37683	-15.191222	2.091456	3.952405
37684	-16.420605	2.056487	4.246898
37685	-17.569935	2.037567	4.567807
37686	-18.768384	1.861315	4.972611
37687	-19.923487	1.672321	5.487016
37688	-20.966076	1.483298	6.282506
37689	-21.941562	1.330246	7.466882
37690	-22.880457	1.405412	8.794651
37691	-23.810392	1.686462	10.041352
37692	-24.735619	2.083852	11.247448
37693	-25.651683	2.569247	12.390732
37694	-26.505512	3.076537	13.445914
37695	-27.269782	3.561971	14.329968
37696	-27.927846	3.975150	14.993540
37697	-28.484632	4.349404	15.426134
37698	-28.959277	4.665300	15.689213
37699	-29.402377	4.881379	15.809039
37700	-29.863200	4.991174	15.732642
37701	-30.365923	5.069035	15.478851
37702	-30.883499	5.030976	15.198289
37703	-31.414352	4.825207	14.874439
37704	-31.958277	4.436143	14.315612
37705	-32.351533	4.205876	13.821015
37706	-32.531938	4.042799	13.501872
37707	-32.490716	3.981979	13.285742
37708	-32.363052	3.913679	13.045258
37709	-32.278774	3.688998	12.771322
37710	-32.239815	3.344529	12.497503
37711	-32.206440	2.954392	12.320733
37712	-32.160502	2.537701	12.127650
37713	-32.128649	2.027687	11.673382
37714	-32.100729	1.553703	11.075801
37715	-32.050321	1.251843	10.427964
37716	-31.808429	1.284443	9.778967
37717	-31.324763	1.139505	8.901365
37718	-30.770686	0.482468	7.557001
37719	-30.303793	-0.460860	5.932321
37720	-29.967179	-1.917013	4.315640
37721	-29.736372	-3.868732	2.585709
37722	-29.435362	-6.001060	0.676245
37723	-28.915297	-8.110204	-1.316593
37724	-28.163691	-10.131872	-3.199090
37725	-27.273626	-11.949474	-4.768210
37726	-26.386382	-13.479961	-5.849250
37727	-25.597229	-14.623631	-6.372232
37728	-24.952888	-15.246729	-6.259986
37729	-24.445347	-15.327255	-5.635843
37730	-24.013597	-14.903685	-4.736204
37731	-23.623862	-14.053164	-3.781083
37732	-23.215474	-13.080205	-2.900053
37733	-22.733206	-12.272878	-2.169100
37734	-22.196263	-11.474487	-1.533871
37735	-21.701692	-10.781622	-0.927498
37736	-21.338016	-10.502089	-0.468231
37737	-21.054381	-10.566887	-0.359747
37738	-20.852282	-10.874441	-0.486457
37739	-20.756201	-11.323483	-0.694266
37740	-20.676656	-11.650419	-1.280728
37741	-20.496699	-11.813366	-2.180353
37742	-20.338021	-12.288857	-2.595640
37743	-20.415771	-12.290203	-2.681499
37744	-20.527231	-12.096478	-2.384895
37745	-20.534403	-11.732517	-1.819328
37746	-20.443560	-11.426297	-1.195765
37747	-20.272505	-11.270842	-0.468176
37748	-20.154373	-11.080348	0.297836
37749	-20.014144	-10.732650	1.023336
37750	-19.804899	-10.255958	1.330565
37751	-19.575467	-9.827599	1.180710
37752	-19.391318	-9.540489	0.755076
37753	-19.219415	-9.359143	0.252791
37754	-19.000916	-9.263927	-0.357500
37755	-18.740354	-9.211265	-0.957501
37756	-18.477001	-9.181218	-1.408839
37757	-18.238126	-9.143563	-1.738301
37758	-18.006988	-8.996059	-1.958832
37759	-17.770028	-8.734917	-2.028654
37760	-17.544084	-8.410176	-2.017643
37761	-17.327873	-8.110324	-2.076926
37762	-17.107547	-7.913511	-2.274509
37763	-16.892258	-7.796395	-2.579515
37764	-16.639282	-7.683388	-2.985951
37765	-16.320129	-7.602139	-3.469030
37766	-16.008693	-7.623331	-3.917680
37767	-15.784139	-7.739732	-4.220232
37768	-15.677186	-7.878273	-4.381095
37769	-15.631685	-7.908958	-4.441050
37770	-15.576932	-7.834007	-4.396400
37771	-15.478521	-7.716674	-4.291123
37772	-15.331543	-7.628936	-4.207483
37773	-15.147380	-7.615313	-4.226020
37774	-14.969416	-7.655403	-4.305920
37775	-14.842564	-7.643407	-4.345136
37776	-14.761881	-7.616891	-4.358146
37777	-14.686154	-7.644249	-4.401306
37778	-14.601500	-7.708029	-4.475805
37779	-14.532014	-7.684832	-4.580932
37780	-14.460744	-7.519899	-4.715854
37781	-14.384032	-7.309114	-4.770282
37782	-14.325901	-7.061707	-4.782367
37783	-14.272744	-6.815077	-4.815968
37784	-14.234722	-6.669022	-4.891873
37785	-14.229701	-6.586329	-4.974352
37786	-14.247922	-6.485458	-5.042451
37787	-14.273631	-6.356313	-5.082629
37788	-14.312718	-6.187656	-5.101651
37789	-14.375645	-6.013444	-5.070486
37790	-14.449772	-5.851850	-5.021747
37791	-14.548654	-5.686015	-4.964394
37792	-14.690478	-5.509918	-4.894872
37793	-14.828086	-5.325547	-4.864357
37794	-14.951970	-5.092038	-4.871131
37795	-15.080712	-4.864489	-4.895474
37796	-15.223879	-4.711745	-4.986252
37797	-15.369480	-4.506203	-5.097834
37798	-15.495215	-4.296941	-5.188759
37799	-15.611310	-4.025760	-5.261865
37800	-15.723478	-3.698362	-5.417215
37801	-15.825592	-3.350036	-5.620608
37802	-15.937292	-3.057411	-5.802890
37803	-16.036006	-2.783870	-5.967511
37804	-16.124220	-2.477791	-6.112233
37805	-16.194519	-2.177440	-6.250751
37806	-16.230726	-1.905063	-6.378941
37807	-16.223009	-1.651875	-6.510484
37808	-16.171446	-1.452130	-6.613548
37809	-16.091819	-1.242696	-6.682542
37810	-15.985693	-1.089582	-6.711540
37811	-15.848696	-0.979303	-6.703002
37812	-15.682441	-0.915706	-6.665256
37813	-15.472092	-0.860253	-6.605579
37814	-15.220734	-0.815831	-6.531323
37815	-14.939033	-0.784191	-6.450512
37816	-14.642092	-0.796127	-6.281395
37817	-14.333255	-0.853109	-6.058915
37818	-13.999458	-0.890312	-5.788445
37819	-13.656931	-0.848815	-5.552253
37820	-13.319737	-0.799615	-5.340658
37821	-13.044215	-0.751168	-5.121725
37822	-12.795675	-0.612142	-4.891913
37823	-12.554782	-0.394599	-4.663424
37824	-12.344177	-0.128988	-4.323434
37825	-12.179327	0.163115	-3.944687
37826	-12.021314	0.431538	-3.570758
37827	-11.878228	0.672505	-3.195133
37828	-11.734807	0.911228	-2.894825
37829	-11.635116	1.094246	-2.754600
37830	-11.555505	1.187527	-2.739477
37831	-11.480730	1.272014	-2.742747
37832	-11.407532	1.372060	-2.704135
37833	-11.333429	1.495585	-2.636514
37834	-11.249346	1.597883	-2.609829
37835	-11.163774	1.651538	-2.638934
37836	-11.074371	1.651406	-2.743504
37837	-10.971614	1.662325	-2.913743
37838	-10.864206	1.664603	-3.175231
37839	-10.753636	1.575916	-3.435130
37840	-10.625393	1.482431	-3.654553
37841	-10.462258	1.432304	-3.815704
37842	-10.274976	1.410706	-3.871153
37843	-10.056571	1.412763	-3.869191
37844	-9.837181	1.434041	-3.904375
37845	-9.627336	1.411996	-4.001766
37846	-9.417022	1.337288	-4.125679
37847	-9.189100	1.319049	-4.216474
37848	-8.948472	1.343499	-4.277383
37849	-8.687405	1.357566	-4.326292
37850	-8.421798	1.359790	-4.397226
37851	-8.164639	1.381194	-4.536048
37852	-7.959006	1.357616	-4.727166
37853	-7.794998	1.296578	-4.863053
37854	-7.654752	1.258438	-4.826815
37855	-7.516024	1.284408	-4.665637
37856	-7.427236	1.324231	-4.490874
37857	-7.353765	1.345304	-4.278012
37858	-7.316260	1.384983	-4.139036
37859	-7.338480	1.404001	-4.130953
37860	-7.416396	1.395560	-4.177436
37861	-7.550835	1.307708	-4.281163
37862	-7.720637	1.306082	-4.252865
37863	-7.916792	1.284267	-4.110094
37864	-8.118229	1.361772	-3.940219
37865	-8.359635	1.403965	-3.801684
37866	-8.613133	1.474479	-3.749549
37867	-8.893623	1.512649	-3.755289
37868	-9.159579	1.537963	-3.648128
37869	-9.378300	1.550417	-3.387755
37870	-9.550625	1.525320	-3.038976
37871	-9.684665	1.522446	-2.689984
37872	-9.784035	1.488979	-2.368207
37873	-9.852403	1.423814	-2.098351
37874	-9.888771	1.350108	-1.889449
37875	-9.917598	1.292976	-1.696270
37876	-9.934533	1.269947	-1.569758
37877	-9.921427	1.186228	-1.560606
37878	-9.888475	1.064303	-1.597327
37879	-9.861062	0.962441	-1.541125
37880	-9.852351	0.929846	-1.358734
37881	-9.871178	0.939952	-1.128897
37882	-9.931252	0.965337	-0.987119
37883	-10.047452	0.981001	-0.972081
37884	-10.233146	0.996619	-1.084864
37885	-10.469905	0.978999	-1.242804
37886	-10.727307	0.952889	-1.393469
37887	-10.970136	0.943884	-1.453289
37888	-11.191175	0.919648	-1.323267
37889	-11.413150	0.864198	-0.996882
37890	-11.644816	0.844676	-0.495307
37891	-11.898459	0.785563	0.222955
37892	-12.182723	0.647760	1.123316
37893	-12.493573	0.469484	2.174620
37894	-12.828471	0.258677	3.374563
37895	-13.173222	0.034236	4.691858
37896	-13.517308	-0.185338	6.025003
37897	-13.855141	-0.409769	7.317597
37898	-14.177124	-0.651578	8.527101
37899	-14.467583	-0.868712	9.636884
37900	-14.707513	-1.090428	10.590771
37901	-14.910867	-1.297238	11.246008
37902	-15.104979	-1.508707	11.493867
37903	-15.288517	-1.755668	11.302357
37904	-15.436756	-2.045867	10.783032
37905	-15.529800	-2.371219	10.016108
37906	-15.559702	-2.733903	9.034652
37907	-15.509478	-3.140903	7.905468
37908	-15.386353	-3.508542	6.777133
37909	-15.216174	-3.797530	5.727208
37910	-14.981652	-3.992605	4.851867
37911	-14.693171	-4.088816	4.179240
37912	-14.377306	-4.096210	3.630386
37913	-14.027855	-4.032889	3.209639
37914	-13.632585	-3.922822	2.997548
37915	-13.206864	-3.769126	2.866973
37916	-12.801290	-3.623160	2.634198
37917	-12.477938	-3.583530	2.196891
37918	-12.212055	-3.665775	1.731598
37919	-11.966824	-3.703993	1.374767
37920	-11.684525	-3.675994	1.074645
37921	-11.370612	-3.656822	0.918373
37922	-11.102408	-3.627161	0.908768
37923	-10.843291	-3.482616	0.897994
37924	-10.623781	-3.422731	0.719336
37925	-10.538555	-3.538574	0.428631
37926	-10.571006	-3.673594	0.156913
37927	-10.626392	-3.649674	0.013262
37928	-10.628521	-3.440766	0.058146
37929	-10.577161	-3.120977	0.311389
37930	-10.518155	-2.787331	0.710150
37931	-10.471720	-2.541476	1.115713
37932	-10.413304	-2.376371	1.428022
37933	-10.342438	-2.247450	1.535721
37934	-10.268416	-2.176755	1.516748
37935	-10.206574	-2.139285	1.482452
37936	-10.153133	-2.060310	1.522675
37937	-10.103840	-1.966583	1.696525
37938	-10.045895	-1.851633	1.945396
37939	-9.972685	-1.713343	2.267391
37940	-9.889968	-1.585712	2.653314
37941	-9.783082	-1.415661	3.078696
37942	-9.637384	-1.254018	3.577335
37943	-9.433032	-1.176450	4.203130
37944	-9.194073	-1.158330	4.860727
37945	-8.932580	-1.100960	5.394206
37946	-8.635996	-1.089662	5.682122
37947	-8.345669	-1.117346	5.606487
37948	-8.094149	-1.196021	5.325386
37949	-7.867865	-1.306253	5.041661
37950	-7.569092	-1.277048	4.744110
37951	-7.289471	-1.145555	4.296592
37952	-7.065318	-1.136045	3.770380
37953	-6.860645	-1.166385	3.250756
37954	-6.656117	-1.185528	2.739520
37955	-6.467664	-1.178118	2.356434
37956	-6.300756	-1.128120	2.197938
37957	-6.145828	-1.086288	2.269960
37958	-5.983089	-1.014485	2.487668
37959	-5.815939	-0.904003	2.685538
37960	-5.667259	-0.806076	2.781386
37961	-5.542576	-0.739412	2.783665
37962	-5.423661	-0.644603	2.715770
37963	-5.300726	-0.527057	2.680089
37964	-5.189923	-0.451011	2.721920
37965	-5.087010	-0.402076	2.842254
37966	-4.973599	-0.341658	2.987334
37967	-4.862000	-0.290891	3.108724
37968	-4.774342	-0.228573	3.162508
37969	-4.708858	-0.171645	3.146745
37970	-4.661367	-0.158458	3.096188
37971	-4.616035	-0.152134	3.036134
37972	-4.581408	-0.156127	2.979396
37973	-4.545527	-0.163337	2.894443
37974	-4.516449	-0.165113	2.794896
37975	-4.493478	-0.149810	2.688220
37976	-4.479206	-0.120910	2.551390
37977	-4.461568	-0.146265	2.397017
37978	-4.423716	-0.157866	2.259452
37979	-4.368404	-0.134051	2.188451
37980	-4.295196	-0.109459	2.173864
37981	-4.199663	-0.126226	2.206725
37982	-4.082468	-0.090641	2.353807
37983	-3.941446	-0.082122	2.518992
37984	-3.796793	-0.145726	2.550320
37985	-3.657885	-0.227814	2.380069
37986	-3.503469	-0.264884	2.166403
37987	-3.328071	-0.295866	2.012329
37988	-3.138573	-0.337042	1.936910
37989	-2.944099	-0.373563	1.939566
37990	-2.759051	-0.387442	1.958084
37991	-2.573558	-0.360814	1.915832
37992	-2.411550	-0.305483	1.802722
37993	-2.278234	-0.267995	1.693924
37994	-2.157824	-0.226817	1.644424
37995	-2.061946	-0.200517	1.662038
37996	-2.000430	-0.207622	1.675529
37997	-1.973723	-0.231412	1.622165
37998	-1.980552	-0.268146	1.485861
37999	-2.012747	-0.317166	1.371075
38000	-2.064539	-0.341372	1.340425
38001	-2.124013	-0.350364	1.341413
38002	-2.202054	-0.361703	1.338295
38003	-2.298942	-0.355224	1.322782
38004	-2.404673	-0.362849	1.292845
38005	-2.518471	-0.401262	1.272878
38006	-2.629674	-0.439364	1.284148
38007	-2.739027	-0.473854	1.325561
38008	-2.841340	-0.514293	1.344226
38009	-2.941497	-0.555234	1.307433
38010	-3.038176	-0.595961	1.235344
38011	-3.133627	-0.602834	1.159554
38012	-3.228017	-0.608828	1.095153
38013	-3.316101	-0.629939	1.036360
38014	-3.394233	-0.625442	0.953599
38015	-3.459715	-0.639199	0.862223
38016	-3.521474	-0.675351	0.791280
38017	-3.576794	-0.673302	0.757063
38018	-3.609430	-0.666609	0.764588
38019	-3.628513	-0.640492	0.773281
38020	-3.644851	-0.604023	0.742784
38021	-3.659013	-0.592356	0.684615
38022	-3.666708	-0.599785	0.615233
38023	-3.670240	-0.629335	0.569268
38024	-3.664270	-0.657476	0.554227
38025	-3.645337	-0.673681	0.576957
38026	-3.634350	-0.651312	0.606871
38027	-3.630000	-0.585693	0.589964
38028	-3.627608	-0.522782	0.539602
38029	-3.636803	-0.458715	0.485053
38030	-3.659289	-0.425233	0.441565
38031	-3.695647	-0.399239	0.399485
38032	-3.749645	-0.365133	0.379349
38033	-3.836717	-0.318701	0.384798
38034	-3.948410	-0.247363	0.398099
38035	-4.060260	-0.210996	0.394795
38036	-4.170497	-0.239033	0.400535
38037	-4.292284	-0.281779	0.427605
38038	-4.430799	-0.339816	0.448420
38039	-4.558982	-0.405442	0.428589
38040	-4.669811	-0.470035	0.394611
38041	-4.763653	-0.533306	0.399954
38042	-4.844014	-0.571642	0.422556
38043	-4.908198	-0.618747	0.415048
38044	-4.977048	-0.663401	0.348009
38045	-5.033583	-0.728358	0.235968
38046	-5.057870	-0.798965	0.115751
38047	-5.057828	-0.868994	0.004842
38048	-5.027027	-0.933484	-0.060919
38049	-4.968087	-1.004956	-0.064495
38050	-4.894818	-1.068647	-0.019010
38051	-4.816206	-1.130924	0.033819
38052	-4.746076	-1.195390	0.058930
38053	-4.685048	-1.262191	0.037544
38054	-4.618262	-1.305335	-0.031126
38055	-4.553583	-1.337784	-0.140001
38056	-4.489981	-1.378982	-0.288669
38057	-4.436690	-1.416122	-0.449091
38058	-4.397939	-1.425802	-0.581962
38059	-4.363269	-1.431751	-0.668914
38060	-4.336519	-1.444593	-0.724513
38061	-4.309090	-1.460331	-0.783816
38062	-4.291142	-1.448244	-0.861034
38063	-4.279840	-1.425105	-0.929559
38064	-4.275172	-1.409458	-0.972489
38065	-4.263097	-1.430194	-0.979137
38066	-4.239200	-1.445711	-0.957422
38067	-4.209050	-1.450168	-0.908774
38068	-4.180505	-1.466208	-0.862904
38069	-4.147340	-1.506909	-0.857536
38070	-4.107961	-1.534517	-0.905269
38071	-4.063800	-1.553418	-0.977660
38072	-4.019554	-1.561803	-1.061418
38073	-3.970174	-1.565596	-1.135004
38074	-3.918205	-1.558449	-1.194000
38075	-3.860662	-1.549913	-1.232995
38076	-3.798051	-1.544175	-1.254215
38077	-3.736048	-1.532886	-1.279755
38078	-3.677547	-1.514652	-1.299941
38079	-3.623209	-1.507174	-1.305829
38080	-3.580234	-1.477308	-1.314954
38081	-3.546730	-1.441010	-1.334816
38082	-3.516837	-1.423860	-1.364131
38083	-3.492463	-1.406398	-1.401350
38084	-3.477069	-1.393610	-1.400983
38085	-3.470222	-1.380538	-1.359571
38086	-3.474660	-1.374103	-1.297229
38087	-3.487774	-1.376779	-1.253137
38088	-3.507115	-1.402058	-1.250290
38089	-3.519511	-1.435054	-1.292139
38090	-3.523079	-1.461935	-1.322457
38091	-3.523495	-1.477485	-1.302984
38092	-3.524477	-1.484918	-1.255825
38093	-3.525455	-1.486003	-1.200920
38094	-3.529472	-1.486145	-1.162857
38095	-3.537103	-1.491516	-1.156357
38096	-3.539601	-1.506277	-1.180799
38097	-3.541106	-1.522260	-1.207382
38098	-3.541887	-1.543962	-1.212170
38099	-3.538489	-1.561528	-1.199307
38100	-3.537365	-1.564607	-1.193171
38101	-3.540324	-1.572710	-1.184580
38102	-3.544926	-1.577303	-1.180089
38103	-3.550951	-1.577233	-1.192019
38104	-3.564435	-1.578180	-1.224245
38105	-3.582714	-1.585584	-1.280846
38106	-3.604261	-1.601164	-1.330832
38107	-3.632351	-1.607752	-1.349323
38108	-3.668483	-1.616957	-1.339117
38109	-3.705565	-1.623878	-1.334272
38110	-3.741611	-1.625706	-1.341256
38111	-3.783647	-1.633990	-1.331997
38112	-3.826761	-1.646773	-1.308746
38113	-3.864677	-1.636757	-1.271753
38114	-3.896996	-1.623182	-1.210157
38115	-3.930784	-1.619335	-1.148921
38116	-3.965463	-1.610033	-1.108563
38117	-4.003960	-1.596715	-1.085309
38118	-4.044847	-1.594482	-1.051279
38119	-4.079594	-1.608749	-1.013142
38120	-4.107752	-1.617388	-0.972953
38121	-4.136357	-1.621949	-0.950086
38122	-4.165044	-1.614683	-0.934400
38123	-4.194688	-1.607557	-0.919940
38124	-4.219477	-1.594404	-0.922089
38125	-4.236978	-1.590303	-0.932265
38126	-4.248808	-1.585594	-0.942033
38127	-4.257965	-1.573733	-0.957916
38128	-4.267103	-1.577879	-0.956225
38129	-4.275930	-1.578672	-0.958302
38130	-4.288469	-1.581165	-0.992705
38131	-4.299021	-1.578229	-1.042564
38132	-4.307939	-1.573295	-1.104037
38133	-4.314327	-1.584367	-1.140665
38134	-4.320388	-1.574084	-1.167962
38135	-4.318667	-1.559278	-1.196272
38136	-4.315869	-1.553661	-1.242484
38137	-4.314468	-1.551374	-1.307512
38138	-4.314051	-1.543873	-1.367339
38139	-4.318349	-1.536057	-1.411515
38140	-4.324553	-1.536915	-1.433476
38141	-4.328705	-1.536397	-1.447782
38142	-4.331825	-1.523020	-1.459003
38143	-4.330635	-1.518720	-1.470140
38144	-4.325468	-1.531702	-1.477876
38145	-4.318416	-1.542580	-1.475824
38146	-4.311884	-1.549678	-1.477561
38147	-4.307647	-1.553988	-1.500309
38148	-4.304958	-1.559520	-1.532372
38149	-4.303850	-1.565454	-1.554292
38150	-4.296444	-1.579600	-1.537480
38151	-4.277553	-1.590598	-1.517574
38152	-4.249230	-1.581619	-1.511116
38153	-4.220326	-1.581883	-1.507336
38154	-4.192912	-1.569114	-1.507701
38155	-4.164455	-1.555948	-1.511663
38156	-4.135739	-1.531817	-1.499719
38157	-4.105918	-1.508291	-1.466389
38158	-4.077842	-1.487789	-1.422399
38159	-4.053602	-1.468127	-1.391309
38160	-4.033575	-1.457319	-1.391858
38161	-4.020711	-1.448932	-1.416829
38162	-4.013607	-1.442871	-1.449415
38163	-4.013095	-1.441764	-1.473242
38164	-4.018568	-1.436201	-1.476706
38165	-4.025001	-1.438145	-1.459233
38166	-4.034770	-1.445910	-1.434392
38167	-4.052663	-1.447622	-1.431783
38168	-4.074304	-1.444680	-1.453701
38169	-4.098625	-1.438392	-1.476196
38170	-4.118582	-1.436866	-1.467053
38171	-4.133472	-1.419845	-1.426329
38172	-4.135502	-1.409199	-1.356516
38173	-4.134608	-1.384205	-1.280184
38174	-4.136300	-1.363787	-1.229228
38175	-4.140008	-1.338917	-1.192634
38176	-4.139688	-1.313115	-1.148051
38177	-4.141409	-1.299724	-1.088258
38178	-4.142492	-1.283832	-1.030565
38179	-4.144850	-1.272840	-0.990990
38180	-4.151572	-1.256716	-0.949456
38181	-4.161876	-1.226520	-0.883568
38182	-4.175233	-1.175050	-0.806964
38183	-4.190918	-1.120863	-0.729337
38184	-4.208519	-1.074298	-0.663311
38185	-4.226024	-1.039443	-0.612130
38186	-4.243706	-1.018165	-0.568563
38187	-4.255647	-1.007964	-0.517642
38188	-4.273021	-0.991355	-0.453019
38189	-4.291764	-0.963833	-0.402339
38190	-4.305178	-0.934970	-0.375267
38191	-4.315954	-0.899791	-0.360466
38192	-4.329154	-0.861355	-0.355628
38193	-4.337537	-0.847750	-0.339844
38194	-4.338140	-0.831400	-0.295904
38195	-4.334484	-0.831316	-0.253409
38196	-4.329531	-0.820676	-0.235720
38197	-4.327739	-0.812369	-0.223219
38198	-4.331928	-0.795361	-0.212916
38199	-4.338829	-0.788510	-0.212370
38200	-4.344235	-0.791672	-0.215281
38201	-4.353532	-0.789408	-0.218516
38202	-4.361494	-0.790812	-0.211639
38203	-4.371203	-0.795790	-0.214158
38204	-4.381339	-0.788257	-0.212195
38205	-4.391759	-0.779105	-0.192335
38206	-4.404919	-0.786569	-0.167522
38207	-4.413764	-0.793643	-0.146225
38208	-4.415380	-0.790181	-0.115446
38209	-4.418424	-0.787737	-0.063011
38210	-4.417958	-0.780462	-0.001307
38211	-4.411657	-0.766856	0.057319
38212	-4.403790	-0.764089	0.083020
38213	-4.395697	-0.774053	0.073121
38214	-4.386668	-0.790227	0.042139
38215	-4.380780	-0.803171	0.017328
38216	-4.374433	-0.826309	0.006092
38217	-4.367818	-0.850024	0.015171
38218	-4.366657	-0.860094	0.033815
38219	-4.369030	-0.867879	0.044653
38220	-4.381724	-0.880073	0.021972
38221	-4.398292	-0.899655	-0.035655
38222	-4.415338	-0.922564	-0.093160
38223	-4.430467	-0.937738	-0.129788
38224	-4.434231	-0.963390	-0.126159
38225	-4.441124	-0.985692	-0.094272
38226	-4.450091	-0.996709	-0.062483
38227	-4.466895	-1.012829	-0.035710
38228	-4.486263	-1.024941	-0.016929
38229	-4.506709	-1.027013	-0.005289
38230	-4.530905	-1.030166	-0.002616
38231	-4.557561	-1.044922	0.000221
38232	-4.584324	-1.052615	0.009036
38233	-4.609311	-1.049324	0.045516
38234	-4.632833	-1.041613	0.103022
38235	-4.660913	-1.042823	0.160847
38236	-4.691532	-1.052847	0.189552
38237	-4.721251	-1.067550	0.186959
38238	-4.748898	-1.080428	0.162063
38239	-4.775914	-1.089875	0.141182
38240	-4.802650	-1.098505	0.125409
38241	-4.821653	-1.112865	0.124190
38242	-4.829159	-1.125091	0.133495
38243	-4.842186	-1.135477	0.142396
38244	-4.855540	-1.161155	0.139965
38245	-4.862975	-1.177489	0.123140
38246	-4.865415	-1.187081	0.108036
38247	-4.864517	-1.197282	0.100471
38248	-4.857465	-1.189232	0.112414
38249	-4.850488	-1.190473	0.137703
38250	-4.833187	-1.190067	0.160087
38251	-4.816254	-1.194307	0.187548
38252	-4.807773	-1.208001	0.195147
38253	-4.796135	-1.230458	0.190202
38254	-4.787489	-1.250578	0.184124
38255	-4.788721	-1.291199	0.182080
38256	-4.794094	-1.332791	0.190773
38257	-4.804135	-1.376199	0.205559
38258	-4.819610	-1.402727	0.231413
38259	-4.837509	-1.426858	0.241332
38260	-4.862067	-1.436997	0.248883
38261	-4.890525	-1.456453	0.275449
38262	-4.922924	-1.479830	0.322987
38263	-4.965631	-1.495328	0.374965
38264	-5.011446	-1.525274	0.406527
38265	-5.064470	-1.565170	0.407965
38266	-5.126922	-1.592746	0.393625
38267	-5.194373	-1.624786	0.368264
38268	-5.261459	-1.642358	0.313734
38269	-5.330997	-1.660251	0.272589
38270	-5.400865	-1.677129	0.257234
38271	-5.461982	-1.695651	0.241897
38272	-5.516024	-1.708684	0.222801
38273	-5.555365	-1.723034	0.228463
38274	-5.586263	-1.746691	0.260078
38275	-5.609710	-1.774830	0.283549
38276	-5.628160	-1.780768	0.299888
38277	-5.637274	-1.788445	0.306587
38278	-5.637074	-1.801314	0.300889
38279	-5.629798	-1.806910	0.290076
38280	-5.612284	-1.815890	0.266581
38281	-5.584795	-1.838311	0.225141
38282	-5.550381	-1.871143	0.171285
38283	-5.511871	-1.894901	0.118055
38284	-5.469251	-1.921164	0.086082
38285	-5.430291	-1.945928	0.097518
38286	-5.389518	-1.983214	0.132987
38287	-5.349230	-2.017487	0.163388
38288	-5.312683	-2.052250	0.177228
38289	-5.281431	-2.086959	0.173752
38290	-5.255654	-2.122490	0.160270
38291	-5.230702	-2.160991	0.161292
38292	-5.208811	-2.200916	0.176047
38293	-5.188812	-2.231641	0.198592
38294	-5.172223	-2.253198	0.217925
38295	-5.161049	-2.280940	0.221153
38296	-5.154111	-2.310943	0.202731
38297	-5.152955	-2.347311	0.164796
38298	-5.146823	-2.402147	0.122736
38299	-5.136613	-2.472662	0.102399
38300	-5.131707	-2.547098	0.121023
38301	-5.134363	-2.611237	0.154329
38302	-5.141741	-2.670745	0.169081
38303	-5.147369	-2.733426	0.145005
38304	-5.157508	-2.798526	0.095996
38305	-5.170230	-2.856788	0.066000
38306	-5.193879	-2.897546	0.082548
38307	-5.231932	-2.927152	0.129419
38308	-5.292805	-2.935803	0.187628
38309	-5.390557	-2.906746	0.233420
38310	-5.531765	-2.849145	0.250619
38311	-5.714270	-2.776707	0.220289
38312	-5.946355	-2.717867	0.129733
38313	-6.236702	-2.645749	-0.031155
38314	-6.594103	-2.564394	-0.253232
38315	-7.005602	-2.465748	-0.509029
38316	-7.482164	-2.352846	-0.767344
38317	-8.038381	-2.275965	-1.001746
38318	-8.648396	-2.191240	-1.230458
38319	-9.281798	-2.096816	-1.449612
38320	-9.921410	-2.008608	-1.678582
38321	-10.555148	-1.979225	-1.854637
38322	-11.214049	-1.986316	-1.985447
38323	-11.888555	-2.009210	-2.060148
38324	-12.561823	-2.053696	-2.090095
38325	-13.229317	-2.056436	-2.109870
38326	-13.902370	-2.022635	-2.111650
38327	-14.617653	-1.961165	-2.102988
38328	-15.369863	-1.857585	-2.125634
38329	-16.156631	-1.802271	-2.124558
38330	-16.971154	-1.763265	-2.150160
38331	-17.788533	-1.622993	-2.288344
38332	-18.702366	-1.466606	-2.508114
38333	-19.766441	-1.675349	-2.676585
38334	-20.989528	-1.891670	-2.615089
38335	-22.321835	-1.866576	-2.243448
38336	-23.653585	-1.603036	-1.611706
38337	-24.941713	-1.227324	-0.873839
38338	-26.225195	-0.817698	-0.131349
38339	-27.547302	-0.405942	0.606070
38340	-28.885600	0.022749	1.307019
38341	-30.225614	0.452894	1.911893
38342	-31.565748	0.770825	2.528695
38343	-32.919553	1.045282	3.138469
38344	-34.269619	1.358363	3.616174
38345	-35.545906	1.649690	3.948756
38346	-36.733546	1.921188	4.166431
38347	-37.837993	2.243465	4.281857
38348	-38.891886	2.578300	4.365167
38349	-39.927820	2.926318	4.377869
38350	-40.954713	3.292177	4.319220
38351	-41.979319	3.669697	4.132679
38352	-42.968302	3.981910	3.853506
38353	-43.894574	4.163425	3.569332
38354	-44.757959	4.226681	3.271601
38355	-45.565190	4.242087	2.910495
38356	-46.312008	4.165877	2.467157
38357	-46.966070	3.954708	2.001060
38358	-47.582859	3.464807	1.480389
38359	-48.127607	2.940661	1.029299
38360	-48.544253	2.492024	0.646876
38361	-48.736789	2.120582	0.282887
38362	-48.658709	1.771118	-0.136752
38363	-48.341092	1.442167	-0.588545
38364	-47.850391	1.116094	-1.062665
38365	-47.203305	0.714458	-1.504385
38366	-46.382659	0.193342	-1.905502
38367	-45.398125	-0.492486	-2.331433
38368	-44.309673	-1.386390	-2.915412
38369	-43.174633	-2.536608	-3.778777
38370	-41.941960	-3.775873	-4.755910
38371	-40.607331	-4.941528	-5.696394
38372	-39.216392	-6.123422	-6.688478
38373	-37.794000	-7.331143	-7.787300
38374	-36.359130	-8.464463	-8.889914
38375	-34.913825	-9.443653	-9.885423
38376	-33.461102	-10.251728	-10.745119
38377	-31.998652	-10.913385	-11.489770
38378	-30.545586	-11.427251	-12.145491
38379	-29.113055	-11.799684	-12.759959
38380	-27.714931	-12.037062	-13.339164
38381	-26.379899	-12.188713	-13.816477
38382	-25.139431	-12.276726	-14.163398
38383	-23.963622	-12.319133	-14.408809
38384	-22.843764	-12.257439	-14.549721
38385	-21.775486	-12.190599	-14.476740
38386	-20.792675	-12.135619	-14.094680
38387	-19.914596	-11.994564	-13.619177
38388	-19.090871	-11.788024	-13.120908
38389	-18.292476	-11.643932	-12.526767
38390	-17.530553	-11.501847	-11.919818
38391	-16.800855	-11.399193	-11.494817
38392	-16.083069	-11.255733	-11.581844
38393	-15.501987	-11.189623	-11.915344
38394	-15.349962	-11.211047	-12.068806
38395	-15.574898	-11.451128	-12.376824
38396	-15.830384	-11.608618	-12.913009
38397	-15.918874	-11.306785	-13.234256
38398	-15.852791	-10.884309	-13.284900
38399	-15.654565	-10.432717	-13.401265
38400	-15.353711	-9.914917	-13.577940
38401	-15.049981	-9.570695	-13.721217
38402	-14.879512	-9.334763	-13.874722
38403	-14.870245	-9.052974	-14.145678
38404	-14.980614	-8.863399	-14.591300
38405	-15.126441	-8.765674	-15.106166
38406	-15.227172	-8.638592	-15.629140
38407	-15.248753	-8.451674	-16.122695
38408	-15.243291	-8.268525	-16.504161
38409	-15.291369	-8.150549	-16.714803
38410	-15.439007	-8.050150	-16.692170
38411	-15.675869	-7.958597	-16.453897
38412	-15.966266	-7.785299	-16.117699
38413	-16.274046	-7.467879	-15.715078
38414	-16.566135	-7.111047	-15.250117
38415	-16.823823	-6.777400	-14.787457
38416	-17.022012	-6.574763	-14.415426
38417	-17.183702	-6.508398	-14.186383
38418	-17.320720	-6.426316	-14.174830
38419	-17.404098	-6.381495	-14.311219
38420	-17.474986	-6.396195	-14.514317
38421	-17.540376	-6.425820	-14.781808
38422	-17.584057	-6.448135	-15.115870
38423	-17.564506	-6.513162	-15.470697
38424	-17.481824	-6.614099	-15.798510
38425	-17.363956	-6.610048	-16.014098
38426	-17.270624	-6.465771	-16.015943
38427	-17.191833	-6.194196	-15.832800
38428	-17.137955	-5.858008	-15.559536
38429	-17.104140	-5.548449	-15.306234
38430	-17.062442	-5.315828	-15.143956
38431	-16.975696	-5.079831	-15.048174
38432	-16.834700	-4.850833	-15.053976
38433	-16.650094	-4.705164	-15.167604
38434	-16.428007	-4.599816	-15.391111
38435	-16.201141	-4.466645	-15.680345
38436	-15.969318	-4.313763	-15.894831
38437	-15.734843	-4.148160	-16.019933
38438	-15.511753	-3.913546	-16.074479
38439	-15.266704	-3.607309	-16.050592
38440	-15.008277	-3.270997	-15.919429
38441	-14.733843	-2.906663	-15.736121
38442	-14.459830	-2.544808	-15.563894
38443	-14.193084	-2.218520	-15.396933
38444	-13.928444	-1.956866	-15.227651
38445	-13.655365	-1.765938	-15.047518
38446	-13.392370	-1.620035	-14.846497
38447	-13.142963	-1.493119	-14.671607
38448	-12.905750	-1.410954	-14.567782
38449	-12.671375	-1.404669	-14.510594
38450	-12.459675	-1.403100	-14.468425
38451	-12.276632	-1.378921	-14.407764
38452	-12.112378	-1.354077	-14.371487
38453	-11.962992	-1.322274	-14.321865
38454	-11.838571	-1.229305	-14.260119
38455	-11.736929	-1.063059	-14.139890
38456	-11.656682	-0.853191	-13.917565
38457	-11.601852	-0.605498	-13.640379
38458	-11.564654	-0.366510	-13.328699
38459	-11.536934	-0.183691	-13.034627
38460	-11.521253	-0.049124	-12.810369
38461	-11.526530	0.011760	-12.690920
38462	-11.542965	0.031543	-12.690507
38463	-11.540082	0.020730	-12.786293
38464	-11.518231	-0.009846	-12.935205
38465	-11.502526	-0.024662	-13.112007
38466	-11.488147	-0.011277	-13.281629
38467	-11.450370	0.011261	-13.416962
38468	-11.400427	0.091197	-13.552014
38469	-11.348063	0.215345	-13.594534
38470	-11.274954	0.362114	-13.598847
38471	-11.181862	0.549793	-13.540670
38472	-11.106238	0.763516	-13.513871
38473	-11.025914	0.901277	-13.582897
38474	-10.937057	0.961087	-13.777918
38475	-10.859852	0.990759	-13.954232
38476	-10.805716	1.052341	-14.104566
38477	-10.750332	1.163170	-14.338944
38478	-10.694231	1.184462	-14.535952
38479	-10.655137	1.191008	-14.603057
38480	-10.590094	1.258001	-14.673500
38481	-10.486373	1.315748	-14.690159
38482	-10.411340	1.338770	-14.621943
38483	-10.343218	1.381413	-14.600964
38484	-10.267398	1.432747	-14.598628
38485	-10.238049	1.430936	-14.560563
38486	-10.173756	1.455442	-14.549010
38487	-10.095588	1.416890	-14.554893
38488	-10.046787	1.276924	-14.558788
38489	-9.998132	1.234559	-14.586288
38490	-9.897651	1.168161	-14.490141
38491	-9.761587	1.159327	-14.353100
38492	-9.595357	1.139146	-14.205207
38493	-9.439562	1.103882	-14.020308
38494	-9.306153	1.158985	-13.813779
38495	-9.174536	1.161584	-13.565847
38496	-9.063800	1.121895	-13.318524
38497	-8.983249	1.096283	-13.122816
38498	-8.941694	1.096129	-13.029873
38499	-8.942477	1.083265	-12.982660
38500	-8.955802	1.061900	-12.954498
38501	-9.000120	1.015145	-12.975853
38502	-9.079713	0.945987	-13.034568
38503	-9.175243	0.847887	-13.040913
38504	-9.282186	0.762858	-13.050210
38505	-9.394502	0.672418	-13.175535
38506	-9.520244	0.544643	-13.429144
38507	-9.664243	0.404051	-13.724531
38508	-9.816547	0.288268	-14.052336
38509	-9.971324	0.194884	-14.339643
38510	-10.141107	0.114106	-14.507476
38511	-10.330185	0.036974	-14.504716
38512	-10.565947	-0.001358	-14.389870
38513	-10.865643	-0.005148	-14.216929
38514	-11.171967	-0.023388	-14.050889
38515	-11.437156	-0.038982	-13.872500
38516	-11.656036	-0.058286	-13.622251
38517	-11.835214	-0.078387	-13.211378
38518	-12.003649	-0.142212	-12.630089
38519	-12.168957	-0.191641	-11.968143
38520	-12.376268	-0.270598	-11.313516
38521	-12.659583	-0.440566	-10.540936
38522	-12.974407	-0.610768	-9.547910
38523	-13.346581	-0.689680	-8.362021
38524	-13.779158	-0.783104	-7.056132
38525	-14.230006	-0.921614	-5.688484
38526	-14.678008	-1.017721	-4.325460
38527	-15.095571	-1.064218	-2.940206
38528	-15.422663	-1.206470	-1.589142
38529	-15.623911	-1.392340	-0.305503
38530	-15.705721	-1.587188	0.828209
38531	-15.670917	-1.815163	1.734698
38532	-15.528971	-2.089708	2.554346
38533	-15.324477	-2.286143	3.548395
38534	-15.113458	-2.337436	4.654772
38535	-14.883336	-2.316476	5.640577
38536	-14.665051	-2.259387	6.310010
38537	-14.459227	-2.229131	6.688376
38538	-14.228149	-2.200495	6.793091
38539	-13.961851	-2.162799	6.687820
38540	-13.644999	-2.177109	6.408791
38541	-13.320828	-2.106887	5.946111
38542	-13.010714	-2.086656	5.377954
38543	-12.720750	-2.144935	4.759046
38544	-12.421265	-2.197581	4.117077
38545	-12.126308	-2.219826	3.643688
38546	-11.830402	-2.220788	3.512692
38547	-11.535484	-2.238688	3.706342
38548	-11.262380	-2.218216	4.222970
38549	-11.020649	-2.129338	4.978347
38550	-10.788691	-1.979243	5.671258
38551	-10.593347	-1.863028	6.082698
38552	-10.480763	-1.827898	6.157187
38553	-10.416756	-1.792762	6.075927
38554	-10.377871	-1.733866	6.104003
38555	-10.328915	-1.608733	6.317066
38556	-10.270260	-1.436726	6.653836
38557	-10.207991	-1.299264	6.978040
38558	-10.131556	-1.196472	7.146759
38559	-10.058943	-1.122498	7.166580
38560	-9.981529	-1.058708	7.048526
38561	-9.892706	-0.990316	6.840378
38562	-9.794761	-0.910152	6.603537
38563	-9.679087	-0.836352	6.444348
38564	-9.541547	-0.773773	6.330061
38565	-9.380046	-0.758160	6.270136
38566	-9.202132	-0.719231	6.240985
38567	-9.031665	-0.646027	6.209506
38568	-8.859032	-0.566801	6.150771
38569	-8.686829	-0.510118	6.063994
38570	-8.500947	-0.500385	5.939331
38571	-8.310182	-0.474970	5.826308
38572	-8.113030	-0.428257	5.759492
38573	-7.932484	-0.381519	5.714001
38574	-7.758972	-0.331640	5.651348
38575	-7.592194	-0.253083	5.608045
38576	-7.440983	-0.139944	5.572801
38577	-7.322115	-0.027051	5.546784
38578	-7.245013	0.077002	5.483632
38579	-7.197913	0.153716	5.406898
38580	-7.161865	0.191071	5.341631
38581	-7.134379	0.233466	5.353848
38582	-7.130169	0.291605	5.397094
38583	-7.143994	0.353132	5.435282
38584	-7.165851	0.433136	5.470386
38585	-7.196753	0.497152	5.468470
38586	-7.224792	0.526312	5.463667
38587	-7.253577	0.566731	5.484720
38588	-7.278117	0.614593	5.522111
38589	-7.321831	0.578418	5.495262
38590	-7.318438	0.589903	5.550396
38591	-7.303774	0.601480	5.568059
38592	-7.279487	0.582872	5.596170
38593	-7.236704	0.585407	5.570072
38594	-7.191176	0.555767	5.512539
38595	-7.141971	0.556049	5.491180
38596	-7.089281	0.559670	5.525928
38597	-7.032763	0.543148	5.606292
38598	-6.997310	0.519311	5.682322
38599	-6.983289	0.480649	5.749155
38600	-6.973386	0.458905	5.811402
38601	-6.977496	0.448288	5.911343
38602	-6.992168	0.434876	6.048305
38603	-6.995621	0.391455	6.172786
38604	-7.003270	0.374947	6.249898
38605	-7.006214	0.344799	6.262589
38606	-7.004479	0.282832	6.204224
38607	-6.991853	0.211342	6.148874
38608	-6.940562	0.148498	6.141994
38609	-6.858872	0.105874	6.165014
38610	-6.763189	0.076334	6.191273
38611	-6.651598	0.041340	6.251876
38612	-6.540327	-0.006390	6.316966
38613	-6.429606	-0.067383	6.342734
38614	-6.327751	-0.141861	6.299458
38615	-6.240215	-0.229934	6.200936
38616	-6.159659	-0.341532	6.067468
38617	-6.072748	-0.457487	5.949966
38618	-5.990526	-0.528200	5.845246
38619	-5.907237	-0.620193	5.773730
38620	-5.827779	-0.719774	5.676736
38621	-5.753301	-0.805762	5.550805
38622	-5.673576	-0.872650	5.412836
38623	-5.597676	-0.923997	5.344575
38624	-5.524193	-0.992116	5.346735
38625	-5.447448	-1.031751	5.410691
38626	-5.378321	-1.056564	5.464848
38627	-5.321848	-1.088027	5.463959
38628	-5.288495	-1.115145	5.367249
38629	-5.277232	-1.144234	5.221372
38630	-5.288301	-1.176484	5.083629
38631	-5.319059	-1.194934	5.009149
38632	-5.371145	-1.203054	4.988442
38633	-5.453415	-1.214011	5.006064
38634	-5.564155	-1.212330	5.007302
38635	-5.705410	-1.197982	4.986913
38636	-5.876348	-1.177474	4.914863
38637	-6.069492	-1.162394	4.824648
38638	-6.268063	-1.181278	4.728903
38639	-6.472354	-1.182450	4.670953
38640	-6.705371	-1.153711	4.659089
38641	-6.969016	-1.112670	4.637563
38642	-7.267604	-0.988646	4.509518
38643	-7.602389	-0.841279	4.339161
38644	-7.981916	-0.680325	4.163599
38645	-8.373428	-0.525945	4.105466
38646	-8.784963	-0.361108	4.160924
38647	-9.223385	-0.181246	4.378374
38648	-9.700789	-0.030844	4.650832
38649	-10.176056	0.072083	4.946276
38650	-10.621990	0.131191	5.209627
38651	-11.028798	0.170911	5.481121
38652	-11.388250	0.188112	5.725259
38653	-11.696437	0.207278	5.937936
38654	-11.939163	0.235223	6.041061
38655	-12.111340	0.245997	6.000536
38656	-12.245290	0.181317	5.768416
38657	-12.365408	0.065374	5.387450
38658	-12.477027	-0.023593	4.839271
38659	-12.562743	-0.086159	4.167112
38660	-12.614561	-0.177586	3.388723
38661	-12.598403	-0.355705	2.664200
38662	-12.473766	-0.557154	2.137728
38663	-12.244320	-0.667637	1.824053
38664	-11.909075	-0.735510	1.675168
38665	-11.521235	-0.744459	1.624746
38666	-11.127258	-0.755633	1.588499
38667	-10.743830	-0.776791	1.601491
38668	-10.374611	-0.762666	1.750525
38669	-10.023076	-0.738892	1.757436
38670	-9.726070	-0.801764	1.443750
38671	-9.488889	-1.051350	1.039735
38672	-9.277465	-1.304147	0.657973
38673	-9.061078	-1.410604	0.343882
38674	-8.867138	-1.416018	0.056079
38675	-8.699930	-1.438796	-0.074429
38676	-8.562355	-1.478295	-0.092781
38677	-8.426434	-1.506243	0.020754
38678	-8.305705	-1.514458	0.203885
38679	-8.191035	-1.480710	0.434293
38680	-8.072752	-1.448985	0.687996
38681	-7.959457	-1.402093	0.924753
38682	-7.860438	-1.349644	1.028485
38683	-7.775094	-1.309836	0.980145
38684	-7.687902	-1.316303	0.822352
38685	-7.583356	-1.335521	0.632374
38686	-7.472719	-1.355432	0.439080
38687	-7.351172	-1.378808	0.308886
38688	-7.209114	-1.411757	0.243244
38689	-7.062537	-1.444191	0.188438
38690	-6.907596	-1.520538	0.078259
38691	-6.742500	-1.579222	-0.104532
38692	-6.571499	-1.635988	-0.346776
38693	-6.384978	-1.730414	-0.555778
38694	-6.186022	-1.787859	-0.728115
38695	-5.973353	-1.839216	-0.858933
38696	-5.751876	-1.903073	-0.981139
38697	-5.523242	-1.958561	-1.078710
38698	-5.299019	-2.009413	-1.207022
38699	-5.085542	-2.074237	-1.371586
38700	-4.874559	-2.165374	-1.571729
38701	-4.671360	-2.227742	-1.782274
38702	-4.475992	-2.274979	-1.979212
38703	-4.290011	-2.321723	-2.124683
38704	-4.116423	-2.360143	-2.217662
38705	-3.959835	-2.373622	-2.243338
38706	-3.825309	-2.380801	-2.232051
38707	-3.713243	-2.367438	-2.170812
38708	-3.627855	-2.336442	-2.101191
38709	-3.575758	-2.271490	-2.054093
38710	-3.557010	-2.195824	-2.057675
38711	-3.571320	-2.118424	-2.070284
38712	-3.599777	-2.059571	-2.078880
38713	-3.630995	-2.031885	-2.025076
38714	-3.672640	-1.994863	-1.910003
38715	-3.720068	-1.974780	-1.806318
38716	-3.755656	-2.009392	-1.773247
38717	-3.784633	-2.049767	-1.790193
38718	-3.811743	-2.066738	-1.830425
38719	-3.814694	-2.077097	-1.864487
38720	-3.819065	-2.067026	-1.904893
38721	-3.821631	-2.060578	-1.970052
38722	-3.814281	-2.053867	-2.045782
38723	-3.792755	-2.052433	-2.110760
38724	-3.757270	-2.056807	-2.128494
38725	-3.711099	-2.062434	-2.097485
38726	-3.656244	-2.046139	-2.039740
38727	-3.607843	-2.023847	-1.982519
38728	-3.567126	-2.001588	-1.952668
38729	-3.526916	-1.981251	-1.952318
38730	-3.493882	-1.951239	-1.951569
38731	-3.464488	-1.939156	-1.939963
38732	-3.452096	-1.911613	-1.933075
38733	-3.454199	-1.871915	-1.948733
38734	-3.469674	-1.837568	-1.982723
38735	-3.492077	-1.808272	-2.029950
38736	-3.516901	-1.777198	-2.057917
38737	-3.536274	-1.754357	-2.042775
38738	-3.556832	-1.729357	-2.003203
38739	-3.574883	-1.719238	-1.978725
38740	-3.590974	-1.711273	-1.995860
38741	-3.603351	-1.697816	-2.036821
38742	-3.606214	-1.681082	-2.089552
38743	-3.601379	-1.681531	-2.132963
38744	-3.590337	-1.684069	-2.166160
38745	-3.564880	-1.684918	-2.193367
38746	-3.529272	-1.700741	-2.213086
38747	-3.490809	-1.715761	-2.234005
38748	-3.438334	-1.736202	-2.258520
38749	-3.383675	-1.757465	-2.265650
38750	-3.327055	-1.763522	-2.297170
38751	-3.269559	-1.764685	-2.340716
38752	-3.223372	-1.758025	-2.379402
38753	-3.181959	-1.740259	-2.419809
38754	-3.146539	-1.721754	-2.451480
38755	-3.109722	-1.718309	-2.459065
38756	-3.078691	-1.716437	-2.439158
38757	-3.058218	-1.712105	-2.433145
38758	-3.050464	-1.701296	-2.446979
38759	-3.057096	-1.691402	-2.464658
38760	-3.075101	-1.672326	-2.492465
38761	-3.098956	-1.652536	-2.521213
38762	-3.125244	-1.624899	-2.511669
38763	-3.145197	-1.617036	-2.443877
38764	-3.156755	-1.608310	-2.344459
38765	-3.166425	-1.591110	-2.230850
38766	-3.178851	-1.571715	-2.172335
38767	-3.184163	-1.555135	-2.152381
38768	-3.191979	-1.526198	-2.151659
38769	-3.200529	-1.498960	-2.151565
38770	-3.203393	-1.484893	-2.143392
38771	-3.202942	-1.480740	-2.138234
38772	-3.196703	-1.482844	-2.149116
38773	-3.196958	-1.470363	-2.146653
38774	-3.201547	-1.438035	-2.119413
38775	-3.213930	-1.410879	-2.077737
38776	-3.232211	-1.376180	-2.060247
38777	-3.254868	-1.329485	-2.049883
38778	-3.284401	-1.286960	-2.021720
38779	-3.312865	-1.271881	-1.971932
38780	-3.329531	-1.269090	-1.920460
38781	-3.336643	-1.263654	-1.877908
38782	-3.344999	-1.258745	-1.859803
38783	-3.350758	-1.262705	-1.883001
38784	-3.351275	-1.252186	-1.927183
38785	-3.353930	-1.234393	-1.960310
38786	-3.354486	-1.224480	-1.981526
38787	-3.347481	-1.228076	-2.013756
38788	-3.327449	-1.228769	-2.026516
38789	-3.308634	-1.217825	-1.993017
38790	-3.296060	-1.203188	-1.956700
38791	-3.284492	-1.194367	-1.943389
38792	-3.278483	-1.167866	-1.957987
38793	-3.278846	-1.149376	-1.985667
38794	-3.278651	-1.145497	-2.014371
38795	-3.274097	-1.154263	-2.022482
38796	-3.274778	-1.155032	-2.008328
38797	-3.280147	-1.141622	-2.004666
38798	-3.285303	-1.129049	-2.018441
38799	-3.294054	-1.114474	-2.055472
38800	-3.303777	-1.109548	-2.109689
38801	-3.312836	-1.113875	-2.182572
38802	-3.313654	-1.135257	-2.242967
38803	-3.306278	-1.157215	-2.254084
38804	-3.286752	-1.170902	-2.214514
38805	-3.267011	-1.176660	-2.158450
38806	-3.248464	-1.176643	-2.113573
38807	-3.228011	-1.171550	-2.100568
38808	-3.207484	-1.170494	-2.111626
38809	-3.185983	-1.173711	-2.112182
38810	-3.163666	-1.182091	-2.093921
38811	-3.146429	-1.194966	-2.081531
38812	-3.128559	-1.200815	-2.095904
38813	-3.112175	-1.217933	-2.113655
38814	-3.104084	-1.227262	-2.130079
38815	-3.105356	-1.227571	-2.151425
38816	-3.111796	-1.222383	-2.181084
38817	-3.122503	-1.211332	-2.197293
38818	-3.138570	-1.197843	-2.187900
38819	-3.148799	-1.187241	-2.158025
38820	-3.154079	-1.173628	-2.115173
38821	-3.159832	-1.160157	-2.075043
38822	-3.161182	-1.141741	-2.053846
38823	-3.160691	-1.124402	-2.053789
38824	-3.157108	-1.114147	-2.079224
38825	-3.155420	-1.107481	-2.108702
38826	-3.145945	-1.119617	-2.138387
38827	-3.130903	-1.136359	-2.163950
38828	-3.105976	-1.153349	-2.156372
38829	-3.084917	-1.167542	-2.164761
38830	-3.061918	-1.176685	-2.210815
38831	-3.043479	-1.187075	-2.262873
38832	-3.032057	-1.194024	-2.314386
38833	-3.020807	-1.198596	-2.359495
38834	-3.009647	-1.196127	-2.399095
38835	-2.996491	-1.193108	-2.431239
38836	-2.987157	-1.195053	-2.456800
38837	-2.981879	-1.195799	-2.495259
38838	-2.979519	-1.195851	-2.548223
38839	-2.980928	-1.209351	-2.603829
38840	-2.985408	-1.231496	-2.654882
38841	-2.989973	-1.255959	-2.710170
38842	-2.994521	-1.284325	-2.773693
38843	-2.993441	-1.307921	-2.828651
38844	-2.983812	-1.308107	-2.856014
38845	-2.971457	-1.316051	-2.844256
38846	-2.962097	-1.324223	-2.823303
38847	-2.952631	-1.325232	-2.807329
38848	-2.949984	-1.325945	-2.802539
38849	-2.941227	-1.329482	-2.798886
38850	-2.932625	-1.338542	-2.792072
38851	-2.923949	-1.347531	-2.780305
38852	-2.913162	-1.352097	-2.749162
38853	-2.903084	-1.350595	-2.705522
38854	-2.894350	-1.342575	-2.675820
38855	-2.885299	-1.332843	-2.663735
38856	-2.876807	-1.336517	-2.659463
38857	-2.864440	-1.328165	-2.646176
38858	-2.854454	-1.304194	-2.596717
38859	-2.842952	-1.275112	-2.517516
38860	-2.839187	-1.242822	-2.433924
38861	-2.835757	-1.193502	-2.355540
38862	-2.832763	-1.147464	-2.261571
38863	-2.833775	-1.097782	-2.181014
38864	-2.834235	-1.052686	-2.117722
38865	-2.832274	-1.013019	-2.053698
38866	-2.824422	-0.978689	-1.968349
38867	-2.816210	-0.950324	-1.879254
38868	-2.807013	-0.910215	-1.797324
38869	-2.799162	-0.878801	-1.709358
38870	-2.796064	-0.852601	-1.625737
38871	-2.797718	-0.814594	-1.562780
38872	-2.803320	-0.784848	-1.525071
38873	-2.807326	-0.768743	-1.521342
38874	-2.803343	-0.759110	-1.519832
38875	-2.796790	-0.732909	-1.482517
38876	-2.791704	-0.707074	-1.423067
38877	-2.788803	-0.694171	-1.368857
38878	-2.789425	-0.686195	-1.339985
38879	-2.793781	-0.684076	-1.326615
38880	-2.806096	-0.684238	-1.325939
38881	-2.821014	-0.683601	-1.331352
38882	-2.833523	-0.680043	-1.341514
38883	-2.847711	-0.678476	-1.353268
38884	-2.867116	-0.687555	-1.365239
38885	-2.886202	-0.696459	-1.352848
38886	-2.904115	-0.706429	-1.323190
38887	-2.918988	-0.720370	-1.312288
38888	-2.937298	-0.725599	-1.344695
38889	-2.959173	-0.719658	-1.415383
38890	-2.978358	-0.727683	-1.495801
38891	-2.991376	-0.754061	-1.552223
38892	-2.997839	-0.782431	-1.588563
38893	-2.999481	-0.806185	-1.612325
38894	-3.007674	-0.817737	-1.627538
38895	-3.017406	-0.827446	-1.651015
38896	-3.029352	-0.851878	-1.698503
38897	-3.041610	-0.875902	-1.782896
38898	-3.051359	-0.895436	-1.879360
38899	-3.062813	-0.922944	-1.945283
38900	-3.071137	-0.963303	-1.954434
38901	-3.084729	-0.998559	-1.932569
38902	-3.098190	-1.030591	-1.904612
38903	-3.120194	-1.049664	-1.896328
38904	-3.149385	-1.067098	-1.910490
38905	-3.190331	-1.083138	-1.930816
38906	-3.239984	-1.082108	-1.931459
38907	-3.289865	-1.082251	-1.888792
38908	-3.338984	-1.094428	-1.832074
38909	-3.381049	-1.112485	-1.797425
38910	-3.422029	-1.122322	-1.749370
38911	-3.474471	-1.131773	-1.672145
38912	-3.527704	-1.131116	-1.578852
38913	-3.588577	-1.129166	-1.481975
38914	-3.651285	-1.139423	-1.414786
38915	-3.730024	-1.146332	-1.349389
38916	-3.811501	-1.162459	-1.297701
38917	-3.902491	-1.166495	-1.209792
38918	-4.004574	-1.168537	-1.086802
38919	-4.113772	-1.162467	-0.943978
38920	-4.239525	-1.171482	-0.856844
38921	-4.379607	-1.188843	-0.834986
38922	-4.536633	-1.209851	-0.889231
38923	-4.695086	-1.237673	-0.942160
38924	-4.849874	-1.267712	-0.979158
38925	-5.006748	-1.297738	-0.968730
38926	-5.172846	-1.328118	-0.958210
38927	-5.355358	-1.344762	-0.962263
38928	-5.564215	-1.354904	-1.002577
38929	-5.809392	-1.370803	-1.045931
38930	-6.090913	-1.379526	-1.137418
38931	-6.409510	-1.389669	-1.255635
38932	-6.782650	-1.390635	-1.426675
38933	-7.208513	-1.347031	-1.623449
38934	-7.689979	-1.225792	-1.872417
38935	-8.234715	-1.062256	-2.111651
38936	-8.852442	-0.916449	-2.336381
38937	-9.536215	-0.805454	-2.534681
38938	-10.261346	-0.733108	-2.720278
38939	-11.012914	-0.637707	-2.865299
38940	-11.769514	-0.530054	-2.968106
38941	-12.508844	-0.483096	-2.974018
38942	-13.206643	-0.445661	-2.917295
38943	-13.875529	-0.371190	-2.840477
38944	-14.538846	-0.319730	-2.811756
38945	-15.178577	-0.287723	-2.841217
38946	-15.807224	-0.261544	-2.978909
38947	-16.425163	-0.287390	-3.234664
38948	-16.999020	-0.357031	-3.547775
38949	-17.553290	-0.489555	-3.869833
38950	-18.086135	-0.629285	-4.156384
38951	-18.605353	-0.722038	-4.223064
38952	-19.169953	-0.730102	-4.227534
38953	-19.775373	-0.755878	-4.364750
38954	-20.421787	-0.838566	-4.721160
38955	-21.175378	-1.071533	-5.174932
38956	-21.981003	-1.421998	-5.689240
38957	-22.768349	-1.722909	-6.009827
38958	-23.585183	-2.055114	-6.028510
38959	-24.426394	-2.311063	-5.825916
38960	-25.281039	-2.412710	-5.497937
38961	-26.173500	-2.426519	-5.023697
38962	-27.115105	-2.376642	-4.511172
38963	-28.078851	-2.267931	-4.032229
38964	-29.061893	-2.085590	-3.670643
38965	-30.045245	-1.901833	-3.420568
38966	-30.986951	-1.725244	-3.227077
38967	-31.917700	-1.528834	-3.091289
38968	-32.839687	-1.355264	-3.027289
38969	-33.711619	-1.181481	-2.952681
38970	-34.553558	-0.992588	-2.842659
38971	-35.402860	-0.738920	-2.769102
38972	-36.264241	-0.460318	-2.770131
38973	-37.139408	-0.149819	-2.815442
38974	-38.014116	0.178365	-2.853530
38975	-38.863090	0.612314	-2.809624
38976	-39.702105	0.872601	-2.884929
38977	-40.553448	0.721338	-2.898558
38978	-41.388260	0.881609	-2.797115
38979	-42.012817	1.737010	-2.742486
38980	-42.274316	2.885156	-2.789551
38981	-42.417891	3.705683	-3.022406
38982	-42.696613	4.356899	-3.528665
38983	-43.154325	4.848998	-4.235145
38984	-43.681186	5.096739	-4.940021
38985	-44.200277	5.040525	-5.627018
38986	-44.663157	4.596219	-6.415900
38987	-45.037537	3.918805	-7.291410
38988	-45.305430	3.133695	-8.114943
38989	-45.454815	2.387125	-8.756038
38990	-45.466768	1.765838	-9.181614
38991	-45.331912	1.321046	-9.420114
38992	-45.041266	1.042462	-9.493526
38993	-44.604911	0.882599	-9.450719
38994	-44.004781	0.817366	-9.326484
38995	-43.231684	0.766226	-9.133850
38996	-42.301271	0.657662	-8.925362
38997	-41.265147	0.435417	-8.785954
38998	-40.176991	-0.017318	-8.826227
38999	-39.065507	-0.717517	-9.135248
39000	-37.917613	-1.625869	-9.723610
39001	-36.712092	-2.653269	-10.489178
39002	-35.444508	-3.714995	-11.276694
39003	-34.147382	-4.860996	-12.114404
39004	-32.864841	-5.985877	-13.102666
39005	-31.582638	-7.007358	-14.121398
39006	-30.283228	-7.914220	-14.991315
39007	-28.973994	-8.648426	-15.587497
39008	-27.686486	-9.184835	-15.917778
39009	-26.483521	-9.434799	-16.100818
39010	-25.312862	-9.501780	-16.065920
39011	-24.115599	-9.470524	-15.729559
39012	-22.941642	-9.309537	-15.038847
39013	-21.875357	-9.130191	-14.153381
39014	-20.963355	-9.007776	-13.219400
39015	-20.235521	-9.069771	-12.343649
39016	-19.645345	-9.223256	-11.640200
39017	-19.093458	-9.413309	-11.207528
39018	-18.527846	-9.558845	-10.998789
39019	-17.918156	-9.691622	-10.982502
39020	-17.293759	-9.854339	-11.397408
39021	-16.804492	-10.063705	-12.004619
39022	-16.777824	-10.288554	-12.283019
39023	-17.148430	-10.643417	-12.643743
39024	-17.449624	-10.743420	-12.925371
39025	-17.546149	-10.371965	-12.722683
39026	-17.462098	-9.995471	-12.460700
39027	-17.232862	-9.551386	-12.467662
39028	-16.913362	-9.135080	-12.505063
39029	-16.654607	-8.982612	-12.622817
39030	-16.557038	-9.002098	-12.948098
39031	-16.608987	-9.131038	-13.468690
39032	-16.740602	-9.316730	-14.024183
39033	-16.846284	-9.390743	-14.447768
39034	-16.871364	-9.325053	-14.643190
39035	-16.809549	-9.099818	-14.606961
39036	-16.699840	-8.808070	-14.411585
39037	-16.620965	-8.572574	-14.199083
39038	-16.600955	-8.405081	-14.057655
39039	-16.631468	-8.284027	-13.946656
39040	-16.693050	-8.200872	-13.825079
39041	-16.768013	-8.258631	-13.736880
39042	-16.836480	-8.267038	-13.820358
39043	-16.870956	-8.182684	-14.186990
39044	-16.857414	-8.032498	-14.810848
39045	-16.816454	-7.979887	-15.640555
39046	-16.754026	-8.039927	-16.502099
39047	-16.682836	-8.145008	-17.260607
39048	-16.607503	-8.276855	-17.819948
39049	-16.537323	-8.359866	-18.130586
39050	-16.500477	-8.250936	-18.145364
39051	-16.495600	-7.932694	-17.862854
39052	-16.520542	-7.418178	-17.381799
39053	-16.544471	-6.781162	-16.782440
39054	-16.561960	-6.178759	-16.211403
39055	-16.562989	-5.649686	-15.748188
39056	-16.522567	-5.208148	-15.496443
39057	-16.479246	-4.880892	-15.460267
39058	-16.460657	-4.639835	-15.590503
39059	-16.454395	-4.418140	-15.800153
39060	-16.399962	-4.242769	-16.120966
39061	-16.276929	-4.087073	-16.610034
39062	-16.132835	-3.871775	-17.089156
39063	-15.980078	-3.642020	-17.470660
39064	-15.841186	-3.265452	-17.743707
39065	-15.725858	-2.871020	-17.919767
39066	-15.631373	-2.446412	-18.029349
39067	-15.535215	-1.997870	-18.131329
39068	-15.416813	-1.548491	-18.276454
39069	-15.275720	-1.149783	-18.446648
39070	-15.141131	-0.755334	-18.570589
39071	-14.989127	-0.399175	-18.558177
39072	-14.809137	-0.015922	-18.414236
39073	-14.612814	0.416106	-18.125578
39074	-14.409971	0.754318	-17.746783
39075	-14.203871	0.965127	-17.381542
39076	-14.002527	1.104045	-17.102599
39077	-13.782459	1.113541	-16.919140
39078	-13.534716	1.044700	-16.809801
39079	-13.276309	0.921572	-16.766923
39080	-12.983674	0.804871	-16.759373
39081	-12.688501	0.746932	-16.718351
39082	-12.421226	0.733941	-16.663836
39083	-12.145495	0.825949	-16.578219
39084	-11.888639	1.041625	-16.438158
39085	-11.634048	1.265215	-16.162677
39086	-11.386009	1.611230	-15.682154
39087	-11.193488	2.085466	-15.125257
39088	-10.999374	2.442271	-14.690565
39089	-10.804096	2.631872	-14.428440
39090	-10.653080	2.730161	-14.430711
39091	-10.551442	2.744289	-14.599747
39092	-10.505664	2.756376	-14.854115
39093	-10.445422	2.796864	-15.083819
39094	-10.354777	2.850665	-15.252666
39095	-10.229251	2.889050	-15.329422
39096	-10.106956	2.907673	-15.435339
39097	-9.990828	2.933797	-15.633852
39098	-9.878823	2.987682	-15.946615
39099	-9.774837	2.976184	-16.324636
39100	-9.657064	2.920328	-16.786278
39101	-9.522483	2.847051	-17.247248
39102	-9.354937	2.762611	-17.659742
39103	-9.179874	2.793900	-18.031641
39104	-8.992024	2.861725	-18.272943
39105	-8.789436	2.864827	-18.238205
39106	-8.610128	2.811713	-18.079163
39107	-8.439028	2.790567	-17.903350
39108	-8.282515	2.737359	-17.838284
39109	-8.115301	2.644640	-17.940382
39110	-7.930544	2.507987	-18.170530
39111	-7.753924	2.408242	-18.478955
39112	-7.603856	2.342063	-18.811468
39113	-7.484205	2.317569	-19.148420
39114	-7.372140	2.347814	-19.358652
39115	-7.267260	2.368573	-19.399742
39116	-7.176713	2.451498	-19.307730
39117	-7.081360	2.583359	-19.212393
39118	-6.992662	2.608161	-19.274804
39119	-6.903597	2.630015	-19.535166
39120	-6.872468	2.462681	-19.900077
39121	-6.855984	2.344832	-20.240896
39122	-6.853761	2.323433	-20.438448
39123	-6.837644	2.290672	-20.504293
39124	-6.841139	2.225860	-20.516033
39125	-6.878063	2.171332	-20.398987
39126	-6.937775	2.159935	-20.184745
39127	-7.035770	2.192571	-19.957653
39128	-7.171077	2.225872	-19.688801
39129	-7.319102	2.183373	-19.425146
39130	-7.463782	2.125036	-19.090656
39131	-7.596845	2.154272	-18.573187
39132	-7.789432	2.227021	-17.878753
39133	-8.006144	2.208851	-17.064252
39134	-8.209749	2.169941	-16.259254
39135	-8.395409	2.116353	-15.580296
39136	-8.582856	1.966564	-15.049629
39137	-8.777571	1.784169	-14.572993
39138	-8.921335	1.626391	-14.065678
39139	-8.981991	1.525095	-13.501094
39140	-8.978348	1.483696	-12.785139
39141	-8.977307	1.506952	-11.967213
39142	-8.982319	1.549294	-11.189395
39143	-8.973276	1.620243	-10.564662
39144	-9.000588	1.685537	-10.045463
39145	-9.062696	1.762644	-9.565243
39146	-9.111299	1.869553	-9.046696
39147	-9.177574	1.974443	-8.616535
39148	-9.271236	2.087376	-8.371115
39149	-9.388019	2.221363	-8.252505
39150	-9.515668	2.342056	-8.199033
39151	-9.638598	2.426804	-8.215318
39152	-9.756226	2.525503	-8.248303
39153	-9.826796	2.641561	-8.253944
39154	-9.830725	2.701231	-8.214879
39155	-9.764635	2.703056	-8.024326
39156	-9.618001	2.750356	-7.682044
39157	-9.470261	2.814820	-7.316970
39158	-9.355448	2.819638	-7.123675
39159	-9.245268	2.885628	-7.081889
39160	-9.129845	2.940035	-7.080359
39161	-8.991560	2.904750	-6.993950
39162	-8.839467	2.879774	-6.823738
39163	-8.696548	2.882094	-6.601822
39164	-8.578081	2.922909	-6.426208
39165	-8.478098	2.947121	-6.396153
39166	-8.388083	2.964245	-6.467159
39167	-8.311326	2.985177	-6.525833
39168	-8.232474	3.017591	-6.533118
39169	-8.155617	3.100839	-6.525070
39170	-8.105896	3.203604	-6.608952
39171	-8.088117	3.274415	-6.873274
39172	-8.092115	3.296998	-7.274655
39173	-8.092931	3.293159	-7.713426
39174	-8.066537	3.273585	-8.061009
39175	-8.025829	3.279517	-8.322315
39176	-7.982984	3.274204	-8.551203
39177	-7.957185	3.213390	-8.800991
39178	-7.921028	3.149166	-9.054162
39179	-7.866925	3.121863	-9.252415
39180	-7.815385	3.086289	-9.377907
39181	-7.780178	3.090498	-9.538319
39182	-7.784878	3.062002	-9.764928
39183	-7.824833	2.966092	-10.076529
39184	-7.883520	2.933719	-10.460259
39185	-7.949406	2.947654	-10.843932
39186	-8.019361	2.953450	-11.219532
39187	-8.102927	2.940347	-11.574598
39188	-8.215930	2.936767	-12.005920
39189	-8.360516	2.971887	-12.554181
39190	-8.541434	2.924567	-13.212828
39191	-8.715764	2.807711	-13.927132
39192	-8.885076	2.729701	-14.619682
39193	-9.027747	2.702232	-15.072711
39194	-9.170060	2.712910	-15.247353
39195	-9.318524	2.716075	-15.343139
39196	-9.497975	2.752044	-15.388574
39197	-9.708901	2.718841	-15.446102
39198	-9.921920	2.691193	-15.654958
39199	-10.131021	2.582288	-15.857414
39200	-10.339647	2.442733	-15.941406
39201	-10.546224	2.368127	-15.856597
39202	-10.798146	2.330393	-15.618197
39203	-11.102823	2.288451	-15.373023
39204	-11.405112	2.194604	-15.130764
39205	-11.707192	2.121358	-14.841183
39206	-12.001819	2.085535	-14.483017
39207	-12.312789	1.982413	-14.062630
39208	-12.663404	1.820386	-13.488274
39209	-13.058145	1.639967	-12.568748
39210	-13.496428	1.416607	-11.372186
39211	-13.975605	1.068767	-9.846100
39212	-14.518784	0.685830	-7.996271
39213	-15.078361	0.336672	-6.022117
39214	-15.631195	-0.023085	-4.085711
39215	-16.192672	-0.421112	-2.243606
39216	-16.722325	-0.800574	-0.508287
39217	-17.190475	-1.140118	1.106376
39218	-17.570624	-1.446311	2.581474
39219	-17.881865	-1.700931	3.867964
39220	-18.103895	-1.918691	4.935747
39221	-18.204004	-2.123388	5.734756
39222	-18.170257	-2.230622	6.246918
39223	-18.038500	-2.223477	6.432514
39224	-17.822200	-2.170633	6.343981
39225	-17.576877	-2.028556	6.017462
39226	-17.311841	-1.864376	5.449164
39227	-17.016568	-1.842791	4.826180
39228	-16.721725	-1.936454	4.362273
39229	-16.402606	-2.011858	4.202564
39230	-16.061938	-2.029305	4.458866
39231	-15.740145	-2.018520	5.084477
39232	-15.433493	-1.985904	5.891785
39233	-15.140874	-1.962719	6.616174
39234	-14.873735	-1.990445	7.121487
39235	-14.642511	-2.046826	7.358714
39236	-14.433690	-2.124602	7.421811
39237	-14.231158	-2.196104	7.383915
39238	-14.012444	-2.224884	7.269896
39239	-13.781697	-2.244311	7.097868
39240	-13.567493	-2.266102	6.804271
39241	-13.370345	-2.289488	6.311860
39242	-13.187993	-2.305797	5.703304
39243	-13.015621	-2.327470	5.092432
39244	-12.835609	-2.356857	4.564322
39245	-12.636246	-2.382421	4.143752
39246	-12.430857	-2.405473	3.797808
39247	-12.235099	-2.382769	3.505493
39248	-12.051386	-2.453778	3.279726
39249	-11.872420	-2.504776	3.247745
39250	-11.683277	-2.483259	3.459817
39251	-11.501496	-2.431060	3.820051
39252	-11.347912	-2.387286	4.118897
39253	-11.227720	-2.379007	4.241975
39254	-11.124083	-2.342951	4.171936
39255	-11.039782	-2.307557	4.078706
39256	-10.948846	-2.266216	4.023193
39257	-10.847109	-2.199120	4.093834
39258	-10.747528	-2.108456	4.269329
39259	-10.645787	-1.999758	4.478310
39260	-10.542920	-1.837533	4.662218
39261	-10.429924	-1.674055	4.810832
39262	-10.320759	-1.526785	4.969126
39263	-10.202865	-1.374308	5.120531
39264	-10.084542	-1.218673	5.186236
39265	-9.991249	-1.118719	5.131328
39266	-9.913184	-1.049458	4.985841
39267	-9.839531	-1.012314	4.878400
39268	-9.753209	-0.938306	4.840541
39269	-9.644329	-0.861635	4.861037
39270	-9.526689	-0.803395	4.912776
39271	-9.400991	-0.713745	5.014156
39272	-9.275943	-0.615666	5.131805
39273	-9.159604	-0.537564	5.240711
39274	-9.043144	-0.474883	5.341319
39275	-8.943687	-0.399780	5.403734
39276	-8.859180	-0.319484	5.407685
39277	-8.800231	-0.233003	5.424749
39278	-8.757973	-0.145963	5.501863
39279	-8.725320	-0.047762	5.597755
39280	-8.702177	0.048939	5.655027
39281	-8.691531	0.158458	5.681538
39282	-8.695058	0.245934	5.662695
39283	-8.721561	0.316918	5.639373
39284	-8.746507	0.402853	5.625943
39285	-8.771845	0.492642	5.639203
39286	-8.804175	0.573808	5.682339
39287	-8.841863	0.664005	5.730967
39288	-8.879320	0.747660	5.782215
39289	-8.914750	0.831688	5.838713
39290	-8.943170	0.908057	5.877679
39291	-8.958076	0.978653	5.924863
39292	-8.952631	1.045578	5.989715
39293	-8.937725	1.100106	6.025090
39294	-8.915014	1.143065	6.034711
39295	-8.882373	1.192596	6.060046
39296	-8.840455	1.239925	6.079086
39297	-8.801664	1.257513	6.083207
39298	-8.764190	1.244827	6.085216
39299	-8.721243	1.224642	6.080068
39300	-8.671350	1.195967	6.063064
39301	-8.611961	1.162038	6.045886
39302	-8.550191	1.130773	6.020009
39303	-8.474397	1.070832	5.989359
39304	-8.383863	0.998757	6.017149
39305	-8.275064	0.923735	6.107757
39306	-8.148061	0.883592	6.257038
39307	-8.012331	0.854291	6.423794
39308	-7.867559	0.828537	6.531174
39309	-7.728679	0.795669	6.598286
39310	-7.602859	0.747528	6.684166
39311	-7.488522	0.699407	6.811515
39312	-7.383140	0.644821	6.948570
39313	-7.284966	0.598124	7.080035
39314	-7.177280	0.536550	7.191033
39315	-7.055527	0.475267	7.283449
39316	-6.930332	0.411201	7.328304
39317	-6.804074	0.344005	7.327859
39318	-6.664565	0.278636	7.312805
39319	-6.507289	0.201937	7.333875
39320	-6.338735	0.140508	7.378804
39321	-6.168954	0.088320	7.393619
39322	-6.000450	0.046824	7.370427
39323	-5.834416	0.022581	7.341504
39324	-5.682425	0.020263	7.311618
39325	-5.543244	0.024798	7.257222
39326	-5.420386	0.027099	7.207084
39327	-5.296042	0.003213	7.187716
39328	-5.163974	-0.053035	7.218665
39329	-5.023109	-0.076165	7.280926
39330	-4.910738	-0.073157	7.314005
39331	-4.818126	-0.089968	7.299695
39332	-4.750507	-0.096850	7.234696
39333	-4.700875	-0.110489	7.146020
39334	-4.661330	-0.119688	7.085689
39335	-4.621666	-0.147591	7.070118
39336	-4.594995	-0.161648	7.077516
39337	-4.571639	-0.149076	7.086206
39338	-4.573112	-0.124188	7.090731
39339	-4.580672	-0.100012	7.082154
39340	-4.603185	-0.057380	7.075639
39341	-4.631395	0.005716	7.064677
39342	-4.665814	0.054864	7.036673
39343	-4.710968	0.084842	7.010126
39344	-4.752186	0.133075	7.030353
39345	-4.809279	0.176529	7.080529
39346	-4.861750	0.215386	7.128611
39347	-4.921254	0.277363	7.160784
39348	-4.992452	0.323649	7.176366
39349	-5.067546	0.365467	7.182374
39350	-5.146121	0.419761	7.174695
39351	-5.216796	0.447508	7.123837
39352	-5.273702	0.423126	7.054760
39353	-5.306740	0.389431	7.050938
39354	-5.308836	0.342519	7.097302
39355	-5.291035	0.357031	7.097409
39356	-5.256569	0.382240	7.023189
39357	-5.227907	0.461542	6.871742
39358	-5.206900	0.555777	6.661822
39359	-5.142863	0.567761	6.513946
39360	-5.063184	0.591568	6.447797
39361	-4.990693	0.596833	6.455016
39362	-4.939336	0.608392	6.431174
39363	-4.905061	0.607997	6.375972
39364	-4.897436	0.609762	6.298391
39365	-4.907025	0.611089	6.255209
39366	-4.931484	0.613857	6.264809
39367	-4.974892	0.624074	6.297532
39368	-5.027746	0.625194	6.325381
39369	-5.090044	0.629030	6.333473
39370	-5.152447	0.630274	6.285533
39371	-5.216102	0.642571	6.227145
39372	-5.276332	0.657649	6.194337
39373	-5.328393	0.661216	6.158767
39374	-5.370350	0.649567	6.109309
39375	-5.394112	0.639755	6.075552
39376	-5.403684	0.648738	6.069989
39377	-5.395806	0.667110	6.055352
39378	-5.376262	0.716273	6.010790
39379	-5.337214	0.789213	5.969456
39380	-5.280819	0.843994	5.950070
39381	-5.235574	0.879050	5.920379
39382	-5.221447	0.906504	5.834335
39383	-5.231002	0.870424	5.651276
39384	-5.220856	0.793014	5.394537
39385	-5.145824	0.642685	5.244329
39386	-5.025918	0.535985	5.266348
39387	-4.891783	0.455897	5.358887
39388	-4.741559	0.334980	5.378724
39389	-4.558210	0.181164	5.303407
39390	-4.362179	0.095019	5.156938
39391	-4.169257	0.028291	4.963445
39392	-3.986763	-0.101566	4.721622
39393	-3.800251	-0.211536	4.464304
39394	-3.628253	-0.296315	4.237901
39395	-3.473790	-0.384684	4.100139
39396	-3.329786	-0.454203	4.067419
39397	-3.196557	-0.501723	4.114219
39398	-3.081642	-0.535980	4.173264
39399	-3.000319	-0.544585	4.205618
39400	-2.952467	-0.550745	4.200115
39401	-2.933855	-0.544310	4.158911
39402	-2.932158	-0.553967	4.100036
39403	-2.939857	-0.570916	4.055141
39404	-2.955948	-0.601405	4.072479
39405	-2.968461	-0.616812	4.154235
39406	-2.970332	-0.623318	4.244960
39407	-2.977771	-0.652741	4.244812
39408	-2.989227	-0.665086	4.151708
39409	-3.003139	-0.681589	4.020324
39410	-3.012053	-0.695439	3.902210
39411	-3.008489	-0.723532	3.827807
39412	-2.986884	-0.751445	3.832523
39413	-2.961627	-0.762144	3.887530
39414	-2.937825	-0.777256	3.923780
39415	-2.917296	-0.791060	3.915072
39416	-2.903986	-0.795165	3.866494
39417	-2.902171	-0.796912	3.797870
39418	-2.909352	-0.787323	3.739904
39419	-2.918529	-0.760258	3.734139
39420	-2.928358	-0.741105	3.779744
39421	-2.939822	-0.720378	3.845790
39422	-2.953092	-0.698137	3.919588
39423	-2.969053	-0.682027	3.960431
39424	-2.983979	-0.673510	3.983189
39425	-3.000821	-0.654545	4.010933
39426	-3.012601	-0.627047	4.076525
39427	-3.010990	-0.609153	4.183227
39428	-3.001419	-0.590809	4.318758
39429	-2.982722	-0.580735	4.430879
39430	-2.963976	-0.565054	4.485062
39431	-2.948363	-0.548594	4.487353
39432	-2.935406	-0.515280	4.466806
39433	-2.920962	-0.491041	4.464860
39434	-2.914824	-0.471940	4.497055
39435	-2.913360	-0.463939	4.536473
39436	-2.913102	-0.463596	4.591375
39437	-2.923482	-0.436582	4.639729
39438	-2.936154	-0.438123	4.684905
39439	-2.953977	-0.449917	4.702438
39440	-2.978431	-0.469609	4.701310
39441	-3.005985	-0.483512	4.694145
39442	-3.025524	-0.495706	4.699597
39443	-3.031447	-0.518521	4.751897
39444	-3.035450	-0.530947	4.807919
39445	-3.043509	-0.543745	4.846580
39446	-3.062236	-0.544179	4.844209
39447	-3.086585	-0.542928	4.803246
39448	-3.110514	-0.525148	4.749621
39449	-3.135544	-0.509597	4.723479
39450	-3.153958	-0.485812	4.722818
39451	-3.174395	-0.432945	4.736187
39452	-3.200059	-0.365247	4.752879
39453	-3.239628	-0.264378	4.745317
39454	-3.290992	-0.150883	4.691707
39455	-3.355642	-0.042572	4.576142
39456	-3.439969	0.030231	4.419635
39457	-3.533610	0.065668	4.228769
39458	-3.617688	0.082322	4.030820
39459	-3.701824	0.026437	3.954046
39460	-3.760854	-0.030057	4.032903
39461	-3.818654	-0.076846	4.206223
39462	-3.874498	-0.120368	4.349771
39463	-3.923832	-0.157809	4.400172
39464	-3.966792	-0.188253	4.377826
39465	-3.991526	-0.210234	4.309534
39466	-4.012276	-0.233513	4.288187
39467	-4.031410	-0.257416	4.296064
39468	-4.043595	-0.300493	4.288449
39469	-4.052569	-0.350184	4.249996
39470	-4.066406	-0.382912	4.189216
39471	-4.077615	-0.399577	4.122799
39472	-4.092736	-0.437071	4.084960
39473	-4.108878	-0.488069	4.094297
39474	-4.114607	-0.541483	4.157298
39475	-4.125572	-0.576877	4.233965
39476	-4.135865	-0.596868	4.303480
39477	-4.150863	-0.598565	4.356786
39478	-4.157250	-0.609704	4.378630
39479	-4.165342	-0.608570	4.375733
39480	-4.168844	-0.601715	4.376852
39481	-4.161149	-0.625782	4.394632
39482	-4.140230	-0.641128	4.400272
39483	-4.114178	-0.656825	4.405822
39484	-4.089402	-0.660787	4.422398
39485	-4.069892	-0.657458	4.408606
39486	-4.056692	-0.648684	4.374498
39487	-4.050002	-0.626731	4.344008
39488	-4.049258	-0.601809	4.299526
39489	-4.053800	-0.583974	4.222523
39490	-4.048136	-0.563126	4.146154
39491	-4.039391	-0.541436	4.115058
39492	-4.030809	-0.524260	4.107141
39493	-4.021331	-0.514090	4.092057
39494	-4.014946	-0.508315	4.056104
39495	-4.010069	-0.496157	4.018367
39496	-4.006270	-0.491685	4.004874
39497	-3.996975	-0.483926	3.998910
39498	-3.971881	-0.491476	4.038935
39499	-3.956830	-0.490445	4.081896
39500	-3.949113	-0.495862	4.098872
39501	-3.954245	-0.483154	4.101969
39502	-3.970569	-0.445593	4.120989
39503	-3.990711	-0.402319	4.146356
39504	-4.009852	-0.368456	4.164021
39505	-4.039335	-0.333702	4.171259
39506	-4.064239	-0.309494	4.176062
39507	-4.075816	-0.294173	4.204619
39508	-4.083202	-0.273187	4.248713
39509	-4.080374	-0.265384	4.286056
39510	-4.075880	-0.250720	4.309718
39511	-4.070324	-0.239165	4.305833
39512	-4.066550	-0.219175	4.278307
39513	-4.057420	-0.208404	4.251715
39514	-4.037243	-0.204066	4.261574
39515	-4.010263	-0.198400	4.311682
39516	-3.980168	-0.178970	4.377975
39517	-3.944440	-0.167801	4.436780
39518	-3.908120	-0.169188	4.476520
39519	-3.881582	-0.167838	4.498582
39520	-3.857415	-0.158798	4.531579
39521	-3.833395	-0.154954	4.575999
39522	-3.811597	-0.163355	4.614418
39523	-3.783078	-0.165578	4.633200
39524	-3.756310	-0.161381	4.642417
39525	-3.731623	-0.151138	4.646760
39526	-3.714458	-0.140716	4.656503
39527	-3.705245	-0.121774	4.650157
39528	-3.700623	-0.099240	4.635024
39529	-3.691788	-0.109291	4.634821
39530	-3.683562	-0.111556	4.652682
39531	-3.661891	-0.099072	4.710248
39532	-3.639923	-0.086262	4.772801
39533	-3.617489	-0.081042	4.798910
39534	-3.593987	-0.064152	4.806486
39535	-3.561035	-0.066679	4.829029
39536	-3.522154	-0.079638	4.857194
39537	-3.481983	-0.093594	4.876661
39538	-3.444490	-0.108000	4.887767
39539	-3.410309	-0.115486	4.877469
39540	-3.382971	-0.118352	4.846530
39541	-3.361959	-0.127537	4.808134
39542	-3.357393	-0.116718	4.763294
39543	-3.363033	-0.094035	4.725942
39544	-3.363928	-0.086025	4.713371
39545	-3.365323	-0.100868	4.742149
39546	-3.364537	-0.111666	4.791620
39547	-3.367480	-0.109438	4.821965
39548	-3.380252	-0.074337	4.815063
39549	-3.396796	-0.014878	4.778932
39550	-3.409046	0.047638	4.741386
39551	-3.418909	0.094910	4.736781
39552	-3.434034	0.122277	4.745135
39553	-3.457586	0.146158	4.727866
39554	-3.490463	0.153974	4.648113
39555	-3.527732	0.135228	4.499761
39556	-3.566402	0.095407	4.334021
