// General information: 
//  MT Manager version: 2021.4.0 
//  XDA version: 2021.4.0 build 6323 rev 112641 built on 2021-09-28
// Device information: 
//  DeviceId: 00B4387C
//  ProductCode: MTW2-3A7G6
//  Firmware Version: 4.3.4
//  Hardware Version: 1.1.0
// Device settings: 
//  Filter Profile: human(46.1)
//  Option Flags: Orientation Smoother Disabled, Position/Velocity Smoother Disabled, Continuous Zero Rotation Update Disabled, AHS Disabled, ICC Disabled
// Coordinate system: ENU
PacketCounter	Roll	Pitch	Yaw
37482	-0.000310	0.001356	0.007332
37483	-0.001415	0.002745	0.005529
37484	-0.000218	0.001644	0.008103
37485	-0.000043	0.002027	0.008101
37486	-0.000283	-0.000064	0.007000
37487	-0.000441	0.000620	0.009145
37488	0.000199	0.001430	0.008285
37489	0.002145	0.001489	0.009377
37490	0.001729	0.001561	0.008802
37491	0.002804	-0.000760	0.010830
37492	0.001970	0.000268	0.010259
37493	0.002031	0.000090	0.010974
37494	0.002543	0.000180	0.012234
37495	0.002692	0.000745	0.010865
37496	0.002671	0.001304	0.009488
37497	0.001900	0.001421	0.010907
37498	0.000847	-0.000200	0.010611
37499	0.003185	0.000307	0.010904
37500	0.003407	0.002072	0.010048
37501	0.003370	0.001132	0.009455
37502	0.004034	0.000501	0.009391
37503	0.004687	0.001311	0.008550
37504	0.004272	0.001384	0.007974
37505	0.005478	0.002332	0.007587
37506	0.006433	0.000024	0.009639
37507	0.006952	0.001344	0.007601
37508	0.006409	0.000695	0.009146
37509	0.006795	0.001003	0.009095
37510	0.005323	0.000338	0.008804
37511	0.005780	0.000790	0.008781
37512	0.004576	-0.000110	0.009808
37513	0.006655	-0.000337	0.010688
37514	0.005403	0.001646	0.010122
37515	0.004435	-0.000169	0.009702
37516	0.005737	0.000894	0.009358
37517	0.005213	0.001047	0.008845
37518	0.005459	0.001372	0.008786
37519	0.005195	0.001365	0.008146
37520	0.005290	0.002410	0.009411
37521	0.003993	-0.000431	0.008609
37522	0.004263	-0.001547	0.009346
37523	0.003684	-0.000736	0.010113
37524	0.003930	-0.000411	0.010054
37525	0.003728	-0.000527	0.010856
37526	0.003974	-0.000202	0.010797
37527	0.003635	-0.000221	0.010168
37528	0.002256	0.001041	0.011723
37529	0.002308	-0.001273	0.011954
37530	0.002043	-0.001919	0.010054
37531	0.002711	-0.000642	0.011827
37532	0.002690	-0.000082	0.010449
37533	0.002628	-0.000950	0.009890
37534	0.002480	-0.001111	0.010632
37535	0.002321	-0.001310	0.011358
37536	0.001486	-0.000281	0.010788
37537	0.001700	-0.002641	0.010973
37538	0.000647	-0.004260	0.010676
37539	0.002227	-0.002641	0.009593
37540	0.003008	-0.002785	0.012170
37541	0.004251	-0.003017	0.012718
37542	0.004253	-0.003897	0.012136
37543	0.005120	-0.003375	0.012582
37544	0.005273	-0.004975	0.010677
37545	0.004960	-0.002933	0.011968
37546	0.005716	-0.001636	0.013749
37547	0.005305	-0.004566	0.014687
37548	0.005283	-0.004005	0.013310
37549	0.004734	-0.003152	0.014112
37550	0.004980	-0.002827	0.014052
37551	0.006001	-0.003669	0.015316
37552	0.005584	-0.003595	0.014740
37553	0.007034	-0.005494	0.015927
37554	0.005980	-0.007111	0.015630
37555	0.005736	-0.006810	0.015198
37556	0.005982	-0.006484	0.015139
37557	0.006597	-0.005550	0.014370
37558	0.006181	-0.005475	0.013794
37559	0.006060	-0.005678	0.014520
37560	0.007536	-0.006775	0.013647
37561	0.006042	-0.005401	0.013791
37562	0.005674	-0.008207	0.014805
37563	0.005709	-0.006436	0.013986
37564	0.006373	-0.007065	0.013920
37565	0.005185	-0.006332	0.014273
37566	0.006511	-0.006709	0.014724
37567	0.005741	-0.007153	0.014931
37568	0.005174	-0.006358	0.015679
37569	0.006525	-0.008290	0.016877
37570	0.007583	-0.008432	0.016010
37571	0.007586	-0.005927	0.016505
37572	0.006775	-0.006338	0.016730
37573	0.007131	-0.007644	0.017343
37574	0.005903	-0.007100	0.017574
37575	0.006595	-0.007826	0.017457
37576	0.006596	-0.008705	0.016874
37577	0.005109	-0.007163	0.017123
37578	0.005578	-0.011877	0.018123
37579	0.007201	-0.009430	0.018418
37580	0.007053	-0.009589	0.019159
37581	0.007708	-0.008837	0.018254
37582	0.007315	-0.010201	0.018472
37583	0.007314	-0.009674	0.017084
37584	0.006622	-0.009599	0.019950
37585	0.004390	-0.003441	0.000808
37586	0.004809	-0.005267	0.000205
37587	0.004272	-0.005113	-0.000328
37588	0.005204	-0.005970	0.000909
37589	0.005548	-0.005687	0.000826
37590	0.005374	-0.004399	0.000759
37591	0.006218	-0.005052	0.000667
37592	0.005895	-0.003045	0.001924
37593	0.006735	-0.004159	0.000680
37594	0.006805	-0.001666	0.001136
37595	0.006329	-0.004422	0.002190
37596	0.006304	-0.003854	0.000799
37597	0.005807	-0.003652	0.000302
37598	0.006321	-0.003554	0.001545
37599	0.005912	-0.003520	0.000943
37600	0.006575	-0.004141	0.000862
37601	0.007618	-0.005351	0.003370
37602	0.007151	-0.002388	0.001191
37603	0.007478	-0.002700	0.003255
37604	0.007454	-0.002131	0.001863
37605	0.006815	-0.002678	0.001988
37606	0.007722	-0.002094	0.002430
37607	0.007610	-0.003209	0.001678
37608	0.007706	-0.002156	0.002928
37609	0.007891	-0.002354	0.000200
37610	0.008160	-0.003461	0.000919
37611	0.008744	-0.005290	0.000302
37612	0.007908	-0.004252	-0.000282
37613	0.008839	-0.003706	0.000148
37614	0.009083	-0.003372	0.000074
37615	0.009680	-0.003919	0.000050
37616	0.009804	-0.004069	-0.002666
37617	0.010077	-0.003943	-0.001359
37618	0.011132	-0.004078	-0.002242
37619	0.009197	-0.003771	-0.002515
37620	0.009466	-0.004877	-0.001796
37621	0.009017	-0.004795	-0.002398
37622	0.009262	-0.004461	-0.002472
37623	0.009678	-0.004845	-0.003883
37624	0.010978	-0.003775	-0.004243
37625	0.010817	-0.005297	-0.002663
37626	0.010250	-0.004494	-0.001928
37627	0.010510	-0.003357	-0.004063
37628	0.011442	-0.004212	-0.002828
37629	0.011730	-0.003893	-0.002913
37630	0.012393	-0.004513	-0.002995
37631	0.012394	-0.004680	-0.002283
37632	0.012394	-0.005550	-0.002881
37633	0.011573	-0.005848	-0.002577
37634	0.011303	-0.006482	-0.004492
37635	0.010819	-0.008525	-0.002144
37636	0.012119	-0.007455	-0.002503
37637	0.011974	-0.007540	-0.001714
37638	0.011407	-0.006737	-0.000980
37639	0.011445	-0.006963	-0.000303
37640	0.010878	-0.006160	0.000432
37641	0.012211	-0.005977	-0.001332
37642	0.011006	-0.006863	-0.000320
37643	0.011299	-0.005945	-0.002591
37644	0.011961	-0.006564	-0.002673
37645	0.012089	-0.006304	-0.002791
37646	0.012088	-0.007173	-0.003389
37647	0.012187	-0.006000	-0.002042
37648	0.012039	-0.006150	-0.001316
37649	0.011229	-0.006504	-0.001080
37650	0.012137	-0.005919	-0.000639
37651	0.011858	-0.005693	-0.001137
37652	0.010899	-0.005375	0.000398
37653	0.011204	-0.003463	-0.000378
37654	0.011031	-0.002174	-0.000445
37655	0.011071	-0.001789	-0.000458
37656	0.011708	-0.000969	-0.001334
37657	0.009591	-0.001818	-0.002134
37658	0.009713	-0.002204	-0.000091
37659	0.010588	-0.002319	-0.000948
37660	0.010415	-0.001029	-0.001015
37661	0.009977	-0.000925	-0.001585
37662	0.008920	-0.002529	-0.001899
37663	0.009742	-0.003081	-0.001928
37664	0.010945	-0.004171	0.000623
37665	0.010307	-0.002229	-0.001951
37666	0.010577	-0.003332	-0.001234
37667	0.008730	-0.003046	-0.001543
37668	0.010326	-0.003650	0.000206
37669	0.010130	-0.003851	0.000921
37670	0.010792	-0.004469	0.000837
37671	0.010783	-0.005412	0.000192
37672	0.011002	-0.003637	-0.000676
37673	0.010030	-0.003187	0.000952
37674	0.008973	-0.004789	0.000638
37675	0.011217	-0.004306	0.000880
37676	0.009717	-0.003516	-0.000218
37677	0.010318	-0.004156	-0.000311
37678	0.010170	-0.004306	0.000415
37679	0.010754	-0.004803	0.000426
37680	0.011390	-0.003982	-0.000450
37681	0.010493	-0.004437	-0.000281
37682	0.010712	-0.002662	-0.001149
37683	0.010144	-0.001829	-0.000394
37684	0.010806	-0.002446	-0.000478
37685	0.010003	-0.001600	-0.001177
37686	0.010247	-0.001264	-0.001252
37687	0.010562	-0.000914	-0.001308
37688	0.010413	-0.001063	-0.000583
37689	0.010563	-0.000593	-0.002059
37690	0.009997	0.000211	-0.001325
37691	0.007858	0.000450	-0.001661
37692	0.008790	-0.000403	-0.000428
37693	0.008042	0.000592	-0.001059
37694	0.008040	-0.000274	-0.001659
37695	0.007821	-0.000464	-0.000947
37696	0.008091	-0.001566	-0.000231
37697	0.008029	-0.001035	-0.001633
37698	0.008299	-0.002137	-0.000916
37699	0.010013	-0.003393	-0.000438
37700	0.008784	-0.002837	-0.000219
37701	0.009346	-0.002866	0.000940
37702	0.010400	-0.002997	0.000055
37703	0.009306	-0.002020	-0.000533
37704	0.009183	-0.003607	0.000984
37705	0.009149	-0.002914	-0.000354
37706	0.010056	-0.002328	0.000086
37707	0.008319	-0.002042	-0.000230
37708	0.008834	-0.001941	0.001011
37709	0.009617	-0.001287	0.001509
37710	0.010279	-0.001903	0.001424
37711	0.010295	-0.002759	0.000843
37712	0.011228	-0.003611	0.002074
37713	0.009708	-0.002794	0.001001
37714	0.009143	-0.001989	0.001735
37715	0.009571	-0.000122	0.000915
37716	0.009177	-0.001473	0.001116
37717	0.007692	-0.000873	0.001397
37718	0.007689	-0.001738	0.000797
37719	0.007965	-0.001542	0.000639
37720	0.007691	-0.002171	-0.001278
37721	0.007314	-0.000228	-0.000030
37722	0.007584	-0.001329	0.000686
37723	0.006491	-0.002211	0.001709
37724	0.005628	0.000269	0.000336
37725	0.005592	0.001222	0.001544
37726	0.004509	0.001061	0.000437
37727	0.004776	0.001350	0.000344
37728	0.004874	0.002405	0.001594
37729	0.003243	0.003320	0.000617
37730	0.004840	0.002717	0.002363
37731	0.003800	0.001976	0.003452
37732	0.003772	0.002549	0.002060
37733	0.003051	0.002131	0.002281
37734	0.003295	0.002468	0.002205
37735	0.002321	0.002390	0.001144
37736	0.002837	0.002492	0.002384
37737	0.002940	0.000031	0.002484
37738	0.001830	0.001309	0.000585
37739	0.002499	0.002496	0.002303
37740	0.002496	0.001631	0.001702
37741	0.002718	0.001974	0.001643
37742	0.002861	0.000393	-0.000284
37743	0.002582	-0.001119	-0.000174
37744	0.003098	-0.001018	0.001065
37745	0.004003	-0.002383	-0.000366
37746	0.002748	-0.000388	-0.000938
37747	0.001732	-0.002076	-0.001306
37748	0.003031	-0.001005	-0.001668
37749	0.002721	-0.000932	-0.002275
37750	0.003382	-0.001548	-0.002362
37751	0.003332	-0.001615	-0.001586
37752	0.003721	-0.001993	-0.002988
37753	0.003460	-0.003733	-0.001548
37754	0.002988	-0.000769	-0.003721
37755	0.001978	-0.002496	-0.004120
37756	0.000920	-0.004093	-0.004436
37757	0.001716	-0.004742	-0.004540
37758	0.000905	-0.005138	-0.004331
37759	0.000518	-0.004918	-0.004830
37760	0.000345	-0.003627	-0.004897
37761	0.001859	-0.003261	-0.006564
37762	0.002674	-0.004833	-0.003218
37763	0.003234	-0.006674	-0.003849
37764	0.003478	-0.006335	-0.003926
37765	0.003010	-0.006319	-0.004558
37766	0.003007	-0.007182	-0.005161
37767	0.002317	-0.007616	-0.004966
37768	0.002143	-0.006325	-0.005033
37769	0.003593	-0.007985	-0.003723
37770	0.002338	-0.005990	-0.004294
37771	0.001244	-0.007537	-0.004582
37772	0.002570	-0.007903	-0.004155
37773	0.002193	-0.007889	-0.004790
37774	0.002854	-0.008503	-0.004877
37775	0.003057	-0.008322	-0.005031
37776	0.002883	-0.007031	-0.005098
37777	0.002963	-0.007218	-0.007824
37778	0.003924	-0.009506	-0.005806
37779	0.005247	-0.007102	-0.005537
37780	0.003771	-0.007744	-0.005844
37781	0.003197	-0.007828	-0.006538
37782	0.002386	-0.008222	-0.006329
37783	0.002655	-0.007967	-0.006447
37784	0.001843	-0.008362	-0.006239
37785	0.004280	-0.008472	0.002692
37786	0.003913	-0.011254	0.003687
37787	0.004267	-0.010110	0.001559
37788	0.004121	-0.010254	0.002290
37789	0.004327	-0.009903	0.002248
37790	0.004573	-0.009562	0.002178
37791	0.004249	-0.009344	0.001648
37792	0.003804	-0.007814	0.000274
37793	0.005093	-0.009694	0.001463
37794	0.004036	-0.011287	0.001153
37795	0.004118	-0.008694	0.001682
37796	0.003725	-0.010038	0.001886
37797	0.004490	-0.010664	0.001791
37798	0.004736	-0.010324	0.001721
37799	0.004359	-0.010304	0.001096
37800	0.004578	-0.008526	0.000237
37801	0.005449	-0.009234	0.000102
37802	0.006412	-0.011519	0.002126
37803	0.006803	-0.010490	-0.000070
37804	0.007049	-0.010149	-0.000140
37805	0.005519	-0.010785	-0.000410
37806	0.005791	-0.011881	0.000310
37807	0.005662	-0.011960	0.001095
37808	0.005517	-0.012103	0.001826
37809	0.006387	-0.013484	0.000377
37810	0.006660	-0.014580	0.001096
37811	0.006214	-0.013660	0.001891
37812	0.007242	-0.012350	0.000220
37813	0.006933	-0.012492	0.000988
37814	0.007179	-0.012151	0.000917
37815	0.008641	-0.012429	0.001402
37816	0.008470	-0.011136	0.001343
37817	0.008335	-0.009754	0.001341
37818	0.008751	-0.011565	0.000733
37819	0.008107	-0.011397	0.000222
37820	0.008627	-0.011292	0.001467
37821	0.008597	-0.011416	0.002215
37822	0.009924	-0.011778	0.002648
37823	0.010600	-0.012342	0.002591
37824	0.010976	-0.011522	0.005163
37825	0.011853	-0.012879	0.003742
37826	0.010600	-0.010881	0.003180
37827	0.011103	-0.012602	0.002624
37828	0.011349	-0.012260	0.002554
37829	0.010395	-0.012386	0.001471
37830	0.010250	-0.012529	0.002201
37831	0.009773	-0.013100	0.003758
37832	0.010684	-0.012510	0.004202
37833	0.010124	-0.013597	0.003108
37834	0.009706	-0.013503	0.002523
37835	0.009303	-0.013551	0.001863
37836	0.009302	-0.014408	0.001266
37837	0.009151	-0.014565	0.001991
37838	0.009122	-0.013987	0.000605
37839	0.008829	-0.013917	0.000005
37840	0.007629	-0.014791	0.001020
37841	0.009165	-0.013626	0.000708
37842	0.008107	-0.015215	0.000397
37843	0.010644	-0.014808	0.000534
37844	0.009808	-0.013761	-0.000039
37845	0.008598	-0.013117	0.000249
37846	0.009652	-0.013243	-0.000634
37847	0.008851	-0.012322	-0.001280
37848	0.009630	-0.012211	-0.003478
37849	0.009583	-0.013817	-0.001972
37850	0.009945	-0.012753	-0.004158
37851	0.008535	-0.010197	-0.003464
37852	0.008143	-0.011539	-0.003261
37853	0.008119	-0.011312	-0.003353
37854	0.009838	-0.011189	-0.003722
37855	0.008867	-0.010815	-0.002121
37856	0.009256	-0.011188	-0.003520
37857	0.008458	-0.011417	-0.003211
37858	0.009226	-0.010112	-0.001440
37859	0.009677	-0.011832	-0.001992
37860	0.008841	-0.010785	-0.002566
37861	0.008968	-0.009997	-0.003839
37862	0.008824	-0.010139	-0.003110
37863	0.008565	-0.010279	-0.002345
37864	0.009059	-0.008737	-0.001889
37865	0.008232	-0.008880	-0.001516
37866	0.007955	-0.009500	-0.003429
37867	0.008217	-0.010755	-0.002788
37868	0.006716	-0.009955	-0.003875
37869	0.005314	-0.010532	-0.004153
37870	0.005143	-0.009237	-0.004212
37871	0.005377	-0.010373	-0.003500
37872	0.005623	-0.010030	-0.003571
37873	0.005043	-0.011131	-0.004666
37874	0.006735	-0.009573	-0.005823
37875	0.006318	-0.012087	-0.004667
37876	0.005455	-0.009603	-0.006027
37877	0.005699	-0.009364	-0.006140
37878	0.004916	-0.011188	-0.005137
37879	0.005137	-0.010604	-0.005048
37880	0.005134	-0.011460	-0.005647
37881	0.005795	-0.009098	-0.007249
37882	0.004596	-0.009970	-0.006234
37883	0.006436	-0.010646	-0.004551
37884	0.005990	-0.009114	-0.005924
37885	0.007117	-0.009268	-0.006823
37886	0.006973	-0.009409	-0.006094
37887	0.008350	-0.009728	-0.005641
37888	0.008347	-0.010583	-0.006239
37889	0.008994	-0.010504	-0.005014
37890	0.008717	-0.011121	-0.006928
37891	0.008874	-0.012379	-0.006277
37892	0.009368	-0.010837	-0.005821
37893	0.008536	-0.009884	-0.006435
37894	0.009448	-0.009293	-0.005993
37895	0.009695	-0.009590	-0.007319
37896	0.009001	-0.009256	-0.009219
37897	0.008174	-0.008900	-0.007661
37898	0.008448	-0.009992	-0.006945
37899	0.008949	-0.011106	-0.006258
37900	0.008502	-0.009574	-0.007631
37901	0.009527	-0.009018	-0.007206
37902	0.010580	-0.009141	-0.008091
37903	0.010102	-0.008895	-0.008575
37904	0.009958	-0.009036	-0.007847
37905	0.009799	-0.008366	-0.009156
37906	0.009521	-0.008983	-0.011069
37907	0.010345	-0.008259	-0.010524
37908	0.011398	-0.008382	-0.011409
37909	0.011676	-0.007998	-0.011452
37910	0.012312	-0.007170	-0.012324
37911	0.013096	-0.007765	-0.012422
37912	0.013066	-0.007183	-0.013808
37913	0.012942	-0.008606	-0.012196
37914	0.011830	-0.007320	-0.014082
37915	0.012913	-0.007296	-0.014875
37916	0.012076	-0.006247	-0.015447
37917	0.011749	-0.007720	-0.015325
37918	0.011995	-0.007376	-0.015396
37919	0.012078	-0.008023	-0.015874
37920	0.012048	-0.007441	-0.017260
37921	0.011061	-0.010076	-0.014175
37922	0.011973	-0.009484	-0.013733
37923	0.011716	-0.009434	-0.014369
37924	0.010490	-0.008869	-0.014141
37925	0.010475	-0.009730	-0.014740
37926	0.010722	-0.009385	-0.014812
37927	0.010696	-0.010260	-0.015414
37928	0.011359	-0.010867	-0.015500
37929	0.011857	-0.010831	-0.014289
37930	0.010799	-0.012414	-0.014603
37931	0.011815	-0.011854	-0.014176
37932	0.011422	-0.013191	-0.013976
37933	0.012232	-0.012469	-0.013426
37934	0.012506	-0.013560	-0.012711
37935	0.012105	-0.013374	-0.013235
37936	0.011821	-0.012800	-0.011178
37937	0.011208	-0.013769	-0.012204
37938	0.013592	-0.013398	-0.012062
37939	0.014048	-0.015203	-0.012680
37940	0.012962	-0.015351	-0.013780
37941	0.012419	-0.015315	-0.014384
37942	0.013082	-0.015921	-0.014470
37943	0.013619	-0.016289	-0.015887
37944	0.013340	-0.016904	-0.017802
37945	0.012364	-0.015935	-0.014978
37946	0.012777	-0.017738	-0.015592
37947	0.012320	-0.017008	-0.014897
37948	0.013621	-0.015932	-0.015255
37949	0.013109	-0.015803	-0.015799
37950	0.013772	-0.016408	-0.015885
37951	0.013259	-0.016279	-0.016429
37952	0.013089	-0.014982	-0.016487
37953	0.013111	-0.017357	-0.016338
37954	0.012832	-0.017971	-0.018253
37955	0.014344	-0.015770	-0.018109
37956	0.013535	-0.016154	-0.017895
37957	0.013814	-0.016623	-0.019344
37958	0.013811	-0.017475	-0.019945
37959	0.013733	-0.017516	-0.019155
37960	0.013979	-0.017170	-0.019227
37961	0.012425	-0.016396	-0.020308
37962	0.013392	-0.018674	-0.018295
37963	0.013762	-0.017625	-0.020483
37964	0.014008	-0.017279	-0.020555
37965	0.014226	-0.017001	-0.020657
37966	0.012723	-0.016197	-0.021743
37967	0.013380	-0.016926	-0.021871
37968	0.013209	-0.015629	-0.021929
37969	0.013298	-0.017874	-0.021716
37970	0.013377	-0.015380	-0.021245
37971	0.013029	-0.016088	-0.023189
37972	0.012886	-0.016226	-0.022461
37973	0.013148	-0.015898	-0.022535
37974	0.013671	-0.015790	-0.021293
37975	0.013711	-0.015125	-0.022646
37976	0.013151	-0.014312	-0.021903
37977	0.013768	-0.014939	-0.021987
37978	0.013404	-0.017708	-0.021002
37979	0.014861	-0.015287	-0.020719
37980	0.013775	-0.015433	-0.021819
37981	0.014343	-0.015948	-0.021829
37982	0.014729	-0.016314	-0.023230
37983	0.014812	-0.016003	-0.023286
37984	0.014420	-0.017337	-0.023087
37985	0.014797	-0.014228	-0.023330
37986	0.014432	-0.016997	-0.022346
37987	0.014722	-0.015950	-0.024500
37988	0.013107	-0.015867	-0.023471
37989	0.014380	-0.014802	-0.023826
37990	0.015015	-0.013972	-0.024699
37991	0.014550	-0.013983	-0.025318
37992	0.013491	-0.015563	-0.025633
37993	0.012648	-0.013121	-0.026995
37994	0.012283	-0.015889	-0.026011
37995	0.012384	-0.013984	-0.026758
37996	0.013047	-0.014587	-0.026846
37997	0.012668	-0.014413	-0.027375
37998	0.013331	-0.015017	-0.027463
37999	0.012921	-0.014876	-0.028016
38000	0.012889	-0.014291	-0.029402
38001	0.014177	-0.016064	-0.028151
38002	0.013618	-0.015251	-0.027408
38003	0.015085	-0.012990	-0.027227
38004	0.014665	-0.012889	-0.027813
38005	0.014933	-0.011192	-0.028713
38006	0.014930	-0.012041	-0.029315
38007	0.015183	-0.011715	-0.029390
38008	0.014124	-0.013294	-0.029705
38009	0.012441	-0.011567	-0.029319
38010	0.013492	-0.011687	-0.030208
38011	0.012251	-0.012666	-0.029228
38012	0.012219	-0.012081	-0.030615
38013	0.012720	-0.012719	-0.030686
38014	0.012299	-0.012618	-0.031273
38015	0.012784	-0.011806	-0.032124
38016	0.012530	-0.013851	-0.033256
38017	0.013790	-0.014865	-0.030681
38018	0.013313	-0.011895	-0.032837
38019	0.012773	-0.011627	-0.033304
38020	0.012242	-0.012247	-0.031776
38021	0.012749	-0.011641	-0.032761
38022	0.011940	-0.012023	-0.032548
38023	0.012703	-0.011392	-0.032052
38024	0.013366	-0.011995	-0.032141
38025	0.012490	-0.011681	-0.030607
38026	0.012012	-0.008711	-0.032762
38027	0.011075	-0.010321	-0.033120
38028	0.011599	-0.010212	-0.031879
38029	0.010737	-0.008942	-0.032311
38030	0.011011	-0.010029	-0.031600
38031	0.010592	-0.008562	-0.033010
38032	0.011116	-0.008453	-0.031769
38033	0.011060	-0.010695	-0.031545
38034	0.011915	-0.007234	-0.032674
38035	0.011642	-0.010110	-0.031767
38036	0.011747	-0.010235	-0.034484
38037	0.011289	-0.010040	-0.034999
38038	0.011534	-0.009692	-0.035072
38039	0.011809	-0.008389	-0.033698
38040	0.011526	-0.008998	-0.035614
38041	0.012763	-0.010040	-0.033046
38042	0.012285	-0.007070	-0.035201
38043	0.011004	-0.007952	-0.034178
38044	0.010554	-0.006415	-0.035549
38045	0.011173	-0.007043	-0.035636
38046	0.011419	-0.006695	-0.035710
38047	0.012470	-0.007464	-0.034461
38048	0.012716	-0.007116	-0.034534
38049	0.012730	-0.006411	-0.035855
38050	0.013004	-0.007497	-0.035145
38051	0.013182	-0.005566	-0.035898
38052	0.012789	-0.006897	-0.035701
38053	0.013009	-0.006599	-0.035778
38054	0.012616	-0.007929	-0.035581
38055	0.013219	-0.008733	-0.035766
38056	0.013602	-0.009096	-0.037169
38057	0.012696	-0.009559	-0.036979
38058	0.014305	-0.010154	-0.035242
38059	0.012898	-0.008872	-0.037084
38060	0.013977	-0.010423	-0.037191
38061	0.013268	-0.010478	-0.037808
38062	0.013125	-0.010613	-0.037081
38063	0.012589	-0.009807	-0.036340
38064	0.013502	-0.009214	-0.035900
38065	0.011901	-0.010674	-0.034147
38066	0.012951	-0.010792	-0.035038
38067	0.013031	-0.011780	-0.034236
38068	0.013277	-0.011431	-0.034309
38069	0.012954	-0.011301	-0.034878
38070	0.012532	-0.011197	-0.035465
38071	0.012044	-0.011867	-0.033971
38072	0.012706	-0.012468	-0.034062
38073	0.012703	-0.011715	-0.035350
38074	0.011505	-0.012578	-0.034337
38075	0.013920	-0.012213	-0.034204
38076	0.013749	-0.010915	-0.034261
38077	0.012944	-0.011263	-0.034016
38078	0.013218	-0.012348	-0.033307
38079	0.012770	-0.011100	-0.033351
38080	0.013044	-0.012184	-0.032642
38081	0.012140	-0.012528	-0.032384
38082	0.011080	-0.014102	-0.032701
38083	0.013352	-0.013929	-0.032649
38084	0.012513	-0.012876	-0.033219
38085	0.011554	-0.013045	-0.032853
38086	0.011132	-0.012941	-0.033440
38087	0.011777	-0.013578	-0.033531
38088	0.012022	-0.013228	-0.033605
38089	0.011437	-0.014258	-0.034695
38090	0.011575	-0.014631	-0.032656
38091	0.012724	-0.014911	-0.033653
38092	0.011885	-0.013857	-0.034223
38093	0.010857	-0.014269	-0.033982
38094	0.011519	-0.014870	-0.034073
38095	0.011179	-0.014794	-0.033186
38096	0.010369	-0.015173	-0.032974
38097	0.011714	-0.014260	-0.033433
38098	0.011292	-0.014156	-0.034020
38099	0.013182	-0.015403	-0.033599
38100	0.011927	-0.013399	-0.034152
38101	0.011187	-0.013615	-0.033846
38102	0.011432	-0.013266	-0.033921
38103	0.010900	-0.012568	-0.033242
38104	0.009731	-0.014862	-0.031447
38105	0.010954	-0.013948	-0.031869
38106	0.009893	-0.015520	-0.032187
38107	0.012186	-0.015109	-0.032006
38108	0.010263	-0.013349	-0.033072
38109	0.009556	-0.013494	-0.032739
38110	0.009163	-0.014822	-0.032544
38111	0.008158	-0.014906	-0.033620
38112	0.008404	-0.014556	-0.033695
38113	0.008222	-0.014042	-0.035091
38114	0.007664	-0.013226	-0.034348
38115	0.008739	-0.015392	-0.032313
38116	0.007232	-0.014581	-0.033396
38117	0.008028	-0.014381	-0.032132
38118	0.007993	-0.013792	-0.033520
38119	0.008552	-0.014539	-0.033666
38120	0.009078	-0.014427	-0.032428
38121	0.009072	-0.013786	-0.033784
38122	0.009211	-0.014158	-0.031746
38123	0.007044	-0.013809	-0.031959
38124	0.008654	-0.014403	-0.030225
38125	0.008131	-0.014886	-0.028626
38126	0.007989	-0.015018	-0.027901
38127	0.008228	-0.014551	-0.027905
38128	0.008473	-0.014201	-0.027980
38129	0.007637	-0.014701	-0.027827
38130	0.007911	-0.015783	-0.027120
38131	0.008306	-0.016769	-0.026364
38132	0.008551	-0.016418	-0.026439
38133	0.009079	-0.017091	-0.026545
38134	0.008521	-0.016274	-0.025802
38135	0.009132	-0.016842	-0.025856
38136	0.008428	-0.016497	-0.027756
38137	0.008814	-0.018518	-0.023584
38138	0.009165	-0.017445	-0.025771
38139	0.009431	-0.015660	-0.026632
38140	0.009318	-0.017224	-0.025125
38141	0.009919	-0.016292	-0.025928
38142	0.010580	-0.016890	-0.026021
38143	0.009692	-0.017398	-0.025864
38144	0.008988	-0.017052	-0.027764
38145	0.009493	-0.017120	-0.026618
38146	0.008296	-0.017979	-0.025606
38147	0.007979	-0.015000	-0.027776
38148	0.007198	-0.016808	-0.026782
38149	0.006287	-0.015746	-0.027316
38150	0.007335	-0.015861	-0.028209
38151	0.006547	-0.016371	-0.028067
38152	0.006259	-0.016974	-0.029986
38153	0.006155	-0.018563	-0.028482
38154	0.005035	-0.017268	-0.030364
38155	0.004544	-0.016530	-0.029663
38156	0.004788	-0.016179	-0.029738
38157	0.005480	-0.016614	-0.029734
38158	0.005725	-0.016263	-0.029810
38159	0.005716	-0.014947	-0.029881
38160	0.005040	-0.016033	-0.031000
38161	0.003384	-0.014383	-0.030656
38162	0.005129	-0.015685	-0.030256
38163	0.005362	-0.013767	-0.031038
38164	0.004686	-0.014852	-0.032158
38165	0.005306	-0.015478	-0.032247
38166	0.004749	-0.014661	-0.031504
38167	0.004945	-0.014414	-0.031631
38168	0.004879	-0.012392	-0.033800
38169	0.004987	-0.014679	-0.033638
38170	0.003732	-0.012674	-0.034189
38171	0.003281	-0.012578	-0.034768
38172	0.004223	-0.013414	-0.033550
38173	0.005159	-0.012853	-0.033140
38174	0.005152	-0.013694	-0.033747
38175	0.005135	-0.013675	-0.032945
38176	0.004993	-0.013806	-0.032221
38177	0.006366	-0.013440	-0.033902
38178	0.006641	-0.014520	-0.033197
38179	0.006519	-0.014995	-0.035069
38180	0.006659	-0.015365	-0.033033
38181	0.006078	-0.015229	-0.033564
38182	0.005907	-0.013928	-0.033621
38183	0.006873	-0.013210	-0.033120
38184	0.005811	-0.014777	-0.033440
38185	0.009047	-0.013284	-0.028624
38186	0.009461	-0.015073	-0.029245
38187	0.009098	-0.014054	-0.028423
38188	0.009734	-0.013219	-0.029294
38189	0.010008	-0.012828	-0.029337
38190	0.010674	-0.013425	-0.029427
38191	0.010923	-0.012904	-0.029398
38192	0.010281	-0.015419	-0.029733
38193	0.012332	-0.015241	-0.028642
38194	0.010443	-0.014910	-0.028919
38195	0.010893	-0.013883	-0.031144
38196	0.009419	-0.014501	-0.031440
38197	0.009925	-0.014143	-0.030058
38198	0.010175	-0.013791	-0.030129
38199	0.010352	-0.012639	-0.028817
38200	0.010215	-0.012770	-0.028088
38201	0.011671	-0.014505	-0.026870
38202	0.011193	-0.011533	-0.029013
38203	0.011407	-0.012555	-0.028255
38204	0.011270	-0.012686	-0.027526
38205	0.011242	-0.012899	-0.026853
38206	0.012577	-0.013251	-0.026432
38207	0.012135	-0.013207	-0.027040
38208	0.012385	-0.012855	-0.027111
38209	0.012265	-0.015204	-0.026939
38210	0.011786	-0.012233	-0.029082
38211	0.011498	-0.014945	-0.028087
38212	0.011465	-0.014353	-0.029470
38213	0.011251	-0.014606	-0.028788
38214	0.010416	-0.013548	-0.029352
38215	0.011074	-0.014237	-0.029478
38216	0.010775	-0.012226	-0.028198
38217	0.011596	-0.013550	-0.029626
38218	0.010345	-0.011544	-0.030170
38219	0.011338	-0.011605	-0.031016
38220	0.010949	-0.012926	-0.030819
38221	0.010641	-0.013227	-0.030148
38222	0.010089	-0.012408	-0.029400
38223	0.010032	-0.012497	-0.028655
38224	0.009197	-0.011439	-0.029219
38225	0.010723	-0.013046	-0.027948
38226	0.010437	-0.013645	-0.029864
38227	0.009660	-0.012700	-0.028983
38228	0.008958	-0.012350	-0.030878
38229	0.008903	-0.012439	-0.030134
38230	0.007712	-0.013294	-0.029119
38231	0.007956	-0.012880	-0.029151
38232	0.008725	-0.012753	-0.031354
38233	0.006876	-0.011226	-0.031052
38234	0.007096	-0.009442	-0.031903
38235	0.008228	-0.012495	-0.031273
38236	0.008478	-0.012142	-0.031345
38237	0.008439	-0.011494	-0.032693
38238	0.009641	-0.011137	-0.030940
38239	0.008753	-0.011158	-0.032008
38240	0.008484	-0.010578	-0.029948
38241	0.008764	-0.010817	-0.032760
38242	0.009550	-0.009512	-0.030988
38243	0.008487	-0.010889	-0.031183
38244	0.008737	-0.010535	-0.031255
38245	0.008381	-0.010395	-0.031822
38246	0.008378	-0.011232	-0.032426
38247	0.008294	-0.009832	-0.032430
38248	0.007356	-0.009495	-0.030882
38249	0.008342	-0.010865	-0.032374
38250	0.007851	-0.012907	-0.030067
38251	0.008141	-0.011773	-0.032200
38252	0.008005	-0.011901	-0.031473
38253	0.007543	-0.011654	-0.031958
38254	0.007540	-0.012491	-0.032562
38255	0.007423	-0.012749	-0.031902
38256	0.007805	-0.013103	-0.033306
38257	0.006910	-0.010634	-0.034643
38258	0.007322	-0.012419	-0.035268
38259	0.006241	-0.010490	-0.035879
38260	0.007323	-0.012032	-0.035992
38261	0.006955	-0.011903	-0.036562
38262	0.007621	-0.012497	-0.036654
38263	0.007771	-0.012174	-0.036710
38264	0.005749	-0.011131	-0.035654
38265	0.007140	-0.012664	-0.034322
38266	0.006853	-0.013261	-0.036238
38267	0.007253	-0.014259	-0.035512
38268	0.007889	-0.013422	-0.036383
38269	0.007149	-0.012729	-0.035659
38270	0.007013	-0.012857	-0.034932
38271	0.007189	-0.012399	-0.034923
38272	0.007053	-0.012527	-0.034195
38273	0.006212	-0.012970	-0.034003
38274	0.005022	-0.013823	-0.032988
38275	0.005231	-0.011369	-0.032553
38276	0.006982	-0.012667	-0.032155
38277	0.007545	-0.011729	-0.032948
38278	0.006994	-0.010909	-0.032199
38279	0.005620	-0.011741	-0.032637
38280	0.006154	-0.011627	-0.031398
38281	0.006035	-0.010998	-0.032735
38282	0.006954	-0.010401	-0.032295
38283	0.005118	-0.009986	-0.032522
38284	0.006453	-0.010337	-0.032103
38285	0.005594	-0.010656	-0.031844
38286	0.005590	-0.011491	-0.032449
38287	0.005800	-0.011052	-0.032453
38288	0.006050	-0.010697	-0.032525
38289	0.005222	-0.011133	-0.032336
38290	0.006141	-0.010536	-0.031896
38291	0.006577	-0.011500	-0.031155
38292	0.006411	-0.010198	-0.031206
38293	0.006513	-0.009091	-0.029911
38294	0.005293	-0.008513	-0.029674
38295	0.005893	-0.008481	-0.028485
38296	0.006559	-0.009074	-0.028578
38297	0.005832	-0.009418	-0.028367
38298	0.005412	-0.009305	-0.028951
38299	0.004233	-0.007957	-0.030782
38300	0.004128	-0.009514	-0.029277
38301	0.004118	-0.009576	-0.028539
38302	0.003983	-0.009703	-0.027813
38303	0.004177	-0.009334	-0.027850
38304	0.002956	-0.008755	-0.027614
38305	0.004375	-0.007504	-0.027898
38306	0.005995	-0.008094	-0.026169
38307	0.004090	-0.007719	-0.026413
38308	0.003416	-0.008795	-0.027531
38309	0.003237	-0.007682	-0.027678
38310	0.003517	-0.008756	-0.026973
38311	0.004239	-0.009408	-0.027109
38312	0.003819	-0.009295	-0.027694
38313	0.005050	-0.010568	-0.025253
38314	0.003929	-0.009267	-0.027127
38315	0.003403	-0.008914	-0.027539
38316	0.003683	-0.009988	-0.026834
38317	0.002847	-0.009089	-0.027473
38318	0.002812	-0.008493	-0.028857
38319	0.003593	-0.008853	-0.028842
38320	0.002373	-0.008274	-0.028605
38321	0.002408	-0.007769	-0.030044
38322	0.001857	-0.006948	-0.029295
38323	0.003590	-0.008317	-0.028930
38324	0.001699	-0.007980	-0.029205
38325	0.001938	-0.007525	-0.029213
38326	0.001133	-0.007893	-0.028998
38327	0.001534	-0.008474	-0.029017
38328	0.001398	-0.008600	-0.028291
38329	0.002737	-0.007663	-0.028730
38330	0.002316	-0.007549	-0.029314
38331	0.001851	-0.006633	-0.028522
38332	0.002131	-0.007707	-0.027818
38333	0.003142	-0.007015	-0.027337
38334	0.003807	-0.007606	-0.027432
38335	0.004325	-0.007252	-0.027558
38336	0.005344	-0.005932	-0.029230
38337	0.005225	-0.007508	-0.027728
38338	0.005574	-0.006430	-0.029911
38339	0.006668	-0.008631	-0.027905
38340	0.005832	-0.007569	-0.028468
38341	0.005305	-0.006715	-0.027697
38342	0.005170	-0.006841	-0.026971
38343	0.005500	-0.006451	-0.027033
38344	0.006265	-0.006320	-0.029239
38345	0.008195	-0.006735	-0.028462
38346	0.007774	-0.006620	-0.029047
38347	0.006648	-0.005305	-0.030897
38348	0.006929	-0.006378	-0.030193
38349	0.008043	-0.005682	-0.029732
38350	0.008963	-0.005084	-0.029294
38351	0.008170	-0.005448	-0.029078
38352	0.009220	-0.005556	-0.029973
38353	0.008516	-0.006043	-0.029845
38354	0.009436	-0.005445	-0.029407
38355	0.009779	-0.006631	-0.028779
38356	0.009229	-0.005809	-0.028031
38357	0.009286	-0.005422	-0.028039
38358	0.009821	-0.005306	-0.026801
38359	0.009215	-0.005145	-0.027302
38360	0.008825	-0.006459	-0.027110
38361	0.008649	-0.005985	-0.028515
38362	0.009568	-0.005386	-0.028077
38363	0.008414	-0.004234	-0.030018
38364	0.008310	-0.005789	-0.028516
38365	0.008326	-0.005195	-0.029909
38366	0.008575	-0.004838	-0.029983
38367	0.009125	-0.005500	-0.030090
38368	0.009374	-0.005143	-0.030163
38369	0.008620	-0.005512	-0.029958
38370	0.006859	-0.005880	-0.031565
38371	0.006963	-0.003305	-0.031027
38372	0.007342	-0.003655	-0.032434
38373	0.006520	-0.003985	-0.032188
38374	0.006130	-0.005298	-0.031997
38375	0.005238	-0.005638	-0.031739
38376	0.005202	-0.005040	-0.033124
38377	0.004318	-0.005531	-0.032945
38378	0.004469	-0.005897	-0.030909
38379	0.005516	-0.006181	-0.031900
38380	0.005350	-0.004877	-0.031951
38381	0.005482	-0.004589	-0.032033
38382	0.004963	-0.005195	-0.030509
38383	0.004892	-0.003848	-0.030549
38384	0.004087	-0.004213	-0.030335
38385	0.010211	-0.017610	-0.027133
38386	0.009925	-0.018212	-0.029052
38387	0.009320	-0.017455	-0.028318
38388	0.009960	-0.016628	-0.029191
38389	0.010400	-0.017172	-0.029174
38390	0.009216	-0.018032	-0.028161
38391	0.008611	-0.017805	-0.028636
38392	0.009251	-0.016978	-0.029509
38393	0.007754	-0.015528	-0.029313
38394	0.010150	-0.015166	-0.029187
38395	0.010607	-0.016270	-0.028529
38396	0.010191	-0.016165	-0.029114
38397	0.010021	-0.016078	-0.028254
38398	0.010692	-0.016680	-0.028352
38399	0.010390	-0.016652	-0.028998
38400	0.009430	-0.014895	-0.028227
38401	0.011318	-0.015697	-0.028547
38402	0.010073	-0.013699	-0.029086
38403	0.009849	-0.014381	-0.031055
38404	0.008921	-0.014053	-0.029508
38405	0.009850	-0.013305	-0.028979
38406	0.009752	-0.014869	-0.027479
38407	0.009161	-0.012583	-0.027471
38408	0.008331	-0.011532	-0.028033
38409	0.008862	-0.012108	-0.028071
38410	0.009277	-0.013897	-0.028704
38411	0.007942	-0.011316	-0.027985
38412	0.007526	-0.011211	-0.028570
38413	0.008201	-0.010398	-0.029457
38414	0.008072	-0.010534	-0.028733
38415	0.008847	-0.011346	-0.027451
38416	0.007248	-0.011258	-0.026415
38417	0.007999	-0.012617	-0.027868
38418	0.007712	-0.013218	-0.029788
38419	0.007195	-0.013148	-0.030355
38420	0.008792	-0.012320	-0.029407
38421	0.008689	-0.013301	-0.030056
38422	0.008145	-0.012490	-0.029308
38423	0.007645	-0.012577	-0.029972
38424	0.007229	-0.012471	-0.030558
38425	0.007629	-0.011730	-0.028021
38426	0.007341	-0.012331	-0.029940
38427	0.006822	-0.011541	-0.029202
38428	0.006789	-0.010954	-0.030587
38429	0.006862	-0.010736	-0.030683
38430	0.006861	-0.011577	-0.031293
38431	0.007059	-0.011289	-0.031386
38432	0.007698	-0.010462	-0.032260
38433	0.007624	-0.012151	-0.030830
38434	0.008486	-0.008708	-0.031943
38435	0.007279	-0.010359	-0.032263
38436	0.007150	-0.010495	-0.031539
38437	0.007198	-0.010189	-0.031572
38438	0.006399	-0.010565	-0.031359
38439	0.006679	-0.010185	-0.031413
38440	0.005848	-0.009133	-0.031975
38441	0.007246	-0.010937	-0.030796
38442	0.007469	-0.009163	-0.031646
38443	0.006913	-0.009247	-0.032295
38444	0.007168	-0.008901	-0.032370
38445	0.007825	-0.009462	-0.032440
38446	0.007281	-0.008651	-0.031692
38447	0.007717	-0.008384	-0.031845
38448	0.008130	-0.010171	-0.032479
38449	0.008462	-0.009492	-0.029956
38450	0.006831	-0.010573	-0.032898
38451	0.007584	-0.009369	-0.031154
38452	0.006880	-0.009022	-0.033050
38453	0.007437	-0.008166	-0.033880
38454	0.006637	-0.008541	-0.033667
38455	0.005938	-0.007348	-0.034170
38456	0.006449	-0.005815	-0.033710
38457	0.007200	-0.006541	-0.033894
38458	0.008189	-0.008810	-0.031909
38459	0.009184	-0.007998	-0.031368
38460	0.008736	-0.006464	-0.032729
38461	0.008744	-0.007393	-0.033380
38462	0.007561	-0.008249	-0.032368
38463	0.007119	-0.008201	-0.032957
38464	0.006576	-0.007389	-0.032209
38465	0.007543	-0.008472	-0.033560
38466	0.007639	-0.005992	-0.033076
38467	0.007958	-0.007760	-0.033665
38468	0.006775	-0.008617	-0.032653
38469	0.007010	-0.008485	-0.032827
38470	0.007392	-0.008844	-0.034236
38471	0.007616	-0.008570	-0.034338
38472	0.008127	-0.007037	-0.033878
38473	0.007578	-0.008110	-0.035032
38474	0.007991	-0.009895	-0.035668
38475	0.008834	-0.008614	-0.033913
38476	0.009472	-0.007786	-0.034787
38477	0.009779	-0.007548	-0.034939
38478	0.009236	-0.006736	-0.034191
38479	0.009487	-0.006341	-0.034239
38480	0.012680	-0.006444	-0.034940
38481	0.010895	-0.004910	-0.034618
38482	0.011947	-0.005028	-0.035517
38483	0.010772	-0.005813	-0.034455
38484	0.010099	-0.006892	-0.035577
38485	0.011366	-0.007215	-0.035125
38486	0.010950	-0.007108	-0.035711
38487	0.011544	-0.007838	-0.035863
38488	0.012628	-0.009383	-0.035989
38489	0.011980	-0.006825	-0.037318
38490	0.012780	-0.005534	-0.035549
38491	0.012470	-0.006092	-0.037439
38492	0.012342	-0.006226	-0.036716
38493	0.013463	-0.007785	-0.036856
38494	0.013046	-0.007678	-0.037442
38495	0.013362	-0.007375	-0.037563
38496	0.012147	-0.006803	-0.037326
38497	0.013545	-0.008555	-0.036122
38498	0.013893	-0.007485	-0.038306
38499	0.012411	-0.008362	-0.037227
38500	0.012251	-0.007068	-0.037278
38501	0.011463	-0.007545	-0.037131
38502	0.011335	-0.007678	-0.036408
38503	0.012163	-0.008213	-0.036514
38504	0.012926	-0.008089	-0.038723
38505	0.014338	-0.009112	-0.036215
38506	0.012451	-0.008779	-0.036487
38507	0.012566	-0.006321	-0.036010
38508	0.011892	-0.007398	-0.037133
38509	0.012638	-0.007905	-0.037193
38510	0.013564	-0.007317	-0.036759
38511	0.013367	-0.007149	-0.037367
38512	0.013207	-0.005856	-0.037418
38513	0.012970	-0.006882	-0.034680
38514	0.012678	-0.007478	-0.036602
38515	0.012799	-0.005078	-0.036159
38516	0.013343	-0.004971	-0.034926
38517	0.013602	-0.004770	-0.035075
38518	0.013888	-0.005849	-0.034378
38519	0.012319	-0.006548	-0.034694
38520	0.012159	-0.005255	-0.034745
38521	0.012738	-0.005994	-0.034897
38522	0.012321	-0.005886	-0.035484
38523	0.012447	-0.004246	-0.036379
38524	0.011773	-0.005323	-0.037502
38525	0.011288	-0.005961	-0.035993
38526	0.011542	-0.005613	-0.036069
38527	0.011470	-0.005106	-0.037485
38528	0.011309	-0.003812	-0.037535
38529	0.011170	-0.005312	-0.036000
38530	0.010627	-0.004499	-0.035252
38531	0.011637	-0.004595	-0.036119
38532	0.010837	-0.004968	-0.035907
38533	0.011073	-0.004638	-0.035986
38534	0.010688	-0.005956	-0.035800
38535	0.010522	-0.004721	-0.035883
38536	0.008958	-0.006055	-0.034074
38537	0.009544	-0.005762	-0.032759
38538	0.011235	-0.004212	-0.033923
38539	0.008556	-0.004795	-0.032541
38540	0.010311	-0.006098	-0.032160
38541	0.010225	-0.006360	-0.031518
38542	0.010479	-0.006012	-0.031595
38543	0.011076	-0.006557	-0.031630
38544	0.010401	-0.007633	-0.032753
38545	0.010987	-0.007372	-0.031440
38546	0.012553	-0.005118	-0.031269
38547	0.010617	-0.004933	-0.031602
38548	0.011958	-0.005291	-0.031195
38549	0.011967	-0.004955	-0.031199
38550	0.011550	-0.004846	-0.031786
38551	0.011401	-0.005716	-0.032375
38552	0.011978	-0.007036	-0.030371
38553	0.011103	-0.007423	-0.030146
38554	0.011449	-0.006351	-0.032330
38555	0.011585	-0.004542	-0.033131
38556	0.011075	-0.005156	-0.031611
38557	0.011138	-0.004466	-0.032962
38558	0.010338	-0.004838	-0.032750
38559	0.010272	-0.004808	-0.031953
38560	0.010558	-0.005886	-0.031258
38561	0.009096	-0.005030	-0.032313
38562	0.011491	-0.004667	-0.032195
38563	0.010543	-0.006833	-0.033795
38564	0.010000	-0.006020	-0.033047
38565	0.010294	-0.006330	-0.034390
38566	0.010806	-0.004797	-0.033930
38567	0.011421	-0.005348	-0.033995
38568	0.011449	-0.007610	-0.033837
38569	0.011862	-0.007406	-0.032514
38570	0.011568	-0.007999	-0.034436
38571	0.011908	-0.009188	-0.033818
38572	0.011872	-0.008597	-0.035204
38573	0.011436	-0.008552	-0.035820
38574	0.011308	-0.008683	-0.035098
38575	0.012620	-0.008951	-0.034627
38576	0.012202	-0.008840	-0.035214
38577	0.013447	-0.009903	-0.032675
38578	0.013793	-0.008830	-0.034859
38579	0.012855	-0.007710	-0.036867
38580	0.013465	-0.010455	-0.034093
38581	0.013016	-0.010254	-0.034614
38582	0.013012	-0.011089	-0.035228
38583	0.013137	-0.011059	-0.034471
38584	0.013423	-0.012135	-0.033777
38585	0.010706	-0.016238	-0.023977
38586	0.008936	-0.016608	-0.025578
38587	0.008911	-0.014975	-0.026422
38588	0.008519	-0.016293	-0.026231
38589	0.008846	-0.015906	-0.026295
38590	0.009094	-0.015560	-0.026366
38591	0.008632	-0.015385	-0.026903
38592	0.009843	-0.015042	-0.025156
38593	0.009883	-0.014486	-0.026583
38594	0.010803	-0.013901	-0.026144
38595	0.011113	-0.015770	-0.026790
38596	0.010274	-0.014717	-0.027344
38597	0.010186	-0.014995	-0.026695
38598	0.009762	-0.014887	-0.027276
38599	0.010108	-0.015846	-0.026531
38600	0.010647	-0.015742	-0.025294
38601	0.010430	-0.015170	-0.026630
38602	0.011474	-0.015288	-0.027528
38603	0.012041	-0.016181	-0.026810
38604	0.012670	-0.015354	-0.027680
38605	0.013326	-0.014598	-0.028589
38606	0.013606	-0.015677	-0.027890
38607	0.013164	-0.014785	-0.027106
38608	0.014589	-0.014421	-0.028802
38609	0.012812	-0.012984	-0.028526
38610	0.012453	-0.015728	-0.027565
38611	0.012798	-0.014734	-0.029777
38612	0.012283	-0.015348	-0.028251
38613	0.011970	-0.015261	-0.028865
38614	0.012632	-0.015859	-0.028964
38615	0.011785	-0.016097	-0.028651
38616	0.011775	-0.016934	-0.029260
38617	0.012140	-0.013966	-0.029513
38618	0.012421	-0.015044	-0.028814
38619	0.013376	-0.015166	-0.029669
38620	0.012602	-0.016964	-0.028681
38621	0.012517	-0.016289	-0.029991
38622	0.013438	-0.015704	-0.029553
38623	0.013394	-0.015315	-0.031047
38624	0.013001	-0.016632	-0.030857
38625	0.012191	-0.014174	-0.032200
38626	0.012472	-0.015252	-0.031501
38627	0.012827	-0.016399	-0.030855
38628	0.013075	-0.016052	-0.030927
38629	0.011750	-0.016709	-0.031289
38630	0.011616	-0.016842	-0.030562
38631	0.011010	-0.015897	-0.029703
38632	0.010876	-0.016031	-0.028976
38633	0.009416	-0.015206	-0.030049
38634	0.010460	-0.015323	-0.030947
38635	0.009404	-0.017012	-0.031336
38636	0.010616	-0.016669	-0.029590
38637	0.011277	-0.017042	-0.029564
38638	0.011525	-0.016694	-0.029636
38639	0.011066	-0.016545	-0.030179
38640	0.010382	-0.017619	-0.031298
38641	0.010862	-0.018263	-0.031356
38642	0.010955	-0.015788	-0.030862
38643	0.010648	-0.018413	-0.029853
38644	0.010727	-0.018525	-0.032569
38645	0.010004	-0.018274	-0.032980
38646	0.010665	-0.018871	-0.033080
38647	0.010578	-0.019570	-0.033599
38648	0.010578	-0.019570	-0.033599
38649	0.009825	-0.020537	-0.034636
38650	0.010228	-0.022316	-0.035274
38651	0.009722	-0.021390	-0.034466
38652	0.010765	-0.021506	-0.035364
38653	0.010155	-0.020585	-0.034527
38654	0.010816	-0.021182	-0.034628
38655	0.010599	-0.019805	-0.034597
38656	0.010499	-0.021363	-0.033101
38657	0.008191	-0.019485	-0.035479
38658	0.009818	-0.020085	-0.033762
38659	0.009415	-0.020806	-0.035712
38660	0.009281	-0.020938	-0.034986
38661	0.008843	-0.020717	-0.035499
38662	0.009091	-0.020368	-0.035571
38663	0.009807	-0.021165	-0.035797
38664	0.010346	-0.021060	-0.034562
38665	0.010410	-0.023261	-0.034379
38666	0.011265	-0.019825	-0.035481
38667	0.010240	-0.021431	-0.035840
38668	0.010779	-0.021325	-0.034605
38669	0.010151	-0.020357	-0.033733
38670	0.010812	-0.020952	-0.033834
38671	0.012264	-0.021323	-0.033457
38672	0.012511	-0.020974	-0.033529
38673	0.013875	-0.022800	-0.032373
38674	0.012621	-0.020800	-0.032897
38675	0.012227	-0.023533	-0.031908
38676	0.011801	-0.023422	-0.032489
38677	0.012230	-0.023363	-0.032779
38678	0.012477	-0.023014	-0.032851
38679	0.012365	-0.023152	-0.032128
38680	0.012734	-0.023505	-0.033537
38681	0.012522	-0.021682	-0.032354
38682	0.012803	-0.022758	-0.031657
38683	0.012518	-0.023373	-0.033601
38684	0.012799	-0.024449	-0.032904
38685	0.013460	-0.023665	-0.033806
38686	0.012913	-0.022853	-0.033051
38687	0.013741	-0.022068	-0.034000
38688	0.012813	-0.021736	-0.032447
38689	0.012836	-0.023817	-0.032191
38690	0.011583	-0.021817	-0.032714
38691	0.011815	-0.022927	-0.032026
38692	0.011423	-0.024240	-0.031839
38693	0.010925	-0.024131	-0.032398
38694	0.011846	-0.023544	-0.031961
38695	0.011967	-0.023142	-0.031966
38696	0.013268	-0.022075	-0.032328
38697	0.013814	-0.022604	-0.032360
38698	0.013454	-0.025341	-0.031404
38699	0.013751	-0.023514	-0.032234
38700	0.013739	-0.024347	-0.032845
38701	0.013058	-0.024359	-0.033416
38702	0.012925	-0.024490	-0.032690
38703	0.012158	-0.024854	-0.032479
38704	0.011610	-0.024041	-0.031724
38705	0.012422	-0.025285	-0.033137
38706	0.012515	-0.022810	-0.032642
38707	0.011583	-0.024303	-0.032965
38708	0.011571	-0.025135	-0.033576
38709	0.011897	-0.024844	-0.033697
38710	0.012177	-0.025918	-0.033001
38711	0.011761	-0.025722	-0.033543
38712	0.011334	-0.025610	-0.034125
38713	0.011274	-0.025007	-0.035492
38714	0.011434	-0.025381	-0.033459
38715	0.011619	-0.026270	-0.032637
38716	0.010779	-0.025213	-0.033189
38717	0.010932	-0.024824	-0.033204
38718	0.011179	-0.024474	-0.033277
38719	0.010245	-0.024895	-0.033050
38720	0.010112	-0.025025	-0.032325
38721	0.010520	-0.024158	-0.029715
38722	0.009453	-0.025707	-0.030037
38723	0.009938	-0.024569	-0.032220
38724	0.011306	-0.026350	-0.031046
38725	0.010811	-0.026124	-0.031543
38726	0.011058	-0.025774	-0.031616
38727	0.011534	-0.027356	-0.032176
38728	0.011782	-0.027005	-0.032249
38729	0.010955	-0.027515	-0.032091
38730	0.010529	-0.027401	-0.032673
38731	0.011505	-0.026741	-0.032213
38732	0.011233	-0.028753	-0.033364
38733	0.010270	-0.030389	-0.033764
38734	0.009723	-0.029575	-0.033009
38735	0.009093	-0.030623	-0.034135
38736	0.009460	-0.030973	-0.035546
38737	0.009881	-0.030196	-0.032992
38738	0.010215	-0.029123	-0.035170
38739	0.009560	-0.028347	-0.034405
38740	0.010221	-0.028940	-0.034509
38741	0.009938	-0.029029	-0.033710
38742	0.010599	-0.029622	-0.033813
38743	0.010547	-0.029861	-0.033165
38744	0.011208	-0.030454	-0.033269
38745	0.010399	-0.030967	-0.033132
38746	0.009852	-0.030153	-0.032377
38747	0.010134	-0.028968	-0.034492
38748	0.010709	-0.030284	-0.032490
38749	0.012151	-0.031219	-0.033350
38750	0.011724	-0.031105	-0.033932
38751	0.010847	-0.031294	-0.033597
38752	0.011768	-0.030707	-0.033162
38753	0.010184	-0.029913	-0.034203
38754	0.010465	-0.030986	-0.033508
38755	0.010852	-0.032858	-0.034198
38756	0.009337	-0.032037	-0.035259
38757	0.010072	-0.031384	-0.036246
38758	0.009939	-0.031513	-0.035522
38759	0.009908	-0.031399	-0.034691
38760	0.011243	-0.031754	-0.034286
38761	0.009843	-0.030738	-0.035272
38762	0.010124	-0.031811	-0.034578
38763	0.010920	-0.031104	-0.034039
38764	0.010493	-0.030989	-0.034622
38765	0.011509	-0.030931	-0.035418
38766	0.012170	-0.031523	-0.035522
38767	0.012635	-0.031913	-0.036982
38768	0.011482	-0.034182	-0.035200
38769	0.012839	-0.033576	-0.036750
38770	0.013001	-0.033948	-0.034719
38771	0.014128	-0.034107	-0.035667
38772	0.013701	-0.033992	-0.036249
38773	0.014051	-0.033648	-0.036345
38774	0.014973	-0.033059	-0.035910
38775	0.015432	-0.033821	-0.036043
38776	0.014330	-0.033942	-0.037134
38777	0.014737	-0.033097	-0.034524
38778	0.015069	-0.032022	-0.036702
38779	0.014632	-0.031175	-0.035961
38780	0.014238	-0.032483	-0.035776
38781	0.014372	-0.032167	-0.035836
38782	0.015294	-0.031579	-0.035401
38783	0.014978	-0.032880	-0.035230
38784	0.015604	-0.032049	-0.036101
38785	0.010658	-0.024144	-0.023100
38786	0.010933	-0.025205	-0.022397
38787	0.011845	-0.025256	-0.023220
38788	0.010585	-0.023244	-0.023730
38789	0.011140	-0.023950	-0.023855
38790	0.011382	-0.023588	-0.023919
38791	0.010581	-0.023958	-0.023698
38792	0.011910	-0.024303	-0.023284
38793	0.011099	-0.024784	-0.023120
38794	0.009198	-0.024432	-0.023371
38795	0.010151	-0.023935	-0.022986
38796	0.010013	-0.024053	-0.022251
38797	0.010278	-0.025036	-0.021496
38798	0.010554	-0.026097	-0.020793
38799	0.010840	-0.025565	-0.020773
38800	0.010407	-0.025440	-0.021345
38801	0.010496	-0.026868	-0.019834
38802	0.010821	-0.025783	-0.022002
38803	0.011129	-0.027553	-0.022612
38804	0.010957	-0.026248	-0.022644
38805	0.011295	-0.027319	-0.021958
38806	0.011654	-0.027656	-0.023360
38807	0.012053	-0.028685	-0.022672
38808	0.012412	-0.029022	-0.024073
38809	0.013599	-0.030294	-0.021645
38810	0.010990	-0.028754	-0.023170
38811	0.011836	-0.028152	-0.022698
38812	0.010728	-0.028262	-0.023779
38813	0.010763	-0.028383	-0.023091
38814	0.010626	-0.028501	-0.022356
38815	0.010457	-0.028622	-0.021610
38816	0.011491	-0.028723	-0.022504
38817	0.010000	-0.027234	-0.022276
38818	0.010276	-0.028294	-0.021574
38819	0.011354	-0.028438	-0.022499
38820	0.011925	-0.029741	-0.020490
38821	0.011402	-0.028823	-0.019679
38822	0.011087	-0.029396	-0.021589
38823	0.010813	-0.029411	-0.020755
38824	0.011350	-0.029292	-0.019513
38825	0.012192	-0.030580	-0.020966
38826	0.012281	-0.028095	-0.020457
38827	0.011964	-0.028598	-0.022325
38828	0.011152	-0.028951	-0.022100
38829	0.011436	-0.028525	-0.022137
38830	0.010624	-0.028878	-0.021911
38831	0.010629	-0.029640	-0.022488
38832	0.011545	-0.029041	-0.022044
38833	0.011565	-0.027674	-0.022093
38834	0.011841	-0.028733	-0.021392
38835	0.010896	-0.030127	-0.021665
38836	0.011434	-0.030007	-0.020423
38837	0.010691	-0.030311	-0.020185
38838	0.010257	-0.030183	-0.020758
38839	0.010604	-0.029906	-0.020895
38840	0.011107	-0.028365	-0.020419
38841	0.012436	-0.029921	-0.019111
38842	0.011175	-0.027908	-0.019618
38843	0.009996	-0.028697	-0.018568
38844	0.009562	-0.028569	-0.019141
38845	0.009157	-0.030109	-0.019074
38846	0.009695	-0.029989	-0.017832
38847	0.009114	-0.029729	-0.018285
38848	0.010182	-0.031251	-0.018414
38849	0.008520	-0.029777	-0.018144
38850	0.008155	-0.032494	-0.017186
38851	0.008290	-0.031418	-0.019299
38852	0.008827	-0.031299	-0.018058
38853	0.007956	-0.031535	-0.017748
38854	0.006730	-0.030944	-0.017490
38855	0.006747	-0.031048	-0.016790
38856	0.007781	-0.031147	-0.017685
38857	0.006122	-0.029561	-0.017355
38858	0.007107	-0.031806	-0.015381
38859	0.006624	-0.028789	-0.017459
38860	0.005845	-0.030563	-0.016469
38861	0.006662	-0.029900	-0.015957
38862	0.005849	-0.030251	-0.015732
38863	0.007152	-0.029104	-0.016047
38864	0.007509	-0.029439	-0.017450
38865	0.005832	-0.027865	-0.017120
38866	0.005467	-0.030580	-0.016162
38867	0.006907	-0.028375	-0.015965
38868	0.005832	-0.029904	-0.016280
38869	0.005731	-0.029984	-0.015535
38870	0.005035	-0.031034	-0.016649
38871	0.004398	-0.031364	-0.016460
38872	0.005233	-0.031488	-0.013913
38873	0.006057	-0.032590	-0.015265
38874	0.004796	-0.030576	-0.015772
38875	0.006579	-0.031751	-0.015342
38876	0.004678	-0.031394	-0.015591
38877	0.005278	-0.031641	-0.015488
38878	0.005140	-0.031756	-0.014755
38879	0.005022	-0.032595	-0.015339
38880	0.004587	-0.032465	-0.015912
38881	0.004587	-0.033986	-0.014431
38882	0.003512	-0.035514	-0.014747
38883	0.003902	-0.034335	-0.016880
38884	0.004440	-0.034214	-0.015639
38885	0.005142	-0.034759	-0.015728
38886	0.004329	-0.035109	-0.015503
38887	0.004193	-0.035475	-0.014903
38888	0.004172	-0.036288	-0.015509
38889	0.002430	-0.034628	-0.015114
38890	0.004173	-0.035913	-0.014738
38891	0.005182	-0.035309	-0.014316
38892	0.005423	-0.034944	-0.014381
38893	0.005482	-0.035106	-0.013728
38894	0.005310	-0.033799	-0.013760
38895	0.006085	-0.034462	-0.013936
38896	0.005534	-0.033634	-0.013170
38897	0.004870	-0.031772	-0.015802
38898	0.006682	-0.035899	-0.013898
38899	0.006940	-0.034154	-0.014760
38900	0.006919	-0.034966	-0.015366
38901	0.006195	-0.034123	-0.016063
38902	0.006321	-0.033060	-0.014789
38903	0.006569	-0.032504	-0.014747
38904	0.006397	-0.031197	-0.014779
38905	0.006348	-0.033479	-0.014624
38906	0.007195	-0.030035	-0.015710
38907	0.005323	-0.031735	-0.013062
38908	0.006057	-0.031589	-0.015264
38909	0.006844	-0.030992	-0.014780
38910	0.006031	-0.031341	-0.014556
38911	0.005991	-0.030703	-0.014383
38912	0.006761	-0.031978	-0.015821
38913	0.006527	-0.030703	-0.015846
38914	0.005451	-0.032229	-0.016163
38915	0.004796	-0.031426	-0.015373
38916	0.004361	-0.031295	-0.015946
38917	0.004278	-0.031346	-0.015190
38918	0.003430	-0.030273	-0.015729
38919	0.003729	-0.031228	-0.014978
38920	0.003032	-0.032275	-0.016092
38921	0.003499	-0.029307	-0.016372
38922	0.003134	-0.032018	-0.015417
38923	0.005415	-0.031672	-0.015277
38924	0.004683	-0.031297	-0.017156
38925	0.004920	-0.030983	-0.017243
38926	0.005161	-0.030618	-0.017309
38927	0.005878	-0.030476	-0.016107
38928	0.005741	-0.030589	-0.015375
38929	0.006949	-0.029640	-0.015770
38930	0.006514	-0.029508	-0.016343
38931	0.006784	-0.027538	-0.017087
38932	0.005971	-0.027886	-0.016862
38933	0.005784	-0.027986	-0.016103
38934	0.005384	-0.029276	-0.015912
38935	0.005382	-0.029246	-0.015138
38936	0.005738	-0.029578	-0.016543
38937	0.004176	-0.030114	-0.013376
38938	0.005849	-0.028554	-0.014529
38939	0.003772	-0.028309	-0.014783
38940	0.005515	-0.029592	-0.014410
38941	0.005095	-0.029640	-0.015080
38942	0.005371	-0.030694	-0.014382
38943	0.005509	-0.031439	-0.014996
38944	0.005750	-0.031072	-0.015062
38945	0.005657	-0.032587	-0.013555
38946	0.007329	-0.031028	-0.014708
38947	0.005473	-0.030663	-0.014962
38948	0.005450	-0.031473	-0.015570
38949	0.005405	-0.031530	-0.014830
38950	0.004969	-0.031398	-0.015403
38951	0.004923	-0.031681	-0.014786
38952	0.004523	-0.032970	-0.014597
38953	0.004266	-0.031564	-0.014544
38954	0.005183	-0.030963	-0.014102
38955	0.003152	-0.030557	-0.014282
38956	0.004218	-0.032074	-0.014417
38957	0.004175	-0.032074	-0.013647
38958	0.003099	-0.033596	-0.013964
38959	0.003503	-0.033212	-0.014064
38960	0.002989	-0.033803	-0.012535
38961	0.003090	-0.032967	-0.013824
38962	0.004007	-0.032365	-0.013383
38963	0.002873	-0.030954	-0.015173
38964	0.002771	-0.032486	-0.013679
38965	0.003485	-0.033318	-0.013935
38966	0.003427	-0.032707	-0.015306
38967	0.003794	-0.032207	-0.015332
38968	0.003991	-0.033984	-0.012533
38969	0.005551	-0.033598	-0.014268
38970	0.004360	-0.034423	-0.013246
38971	0.004716	-0.035336	-0.012491
38972	0.004245	-0.033783	-0.013827
38973	0.004033	-0.032495	-0.013853
38974	0.004687	-0.033069	-0.013954
38975	0.004236	-0.032834	-0.014461
38976	0.004855	-0.031987	-0.015324
38977	0.004948	-0.033376	-0.013805
38978	0.004513	-0.033242	-0.014378
38979	0.003387	-0.031951	-0.016239
38980	0.003286	-0.033483	-0.014745
38981	0.003207	-0.032818	-0.016076
38982	0.003861	-0.033392	-0.016177
38983	0.004295	-0.033746	-0.017617
38984	0.003070	-0.033150	-0.017357
38985	0.012424	-0.027157	-0.024336
38986	0.013353	-0.026549	-0.023900
38987	0.014276	-0.028686	-0.021862
38988	0.013175	-0.028780	-0.022947
38989	0.012662	-0.027947	-0.022188
38990	0.013327	-0.028514	-0.022294
38991	0.012582	-0.028728	-0.022017
38992	0.011745	-0.027646	-0.022560
38993	0.012366	-0.027527	-0.021344
38994	0.011942	-0.027386	-0.021922
38995	0.010604	-0.025293	-0.022363
38996	0.012358	-0.026567	-0.021998
38997	0.011705	-0.027010	-0.021870
38998	0.012370	-0.027576	-0.021976
38999	0.013033	-0.026568	-0.022764
39000	0.014110	-0.028075	-0.022906
39001	0.013353	-0.028187	-0.022571
39002	0.014282	-0.027578	-0.022134
39003	0.012349	-0.027281	-0.022408
39004	0.013691	-0.027613	-0.022008
39005	0.013200	-0.027529	-0.022594
39006	0.013752	-0.027399	-0.021361
39007	0.013583	-0.026761	-0.022688
39008	0.013195	-0.028040	-0.022504
39009	0.013894	-0.027901	-0.021300
39010	0.014069	-0.028250	-0.019270
39011	0.015208	-0.028381	-0.020219
39012	0.013018	-0.027766	-0.021775
39013	0.013030	-0.028515	-0.022363
39014	0.013018	-0.029315	-0.022977
39015	0.013892	-0.030199	-0.021790
39016	0.012755	-0.028871	-0.023636
39017	0.013619	-0.030078	-0.025072
39018	0.014549	-0.029469	-0.024636
39019	0.014983	-0.030390	-0.023913
39020	0.014033	-0.028611	-0.023114
39021	0.014112	-0.029346	-0.023713
39022	0.014100	-0.030145	-0.024327
39023	0.015143	-0.031067	-0.023208
39024	0.017651	-0.031383	-0.024439
39025	0.015997	-0.029785	-0.024106
39026	0.017039	-0.029872	-0.025011
39027	0.016091	-0.031406	-0.025375
39028	0.016267	-0.031754	-0.023344
39029	0.015771	-0.031658	-0.023924
39030	0.016324	-0.031527	-0.022691
39031	0.016398	-0.031670	-0.022036
39032	0.016498	-0.033165	-0.023991
39033	0.014826	-0.031519	-0.023626
39034	0.014514	-0.032073	-0.025545
39035	0.014703	-0.033074	-0.024800
39036	0.015744	-0.033160	-0.025706
39037	0.014792	-0.032810	-0.024135
39038	0.014780	-0.033609	-0.024750
39039	0.015017	-0.033330	-0.024866
39040	0.015682	-0.033895	-0.024974
39041	0.015385	-0.032583	-0.024970
39042	0.014319	-0.034093	-0.025295
39043	0.014591	-0.032860	-0.027375
39044	0.014732	-0.031788	-0.026106
39045	0.013936	-0.030637	-0.026618
39046	0.014224	-0.031681	-0.025929
39047	0.013281	-0.031881	-0.025593
39048	0.012592	-0.032912	-0.026715
39049	0.012523	-0.034329	-0.025172
39050	0.011273	-0.032304	-0.025677
39051	0.010881	-0.032046	-0.026197
39052	0.011246	-0.032365	-0.027609
39053	0.011100	-0.032412	-0.026843
39054	0.011087	-0.033210	-0.027458
39055	0.011355	-0.032727	-0.027472
39056	0.010554	-0.033063	-0.027252
39057	0.011823	-0.034850	-0.026080
39058	0.010573	-0.032825	-0.026584
39059	0.010829	-0.034520	-0.027169
39060	0.010404	-0.034376	-0.027747
39061	0.010334	-0.033696	-0.029081
39062	0.010587	-0.033319	-0.029153
39063	0.010196	-0.033171	-0.029734
39064	0.009695	-0.033751	-0.028211
39065	0.010304	-0.031498	-0.029852
39066	0.009951	-0.034193	-0.028910
39067	0.010896	-0.033644	-0.028508
39068	0.009682	-0.033038	-0.028252
39069	0.010037	-0.033890	-0.027474
39070	0.010966	-0.033280	-0.027040
39071	0.011075	-0.032584	-0.028414
39072	0.012152	-0.034088	-0.028561
39073	0.010325	-0.032461	-0.028164
39074	0.011968	-0.033036	-0.026463
39075	0.010836	-0.033725	-0.025388
39076	0.010146	-0.034755	-0.026510
39077	0.010747	-0.033311	-0.026115
39078	0.010999	-0.032934	-0.026187
39079	0.011346	-0.034005	-0.025527
39080	0.012121	-0.035264	-0.026977
39081	0.013593	-0.036354	-0.024552
39082	0.012455	-0.035024	-0.026396
39083	0.011939	-0.034776	-0.026889
39084	0.011402	-0.033936	-0.026126
39085	0.011527	-0.034780	-0.026802
39086	0.011102	-0.034636	-0.027380
39087	0.010112	-0.034919	-0.027077
39088	0.010813	-0.036901	-0.026427
39089	0.009831	-0.034470	-0.027734
39090	0.011475	-0.035046	-0.026034
39091	0.011196	-0.035309	-0.027803
39092	0.011485	-0.036351	-0.027115
39093	0.011278	-0.036200	-0.026226
39094	0.011567	-0.037241	-0.025539
39095	0.012641	-0.037320	-0.026448
39096	0.012252	-0.038593	-0.026267
39097	0.012218	-0.037165	-0.026273
39098	0.011151	-0.038672	-0.026598
39099	0.011469	-0.036744	-0.027383
39100	0.011456	-0.037539	-0.027999
39101	0.012142	-0.038047	-0.028081
39102	0.012806	-0.038609	-0.028192
39103	0.012425	-0.038496	-0.028796
39104	0.011815	-0.038380	-0.025933
39105	0.011976	-0.040484	-0.025765
39106	0.012833	-0.037036	-0.026850
39107	0.011829	-0.038654	-0.027251
39108	0.012494	-0.039216	-0.027361
39109	0.012219	-0.038935	-0.027904
39110	0.013149	-0.038324	-0.027470
39111	0.014593	-0.037052	-0.027768
39112	0.014396	-0.037876	-0.024942
39113	0.015145	-0.039072	-0.026350
39114	0.013895	-0.037046	-0.026852
39115	0.015717	-0.038225	-0.026459
39116	0.014613	-0.038311	-0.027544
39117	0.014962	-0.037874	-0.027607
39118	0.014839	-0.037973	-0.026883
39119	0.014195	-0.037792	-0.027375
39120	0.012872	-0.036489	-0.025777
39121	0.014226	-0.038120	-0.024547
39122	0.014515	-0.039160	-0.023861
39123	0.014579	-0.038123	-0.025991
39124	0.014566	-0.038917	-0.026608
39125	0.014705	-0.038668	-0.026715
39126	0.014279	-0.038522	-0.027293
39127	0.012399	-0.039616	-0.026801
39128	0.012761	-0.039931	-0.028215
39129	0.012054	-0.040299	-0.028039
39130	0.013094	-0.040382	-0.028947
39131	0.012403	-0.039769	-0.028261
39132	0.012389	-0.040562	-0.028878
39133	0.013112	-0.040981	-0.028924
39134	0.012988	-0.041080	-0.028199
39135	0.013297	-0.041234	-0.029507
39136	0.012834	-0.039669	-0.030844
39137	0.012454	-0.041459	-0.029422
39138	0.012138	-0.042007	-0.031342
39139	0.012246	-0.039486	-0.030812
39140	0.014000	-0.040755	-0.030456
39141	0.012956	-0.040048	-0.030190
39142	0.013886	-0.039437	-0.029757
39143	0.013840	-0.039360	-0.028956
39144	0.013304	-0.038519	-0.028193
39145	0.014019	-0.039144	-0.028350
39146	0.014344	-0.038040	-0.030523
39147	0.012403	-0.037618	-0.030729
39148	0.013406	-0.039843	-0.028780
39149	0.012526	-0.038758	-0.029305
39150	0.012814	-0.039796	-0.028620
39151	0.013315	-0.039674	-0.027377
39152	0.012586	-0.039281	-0.029259
39153	0.012461	-0.040100	-0.026450
39154	0.014033	-0.037838	-0.026269
39155	0.013781	-0.040507	-0.025346
39156	0.013246	-0.039666	-0.024583
39157	0.012590	-0.039513	-0.025089
39158	0.012733	-0.038439	-0.023820
39159	0.013205	-0.039380	-0.023131
39160	0.012476	-0.038986	-0.025013
39161	0.014487	-0.039068	-0.024099
39162	0.014060	-0.038921	-0.024678
39163	0.012188	-0.038504	-0.024907
39164	0.012476	-0.039542	-0.024222
39165	0.012731	-0.039139	-0.024280
39166	0.013249	-0.037587	-0.023808
39167	0.013800	-0.037944	-0.025298
39168	0.014052	-0.037564	-0.025371
39169	0.013360	-0.038451	-0.026417
39170	0.014932	-0.036190	-0.026236
39171	0.014568	-0.038841	-0.025274
39172	0.013730	-0.037753	-0.025813
39173	0.012663	-0.039117	-0.026062
39174	0.013593	-0.038505	-0.025629
39175	0.013269	-0.038337	-0.026223
39176	0.011413	-0.039377	-0.025714
39177	0.012065	-0.039281	-0.024530
39178	0.012354	-0.040318	-0.023846
39179	0.011037	-0.038386	-0.024376
39180	0.013845	-0.038944	-0.024313
39181	0.012930	-0.040423	-0.024670
39182	0.012807	-0.040521	-0.023946
39183	0.012424	-0.039764	-0.023270
39184	0.012373	-0.039137	-0.024647
39185	0.013092	-0.029975	-0.024682
39186	0.014023	-0.029352	-0.024248
39187	0.014560	-0.031219	-0.025017
39188	0.013044	-0.030352	-0.026061
39189	0.013714	-0.031075	-0.026268
39190	0.013592	-0.031161	-0.025543
39191	0.013500	-0.029835	-0.025593
39192	0.013378	-0.029922	-0.024868
39193	0.013341	-0.029292	-0.026249
39194	0.015738	-0.028899	-0.026146
39195	0.015354	-0.031588	-0.025199
39196	0.014516	-0.030488	-0.025737
39197	0.014065	-0.030274	-0.026275
39198	0.014317	-0.029883	-0.026347
39199	0.012905	-0.030438	-0.026651
39200	0.012140	-0.032173	-0.025675
39201	0.013369	-0.031075	-0.026016
39202	0.012227	-0.029729	-0.027857
39203	0.012640	-0.030718	-0.027175
39204	0.012213	-0.030558	-0.027753
39205	0.012564	-0.030684	-0.029063
39206	0.013228	-0.031232	-0.029175
39207	0.012047	-0.030496	-0.028857
39208	0.011621	-0.030336	-0.029435
39209	0.012330	-0.030922	-0.029574
39210	0.011903	-0.030761	-0.030152
39211	0.011999	-0.028925	-0.030936
39212	0.012663	-0.029473	-0.031048
39213	0.012556	-0.029399	-0.030236
39214	0.012808	-0.029007	-0.030308
39215	0.010795	-0.028702	-0.030571
39216	0.010743	-0.028064	-0.031946
39217	0.011916	-0.029070	-0.029408
39218	0.012239	-0.027953	-0.031579
39219	0.008967	-0.027971	-0.032797
39220	0.010722	-0.029226	-0.032444
39221	0.009363	-0.031188	-0.031990
39222	0.009311	-0.030549	-0.033364
39223	0.009569	-0.031541	-0.032646
39224	0.007302	-0.031628	-0.032095
39225	0.007747	-0.032150	-0.032137
39226	0.008036	-0.033175	-0.031453
39227	0.006888	-0.031865	-0.033307
39228	0.008499	-0.031010	-0.032369
39229	0.007816	-0.031278	-0.032153
39230	0.008175	-0.031578	-0.033568
39231	0.007092	-0.030865	-0.033285
39232	0.008061	-0.031658	-0.032096
39233	0.008931	-0.033042	-0.033653
39234	0.008397	-0.032188	-0.032888
39235	0.007912	-0.031374	-0.032153
39236	0.007485	-0.031213	-0.032731
39237	0.008089	-0.031856	-0.032877
39238	0.007967	-0.031941	-0.032153
39239	0.007777	-0.030575	-0.032151
39240	0.008639	-0.030675	-0.029619
39241	0.009449	-0.031742	-0.030986
39242	0.009557	-0.029240	-0.030473
39243	0.007153	-0.031154	-0.031790
39244	0.007780	-0.030284	-0.032660
39245	0.007435	-0.031526	-0.032481
39246	0.007008	-0.031364	-0.033059
39247	0.006558	-0.031255	-0.033657
39248	0.006237	-0.031785	-0.035578
39249	0.007551	-0.032762	-0.033059
39250	0.007230	-0.033292	-0.034981
39251	0.007057	-0.033073	-0.035584
39252	0.006256	-0.033388	-0.035365
39253	0.006787	-0.032952	-0.035481
39254	0.005575	-0.032329	-0.035222
39255	0.005074	-0.032125	-0.035749
39256	0.004753	-0.032655	-0.037670
39257	0.003150	-0.031215	-0.037436
39258	0.003546	-0.032931	-0.038096
39259	0.003019	-0.032196	-0.037399
39260	0.002592	-0.032034	-0.037977
39261	0.002539	-0.031378	-0.039339
39262	0.002112	-0.031216	-0.039917
39263	0.002445	-0.032230	-0.039237
39264	0.001912	-0.031375	-0.038473
39265	0.003418	-0.030825	-0.040128
39266	0.003708	-0.031848	-0.039446
39267	0.004226	-0.033366	-0.040021
39268	0.003693	-0.032511	-0.039257
39269	0.004809	-0.032575	-0.040184
39270	0.004688	-0.032659	-0.039460
39271	0.003884	-0.031435	-0.039934
39272	0.002977	-0.031058	-0.038373
39273	0.002942	-0.033181	-0.038178
39274	0.002440	-0.030186	-0.040268
39275	0.001481	-0.031705	-0.040640
39276	0.002413	-0.031081	-0.040208
39277	0.002022	-0.031021	-0.040851
39278	0.000847	-0.031813	-0.039836
39279	0.000875	-0.031827	-0.039109
39280	0.001951	-0.033310	-0.039265
39281	0.001496	-0.031239	-0.037874
39282	0.001144	-0.033908	-0.036942
39283	0.001459	-0.032864	-0.039155
39284	0.001712	-0.032470	-0.039229
39285	0.001230	-0.033735	-0.039034
39286	0.001894	-0.034280	-0.039149
39287	0.001724	-0.034130	-0.038276
39288	0.000244	-0.034674	-0.038563
39289	0.002283	-0.034763	-0.037675
39290	0.000602	-0.035753	-0.040606
39291	0.001660	-0.034229	-0.038770
39292	0.000859	-0.034543	-0.038552
39293	0.000472	-0.035608	-0.038265
39294	0.000724	-0.035214	-0.038339
39295	0.000769	-0.035060	-0.038491
39296	0.001844	-0.036542	-0.038649
39297	0.001089	-0.036090	-0.037082
39298	0.000766	-0.036617	-0.039004
39299	0.001695	-0.035229	-0.037212
39300	0.001641	-0.034587	-0.038588
39301	0.002113	-0.034108	-0.038668
39302	0.001991	-0.034191	-0.037945
39303	0.001909	-0.034207	-0.037190
39304	0.002161	-0.033812	-0.037264
39305	0.000662	-0.032744	-0.038193
39306	0.002493	-0.036828	-0.036337
39307	0.002722	-0.034384	-0.035887
39308	0.002295	-0.034220	-0.036466
39309	0.001551	-0.034345	-0.036151
39310	0.001161	-0.035596	-0.035975
39311	0.001078	-0.036421	-0.036603
39312	-0.000441	-0.035548	-0.037644
39313	0.000288	-0.036151	-0.037812
39314	0.000503	-0.034341	-0.038640
39315	0.000085	-0.037011	-0.037684
39316	-0.000343	-0.036846	-0.038263
39317	-0.000516	-0.036854	-0.037478
39318	0.000521	-0.036920	-0.038391
39319	0.000765	-0.037826	-0.037622
39320	0.001122	-0.038122	-0.039040
39321	0.001442	-0.037227	-0.036399
39322	0.000192	-0.035186	-0.036893
39323	0.001232	-0.035176	-0.037759
39324	0.000738	-0.035735	-0.036240
39325	-0.000355	-0.035773	-0.037305
39326	-0.001567	-0.035147	-0.037045
39327	-0.001291	-0.034548	-0.037004
39328	-0.000732	-0.034399	-0.035777
39329	-0.002139	-0.033391	-0.036768
39330	-0.000384	-0.034642	-0.036422
39331	-0.000694	-0.034342	-0.036952
39332	-0.000815	-0.034423	-0.036230
39333	-0.000791	-0.035300	-0.036918
39334	-0.000165	-0.034427	-0.037789
39335	-0.000301	-0.034608	-0.037115
39336	0.000362	-0.035150	-0.037232
39337	0.000303	-0.036484	-0.035668
39338	-0.001589	-0.036087	-0.035913
39339	-0.000106	-0.034622	-0.037084
39340	0.000453	-0.034474	-0.035857
39341	-0.000027	-0.034294	-0.036408
39342	0.000636	-0.034836	-0.036525
39343	0.000318	-0.034592	-0.037085
39344	0.000159	-0.033258	-0.037117
39345	0.000814	-0.033736	-0.037192
39346	0.002493	-0.032155	-0.038355
39347	0.002539	-0.032548	-0.036326
39348	0.001326	-0.031921	-0.036066
39349	0.000956	-0.031789	-0.036675
39350	0.000155	-0.032100	-0.036457
39351	0.000073	-0.031517	-0.037858
39352	-0.000663	-0.031103	-0.039738
39353	0.000483	-0.032035	-0.037154
39354	0.001415	-0.031409	-0.036724
39355	-0.000456	-0.030932	-0.036922
39356	-0.000576	-0.031012	-0.036200
39357	-0.000087	-0.030470	-0.036252
39358	0.000576	-0.031012	-0.036370
39359	0.000253	-0.030723	-0.036905
39360	-0.000548	-0.031033	-0.036687
39361	-0.000054	-0.030900	-0.035441
39362	-0.000483	-0.030733	-0.036020
39363	-0.001248	-0.029769	-0.035126
39364	-0.000481	-0.031001	-0.036587
39365	-0.001244	-0.032862	-0.035694
39366	-0.001634	-0.034111	-0.035520
39367	-0.003098	-0.033711	-0.034351
39368	-0.002846	-0.033314	-0.034426
39369	-0.002163	-0.033923	-0.034588
39370	-0.001127	-0.033987	-0.035502
39371	-0.002282	-0.034750	-0.034473
39372	-0.002710	-0.034583	-0.035052
39373	-0.001936	-0.034474	-0.033906
39374	-0.001272	-0.035015	-0.034024
39375	-0.000534	-0.035522	-0.034138
39376	0.000399	-0.034896	-0.033709
39377	-0.000421	-0.035790	-0.034731
39378	0.000512	-0.035164	-0.034302
39379	-0.000760	-0.033179	-0.034820
39380	0.000957	-0.033014	-0.035230
39381	0.000096	-0.033477	-0.035078
39382	-0.000706	-0.033787	-0.034861
39383	-0.000790	-0.032459	-0.034917
39384	-0.000538	-0.032062	-0.034992
39385	0.005794	-0.032272	-0.024026
39386	0.006093	-0.033288	-0.023340
39387	0.006980	-0.032636	-0.022876
39388	0.005880	-0.032695	-0.023951
39389	0.005796	-0.032310	-0.023916
39390	0.005376	-0.032140	-0.024487
39391	0.004665	-0.032562	-0.024346
39392	0.005607	-0.031933	-0.023908
39393	0.004884	-0.032163	-0.023656
39394	0.005183	-0.033179	-0.022970
39395	0.006352	-0.033160	-0.023865
39396	0.005829	-0.032300	-0.023092
39397	0.005151	-0.033440	-0.024283
39398	0.006503	-0.033749	-0.023890
39399	0.005834	-0.032567	-0.024421
39400	0.006031	-0.032892	-0.022391
39401	0.007346	-0.031518	-0.022594
39402	0.006926	-0.031348	-0.023165
39403	0.007290	-0.032976	-0.023764
39404	0.006870	-0.032806	-0.024335
39405	0.006726	-0.032891	-0.023599
39406	0.006987	-0.032491	-0.023666
39407	0.007006	-0.032376	-0.022867
39408	0.006175	-0.031268	-0.023394
39409	0.006070	-0.030670	-0.024765
39410	0.004906	-0.031454	-0.023744
39411	0.006525	-0.031979	-0.022022
39412	0.006747	-0.030165	-0.022841
39413	0.007463	-0.030589	-0.022902
39414	0.006670	-0.030895	-0.022677
39415	0.006833	-0.031925	-0.021957
39416	0.006785	-0.031277	-0.023324
39417	0.006927	-0.032761	-0.021892
39418	0.007869	-0.032132	-0.021455
39419	0.006832	-0.033047	-0.020533
39420	0.006784	-0.032399	-0.021900
39421	0.006953	-0.031907	-0.021892
39422	0.007252	-0.032921	-0.021207
39423	0.006352	-0.031928	-0.021771
39424	0.006921	-0.031776	-0.020537
39425	0.006262	-0.032672	-0.021614
39426	0.007204	-0.032043	-0.021177
39427	0.006772	-0.031760	-0.021682
39428	0.007854	-0.033234	-0.021838
39429	0.008244	-0.032837	-0.021946
39430	0.008196	-0.032188	-0.023313
39431	0.008368	-0.031850	-0.023385
39432	0.008527	-0.030760	-0.022107
39433	0.008647	-0.030653	-0.024763
39434	0.009690	-0.030713	-0.025671
39435	0.007704	-0.030275	-0.025856
39436	0.008583	-0.030370	-0.023322
39437	0.009555	-0.030541	-0.024265
39438	0.010227	-0.031078	-0.024377
39439	0.010055	-0.031256	-0.023678
39440	0.011369	-0.030150	-0.024038
39441	0.010416	-0.030479	-0.023778
39442	0.009895	-0.029618	-0.023004
39443	0.010373	-0.027697	-0.023834
39444	0.010672	-0.028710	-0.023150
39445	0.010985	-0.028133	-0.023134
39446	0.011966	-0.028918	-0.021946
39447	0.012135	-0.029884	-0.021194
39448	0.011343	-0.030189	-0.020969
39449	0.012165	-0.031344	-0.022400
39450	0.011643	-0.030482	-0.021626
39451	0.012412	-0.029887	-0.021158
39452	0.012672	-0.029487	-0.021225
39453	0.012780	-0.030119	-0.021801
39454	0.012258	-0.029258	-0.021027
39455	0.011843	-0.029162	-0.021642
39456	0.011321	-0.028301	-0.020868
39457	0.011713	-0.028839	-0.020890
39458	0.012113	-0.030541	-0.021552
39459	0.012943	-0.029904	-0.021073
39460	0.013575	-0.029026	-0.021936
39461	0.014270	-0.029533	-0.022031
39462	0.014902	-0.028655	-0.022895
39463	0.014460	-0.028487	-0.023460
39464	0.014139	-0.029003	-0.025376
39465	0.013935	-0.026820	-0.023972
39466	0.013592	-0.029475	-0.023041
39467	0.012746	-0.028762	-0.022246
39468	0.013416	-0.029298	-0.022359
39469	0.013106	-0.029337	-0.021549
39470	0.014047	-0.028707	-0.021113
39471	0.013468	-0.028033	-0.020421
39472	0.013457	-0.028797	-0.021038
39473	0.013197	-0.030350	-0.019531
39474	0.014061	-0.026893	-0.020597
39475	0.012967	-0.028415	-0.020949
39476	0.012856	-0.028491	-0.020220
39477	0.012316	-0.028262	-0.020721
39478	0.012305	-0.029026	-0.021338
39479	0.013077	-0.031067	-0.020761
39480	0.012517	-0.028792	-0.020738
39481	0.013996	-0.030511	-0.019621
39482	0.014860	-0.027054	-0.020686
39483	0.014051	-0.028459	-0.021054
39484	0.014250	-0.028782	-0.019025
39485	0.015008	-0.029245	-0.019134
39486	0.014626	-0.030485	-0.018955
39487	0.014261	-0.029177	-0.018929
39488	0.014150	-0.029252	-0.018200
39489	0.013568	-0.030334	-0.019396
39490	0.015331	-0.031577	-0.019052
39491	0.014907	-0.030756	-0.018325
39492	0.014586	-0.031270	-0.020242
39493	0.014399	-0.031072	-0.019344
39494	0.014388	-0.031835	-0.019961
39495	0.014320	-0.031895	-0.019234
39496	0.013937	-0.033135	-0.019055
39497	0.013060	-0.030529	-0.020290
39498	0.013359	-0.031541	-0.019608
39499	0.013225	-0.032172	-0.021645
39500	0.014206	-0.032955	-0.020459
39501	0.014299	-0.032257	-0.021836
39502	0.014598	-0.033269	-0.021153
39503	0.014081	-0.032275	-0.020305
39504	0.013598	-0.032826	-0.018780
39505	0.012767	-0.033197	-0.018580
39506	0.012888	-0.030693	-0.018052
39507	0.011912	-0.032158	-0.018402
39508	0.012073	-0.031068	-0.017124
39509	0.012554	-0.031270	-0.018525
39510	0.013263	-0.033218	-0.017889
39511	0.013044	-0.033019	-0.018517
39512	0.012462	-0.032882	-0.015647
39513	0.013240	-0.034179	-0.017152
39514	0.012918	-0.034692	-0.019069
39515	0.013058	-0.032310	-0.018612
39516	0.012986	-0.033798	-0.017135
39517	0.012596	-0.033531	-0.017656
39518	0.012596	-0.033531	-0.017656
39519	0.013431	-0.033935	-0.017748
39520	0.013419	-0.034697	-0.018366
39521	0.014063	-0.031595	-0.018613
39522	0.014284	-0.029779	-0.019431
39523	0.016108	-0.031057	-0.019120
39524	0.015103	-0.031797	-0.021541
39525	0.015692	-0.030890	-0.022368
39526	0.015542	-0.029550	-0.022390
39527	0.015576	-0.030354	-0.023041
39528	0.014373	-0.029719	-0.022770
39529	0.012698	-0.028862	-0.023765
39530	0.013740	-0.028919	-0.024676
39531	0.014076	-0.029873	-0.023974
39532	0.014336	-0.029470	-0.024042
39533	0.014032	-0.029217	-0.024602
39534	0.013338	-0.030206	-0.025724
39535	0.013280	-0.028806	-0.025740
39536	0.013071	-0.028192	-0.023666
39537	0.014526	-0.029664	-0.022408
39538	0.013283	-0.027615	-0.022886
39539	0.012891	-0.027443	-0.023467
39540	0.013151	-0.027040	-0.023535
39541	0.013499	-0.026472	-0.023540
39542	0.013487	-0.027233	-0.024158
39543	0.013275	-0.027161	-0.023322
39544	0.012384	-0.026774	-0.021751
39545	0.013202	-0.027990	-0.023222
39546	0.011959	-0.025941	-0.023700
39547	0.013017	-0.026184	-0.024718
39548	0.012536	-0.026733	-0.023194
39549	0.013557	-0.026698	-0.024039
39550	0.013817	-0.026295	-0.024108
39551	0.014100	-0.025864	-0.024160
39552	0.015355	-0.025482	-0.022426
39553	0.016391	-0.026641	-0.023926
39554	0.014408	-0.025545	-0.022812
39555	0.016267	-0.026896	-0.022557
39556	0.015202	-0.028360	-0.022883
