// General information: 
//  MT Manager version: 2021.4.0 
//  XDA version: 2021.4.0 build 6323 rev 112641 built on 2021-09-28
// Device information: 
//  DeviceId: 00B43773
//  ProductCode: MTW2-3A7G6
//  Firmware Version: 4.3.4
//  Hardware Version: 1.1.0
// Device settings: 
//  Filter Profile: human(46.1)
//  Option Flags: Orientation Smoother Disabled, Position/Velocity Smoother Disabled, Continuous Zero Rotation Update Disabled, AHS Disabled, ICC Disabled
// Coordinate system: ENU
PacketCounter	Roll	Pitch	Yaw
37482	-0.265743	0.032018	0.121345
37483	-0.264133	0.032726	0.120679
37484	-0.259916	0.032281	0.123058
37485	-0.256382	0.031673	0.124400
37486	-0.257067	0.030609	0.126204
37487	-0.258774	0.030484	0.127180
37488	-0.261888	0.028139	0.126883
37489	-0.264659	0.028498	0.125418
37490	-0.268191	0.028668	0.129354
37491	-0.270292	0.029643	0.127858
37492	-0.272802	0.027422	0.130287
37493	-0.274509	0.027297	0.131264
37494	-0.275387	0.027705	0.133930
37495	-0.274664	0.028786	0.135493
37496	-0.274553	0.030710	0.137093
37497	-0.276870	0.032677	0.137794
37498	-0.280250	0.031145	0.139228
37499	-0.281705	0.032280	0.139494
37500	-0.284119	0.033249	0.140182
37501	-0.288005	0.033178	0.139864
37502	-0.288724	0.031939	0.140269
37503	-0.286923	0.031197	0.139204
37504	-0.284643	0.031642	0.137224
37505	-0.279995	0.031462	0.137424
37506	-0.276182	0.034295	0.134786
37507	-0.272204	0.033498	0.135018
37508	-0.269836	0.034123	0.136700
37509	-0.267365	0.033998	0.135604
37510	-0.266917	0.033469	0.136873
37511	-0.265308	0.034175	0.136211
37512	-0.265517	0.033440	0.135235
37513	-0.263289	0.033848	0.138128
37514	-0.262679	0.030938	0.141421
37515	-0.262358	0.031326	0.137236
37516	-0.262295	0.031008	0.138334
37517	-0.260267	0.031070	0.138352
37518	-0.255684	0.029598	0.140493
37519	-0.250591	0.029232	0.139582
37520	-0.242654	0.028230	0.140849
37521	-0.237501	0.030573	0.139633
37522	-0.232603	0.030752	0.136925
37523	-0.230158	0.030170	0.137623
37524	-0.228884	0.028715	0.138500
37525	-0.227980	0.026555	0.136383
37526	-0.223849	0.026048	0.135655
37527	-0.217223	0.025469	0.134281
37528	-0.207162	0.025048	0.132602
37529	-0.198614	0.023151	0.133235
37530	-0.190869	0.021769	0.135606
37531	-0.184662	0.021834	0.133554
37532	-0.181610	0.020870	0.133204
37533	-0.179610	0.020473	0.135015
37534	-0.180088	0.017815	0.133486
37535	-0.181352	0.017502	0.133349
37536	-0.182718	0.017520	0.132349
37537	-0.185488	0.017880	0.130885
37538	-0.185013	0.017242	0.129853
37539	-0.185634	0.017087	0.131479
37540	-0.185754	0.016398	0.133253
37541	-0.186765	0.017347	0.132409
37542	-0.186133	0.017535	0.134485
37543	-0.184804	0.016521	0.136326
37544	-0.184109	0.014991	0.134344
37545	-0.180994	0.015025	0.135013
37546	-0.176784	0.014146	0.133715
37547	-0.173191	0.016243	0.134761
37548	-0.169682	0.015113	0.132323
37549	-0.167402	0.016437	0.131635
37550	-0.165360	0.017864	0.131742
37551	-0.165058	0.019586	0.132632
37552	-0.162817	0.021741	0.133763
37553	-0.162905	0.024569	0.132184
37554	-0.161863	0.024023	0.134227
37555	-0.162622	0.026233	0.132677
37556	-0.165088	0.024476	0.132378
37557	-0.168078	0.025824	0.133112
37558	-0.171151	0.026152	0.132929
37559	-0.176344	0.027097	0.134157
37560	-0.181025	0.029271	0.133646
37561	-0.186027	0.028768	0.134468
37562	-0.193493	0.030499	0.136741
37563	-0.199302	0.031745	0.134416
37564	-0.206864	0.033378	0.134315
37565	-0.215322	0.034406	0.133598
37566	-0.223209	0.034709	0.135118
37567	-0.229464	0.036140	0.133910
37568	-0.233371	0.037452	0.134929
37569	-0.235499	0.037968	0.135233
37570	-0.236188	0.038915	0.136009
37571	-0.236619	0.037311	0.137234
37572	-0.238160	0.039610	0.137988
37573	-0.240063	0.040928	0.139376
37574	-0.243939	0.042243	0.139583
37575	-0.247409	0.041525	0.139946
37576	-0.250837	0.042673	0.139567
37577	-0.253608	0.043032	0.138110
37578	-0.256356	0.044404	0.138484
37579	-0.263057	0.046019	0.138393
37580	-0.265980	0.044906	0.138513
37581	-0.269868	0.044833	0.138200
37582	-0.272284	0.045848	0.139124
37583	-0.275919	0.047035	0.138104
37584	-0.281364	0.048535	0.139386
37585	-0.285669	0.049106	0.138397
37586	-0.290720	0.050184	0.137076
37587	-0.295753	0.049220	0.139700
37588	-0.300531	0.049166	0.139572
37589	-0.307516	0.049060	0.141985
37590	-0.316563	0.049092	0.141053
37591	-0.324129	0.051535	0.141404
37592	-0.332382	0.054449	0.146089
37593	-0.338551	0.059041	0.142800
37594	-0.344513	0.060622	0.146280
37595	-0.346437	0.067925	0.140615
37596	-0.347415	0.073659	0.136100
37597	-0.346719	0.080721	0.130620
37598	-0.344777	0.085837	0.127230
37599	-0.339255	0.093062	0.121440
37600	-0.330840	0.097952	0.117948
37601	-0.321031	0.100571	0.111771
37602	-0.310720	0.104887	0.107368
37603	-0.297871	0.106623	0.102056
37604	-0.285895	0.107534	0.098671
37605	-0.271734	0.110046	0.095097
37606	-0.257453	0.111906	0.092957
37607	-0.240473	0.114520	0.092449
37608	-0.218592	0.116606	0.093851
37609	-0.194249	0.117761	0.098603
37610	-0.165886	0.125220	0.098692
37611	-0.138195	0.129450	0.103328
37612	-0.107944	0.137037	0.107998
37613	-0.079944	0.145229	0.111662
37614	-0.055625	0.152438	0.113196
37615	-0.036830	0.160118	0.116357
37616	-0.023484	0.165870	0.120428
37617	-0.018582	0.168729	0.123239
37618	-0.021693	0.170330	0.127838
37619	-0.031321	0.170000	0.131816
37620	-0.044567	0.168862	0.134924
37621	-0.060333	0.167603	0.137459
37622	-0.077369	0.166680	0.141128
37623	-0.095533	0.166464	0.144569
37624	-0.110889	0.165479	0.149774
37625	-0.127076	0.164867	0.151646
37626	-0.141156	0.164907	0.155898
37627	-0.151431	0.164426	0.158128
37628	-0.159687	0.164226	0.163167
37629	-0.164747	0.162799	0.167567
37630	-0.165892	0.161404	0.170422
37631	-0.163703	0.159556	0.171833
37632	-0.158950	0.158794	0.175213
37633	-0.153276	0.155874	0.176374
37634	-0.147468	0.152489	0.180940
37635	-0.141766	0.150031	0.180311
37636	-0.134608	0.146954	0.178543
37637	-0.126256	0.144716	0.176312
37638	-0.117447	0.141957	0.174999
37639	-0.110183	0.139749	0.172117
37640	-0.105725	0.138406	0.167216
37641	-0.104210	0.134159	0.165359
37642	-0.103151	0.134383	0.162942
37643	-0.102692	0.132411	0.161935
37644	-0.102020	0.132634	0.162316
37645	-0.101336	0.131461	0.162398
37646	-0.099131	0.131466	0.162259
37647	-0.096690	0.130878	0.162968
37648	-0.095171	0.130137	0.162500
37649	-0.095126	0.130592	0.164108
37650	-0.095238	0.128108	0.160925
37651	-0.095285	0.123611	0.161319
37652	-0.095343	0.120861	0.160512
37653	-0.094720	0.116980	0.160882
37654	-0.090975	0.114615	0.159920
37655	-0.086329	0.114431	0.160141
37656	-0.083547	0.113068	0.157730
37657	-0.079094	0.114329	0.158365
37658	-0.074707	0.112885	0.155450
37659	-0.070539	0.110640	0.155283
37660	-0.065141	0.108514	0.153453
37661	-0.059826	0.107166	0.150357
37662	-0.053370	0.105807	0.146912
37663	-0.046075	0.105843	0.145534
37664	-0.041073	0.107457	0.141833
37665	-0.034194	0.108140	0.139780
37666	-0.028967	0.113192	0.133434
37667	-0.024232	0.117957	0.134876
37668	-0.020305	0.124024	0.129542
37669	-0.018296	0.131870	0.125843
37670	-0.021000	0.139171	0.120837
37671	-0.025070	0.148794	0.115407
37672	-0.031452	0.159150	0.110950
37673	-0.042049	0.170729	0.104903
37674	-0.059570	0.179134	0.095982
37675	-0.097679	0.184568	0.090019
37676	-0.162159	0.174604	0.077313
37677	-0.261444	0.140042	0.059750
37678	-0.345334	0.034575	0.068548
37679	-0.407489	-0.153240	0.131566
37680	-0.681069	-0.261892	0.114080
37681	-1.262020	-0.357969	-0.019938
37682	-1.745879	-0.860502	-0.046310
37683	-1.844959	-1.866569	0.177112
37684	-2.805055	-3.365007	0.058382
37685	-2.706509	-6.107123	0.657587
37686	-2.297767	-8.813096	1.138712
37687	-2.211881	-11.355798	1.570960
37688	-2.397853	-13.897044	1.917818
37689	-2.963370	-16.489583	2.068802
37690	-3.522959	-18.813167	2.106273
37691	-3.885745	-20.665825	2.142358
37692	-3.911174	-21.974176	2.327342
37693	-3.603029	-22.717218	2.725379
37694	-3.115664	-23.011653	3.289601
37695	-2.606934	-23.055097	3.936976
37696	-2.195348	-23.077419	4.647543
37697	-2.032223	-23.184203	5.374278
37698	-2.196185	-23.341640	6.074967
37699	-2.688112	-23.464002	6.718547
37700	-3.280795	-23.540123	7.384015
37701	-4.381128	-23.397716	7.888373
37702	-7.109622	-23.564275	7.910008
37703	-8.131488	-23.783969	8.305491
37704	-8.609261	-23.245772	8.842864
37705	-8.295192	-22.347991	9.811754
37706	-7.494258	-21.231105	10.479624
37707	-6.922337	-20.276604	10.753318
37708	-7.952219	-19.918114	10.556013
37709	-9.277744	-19.908810	9.866641
37710	-10.802875	-20.070594	9.005057
37711	-12.400041	-20.188799	8.581911
37712	-13.439552	-20.225259	8.427699
37713	-13.861178	-20.236949	8.711101
37714	-11.754544	-19.576516	8.668829
37715	-6.633327	-17.983862	8.466847
37716	-2.473699	-16.443177	6.888186
37717	0.709386	-15.233217	3.892584
37718	3.790618	-14.292078	0.095373
37719	6.457316	-13.082741	-3.983329
37720	9.015065	-11.415817	-7.826272
37721	11.434053	-9.391122	-10.978683
37722	13.609918	-7.226362	-13.179277
37723	15.612532	-5.007768	-14.507951
37724	17.217780	-2.968615	-15.169776
37725	18.276977	-1.270833	-15.380898
37726	18.922617	0.105383	-15.344615
37727	19.343337	1.226031	-15.189493
37728	19.667278	2.223713	-15.000000
37729	19.882976	3.192732	-14.833594
37730	19.906421	4.128432	-14.683366
37731	19.706138	4.859022	-14.520311
37732	19.316937	5.212764	-14.275901
37733	18.787503	5.079086	-13.884072
37734	18.143293	4.341203	-13.337470
37735	17.378929	2.961442	-12.670361
37736	16.471341	0.990570	-11.973991
37737	15.401605	-1.506832	-11.305151
37738	14.148535	-4.345312	-10.742770
37739	8.844896	-4.562179	-13.005918
37740	5.014916	-5.325507	-13.970044
37741	2.112186	-6.401137	-15.182982
37742	1.069954	-6.533982	-14.386831
37743	2.384581	-6.424023	-12.720594
37744	3.387980	-5.994217	-10.910671
37745	3.403748	-5.840559	-9.798124
37746	2.396707	-5.939258	-9.565361
37747	1.663880	-5.815404	-9.525815
37748	1.638865	-5.556577	-9.168310
37749	1.623766	-5.251851	-8.924440
37750	1.358947	-4.942478	-9.024277
37751	1.287857	-4.576945	-9.071424
37752	1.334707	-4.202256	-9.066697
37753	1.356909	-3.846206	-9.077099
37754	1.360339	-3.458148	-9.059064
37755	1.304991	-3.074469	-9.039966
37756	1.221686	-2.684864	-8.992656
37757	1.136207	-2.301744	-8.918257
37758	1.046719	-1.911123	-8.862989
37759	0.988063	-1.514684	-8.836779
37760	0.938737	-1.134812	-8.840881
37761	0.925566	-0.756488	-8.861893
37762	0.915075	-0.386812	-8.921124
37763	0.619428	-0.029494	-9.060914
37764	0.509245	0.156712	-9.046248
37765	0.387980	0.290184	-9.053467
37766	0.291525	0.361872	-9.066557
37767	0.238450	0.387420	-9.077403
37768	0.207959	0.418122	-9.094639
37769	0.172384	0.473883	-9.119149
37770	0.133527	0.537387	-9.132290
37771	0.110388	0.594969	-9.129853
37772	0.092519	0.647915	-9.128825
37773	0.082783	0.697293	-9.128993
37774	0.085338	0.738778	-9.128716
37775	0.098463	0.774852	-9.136783
37776	0.115044	0.797981	-9.156377
37777	0.142766	0.808172	-9.175625
37778	0.175491	0.812670	-9.190322
37779	0.213654	0.806817	-9.193021
37780	0.250410	0.797615	-9.181151
37781	0.283830	0.790780	-9.181971
37782	0.305595	0.780417	-9.179661
37783	0.320026	0.759109	-9.175359
37784	0.336748	0.731159	-9.173057
37785	0.356312	0.708528	-9.167735
37786	0.375060	0.683401	-9.164448
37787	0.400540	0.657417	-9.157884
37788	0.429245	0.637152	-9.156935
37789	0.456449	0.621504	-9.153763
37790	0.482223	0.600126	-9.147062
37791	0.510151	0.576786	-9.140540
37792	0.545243	0.552555	-9.137733
37793	0.590153	0.530791	-9.131686
37794	0.637925	0.510518	-9.127721
37795	0.687169	0.489435	-9.120867
37796	0.736429	0.458480	-9.119672
37797	0.786275	0.426087	-9.119887
37798	0.838224	0.403348	-9.127166
37799	0.887355	0.370218	-9.137002
37800	0.944088	0.337003	-9.145225
37801	0.992877	0.296594	-9.144358
37802	1.033557	0.251882	-9.140597
37803	1.068412	0.200528	-9.128165
37804	1.092265	0.145881	-9.110990
37805	1.082955	0.088705	-9.103532
37806	1.053457	0.027902	-9.095137
37807	1.007824	-0.033816	-9.087199
37808	0.957922	-0.090607	-9.077778
37809	0.902449	-0.141838	-9.064795
37810	0.848697	-0.185832	-9.052244
37811	0.792537	-0.218770	-9.040134
37812	0.738847	-0.246071	-9.029918
37813	0.684525	-0.258991	-9.025163
37814	0.634638	-0.262584	-9.024668
37815	0.585187	-0.254824	-9.031485
37816	0.542439	-0.239449	-9.044432
37817	0.520437	-0.214393	-9.054633
37818	0.524610	-0.180915	-9.062767
37819	0.559770	-0.139446	-9.059783
37820	0.622323	-0.098749	-9.047338
37821	0.706828	-0.056706	-9.027982
37822	0.809037	-0.022754	-9.003387
37823	0.912169	0.004321	-8.979577
37824	1.009738	0.022959	-8.961287
37825	1.094363	0.036072	-8.941763
37826	1.171954	0.043970	-8.924993
37827	1.250929	0.051904	-8.908559
37828	1.321319	0.058710	-8.895350
37829	1.377495	0.059147	-8.882656
37830	1.416224	0.052786	-8.876692
37831	1.432958	0.041931	-8.874178
37832	1.432622	0.025946	-8.876375
37833	1.422874	0.011178	-8.877739
37834	1.398043	-0.008981	-8.885233
37835	1.360334	-0.028925	-8.894734
37836	1.320745	-0.051420	-8.906869
37837	1.268571	-0.075142	-8.921381
37838	1.201660	-0.106184	-8.940680
37839	1.133940	-0.137759	-8.959872
37840	1.069692	-0.169359	-8.977164
37841	1.016436	-0.197222	-8.991176
37842	0.961268	-0.212719	-9.017574
37843	0.916551	-0.226011	-9.037440
37844	0.867005	-0.246981	-9.053272
37845	0.803795	-0.277229	-9.070256
37846	0.743250	-0.305508	-9.095221
37847	0.680880	-0.331743	-9.116629
37848	0.614901	-0.364408	-9.143586
37849	0.543932	-0.383012	-9.178388
37850	0.469245	-0.409700	-9.206812
37851	0.384185	-0.460725	-9.253399
37852	0.247011	-0.469481	-9.278627
37853	0.173365	-0.574799	-9.314945
37854	0.012636	-0.657018	-9.482871
37855	0.004737	-0.729932	-9.486766
37856	-0.022993	-0.739092	-9.508500
37857	-0.020743	-0.727529	-9.531441
37858	0.057923	-0.685256	-9.484958
37859	0.102208	-0.661122	-9.471285
37860	0.124539	-0.659322	-9.470248
37861	0.147540	-0.649615	-9.463441
37862	0.168638	-0.645630	-9.461602
37863	0.190541	-0.653800	-9.468699
37864	0.208052	-0.662848	-9.480832
37865	0.216350	-0.685243	-9.519489
37866	0.208575	-0.721607	-9.591488
37867	0.200646	-0.754246	-9.622687
37868	0.201969	-0.781253	-9.646406
37869	0.202973	-0.805506	-9.679943
37870	0.201772	-0.847427	-9.733860
37871	0.207729	-0.869542	-9.779521
37872	0.210835	-0.865494	-9.810217
37873	0.223696	-0.848576	-9.824425
37874	0.236421	-0.820663	-9.832761
37875	0.244153	-0.792584	-9.832837
37876	0.247947	-0.769118	-9.839687
37877	0.234920	-0.756110	-9.846029
37878	0.193652	-0.758474	-9.864439
37879	0.137091	-0.771551	-9.892303
37880	0.069248	-0.814056	-9.923968
37881	-0.013067	-0.866547	-9.951133
37882	-0.110386	-0.921688	-9.981450
37883	-0.221863	-0.988457	-10.017041
37884	-0.338158	-1.055673	-10.057945
37885	-0.478555	-1.137064	-10.106871
37886	-0.616520	-1.231985	-10.160312
37887	-0.745864	-1.339821	-10.224252
37888	-0.842454	-1.461328	-10.218394
37889	-0.871681	-1.562528	-10.043705
37890	-0.819876	-1.651863	-9.453129
37891	-0.421767	-1.673245	-8.325634
37892	-0.236858	-1.867779	-7.097314
37893	0.007014	-2.036911	-5.616847
37894	0.193362	-2.214928	-3.994922
37895	0.376112	-2.345894	-2.208085
37896	0.560804	-2.419703	-0.296483
37897	0.633993	-2.491928	1.595273
37898	0.674197	-2.535383	3.312560
37899	1.033361	-2.455603	4.715861
37900	1.900724	-2.399340	5.658778
37901	2.963255	-2.250162	5.919129
37902	3.940043	-1.952209	5.596585
37903	4.814893	-1.521780	4.765524
37904	5.483754	-1.074472	3.574773
37905	6.114048	-0.606381	2.199978
37906	6.826805	-0.119766	0.769942
37907	7.601701	0.313866	-0.612565
37908	8.356168	0.587592	-1.877884
37909	8.999854	0.640184	-2.996558
37910	9.470352	0.387442	-3.894739
37911	8.213437	0.051162	-4.724999
37912	6.519314	-0.129449	-5.724881
37913	5.102811	-0.321532	-6.797693
37914	3.421986	-0.488209	-7.886631
37915	1.800082	-0.706186	-8.807455
37916	0.855602	-0.527012	-9.399895
37917	0.798133	-0.037322	-9.562161
37918	0.030114	0.170153	-9.891384
37919	-0.148077	0.206645	-9.818109
37920	-0.218710	0.215954	-9.798690
37921	-0.166470	0.280256	-9.776305
37922	-0.010103	0.323229	-9.726349
37923	0.037506	0.334526	-9.733172
37924	0.025309	0.309323	-9.738448
37925	-0.041381	0.263704	-9.762717
37926	-0.132973	0.206755	-9.803583
37927	-0.249279	0.156417	-9.865032
37928	-0.368707	0.109045	-9.927258
37929	-0.482926	0.065515	-9.969006
37930	-0.588231	0.041250	-9.986238
37931	-0.682131	0.050663	-9.997680
37932	-0.760413	0.085613	-10.000917
37933	-0.833992	0.133800	-9.994916
37934	-0.918165	0.198785	-9.977294
37935	-0.984306	0.296627	-9.938657
37936	-1.043509	0.414102	-9.857749
37937	-1.099478	0.565573	-9.754009
37938	-1.136922	0.745176	-9.654176
37939	-1.180719	0.906483	-9.493594
37940	-1.255324	1.047126	-9.273014
37941	-1.336008	1.145642	-8.922081
37942	-1.428232	1.188678	-8.489515
37943	-1.526445	1.117034	-8.099307
37944	-1.665676	0.995111	-8.002606
37945	-1.702093	0.867258	-8.015496
37946	-1.642574	0.566307	-7.807341
37947	-1.583624	0.454118	-7.787736
37948	-1.486322	0.355112	-7.810097
37949	-1.239807	0.277930	-7.761607
37950	-0.939555	0.222012	-7.725299
37951	-0.615849	0.214659	-7.699064
37952	-0.284810	0.225108	-7.643327
37953	-0.034341	0.228764	-7.620173
37954	0.139123	0.216693	-7.611871
37955	0.232223	0.189739	-7.612533
37956	0.259434	0.153135	-7.628322
37957	0.252318	0.116115	-7.651273
37958	0.225896	0.073538	-7.678330
37959	0.200943	0.038514	-7.696105
37960	0.183066	0.019435	-7.709354
37961	0.177452	0.006712	-7.714698
37962	0.176688	0.000965	-7.721430
37963	0.176165	0.001004	-7.726978
37964	0.173567	-0.003214	-7.732881
37965	0.159948	-0.009101	-7.739879
37966	0.139017	-0.019561	-7.745921
37967	0.110582	-0.032098	-7.754941
37968	0.073637	-0.047010	-7.762172
37969	0.026364	-0.064779	-7.773556
37970	-0.020768	-0.082303	-7.786577
37971	-0.058705	-0.098124	-7.796380
37972	-0.097549	-0.119101	-7.812293
37973	-0.130287	-0.133665	-7.816954
37974	-0.161140	-0.147692	-7.821021
37975	-0.176334	-0.171450	-7.805863
37976	-0.210362	-0.178693	-7.819908
37977	-0.231593	-0.181851	-7.818859
37978	-0.241854	-0.186409	-7.819205
37979	-0.245072	-0.180550	-7.822720
37980	-0.221868	-0.178330	-7.807527
37981	-0.192090	-0.165092	-7.796112
37982	-0.167737	-0.155005	-7.791820
37983	-0.154721	-0.158351	-7.780502
37984	-0.167698	-0.174728	-7.778356
37985	-0.200344	-0.195952	-7.781828
37986	-0.245935	-0.218476	-7.790867
37987	-0.289115	-0.244762	-7.789052
37988	-0.333990	-0.259590	-7.796504
37989	-0.361501	-0.269361	-7.795184
37990	-0.379755	-0.281248	-7.795849
37991	-0.392937	-0.287701	-7.792332
37992	-0.408573	-0.290320	-7.789890
37993	-0.418588	-0.289505	-7.787388
37994	-0.422257	-0.289754	-7.784990
37995	-0.419837	-0.287168	-7.781909
37996	-0.407753	-0.281947	-7.776366
37997	-0.389294	-0.279717	-7.767959
37998	-0.370879	-0.278067	-7.762245
37999	-0.350491	-0.274393	-7.761974
38000	-0.332812	-0.275641	-7.761992
38001	-0.319277	-0.275710	-7.760705
38002	-0.309955	-0.276624	-7.760174
38003	-0.302678	-0.278905	-7.761231
38004	-0.298323	-0.281575	-7.759758
38005	-0.299265	-0.286656	-7.758351
38006	-0.307233	-0.293354	-7.758884
38007	-0.316073	-0.298705	-7.756303
38008	-0.327236	-0.307742	-7.750311
38009	-0.339215	-0.316396	-7.747613
38010	-0.350703	-0.323134	-7.744551
38011	-0.370132	-0.332227	-7.741708
38012	-0.387812	-0.338081	-7.738545
38013	-0.396946	-0.341997	-7.735554
38014	-0.400649	-0.346201	-7.732250
38015	-0.400339	-0.349960	-7.730879
38016	-0.395886	-0.354461	-7.732483
38017	-0.382089	-0.355098	-7.734934
38018	-0.359479	-0.358114	-7.736680
38019	-0.327683	-0.358532	-7.738616
38020	-0.295865	-0.356868	-7.739143
38021	-0.268982	-0.355953	-7.737687
38022	-0.252377	-0.357696	-7.736644
38023	-0.242913	-0.359866	-7.736498
38024	-0.235489	-0.362327	-7.737569
38025	-0.229714	-0.365806	-7.733194
38026	-0.229078	-0.368914	-7.730825
38027	-0.234762	-0.366560	-7.730919
38028	-0.238787	-0.359581	-7.725946
38029	-0.241405	-0.352970	-7.719733
38030	-0.240897	-0.344504	-7.712992
38031	-0.241504	-0.338610	-7.706592
38032	-0.248844	-0.335760	-7.702531
38033	-0.264422	-0.333391	-7.699972
38034	-0.283562	-0.331638	-7.696525
38035	-0.288613	-0.333893	-7.690742
38036	-0.282776	-0.336157	-7.681626
38037	-0.274287	-0.337038	-7.672979
38038	-0.265441	-0.342183	-7.668843
38039	-0.258011	-0.348039	-7.666319
38040	-0.249079	-0.354571	-7.666933
38041	-0.238383	-0.359826	-7.664267
38042	-0.222923	-0.365153	-7.664593
38043	-0.209416	-0.369638	-7.660741
38044	-0.194120	-0.376233	-7.660422
38045	-0.175691	-0.382492	-7.658280
38046	-0.158035	-0.388150	-7.655731
38047	-0.139558	-0.390886	-7.652814
38048	-0.121415	-0.392752	-7.652196
38049	-0.106027	-0.395266	-7.648401
38050	-0.097326	-0.397281	-7.646179
38051	-0.092786	-0.397688	-7.644320
38052	-0.086141	-0.402510	-7.643061
38053	-0.077936	-0.406010	-7.642873
38054	-0.069397	-0.409292	-7.640007
38055	-0.060643	-0.411191	-7.633418
38056	-0.055746	-0.412263	-7.625547
38057	-0.058606	-0.414857	-7.616901
38058	-0.067463	-0.412764	-7.609072
38059	-0.080881	-0.414677	-7.602760
38060	-0.094031	-0.419020	-7.597877
38061	-0.107915	-0.420325	-7.592185
38062	-0.121829	-0.422186	-7.589190
38063	-0.133088	-0.423112	-7.584993
38064	-0.142029	-0.423224	-7.582932
38065	-0.144873	-0.420971	-7.578502
38066	-0.140449	-0.420997	-7.572920
38067	-0.131850	-0.418881	-7.571578
38068	-0.118647	-0.418107	-7.572583
38069	-0.102592	-0.416007	-7.569696
38070	-0.088113	-0.414792	-7.567402
38071	-0.073614	-0.412142	-7.565740
38072	-0.062047	-0.409877	-7.561544
38073	-0.050905	-0.406448	-7.555269
38074	-0.042139	-0.405390	-7.550595
38075	-0.033808	-0.402728	-7.545509
38076	-0.026533	-0.398034	-7.539615
38077	-0.021477	-0.395530	-7.536345
38078	-0.019363	-0.392970	-7.532212
38079	-0.021289	-0.391494	-7.528201
38080	-0.026792	-0.390180	-7.524977
38081	-0.032371	-0.386050	-7.517623
38082	-0.038491	-0.385836	-7.512711
38083	-0.039160	-0.383041	-7.508735
38084	-0.039558	-0.383118	-7.504527
38085	-0.038692	-0.379997	-7.502655
38086	-0.039221	-0.376934	-7.500356
38087	-0.043330	-0.375561	-7.497555
38088	-0.045281	-0.375082	-7.494577
38089	-0.044128	-0.373393	-7.493105
38090	-0.040386	-0.371882	-7.495834
38091	-0.038604	-0.369535	-7.494380
38092	-0.033475	-0.369847	-7.495235
38093	-0.031869	-0.368325	-7.494805
38094	-0.028571	-0.367089	-7.494823
38095	-0.028676	-0.366719	-7.493314
38096	-0.029458	-0.367119	-7.496160
38097	-0.029255	-0.369065	-7.491717
38098	-0.028936	-0.369854	-7.492288
38099	-0.029050	-0.369043	-7.492447
38100	-0.031357	-0.370210	-7.491520
38101	-0.034273	-0.370602	-7.491206
38102	-0.037218	-0.371988	-7.491929
38103	-0.040588	-0.372214	-7.490572
38104	-0.043514	-0.374483	-7.487959
38105	-0.044876	-0.375431	-7.486414
38106	-0.048555	-0.375660	-7.484022
38107	-0.049639	-0.377598	-7.484546
38108	-0.049036	-0.379818	-7.485518
38109	-0.047372	-0.384077	-7.487300
38110	-0.047462	-0.390035	-7.490706
38111	-0.049876	-0.395931	-7.495316
38112	-0.052157	-0.401550	-7.501602
38113	-0.049009	-0.409005	-7.506274
38114	-0.041321	-0.412010	-7.511080
38115	-0.029119	-0.416078	-7.513854
38116	-0.015237	-0.420423	-7.517074
38117	-0.000407	-0.424110	-7.521344
38118	0.015019	-0.428569	-7.525000
38119	0.030781	-0.433914	-7.526355
38120	0.047148	-0.440473	-7.525428
38121	0.061827	-0.446312	-7.525722
38122	0.073558	-0.452531	-7.523486
38123	0.084518	-0.458803	-7.522891
38124	0.093947	-0.462425	-7.522107
38125	0.102270	-0.468634	-7.521683
38126	0.110896	-0.473738	-7.521910
38127	0.122022	-0.478743	-7.521956
38128	0.134832	-0.484470	-7.520781
38129	0.147690	-0.489657	-7.516902
38130	0.158840	-0.493018	-7.513861
38131	0.163029	-0.495082	-7.514051
38132	0.161468	-0.498732	-7.511244
38133	0.158553	-0.499123	-7.510938
38134	0.156860	-0.499184	-7.511701
38135	0.158587	-0.500362	-7.511036
38136	0.159999	-0.501987	-7.507670
38137	0.162984	-0.501848	-7.507036
38138	0.165185	-0.501101	-7.505993
38139	0.162617	-0.499846	-7.503631
38140	0.159562	-0.499861	-7.499597
38141	0.155449	-0.498492	-7.496799
38142	0.152100	-0.496630	-7.494027
38143	0.150161	-0.494717	-7.491681
38144	0.150535	-0.492870	-7.488129
38145	0.148596	-0.490956	-7.485782
38146	0.146794	-0.489654	-7.481778
38147	0.140166	-0.490919	-7.478915
38148	0.130461	-0.489422	-7.475424
38149	0.118729	-0.489289	-7.473542
38150	0.109132	-0.489599	-7.473148
38151	0.103580	-0.489925	-7.473009
38152	0.103139	-0.488668	-7.473801
38153	0.102110	-0.487082	-7.473540
38154	0.104641	-0.483800	-7.473772
38155	0.103606	-0.481769	-7.475178
38156	0.100868	-0.478358	-7.475752
38157	0.099839	-0.476773	-7.475490
38158	0.101741	-0.474149	-7.475705
38159	0.104444	-0.473024	-7.472997
38160	0.107901	-0.471404	-7.470313
38161	0.112779	-0.469735	-7.468056
38162	0.115894	-0.470206	-7.465761
38163	0.120430	-0.470628	-7.463893
38164	0.123888	-0.469009	-7.461208
38165	0.129053	-0.468772	-7.459355
38166	0.138523	-0.468878	-7.457774
38167	0.148036	-0.467554	-7.456822
38168	0.156582	-0.466441	-7.456487
38169	0.161112	-0.466418	-7.456285
38170	0.161700	-0.468629	-7.457265
38171	0.162498	-0.468143	-7.459511
38172	0.164170	-0.469857	-7.461550
38173	0.165538	-0.471787	-7.466275
38174	0.165030	-0.473600	-7.469530
38175	0.167662	-0.474659	-7.472618
38176	0.168871	-0.475765	-7.475279
38177	0.170299	-0.474620	-7.477540
38178	0.170885	-0.476830	-7.478519
38179	0.172942	-0.475027	-7.480794
38180	0.177248	-0.476806	-7.482660
38181	0.184239	-0.477669	-7.483313
38182	0.191352	-0.478692	-7.483976
38183	0.199716	-0.480490	-7.486094
38184	0.208545	-0.480803	-7.486162
38185	0.216107	-0.484081	-7.489295
38186	0.224129	-0.485425	-7.492044
38187	0.228307	-0.486595	-7.495567
38188	0.236335	-0.488386	-7.496650
38189	0.243609	-0.490231	-7.499376
38190	0.252433	-0.490095	-7.501108
38191	0.260047	-0.489851	-7.503440
38192	0.265151	-0.490146	-7.504289
38193	0.271792	-0.492201	-7.508667
38194	0.280160	-0.491903	-7.509355
38195	0.293332	-0.493219	-7.511743
38196	0.304959	-0.492328	-7.512266
38197	0.314123	-0.492645	-7.513364
38198	0.322315	-0.493168	-7.515080
38199	0.329939	-0.493820	-7.514077
38200	0.339858	-0.494535	-7.511863
38201	0.350576	-0.495865	-7.510061
38202	0.366674	-0.497035	-7.509579
38203	0.378308	-0.499138	-7.508197
38204	0.387251	-0.502151	-7.508033
38205	0.392812	-0.505149	-7.509689
38206	0.394603	-0.510002	-7.509843
38207	0.398619	-0.512887	-7.511067
38208	0.404124	-0.516857	-7.513765
38209	0.408596	-0.519902	-7.516032
38210	0.416623	-0.522142	-7.515447
38211	0.422692	-0.521782	-7.517340
38212	0.429957	-0.520630	-7.521962
38213	0.437575	-0.520834	-7.522623
38214	0.443475	-0.519653	-7.522450
38215	0.447714	-0.518200	-7.521835
38216	0.452530	-0.517516	-7.520605
38217	0.453678	-0.515838	-7.519125
38218	0.460885	-0.509823	-7.518162
38219	0.468850	-0.508843	-7.515091
38220	0.479098	-0.507024	-7.514136
38221	0.488776	-0.504889	-7.512127
38222	0.498574	-0.503362	-7.508461
38223	0.507163	-0.501274	-7.507062
38224	0.518962	-0.500474	-7.503202
38225	0.531214	-0.501020	-7.505151
38226	0.540203	-0.500518	-7.504167
38227	0.549993	-0.500179	-7.505262
38228	0.557269	-0.500834	-7.503216
38229	0.563629	-0.502356	-7.503850
38230	0.569016	-0.504530	-7.503441
38231	0.575547	-0.505236	-7.503042
38232	0.581560	-0.506300	-7.504308
38233	0.591016	-0.508956	-7.502475
38234	0.598452	-0.507434	-7.504393
38235	0.605447	-0.509206	-7.501707
38236	0.611634	-0.509908	-7.500278
38237	0.616163	-0.510342	-7.498405
38238	0.620519	-0.509953	-7.494458
38239	0.622418	-0.510774	-7.491102
38240	0.628154	-0.511773	-7.486967
38241	0.632969	-0.513182	-7.487171
38242	0.638527	-0.514995	-7.484059
38243	0.642425	-0.515633	-7.483841
38244	0.643636	-0.518077	-7.481515
38245	0.644732	-0.519917	-7.480850
38246	0.645659	-0.521389	-7.476445
38247	0.644633	-0.520257	-7.474523
38248	0.642798	-0.518055	-7.473858
38249	0.643316	-0.516582	-7.474031
38250	0.643647	-0.512472	-7.478798
38251	0.647257	-0.511681	-7.478166
38252	0.654063	-0.510812	-7.480055
38253	0.660762	-0.510249	-7.480282
38254	0.666771	-0.511769	-7.479888
38255	0.671757	-0.512363	-7.479056
38256	0.676680	-0.513921	-7.479258
38257	0.685220	-0.516267	-7.475335
38258	0.697292	-0.516908	-7.471871
38259	0.711144	-0.514969	-7.470085
38260	0.723671	-0.515770	-7.467664
38261	0.736727	-0.516218	-7.463576
38262	0.747080	-0.517563	-7.460717
38263	0.755620	-0.520372	-7.455128
38264	0.762893	-0.522864	-7.446431
38265	0.769892	-0.526933	-7.435418
38266	0.776997	-0.532527	-7.419424
38267	0.789892	-0.537919	-7.401383
38268	0.799165	-0.543430	-7.384141
38269	0.804904	-0.550656	-7.366449
38270	0.810280	-0.557417	-7.349379
38271	0.811835	-0.563541	-7.334771
38272	0.811145	-0.570249	-7.324098
38273	0.804460	-0.576861	-7.315452
38274	0.797592	-0.581728	-7.308048
38275	0.789074	-0.585419	-7.303552
38276	0.781409	-0.590841	-7.300521
38277	0.773349	-0.594688	-7.297067
38278	0.767279	-0.596254	-7.295297
38279	0.762822	-0.596975	-7.292921
38280	0.758641	-0.597031	-7.289515
38281	0.760477	-0.592105	-7.283875
38282	0.766140	-0.585979	-7.282401
38283	0.770150	-0.580513	-7.277196
38284	0.776327	-0.570585	-7.277652
38285	0.780511	-0.562931	-7.276407
38286	0.784627	-0.556244	-7.276219
38287	0.789098	-0.550477	-7.273722
38288	0.795492	-0.546410	-7.272082
38289	0.800763	-0.539176	-7.268549
38290	0.803613	-0.534257	-7.266669
38291	0.803277	-0.528957	-7.263919
38292	0.803475	-0.524418	-7.260505
38293	0.800507	-0.519042	-7.257941
38294	0.798272	-0.513158	-7.255385
38295	0.794102	-0.506041	-7.250312
38296	0.788655	-0.498148	-7.243766
38297	0.781568	-0.489069	-7.240127
38298	0.772745	-0.478146	-7.237332
38299	0.760050	-0.471917	-7.231146
38300	0.746416	-0.461908	-7.226404
38301	0.730802	-0.453716	-7.221652
38302	0.717570	-0.447841	-7.217151
38303	0.705503	-0.440497	-7.212634
38304	0.698457	-0.435081	-7.209835
38305	0.689481	-0.427511	-7.207842
38306	0.680879	-0.421968	-7.204558
38307	0.666636	-0.413789	-7.204605
38308	0.642126	-0.405117	-7.202730
38309	0.603265	-0.395946	-7.202358
38310	0.552033	-0.392558	-7.201828
38311	0.480066	-0.389508	-7.200488
38312	0.391965	-0.386008	-7.199128
38313	0.288345	-0.381208	-7.203188
38314	0.176812	-0.374147	-7.206291
38315	0.062880	-0.371915	-7.206279
38316	-0.050307	-0.369193	-7.206106
38317	-0.159369	-0.369699	-7.204265
38318	-0.258712	-0.373370	-7.201949
38319	-0.339481	-0.382391	-7.185498
38320	-0.388065	-0.395994	-7.144774
38321	-0.396736	-0.401847	-7.083797
38322	-0.312744	-0.418398	-6.982443
38323	-0.195031	-0.413315	-6.872521
38324	-0.143945	-0.363337	-6.788266
38325	-0.174154	-0.283468	-6.737638
38326	-0.235451	-0.218267	-6.770363
38327	-0.016331	-0.268487	-6.954581
38328	0.525145	-0.249306	-7.276932
38329	1.469090	-0.011380	-7.563932
38330	3.198757	0.194231	-7.470081
38331	4.698635	-0.716365	-7.469992
38332	5.364893	-2.643086	-7.546373
38333	4.981050	-4.395741	-8.015239
38334	4.154551	-6.015996	-8.505756
38335	3.432388	-7.792698	-8.866351
38336	3.019717	-9.627150	-8.956328
38337	2.945774	-11.425676	-8.771526
38338	3.047052	-13.204547	-8.379617
38339	3.107179	-15.033315	-7.858517
38340	2.970300	-16.950309	-7.295609
38341	2.581949	-18.943330	-6.738416
38342	1.970666	-21.008349	-6.221295
38343	1.216014	-23.094715	-5.753831
38344	0.456126	-25.128240	-5.336382
38345	-0.222597	-27.018413	-4.942132
38346	-0.750903	-28.673788	-4.550297
38347	-1.058183	-30.020885	-4.167571
38348	-1.096113	-31.025996	-3.835390
38349	-0.856221	-31.723658	-3.622865
38350	-0.378508	-32.212754	-3.623208
38351	0.273489	-32.608668	-3.907814
38352	1.049937	-32.979027	-4.482633
38353	1.928131	-33.333965	-5.281677
38354	2.939470	-33.628587	-6.230187
38355	4.022199	-33.810702	-7.198787
38356	3.747256	-34.473632	-7.208837
38357	3.710794	-34.765919	-7.699287
38358	4.157789	-34.805266	-8.042924
38359	5.123497	-34.532985	-8.025301
38360	6.276019	-33.994626	-8.061108
38361	7.519062	-33.231324	-8.455278
38362	8.734383	-32.311356	-9.249211
38363	9.822171	-31.232498	-10.392583
38364	10.805219	-29.942195	-11.710867
38365	11.756442	-28.440898	-13.026825
38366	12.713143	-26.758259	-14.269916
38367	13.618733	-24.937712	-15.431706
38368	14.407176	-23.008100	-16.517659
38369	15.054479	-21.024473	-17.486527
38370	15.599227	-19.011149	-18.339591
38371	16.018879	-16.976143	-19.143304
38372	16.287401	-14.931801	-19.909688
38373	16.437318	-12.923575	-20.613361
38374	16.507464	-10.977289	-21.227807
38375	16.504532	-9.147810	-21.733370
38376	16.425991	-7.454801	-22.159149
38377	16.295213	-5.903140	-22.553543
38378	16.143983	-4.441245	-22.960765
38379	15.971775	-3.029784	-23.372188
38380	15.760168	-1.650503	-23.772485
38381	15.491955	-0.314551	-24.101507
38382	15.169959	0.924724	-24.295043
38383	14.776413	1.994051	-24.284590
38384	14.299761	2.815993	-24.033782
38385	13.757148	3.319771	-23.556338
38386	13.181717	3.479413	-22.912922
38387	12.632106	3.272737	-22.174924
38388	12.145503	2.705651	-21.394696
38389	11.760336	1.827438	-20.608942
38390	10.217747	0.817749	-20.213572
38391	6.650425	1.063093	-20.493430
38392	5.337193	0.744237	-20.530325
38393	2.869387	0.949841	-21.131175
38394	1.197419	0.482216	-21.484487
38395	0.119506	0.266496	-21.835858
38396	-0.007153	0.344452	-21.519811
38397	-0.114782	0.503577	-21.324956
38398	-0.282068	0.496057	-21.410039
38399	-0.182779	0.465751	-21.379306
38400	-0.127701	0.383944	-21.464391
38401	-0.032091	0.334018	-21.591452
38402	-0.027141	0.296253	-21.892144
38403	-0.109174	0.315019	-22.356459
38404	-0.186621	0.346567	-22.836328
38405	-0.205814	0.406538	-23.201381
38406	-0.185448	0.476403	-23.325431
38407	-0.301309	0.590411	-23.348800
38408	-0.479719	0.662479	-23.352602
38409	-0.607152	0.707443	-23.353136
38410	-0.637949	0.711980	-23.343099
38411	-0.596800	0.727984	-23.329083
38412	-0.529075	0.734632	-23.326676
38413	-0.451588	0.755291	-23.321868
38414	-0.363048	0.789008	-23.317405
38415	-0.267012	0.823920	-23.305067
38416	-0.175419	0.869327	-23.314798
38417	-0.098579	0.927536	-23.363388
38418	-0.019107	0.982062	-23.427401
38419	0.054688	1.042033	-23.496771
38420	0.124773	1.116718	-23.578086
38421	0.186874	1.169328	-23.623545
38422	0.236887	1.195387	-23.644042
38423	0.270865	1.208111	-23.655988
38424	0.298988	1.208110	-23.662523
38425	0.314302	1.203545	-23.666003
38426	0.316097	1.201778	-23.663969
38427	0.301171	1.194289	-23.655766
38428	0.266308	1.174279	-23.637028
38429	0.225837	1.150161	-23.609809
38430	0.193569	1.123732	-23.573126
38431	0.171136	1.085589	-23.522972
38432	0.149835	1.040686	-23.471905
38433	0.125760	0.988867	-23.431757
38434	0.086406	0.920098	-23.409818
38435	0.047331	0.843432	-23.387829
38436	0.001676	0.759855	-23.375579
38437	-0.039022	0.669462	-23.363424
38438	-0.087465	0.575557	-23.356869
38439	-0.127848	0.487494	-23.346487
38440	-0.150666	0.407536	-23.334234
38441	-0.183626	0.337991	-23.337201
38442	-0.218048	0.272759	-23.340458
38443	-0.259864	0.220268	-23.352106
38444	-0.294984	0.175743	-23.367099
38445	-0.328078	0.155490	-23.392471
38446	-0.344646	0.147243	-23.409676
38447	-0.352042	0.148908	-23.424383
38448	-0.344986	0.152626	-23.435346
38449	-0.325094	0.159942	-23.436430
38450	-0.293151	0.172989	-23.437999
38451	-0.260220	0.180883	-23.432886
38452	-0.225945	0.183502	-23.429813
38453	-0.192798	0.182742	-23.427084
38454	-0.158026	0.178086	-23.423073
38455	-0.124738	0.171062	-23.417559
38456	-0.084906	0.165243	-23.415059
38457	-0.036920	0.163223	-23.409270
38458	0.003893	0.161351	-23.407868
38459	0.048324	0.165157	-23.401652
38460	0.094084	0.167035	-23.397661
38461	0.140331	0.172275	-23.388460
38462	0.178718	0.175084	-23.379210
38463	0.211181	0.173777	-23.371593
38464	0.233478	0.169864	-23.360227
38465	0.242943	0.161510	-23.351953
38466	0.245564	0.150095	-23.344029
38467	0.242584	0.134816	-23.340158
38468	0.236835	0.111359	-23.337043
38469	0.226631	0.086392	-23.337043
38470	0.218751	0.059981	-23.333911
38471	0.218541	0.028223	-23.325088
38472	0.212218	-0.007216	-23.327161
38473	0.232618	-0.085751	-23.299873
38474	0.203012	-0.140876	-23.282134
38475	0.167424	-0.179702	-23.283535
38476	0.161110	-0.212363	-23.299241
38477	0.152186	-0.255689	-23.285458
38478	0.125815	-0.280492	-23.285012
38479	0.123840	-0.295650	-23.301828
38480	0.125596	-0.314388	-23.309978
38481	0.115048	-0.327713	-23.316328
38482	0.130974	-0.326423	-23.341104
38483	0.177176	-0.320554	-23.346165
38484	0.221391	-0.306285	-23.337297
38485	0.296730	-0.292455	-23.331080
38486	0.381550	-0.280791	-23.322118
38487	0.456189	-0.270179	-23.303568
38488	0.519358	-0.269375	-23.296418
38489	0.572736	-0.271714	-23.287333
38490	0.629998	-0.279193	-23.273841
38491	0.682808	-0.291580	-23.263294
38492	0.709811	-0.302720	-23.256102
38493	0.733555	-0.304970	-23.273297
38494	0.775331	-0.325276	-23.268471
38495	0.796713	-0.342385	-23.265728
38496	0.813054	-0.364313	-23.266511
38497	0.853157	-0.383015	-23.257038
38498	0.896820	-0.391946	-23.243446
38499	0.963068	-0.398013	-23.235136
38500	1.055035	-0.405193	-23.216190
38501	1.135704	-0.421543	-23.193708
38502	1.190586	-0.439782	-23.180760
38503	1.246067	-0.461532	-23.173406
38504	1.312381	-0.488581	-23.158729
38505	1.366532	-0.512511	-23.147496
38506	1.394836	-0.543118	-23.138838
38507	1.405904	-0.575348	-23.130875
38508	1.412378	-0.611845	-23.120155
38509	1.404899	-0.652497	-23.114601
38510	1.368067	-0.701771	-23.116569
38511	1.307904	-0.751530	-23.124465
38512	1.211106	-0.798270	-23.142752
38513	1.058056	-0.820772	-23.180486
38514	0.862969	-0.825820	-23.241624
38515	0.698430	-0.874122	-23.294755
38516	0.578317	-0.880537	-23.297099
38517	0.538895	-0.864028	-23.186316
38518	0.532700	-0.857595	-22.791180
38519	-0.038269	-1.070469	-22.409640
38520	-0.429715	-1.425470	-21.862622
38521	-0.197856	-1.393289	-20.651765
38522	-0.148261	-1.511348	-19.162340
38523	-0.006738	-1.623613	-17.325697
38524	0.052763	-1.825522	-15.327299
38525	0.086593	-2.042785	-13.203029
38526	0.073931	-2.271085	-11.002787
38527	0.065957	-2.449607	-8.904288
38528	0.023785	-2.537870	-6.999966
38529	-0.101876	-2.517398	-5.406202
38530	-0.260515	-2.465734	-4.041079
38531	-0.374869	-2.432985	-2.857012
38532	-0.369749	-2.447433	-1.790868
38533	-0.338532	-2.470786	-0.857587
38534	-0.316709	-2.462416	-0.109697
38535	-0.315344	-2.409219	0.420159
38536	-0.324971	-2.329662	0.743296
38537	-0.348409	-2.220273	0.889717
38538	-0.368586	-2.094931	0.877953
38539	-0.326467	-1.965970	0.830799
38540	-0.218204	-1.819101	0.800720
38541	-0.053951	-1.625932	0.801453
38542	0.111200	-1.342082	0.811416
38543	0.258880	-0.996361	0.814397
38544	0.394046	-0.651372	0.814164
38545	0.266337	-0.437680	0.763913
38546	0.256334	-0.375552	0.793246
38547	0.109082	-0.337404	0.763767
38548	0.001863	-0.337491	0.739042
38549	-0.065004	-0.357983	0.715265
38550	-0.108096	-0.381935	0.691028
38551	-0.152580	-0.414578	0.665741
38552	-0.212365	-0.456670	0.628651
38553	-0.279479	-0.497909	0.585297
38554	-0.343379	-0.533913	0.538868
38555	-0.395164	-0.559757	0.495891
38556	-0.436721	-0.583311	0.460388
38557	-0.470564	-0.599842	0.432367
38558	-0.489008	-0.608340	0.418567
38559	-0.488661	-0.606173	0.417784
38560	-0.471642	-0.595218	0.432962
38561	-0.446377	-0.574673	0.454227
38562	-0.409511	-0.543301	0.481088
38563	-0.360080	-0.506944	0.513601
38564	-0.295412	-0.467244	0.549750
38565	-0.224822	-0.429807	0.581907
38566	-0.147575	-0.400660	0.615872
38567	-0.065913	-0.375978	0.649449
38568	0.010970	-0.357562	0.679815
38569	0.080023	-0.345371	0.706756
38570	0.143229	-0.334931	0.732916
38571	0.195655	-0.329298	0.752940
38572	0.231764	-0.324348	0.771342
38573	0.252245	-0.324314	0.783823
38574	0.258250	-0.326095	0.791936
38575	0.251038	-0.331603	0.794768
38576	0.233382	-0.339683	0.790057
38577	0.199276	-0.349837	0.786172
38578	0.159795	-0.362550	0.786828
38579	0.113367	-0.379369	0.778605
38580	0.069022	-0.401074	0.773293
38581	0.020681	-0.423883	0.764931
38582	-0.023659	-0.447815	0.758131
38583	-0.081197	-0.470432	0.742814
38584	-0.129212	-0.488993	0.731908
38585	-0.164454	-0.508706	0.727810
38586	-0.189583	-0.528647	0.726723
38587	-0.208342	-0.539088	0.717045
38588	-0.297810	-0.632800	0.698536
38589	-0.327203	-0.820157	0.642428
38590	-0.310137	-0.888055	0.649462
38591	-0.295208	-0.863774	0.639347
38592	-0.270029	-0.833481	0.620527
38593	-0.225002	-0.802350	0.620416
38594	-0.193928	-0.782688	0.622855
38595	-0.158272	-0.783542	0.627973
38596	-0.141042	-0.811614	0.611521
38597	-0.141447	-0.862713	0.584913
38598	-0.145186	-0.948282	0.541281
38599	-0.111511	-1.018540	0.541268
38600	-0.089738	-1.056107	0.542917
38601	-0.053922	-1.070151	0.546236
38602	-0.005699	-1.090376	0.550250
38603	0.040541	-1.114803	0.549850
38604	0.088298	-1.143744	0.548768
38605	0.126633	-1.156533	0.560334
38606	0.149953	-1.157706	0.578168
38607	0.166384	-1.154358	0.598132
38608	0.184139	-1.151476	0.610020
38609	0.206283	-1.150837	0.622969
38610	0.231690	-1.151740	0.632738
38611	0.252811	-1.168582	0.627832
38612	0.278827	-1.207298	0.609899
38613	0.303306	-1.272081	0.594738
38614	0.326424	-1.321556	0.582261
38615	0.336012	-1.374357	0.568689
38616	0.335612	-1.424143	0.562456
38617	0.325083	-1.448657	0.563943
38618	0.313370	-1.471052	0.566346
38619	0.299220	-1.490344	0.568347
38620	0.287570	-1.507816	0.572090
38621	0.280456	-1.519915	0.577972
38622	0.272828	-1.529086	0.580047
38623	0.260841	-1.536492	0.579963
38624	0.252227	-1.542715	0.576453
38625	0.252056	-1.547703	0.578597
38626	0.257866	-1.551767	0.577486
38627	0.262057	-1.556443	0.580440
38628	0.267684	-1.561285	0.578217
38629	0.274335	-1.571022	0.567721
38630	0.284491	-1.583913	0.558288
38631	0.291768	-1.599972	0.540205
38632	0.302260	-1.618030	0.520728
38633	0.303167	-1.638662	0.505035
38634	0.294349	-1.657234	0.494444
38635	0.283087	-1.667862	0.477161
38636	0.256987	-1.679678	0.455048
38637	0.227174	-1.684696	0.433887
38638	0.185636	-1.691344	0.406962
38639	0.137306	-1.697448	0.377311
38640	0.071338	-1.705141	0.336933
38641	-0.012396	-1.739005	0.284091
38642	-0.107139	-1.778642	0.227268
38643	-0.230796	-1.808692	0.156586
38644	-0.384064	-1.820535	0.091665
38645	-0.572363	-1.828418	0.020906
38646	-0.781427	-1.828566	-0.042455
38647	-0.937076	-1.811002	-0.079187
38648	-1.046763	-1.784904	-0.102983
38649	-1.107920	-1.748861	-0.091855
38650	-1.079649	-1.686516	-0.035264
38651	-0.909569	-1.587439	0.087214
38652	-0.710172	-1.458404	0.246350
38653	-0.548485	-1.352751	0.308740
38654	-0.392101	-1.230495	0.266029
38655	-0.141767	-1.116548	0.041977
38656	0.262350	-0.970032	-0.386414
38657	0.716260	-0.822390	-0.977399
38658	1.160756	-0.573378	-1.635577
38659	1.534150	-0.269757	-2.345723
38660	1.785647	0.025084	-3.060050
38661	1.860499	0.270190	-3.751776
38662	1.760214	0.419998	-4.399424
38663	1.401827	0.454429	-4.952129
38664	0.786103	0.321282	-5.284187
38665	0.017865	0.009922	-5.303062
38666	-0.259620	0.060362	-5.209149
38667	-0.510805	-0.070999	-5.209586
38668	-0.676841	-0.238969	-5.163019
38669	-0.759980	-0.335890	-5.132813
38670	-0.792706	-0.438241	-5.102837
38671	-0.860099	-0.501726	-5.146678
38672	-0.854493	-0.555676	-5.146481
38673	-0.827350	-0.604402	-5.135474
38674	-0.795603	-0.645121	-5.138184
38675	-0.747508	-0.675424	-5.139145
38676	-0.708647	-0.699252	-5.145041
38677	-0.678432	-0.724977	-5.149053
38678	-0.660292	-0.749422	-5.152193
38679	-0.656448	-0.773564	-5.159498
38680	-0.647830	-0.794830	-5.162879
38681	-0.639376	-0.818156	-5.162212
38682	-0.619072	-0.837244	-5.160110
38683	-0.594867	-0.853263	-5.154703
38684	-0.559865	-0.864625	-5.150173
38685	-0.516429	-0.873689	-5.146450
38686	-0.463778	-0.877981	-5.143128
38687	-0.409848	-0.879079	-5.136631
38688	-0.356966	-0.879541	-5.129670
38689	-0.308897	-0.878032	-5.120899
38690	-0.267557	-0.878191	-5.110713
38691	-0.235091	-0.877892	-5.101628
38692	-0.219544	-0.877166	-5.089692
38693	-0.210657	-0.878630	-5.077423
38694	-0.209986	-0.881136	-5.065011
38695	-0.211494	-0.887062	-5.054680
38696	-0.213440	-0.894729	-5.046468
38697	-0.211136	-0.905108	-5.042789
38698	-0.207680	-0.914788	-5.037433
38699	-0.204543	-0.926878	-5.030792
38700	-0.201736	-0.937202	-5.025423
38701	-0.197028	-0.945810	-5.022849
38702	-0.191685	-0.954022	-5.015825
38703	-0.187113	-0.960857	-5.010061
38704	-0.183802	-0.968765	-5.001513
38705	-0.180409	-0.973387	-4.994878
38706	-0.180536	-0.976887	-4.985206
38707	-0.179040	-0.974077	-4.979816
38708	-0.181753	-0.971260	-4.969674
38709	-0.185591	-0.963395	-4.958872
38710	-0.189535	-0.955666	-4.948069
38711	-0.192896	-0.947962	-4.938335
38712	-0.194806	-0.940534	-4.929054
38713	-0.198733	-0.932547	-4.922712
38714	-0.203256	-0.921370	-4.917212
38715	-0.211015	-0.916784	-4.912503
38716	-0.218497	-0.910253	-4.907374
38717	-0.223446	-0.907098	-4.907395
38718	-0.228218	-0.908664	-4.905931
38719	-0.231025	-0.911209	-4.907054
38720	-0.235663	-0.914546	-4.908783
38721	-0.237389	-0.917072	-4.909286
38722	-0.243920	-0.921879	-4.912683
38723	-0.248794	-0.926700	-4.916532
38724	-0.258228	-0.929951	-4.919662
38725	-0.265609	-0.934308	-4.920910
38726	-0.271059	-0.939091	-4.923684
38727	-0.273901	-0.944218	-4.929055
38728	-0.273167	-0.950030	-4.931940
38729	-0.269958	-0.954412	-4.934231
38730	-0.269056	-0.959419	-4.936056
38731	-0.266412	-0.963520	-4.941741
38732	-0.266311	-0.964240	-4.942276
38733	-0.265892	-0.963567	-4.943454
38734	-0.263683	-0.961549	-4.942965
38735	-0.263569	-0.959908	-4.942010
38736	-0.261967	-0.955954	-4.937255
38737	-0.262329	-0.954151	-4.935227
38738	-0.260327	-0.953399	-4.934095
38739	-0.258907	-0.953632	-4.931249
38740	-0.257779	-0.951630	-4.931377
38741	-0.257060	-0.949808	-4.928730
38742	-0.257261	-0.949558	-4.927132
38743	-0.257622	-0.947756	-4.925103
38744	-0.259811	-0.946741	-4.923681
38745	-0.262335	-0.944979	-4.922889
38746	-0.265606	-0.943981	-4.922086
38747	-0.267484	-0.941575	-4.921305
38748	-0.270051	-0.942629	-4.920302
38749	-0.272785	-0.942135	-4.918867
38750	-0.274537	-0.941739	-4.916814
38751	-0.275811	-0.939152	-4.914341
38752	-0.276578	-0.936503	-4.910177
38753	-0.276674	-0.936131	-4.908577
38754	-0.277177	-0.934916	-4.904844
38755	-0.275071	-0.934042	-4.903709
38756	-0.271115	-0.934516	-4.900695
38757	-0.266888	-0.934066	-4.896619
38758	-0.263578	-0.935183	-4.893594
38759	-0.259786	-0.934109	-4.890148
38760	-0.257879	-0.931120	-4.887519
38761	-0.260484	-0.930285	-4.883319
38762	-0.262884	-0.930531	-4.881254
38763	-0.266127	-0.932451	-4.883004
38764	-0.267478	-0.935251	-4.884579
38765	-0.267945	-0.939065	-4.889361
38766	-0.267170	-0.944400	-4.893955
38767	-0.265952	-0.948014	-4.896426
38768	-0.263618	-0.953489	-4.901474
38769	-0.261965	-0.957728	-4.903315
38770	-0.264098	-0.959400	-4.901681
38771	-0.264830	-0.961784	-4.906030
38772	-0.264567	-0.967418	-4.907848
38773	-0.262171	-0.973248	-4.911194
38774	-0.257074	-0.978501	-4.913313
38775	-0.251225	-0.983003	-4.915444
38776	-0.245794	-0.986646	-4.915440
38777	-0.242427	-0.987059	-4.918585
38778	-0.241187	-0.990439	-4.918292
38779	-0.239082	-0.989566	-4.917157
38780	-0.235904	-0.991014	-4.916897
38781	-0.233646	-0.995072	-4.917047
38782	-0.233484	-0.998467	-4.917373
38783	-0.233344	-1.002100	-4.920464
38784	-0.236253	-1.004748	-4.921584
38785	-0.243590	-1.008640	-4.924538
38786	-0.253156	-1.010101	-4.924469
38787	-0.260718	-1.012101	-4.928690
38788	-0.267939	-1.014827	-4.932281
38789	-0.272765	-1.019184	-4.937830
38790	-0.274362	-1.022653	-4.944929
38791	-0.275736	-1.025683	-4.949264
38792	-0.275048	-1.028773	-4.952362
38793	-0.276086	-1.030193	-4.954574
38794	-0.274682	-1.029601	-4.955130
38795	-0.272312	-1.030157	-4.954427
38796	-0.271599	-1.030674	-4.953268
38797	-0.270352	-1.031713	-4.951481
38798	-0.268348	-1.030941	-4.950345
38799	-0.264898	-1.031477	-4.949024
38800	-0.261603	-1.029415	-4.947911
38801	-0.258605	-1.027217	-4.941258
38802	-0.257132	-1.023586	-4.939257
38803	-0.258833	-1.023540	-4.935498
38804	-0.261524	-1.024915	-4.937256
38805	-0.263952	-1.025389	-4.937952
38806	-0.265521	-1.026281	-4.940795
38807	-0.267259	-1.025646	-4.943204
38808	-0.269516	-1.027646	-4.944333
38809	-0.271510	-1.028745	-4.944399
38810	-0.273398	-1.025510	-4.947015
38811	-0.278197	-1.027292	-4.948307
38812	-0.280339	-1.025791	-4.948580
38813	-0.279360	-1.025402	-4.946359
38814	-0.276538	-1.023177	-4.944171
38815	-0.273187	-1.021480	-4.941353
38816	-0.270969	-1.019437	-4.940855
38817	-0.270133	-1.017279	-4.935436
38818	-0.272798	-1.016082	-4.932933
38819	-0.276504	-1.012109	-4.931256
38820	-0.281327	-1.010949	-4.929989
38821	-0.284810	-1.008870	-4.927041
38822	-0.287740	-1.006241	-4.924106
38823	-0.291322	-1.001927	-4.919662
38824	-0.296287	-0.998995	-4.915198
38825	-0.301595	-0.995345	-4.911361
38826	-0.306080	-0.992573	-4.907967
38827	-0.311077	-0.989888	-4.906265
38828	-0.315152	-0.990311	-4.906506
38829	-0.319617	-0.990484	-4.905671
38830	-0.322133	-0.991046	-4.906360
38831	-0.326387	-0.989951	-4.906165
38832	-0.328258	-0.989870	-4.906879
38833	-0.331053	-0.986683	-4.905642
38834	-0.332757	-0.985795	-4.905272
38835	-0.336019	-0.985608	-4.901052
38836	-0.338257	-0.981864	-4.899821
38837	-0.341486	-0.978052	-4.899212
38838	-0.346884	-0.974492	-4.895372
38839	-0.351982	-0.969573	-4.892170
38840	-0.357982	-0.966191	-4.890017
38841	-0.365453	-0.962580	-4.887411
38842	-0.372787	-0.960948	-4.883534
38843	-0.376564	-0.960013	-4.884409
38844	-0.382130	-0.957254	-4.881636
38845	-0.385038	-0.957568	-4.881252
38846	-0.387822	-0.956699	-4.881514
38847	-0.390084	-0.956369	-4.881140
38848	-0.390230	-0.955621	-4.881224
38849	-0.391357	-0.957968	-4.880027
38850	-0.392370	-0.955970	-4.881369
38851	-0.395701	-0.958820	-4.879705
38852	-0.396993	-0.961129	-4.882979
38853	-0.399112	-0.962570	-4.885805
38854	-0.399805	-0.964697	-4.887383
38855	-0.400197	-0.965474	-4.889601
38856	-0.401758	-0.966354	-4.892441
38857	-0.403063	-0.966346	-4.894214
38858	-0.402853	-0.966099	-4.898155
38859	-0.402711	-0.969734	-4.901242
38860	-0.400557	-0.970717	-4.903297
38861	-0.396439	-0.972721	-4.907945
38862	-0.391646	-0.973822	-4.909842
38863	-0.387027	-0.973412	-4.911301
38864	-0.383456	-0.972764	-4.910618
38865	-0.382601	-0.972717	-4.911155
38866	-0.381036	-0.968143	-4.912522
38867	-0.378934	-0.967272	-4.911377
38868	-0.378144	-0.964733	-4.907662
38869	-0.376142	-0.961630	-4.905018
38870	-0.372462	-0.957482	-4.903463
38871	-0.369769	-0.953271	-4.902531
38872	-0.366109	-0.951690	-4.905221
38873	-0.360510	-0.949028	-4.904559
38874	-0.355980	-0.948699	-4.906052
38875	-0.354212	-0.949436	-4.907034
38876	-0.354476	-0.949019	-4.909880
38877	-0.357775	-0.948245	-4.911827
38878	-0.360074	-0.947528	-4.913186
38879	-0.362293	-0.946735	-4.914514
38880	-0.360229	-0.945474	-4.915039
38881	-0.353673	-0.943132	-4.916523
38882	-0.343105	-0.938892	-4.916748
38883	-0.330203	-0.933613	-4.919184
38884	-0.318185	-0.927288	-4.918413
38885	-0.305808	-0.922314	-4.918069
38886	-0.293086	-0.918042	-4.917112
38887	-0.282914	-0.913572	-4.916301
38888	-0.271574	-0.908353	-4.913818
38889	-0.262794	-0.902941	-4.911484
38890	-0.253609	-0.900926	-4.908334
38891	-0.244940	-0.899015	-4.906865
38892	-0.237753	-0.896235	-4.903895
38893	-0.233492	-0.895331	-4.901504
38894	-0.229911	-0.894671	-4.900798
38895	-0.226942	-0.895053	-4.898392
38896	-0.222610	-0.895975	-4.899163
38897	-0.215611	-0.897423	-4.898109
38898	-0.208195	-0.902256	-4.896262
38899	-0.200283	-0.904488	-4.895653
38900	-0.190208	-0.905816	-4.897205
38901	-0.181217	-0.908031	-4.895975
38902	-0.170711	-0.909986	-4.896913
38903	-0.158826	-0.910587	-4.897849
38904	-0.148578	-0.911112	-4.898371
38905	-0.138463	-0.912842	-4.898220
38906	-0.130008	-0.917051	-4.901833
38907	-0.122275	-0.916920	-4.904186
38908	-0.115038	-0.919387	-4.905280
38909	-0.110531	-0.922472	-4.907603
38910	-0.103524	-0.923042	-4.909982
38911	-0.100217	-0.926476	-4.915695
38912	-0.087842	-0.923808	-4.916818
38913	-0.081354	-0.924493	-4.920858
38914	-0.074398	-0.925536	-4.921538
38915	-0.068288	-0.928291	-4.926013
38916	-0.064703	-0.929714	-4.931296
38917	-0.061075	-0.928379	-4.936766
38918	-0.057917	-0.929171	-4.942668
38919	-0.051743	-0.928898	-4.944566
38920	-0.047229	-0.928546	-4.945988
38921	-0.045416	-0.928810	-4.948674
38922	-0.043902	-0.927232	-4.952593
38923	-0.044024	-0.929426	-4.955265
38924	-0.045842	-0.928835	-4.957631
38925	-0.051987	-0.929201	-4.959131
38926	-0.060003	-0.927591	-4.961471
38927	-0.071960	-0.924860	-4.962431
38928	-0.089232	-0.918311	-4.967331
38929	-0.112866	-0.915582	-4.967891
38930	-0.150194	-0.911673	-4.969781
38931	-0.200924	-0.911412	-4.974584
38932	-0.262712	-0.910114	-4.980626
38933	-0.332054	-0.909377	-4.989302
38934	-0.410258	-0.910742	-4.996144
38935	-0.499525	-0.915066	-4.998838
38936	-0.595022	-0.921610	-4.999502
38937	-0.683754	-0.932571	-4.994827
38938	-0.748605	-0.961540	-4.966736
38939	-0.736309	-0.993224	-4.886256
38940	-0.625521	-0.997859	-4.726920
38941	-0.405929	-1.001913	-4.498523
38942	-0.116661	-0.979849	-4.187897
38943	0.118823	-1.021921	-3.860616
38944	0.164587	-1.160818	-3.643798
38945	0.068782	-1.435600	-3.522620
38946	0.015398	-1.727624	-3.376195
38947	-0.147489	-2.171918	-3.497200
38948	-0.080219	-3.062882	-3.820655
38949	0.208837	-4.527675	-4.536559
38950	1.029522	-5.936625	-5.670794
38951	2.272474	-6.859591	-7.038168
38952	3.695102	-6.960792	-8.357928
38953	4.987338	-6.871722	-9.608089
38954	5.813359	-6.763964	-10.711310
38955	6.462090	-6.574591	-11.593407
38956	7.141780	-6.383515	-12.242045
38957	7.838373	-6.391419	-12.640919
38958	8.559543	-6.685881	-12.824224
38959	9.307588	-7.214290	-12.865228
38960	10.028953	-7.905706	-12.832161
38961	10.691524	-8.684991	-12.780286
38962	11.289020	-9.510085	-12.749691
38963	11.826792	-10.356183	-12.766356
38964	12.315015	-11.216084	-12.836215
38965	12.749509	-12.098796	-12.961170
38966	13.132906	-13.029859	-13.128757
38967	13.471049	-14.046786	-13.326091
38968	13.739580	-15.176710	-13.531700
38969	13.921420	-16.418686	-13.704573
38970	14.024946	-17.711282	-13.839561
38971	14.057432	-18.964734	-13.915165
38972	14.028243	-20.149825	-13.936970
38973	13.867326	-21.275407	-13.897361
38974	11.756238	-22.366922	-13.989084
38975	8.478029	-24.527852	-12.937347
38976	7.098592	-26.213274	-12.452209
38977	6.243732	-27.284725	-11.293585
38978	6.407958	-27.749909	-10.080504
38979	7.141762	-27.775732	-9.452207
38980	7.745000	-27.854930	-9.619053
38981	7.796497	-28.195868	-10.436606
38982	7.470115	-28.564733	-11.804253
38983	7.618288	-28.837365	-13.202294
38984	7.933139	-28.977407	-14.334992
38985	8.428135	-28.922996	-15.081067
38986	8.893459	-28.708072	-15.507207
38987	9.179861	-28.397618	-15.724956
38988	9.275651	-27.999192	-15.809049
38989	9.281332	-27.561299	-15.961869
38990	9.328205	-27.076081	-16.091231
38991	9.489352	-26.505739	-16.302249
38992	9.752306	-25.785251	-16.483623
38993	10.080320	-24.861640	-16.736855
38994	10.428099	-23.735147	-16.987654
38995	10.810259	-22.445060	-17.403655
38996	11.240084	-21.045229	-17.907854
38997	11.734121	-19.558319	-18.622496
38998	12.294271	-17.988398	-19.401300
38999	12.877220	-16.352341	-20.283190
39000	13.423442	-14.678265	-21.082716
39001	13.856719	-13.018483	-21.893603
39002	14.126540	-11.392105	-22.553706
39003	14.261608	-9.817761	-23.154110
39004	14.309140	-8.309746	-23.545079
39005	14.291178	-6.904673	-23.843370
39006	14.181658	-5.599112	-23.985523
39007	13.959605	-4.378010	-24.075755
39008	13.646818	-3.215263	-24.043589
39009	13.277914	-2.137057	-23.849841
39010	12.886512	-1.234368	-23.367207
39011	12.481824	-0.612039	-22.626082
39012	12.045085	-0.312411	-21.694085
39013	11.580021	-0.362465	-20.679034
39014	11.128653	-0.731014	-19.661871
39015	10.808041	-1.337759	-18.654819
39016	10.779994	-1.991908	-17.714477
39017	11.118625	-2.568476	-16.886514
39018	11.371627	-3.070078	-16.202177
39019	7.887899	-2.428469	-16.031211
39020	6.171162	-2.176651	-16.079281
39021	3.944354	-1.615762	-16.614708
39022	1.968578	-1.227593	-17.160432
39023	0.679898	-0.757579	-17.525641
39024	0.471455	-0.310781	-17.323312
39025	0.438035	0.142592	-17.159029
39026	0.137472	0.436381	-17.317702
39027	0.548487	0.294437	-17.063243
39028	0.578788	0.423920	-17.106079
39029	0.704698	0.420266	-17.115882
39030	0.787294	0.405396	-17.201995
39031	0.784478	0.355121	-17.377352
39032	0.760719	0.332486	-17.594188
39033	0.716183	0.351350	-17.813264
39034	0.698743	0.418385	-17.962612
39035	0.679963	0.516631	-18.019528
39036	0.597199	0.637257	-18.053702
39037	0.496940	0.771973	-18.078770
39038	0.408216	0.907921	-18.155411
39039	0.390107	1.030889	-18.354597
39040	0.463846	1.156078	-18.732019
39041	0.603640	1.301893	-19.297898
39042	0.785674	1.475032	-20.069340
39043	0.975617	1.646511	-20.969592
39044	1.154334	1.820353	-21.924687
39045	1.284050	1.941752	-22.785614
39046	1.345047	2.010620	-23.453942
39047	1.340882	2.021707	-23.863053
39048	1.299774	1.971260	-23.997409
39049	1.214457	1.897081	-23.998568
39050	1.173337	1.843801	-24.010233
39051	1.118867	1.770823	-24.003988
39052	1.053693	1.694391	-23.994194
39053	0.991395	1.624386	-23.981242
39054	0.923100	1.556550	-23.970166
39055	0.847488	1.470539	-23.947670
39056	0.788811	1.363674	-23.915356
39057	0.732851	1.262577	-23.887071
39058	0.700594	1.155904	-23.854559
39059	0.666054	1.037755	-23.817468
39060	0.640790	0.920536	-23.779952
39061	0.613687	0.822632	-23.758368
39062	0.586216	0.728721	-23.739698
39063	0.553038	0.639035	-23.721009
39064	0.506229	0.561542	-23.715177
39065	0.454933	0.482844	-23.713871
39066	0.385914	0.396326	-23.717366
39067	0.325864	0.310958	-23.713320
39068	0.244905	0.214583	-23.714585
39069	0.152743	0.112418	-23.718615
39070	0.066980	0.013931	-23.720127
39071	0.004436	-0.073920	-23.712023
39072	-0.043276	-0.147461	-23.700903
39073	-0.070736	-0.203598	-23.686127
39074	-0.080374	-0.246095	-23.670184
39075	-0.078092	-0.270202	-23.658513
39076	-0.067261	-0.274573	-23.643692
39077	-0.047783	-0.265448	-23.635586
39078	-0.011421	-0.243169	-23.631687
39079	0.036459	-0.213148	-23.637893
39080	0.083994	-0.186526	-23.639127
39081	0.114210	-0.163488	-23.642816
39082	0.134586	-0.149916	-23.628488
39083	0.151440	-0.148481	-23.612497
39084	0.171257	-0.147110	-23.612205
39085	0.181107	-0.169161	-23.619445
39086	0.192150	-0.169783	-23.653425
39087	0.241387	-0.177642	-23.659439
39088	0.298081	-0.194622	-23.659781
39089	0.349064	-0.203110	-23.648287
39090	0.400910	-0.208425	-23.630086
39091	0.446783	-0.216486	-23.609304
39092	0.477349	-0.224525	-23.596337
39093	0.494725	-0.238469	-23.593736
39094	0.490783	-0.248957	-23.610106
39095	0.468985	-0.258537	-23.637396
39096	0.429352	-0.276818	-23.670426
39097	0.359908	-0.292616	-23.698346
39098	0.266066	-0.322111	-23.728815
39099	0.144856	-0.362051	-23.769765
39100	-0.002936	-0.407688	-23.822640
39101	-0.151492	-0.452346	-23.887364
39102	-0.295065	-0.492619	-23.954563
39103	-0.420379	-0.529590	-24.008491
39104	-0.521076	-0.568895	-24.045701
39105	-0.603049	-0.608233	-24.070574
39106	-0.665882	-0.635656	-24.090425
39107	-0.701983	-0.644971	-24.104676
39108	-0.706619	-0.645349	-24.109296
39109	-0.690328	-0.643386	-24.108935
39110	-0.670248	-0.639680	-24.104582
39111	-0.652344	-0.625562	-24.119589
39112	-0.721520	-0.571740	-24.234408
39113	-0.631556	-0.533467	-24.192319
39114	-0.590116	-0.557833	-24.073823
39115	-0.791864	-0.404651	-23.957426
39116	-0.667245	-0.293240	-23.740461
39117	-0.953881	-0.597122	-24.211073
39118	-0.781679	-0.647238	-24.088032
39119	-0.884660	-0.688820	-24.175286
39120	-0.881486	-0.695054	-24.172907
39121	-0.852964	-0.688206	-24.162475
39122	-0.817303	-0.684270	-24.152924
39123	-0.773123	-0.684362	-24.135457
39124	-0.743755	-0.673215	-24.133805
39125	-0.702736	-0.663777	-24.124638
39126	-0.681238	-0.654944	-24.122843
39127	-0.678314	-0.644351	-24.118861
39128	-0.702597	-0.638475	-24.135041
39129	-0.716076	-0.629289	-24.148802
39130	-0.747149	-0.614341	-24.180224
39131	-0.770057	-0.592531	-24.217237
39132	-0.797600	-0.567123	-24.273428
39133	-0.800871	-0.535128	-24.329412
39134	-0.791159	-0.497336	-24.383897
39135	-0.778502	-0.487969	-24.443592
39136	-0.748649	-0.482185	-24.486707
39137	-0.699715	-0.474855	-24.514312
39138	-0.633358	-0.458216	-24.529241
39139	-0.563175	-0.438299	-24.544500
39140	-0.497758	-0.413273	-24.564534
39141	-0.434670	-0.386127	-24.590492
39142	-0.378741	-0.372729	-24.618682
39143	-0.347136	-0.369530	-24.653253
39144	-0.341435	-0.370593	-24.688825
39145	-0.352534	-0.386576	-24.728214
39146	-0.374531	-0.386233	-24.763205
39147	-0.408527	-0.384772	-24.799473
39148	-0.457482	-0.384342	-24.830412
39149	-0.514621	-0.377634	-24.852535
39150	-0.586806	-0.350870	-24.869255
39151	-0.677320	-0.312646	-24.878992
39152	-0.799910	-0.267825	-24.895323
39153	-0.948405	-0.224165	-24.915107
39154	-1.092541	-0.188595	-24.939003
39155	-1.210435	-0.203422	-24.966571
39156	-1.312659	-0.253109	-24.996690
39157	-1.398077	-0.288886	-25.026332
39158	-1.438595	-0.296846	-25.041242
39159	-1.455324	-0.293674	-25.054341
39160	-1.459868	-0.285542	-25.063628
39161	-1.448657	-0.282332	-25.067925
39162	-1.418899	-0.276523	-25.067440
39163	-1.379569	-0.270643	-25.060166
39164	-1.329337	-0.260586	-25.051958
39165	-1.279650	-0.253743	-25.046472
39166	-1.247403	-0.248554	-25.040504
39167	-1.222971	-0.247325	-25.036243
39168	-1.199655	-0.244748	-25.030677
39169	-1.189780	-0.242399	-25.031644
39170	-1.191761	-0.238683	-25.027653
39171	-1.216135	-0.237798	-25.030618
39172	-1.274335	-0.243291	-25.035792
39173	-1.346385	-0.259014	-25.046056
39174	-1.420514	-0.278281	-25.054786
39175	-1.491281	-0.294537	-25.061490
39176	-1.558673	-0.310943	-25.063639
39177	-1.603059	-0.327297	-25.061076
39178	-1.626800	-0.342273	-25.054516
39179	-1.638013	-0.354444	-25.043067
39180	-1.636207	-0.359391	-25.030767
39181	-1.625680	-0.361798	-25.015703
39182	-1.615724	-0.359984	-24.998973
39183	-1.602369	-0.357259	-24.980652
39184	-1.592094	-0.353976	-24.966843
39185	-1.574370	-0.358667	-24.954118
39186	-1.549777	-0.365503	-24.938982
39187	-1.521512	-0.384417	-24.919202
39188	-1.484296	-0.407979	-24.897247
39189	-1.444484	-0.434155	-24.870225
39190	-1.404329	-0.461857	-24.843592
39191	-1.371494	-0.485199	-24.818069
39192	-1.343905	-0.506318	-24.797749
39193	-1.312728	-0.527320	-24.772914
39194	-1.266707	-0.544743	-24.735903
39195	-1.250112	-0.555750	-24.716221
39196	-1.221256	-0.556236	-24.698737
39197	-1.182138	-0.567233	-24.679670
39198	-1.159834	-0.595039	-24.658380
39199	-1.154714	-0.627806	-24.661335
39200	-1.156529	-0.666155	-24.663460
39201	-1.196457	-0.709004	-24.680940
39202	-1.259671	-0.746423	-24.706653
39203	-1.379362	-0.798533	-24.755258
39204	-1.545409	-0.871500	-24.844313
39205	-1.734658	-0.957177	-24.961191
39206	-1.797995	-1.028145	-24.926028
39207	-1.815991	-1.216243	-24.650299
39208	-1.790760	-1.384326	-23.858739
39209	-1.687340	-1.741182	-22.557194
39210	-1.485159	-2.159095	-20.852300
39211	-1.296444	-2.622043	-18.869761
39212	-0.982598	-3.128912	-16.554702
39213	-0.663868	-3.692627	-14.065998
39214	-0.321080	-4.315508	-11.490942
39215	0.067399	-4.938635	-8.880748
39216	0.355655	-5.511926	-6.330741
39217	0.522177	-5.916156	-3.934029
39218	0.531798	-6.103069	-1.830600
39219	0.475671	-6.277222	-0.095744
39220	0.420139	-6.562793	1.184992
39221	0.384660	-6.836522	2.019566
39222	0.348065	-6.974191	2.450788
39223	0.276947	-6.926010	2.483337
39224	0.244385	-6.712242	2.314703
39225	0.226733	-6.308322	2.171709
39226	0.208245	-5.792099	2.049267
39227	0.293731	-5.232170	1.997704
39228	0.420794	-4.691496	2.020492
39229	0.502945	-4.175220	2.104395
39230	0.480838	-3.685826	2.204329
39231	0.351308	-3.254571	2.273369
39232	0.152610	-2.957629	2.287202
39233	-0.026435	-2.778993	2.298966
39234	-0.199032	-2.606851	2.318342
39235	-0.397752	-2.370867	2.315652
39236	-0.568583	-2.153120	2.296345
39237	-0.645492	-2.011208	2.314876
39238	-0.611926	-1.896936	2.360324
39239	-0.503015	-1.783849	2.410010
39240	-0.334461	-1.674286	2.483452
39241	-0.177213	-1.533917	2.561532
39242	-0.038259	-1.372422	2.637485
39243	0.083592	-1.195459	2.698960
39244	0.180483	-0.994632	2.741178
39245	0.244573	-0.769357	2.762870
39246	0.125559	-0.547128	2.724981
39247	0.082942	-0.431332	2.759668
39248	-0.072560	-0.331364	2.751756
39249	-0.217909	-0.284169	2.744088
39250	-0.319378	-0.286242	2.738384
39251	-0.378332	-0.295146	2.741220
39252	-0.427739	-0.310780	2.735586
39253	-0.452659	-0.324529	2.736518
39254	-0.459249	-0.336265	2.738659
39255	-0.452780	-0.340326	2.744148
39256	-0.439482	-0.339841	2.749230
39257	-0.428368	-0.341316	2.751899
39258	-0.411705	-0.335929	2.755568
39259	-0.396400	-0.326194	2.759841
39260	-0.379960	-0.314988	2.767309
39261	-0.357019	-0.299231	2.772941
39262	-0.315646	-0.279886	2.782642
39263	-0.259920	-0.260890	2.798926
39264	-0.197691	-0.246286	2.813703
39265	-0.165096	-0.240156	2.823476
39266	-0.163897	-0.244031	2.825039
39267	-0.166177	-0.250544	2.822422
39268	-0.167278	-0.261047	2.822859
39269	-0.157108	-0.262230	2.827726
39270	-0.133583	-0.257415	2.834503
39271	-0.093218	-0.246699	2.845311
39272	-0.040304	-0.233298	2.858175
39273	0.021205	-0.213837	2.873839
39274	0.086061	-0.198589	2.885863
39275	0.145819	-0.190612	2.900532
39276	0.186933	-0.188769	2.905720
39277	0.206720	-0.192265	2.905568
39278	0.214155	-0.200051	2.901921
39279	0.217832	-0.210914	2.896325
39280	0.221797	-0.221940	2.889607
39281	0.218659	-0.237702	2.880745
39282	0.205795	-0.256142	2.867145
39283	0.191292	-0.275903	2.851460
39284	0.181480	-0.293143	2.840283
39285	0.178614	-0.308721	2.833971
39286	0.187324	-0.321258	2.831920
39287	0.210918	-0.328687	2.830671
39288	0.237517	-0.333073	2.829918
39289	0.263670	-0.336694	2.829163
39290	0.289813	-0.335491	2.829678
39291	0.320426	-0.333189	2.832952
39292	0.350171	-0.330157	2.836207
39293	0.377329	-0.325666	2.836573
39294	0.398108	-0.321668	2.838624
39295	0.419757	-0.318409	2.840686
39296	0.436814	-0.320296	2.840132
39297	0.444802	-0.321639	2.840621
39298	0.446441	-0.328637	2.837839
39299	0.451808	-0.337039	2.839399
39300	0.472018	-0.342103	2.837740
39301	0.501402	-0.348940	2.820050
39302	0.520676	-0.413239	2.743326
39303	0.523564	-0.465665	2.647613
39304	0.516438	-0.482038	2.578907
39305	0.514827	-0.484381	2.570204
39306	0.530868	-0.478345	2.612780
39307	0.559229	-0.472071	2.643140
39308	0.593870	-0.462462	2.666520
39309	0.616018	-0.453368	2.673848
39310	0.620953	-0.445646	2.673383
39311	0.614611	-0.442928	2.669467
39312	0.597394	-0.441974	2.661946
39313	0.574890	-0.444962	2.648143
39314	0.555428	-0.447373	2.637867
39315	0.544646	-0.453581	2.626683
39316	0.538838	-0.456826	2.617780
39317	0.534501	-0.456394	2.613861
39318	0.531441	-0.455903	2.612821
39319	0.531482	-0.452792	2.614538
39320	0.531587	-0.449510	2.618805
39321	0.530477	-0.445489	2.621634
39322	0.523055	-0.444690	2.618165
39323	0.501247	-0.444941	2.613781
39324	0.462403	-0.444998	2.604453
39325	0.396140	-0.449867	2.588149
39326	0.305551	-0.454724	2.563429
39327	0.206801	-0.463263	2.532807
39328	0.118258	-0.476811	2.506374
39329	0.048491	-0.487591	2.482513
39330	-0.004877	-0.502012	2.462645
39331	-0.041734	-0.513986	2.445846
39332	-0.075419	-0.523744	2.435470
39333	-0.109477	-0.534153	2.424770
39334	-0.144230	-0.545230	2.413732
39335	-0.174764	-0.557022	2.407387
39336	-0.197299	-0.567577	2.402576
39337	-0.214827	-0.578560	2.399113
39338	-0.224853	-0.588140	2.398300
39339	-0.231089	-0.595022	2.401699
39340	-0.232607	-0.599095	2.404831
39341	-0.233535	-0.601112	2.408613
39342	-0.235963	-0.601633	2.412369
39343	-0.238406	-0.601546	2.415010
39344	-0.239319	-0.601735	2.416866
39345	-0.239222	-0.600827	2.416819
39346	-0.235124	-0.599602	2.418100
39347	-0.227241	-0.595674	2.423590
39348	-0.222178	-0.591754	2.425840
39349	-0.219129	-0.587400	2.429987
39350	-0.218840	-0.584682	2.435373
39351	-0.231025	-0.578519	2.440273
39352	-0.250620	-0.569292	2.440104
39353	-0.273984	-0.560172	2.441158
39354	-0.297556	-0.551878	2.440758
39355	-0.320492	-0.543149	2.445478
39356	-0.349304	-0.538920	2.446112
39357	-0.385087	-0.535446	2.444398
39358	-0.420094	-0.535551	2.442051
39359	-0.440341	-0.535882	2.440410
39360	-0.446307	-0.538295	2.441392
39361	-0.443791	-0.537601	2.442020
39362	-0.438471	-0.541924	2.443504
39363	-0.432383	-0.547801	2.443570
39364	-0.427730	-0.551366	2.445039
39365	-0.421158	-0.557403	2.443992
39366	-0.413660	-0.562144	2.443589
39367	-0.406964	-0.569582	2.442225
39368	-0.400063	-0.575775	2.440056
39369	-0.392093	-0.585528	2.437276
39370	-0.387248	-0.590269	2.433630
39371	-0.380682	-0.590859	2.432723
39372	-0.374875	-0.592908	2.430045
39373	-0.368194	-0.591884	2.432014
39374	-0.361494	-0.591462	2.435099
39375	-0.355240	-0.589473	2.439618
39376	-0.349508	-0.588735	2.444927
39377	-0.348455	-0.584552	2.452081
39378	-0.356912	-0.581527	2.457329
39379	-0.372707	-0.575054	2.461181
39380	-0.400226	-0.573144	2.460379
39381	-0.445591	-0.568029	2.457360
39382	-0.506461	-0.563577	2.450705
39383	-0.567728	-0.559785	2.443693
39384	-0.617642	-0.558530	2.438296
39385	-0.653854	-0.554957	2.437590
39386	-0.688208	-0.553661	2.436912
39387	-0.712769	-0.550757	2.435919
39388	-0.731620	-0.547794	2.435501
39389	-0.743877	-0.548723	2.437309
39390	-0.746690	-0.551290	2.440420
39391	-0.744237	-0.556251	2.445724
39392	-0.741631	-0.563212	2.451839
39393	-0.748521	-0.571769	2.458268
39394	-0.760911	-0.583595	2.459812
39395	-0.782682	-0.592976	2.461491
39396	-0.804096	-0.605548	2.458874
39397	-0.823619	-0.615153	2.453880
39398	-0.840510	-0.623725	2.448766
39399	-0.856354	-0.630409	2.443183
39400	-0.874441	-0.636465	2.434671
39401	-0.894310	-0.644908	2.427420
39402	-0.916418	-0.652728	2.417235
39403	-0.939351	-0.660230	2.409275
39404	-0.951818	-0.668864	2.401842
39405	-0.960047	-0.677963	2.394340
39406	-0.965656	-0.686024	2.386714
39407	-0.966423	-0.693081	2.380784
39408	-0.968715	-0.699449	2.373369
39409	-0.975918	-0.710483	2.368139
39410	-0.987908	-0.716256	2.362780
39411	-1.001557	-0.725820	2.358373
39412	-1.014138	-0.733066	2.351247
39413	-1.028368	-0.741687	2.342020
39414	-1.043279	-0.750959	2.332470
39415	-1.052870	-0.759393	2.323493
39416	-1.063470	-0.765872	2.319598
39417	-1.073558	-0.768697	2.311851
39418	-1.084708	-0.770386	2.307760
39419	-1.095503	-0.766390	2.306349
39420	-1.101071	-0.765178	2.303459
39421	-1.105543	-0.761249	2.301535
39422	-1.109671	-0.757489	2.298492
39423	-1.115168	-0.754051	2.297350
39424	-1.120674	-0.749609	2.292831
39425	-1.129572	-0.747092	2.285539
39426	-1.136038	-0.739915	2.280178
39427	-1.138999	-0.735664	2.276357
39428	-1.140955	-0.732336	2.271454
39429	-1.139519	-0.730529	2.268385
39430	-1.138481	-0.728336	2.268970
39431	-1.138151	-0.727211	2.271488
39432	-1.140495	-0.724496	2.273617
39433	-1.147760	-0.720993	2.278033
39434	-1.154241	-0.718645	2.278781
39435	-1.156240	-0.719547	2.278862
39436	-1.157653	-0.717974	2.277341
39437	-1.154535	-0.718840	2.276573
39438	-1.151607	-0.720522	2.274373
39439	-1.148002	-0.721552	2.272496
39440	-1.148017	-0.723696	2.269254
39441	-1.149094	-0.725742	2.265682
39442	-1.150360	-0.728601	2.260671
39443	-1.149077	-0.729246	2.253295
39444	-1.148160	-0.735572	2.243224
39445	-1.148365	-0.739580	2.234561
39446	-1.149188	-0.743419	2.226998
39447	-1.153920	-0.745996	2.220946
39448	-1.160290	-0.748899	2.216774
39449	-1.168121	-0.749910	2.216247
39450	-1.177458	-0.750243	2.214224
39451	-1.190044	-0.750056	2.213741
39452	-1.203351	-0.751347	2.211478
39453	-1.221580	-0.749447	2.208447
39454	-1.245580	-0.745848	2.202844
39455	-1.274076	-0.742449	2.196991
39456	-1.306097	-0.736953	2.188182
39457	-1.329808	-0.730905	2.186882
39458	-1.338372	-0.723474	2.195535
39459	-1.345481	-0.717523	2.204235
39460	-1.354577	-0.710741	2.212537
39461	-1.364134	-0.705422	2.219096
39462	-1.372355	-0.700603	2.222320
39463	-1.374551	-0.697887	2.224438
39464	-1.368692	-0.696057	2.226470
39465	-1.361127	-0.696131	2.224850
39466	-1.355335	-0.695118	2.225476
39467	-1.350231	-0.698229	2.224788
39468	-1.348624	-0.700816	2.225629
39469	-1.347718	-0.707524	2.225195
39470	-1.347904	-0.716939	2.223817
39471	-1.349911	-0.727154	2.219183
39472	-1.352429	-0.740047	2.207702
39473	-1.355858	-0.750405	2.200150
39474	-1.358489	-0.761900	2.188933
39475	-1.355717	-0.768500	2.178128
39476	-1.353944	-0.776175	2.169214
39477	-1.351735	-0.780388	2.161253
39478	-1.351352	-0.784347	2.154006
39479	-1.348918	-0.788324	2.148612
39480	-1.341622	-0.790869	2.142535
39481	-1.331041	-0.792693	2.140200
39482	-1.317532	-0.795433	2.138672
39483	-1.304608	-0.800670	2.138664
39484	-1.297277	-0.800940	2.141795
39485	-1.292816	-0.799442	2.145692
39486	-1.292587	-0.797524	2.149572
39487	-1.293541	-0.794085	2.153483
39488	-1.294062	-0.789977	2.157803
39489	-1.293417	-0.786983	2.165762
39490	-1.292750	-0.781561	2.177928
39491	-1.287965	-0.778197	2.187262
39492	-1.284439	-0.773945	2.197572
39493	-1.283467	-0.769085	2.210964
39494	-1.285818	-0.765752	2.219311
39495	-1.290329	-0.763622	2.226667
39496	-1.294942	-0.762147	2.227721
39497	-1.295662	-0.765370	2.226409
39498	-1.294431	-0.766811	2.224921
39499	-1.287024	-0.771747	2.222060
39500	-1.283193	-0.771545	2.219342
39501	-1.280175	-0.774045	2.215711
39502	-1.277577	-0.776965	2.214279
39503	-1.275660	-0.777735	2.213167
39504	-1.277781	-0.776237	2.210198
39505	-1.279924	-0.779597	2.205968
39506	-1.280702	-0.779576	2.203142
39507	-1.281722	-0.780812	2.201002
39508	-1.281742	-0.783760	2.196391
39509	-1.278848	-0.784857	2.193063
39510	-1.278478	-0.785740	2.189198
39511	-1.280509	-0.785058	2.184773
39512	-1.286897	-0.785755	2.182266
39513	-1.295319	-0.782804	2.180066
39514	-1.300528	-0.783589	2.178037
39515	-1.301437	-0.780782	2.175702
39516	-1.298957	-0.782309	2.174552
39517	-1.295792	-0.782357	2.175228
39518	-1.291900	-0.781357	2.173842
39519	-1.290535	-0.777336	2.172513
39520	-1.291386	-0.775121	2.171299
39521	-1.289485	-0.770446	2.170297
39522	-1.285110	-0.769594	2.167941
39523	-1.280412	-0.765460	2.171340
39524	-1.273846	-0.763553	2.174993
39525	-1.268358	-0.761570	2.178111
39526	-1.264798	-0.757931	2.182314
39527	-1.264723	-0.754008	2.185438
39528	-1.266707	-0.750067	2.186841
39529	-1.268654	-0.750160	2.188349
39530	-1.270673	-0.749427	2.191399
39531	-1.269907	-0.749287	2.191371
39532	-1.266393	-0.750308	2.189489
39533	-1.266924	-0.751706	2.186239
39534	-1.268711	-0.752186	2.184124
39535	-1.270219	-0.753259	2.183089
39536	-1.270480	-0.755036	2.183413
39537	-1.270376	-0.754148	2.183362
39538	-1.265428	-0.757274	2.182652
39539	-1.257213	-0.760504	2.184125
39540	-1.245758	-0.761201	2.187325
39541	-1.237256	-0.760975	2.189734
39542	-1.234019	-0.761601	2.191571
39543	-1.235066	-0.759803	2.192604
39544	-1.238820	-0.759640	2.194910
39545	-1.237028	-0.759009	2.194102
39546	-1.240336	-0.756774	2.197046
39547	-1.238147	-0.756499	2.199935
39548	-1.241270	-0.754865	2.203880
39549	-1.247744	-0.753535	2.207981
39550	-1.254980	-0.751452	2.212087
39551	-1.263315	-0.749279	2.215811
39552	-1.273619	-0.746246	2.219311
39553	-1.284698	-0.742713	2.220064
39554	-1.300267	-0.739165	2.223037
39555	-1.312635	-0.735731	2.228236
39556	-1.318614	-0.735987	2.230831
