// General information: 
//  MT Manager version: 2021.4.0 
//  XDA version: 2021.4.0 build 6323 rev 112641 built on 2021-09-28
// Device information: 
//  DeviceId: 00B43773
//  ProductCode: MTW2-3A7G6
//  Firmware Version: 4.3.4
//  Hardware Version: 1.1.0
// Device settings: 
//  Filter Profile: human(46.1)
//  Option Flags: Orientation Smoother Disabled, Position/Velocity Smoother Disabled, Continuous Zero Rotation Update Disabled, AHS Disabled, ICC Disabled
// Coordinate system: ENU
PacketCounter	SampleTimeFine	Roll	Pitch	Yaw
31578		-0.020523	1.397618	2.672246
31579		-0.022119	1.397849	2.671101
31580		-0.019183	1.396898	2.671255
31581		-0.018981	1.397568	2.671757
31582		-0.018357	1.397559	2.671831
31583		-0.017710	1.398970	2.671504
31584		-0.018704	1.399806	2.672548
31585		-0.018056	1.401217	2.672221
31586		-0.017239	1.400508	2.668220
31587		-0.017983	1.400473	2.665658
31588		-0.016889	1.401144	2.667042
31589		-0.016283	1.400806	2.666957
31590		-0.014821	1.400471	2.667914
31591		-0.012733	1.400338	2.668456
31592		-0.011525	1.401047	2.667024
31593		-0.008445	1.398629	2.669263
31594		-0.009697	1.398020	2.667924
31595		-0.009768	1.400201	2.667166
31596		-0.009265	1.399530	2.668878
31597		-0.010587	1.398246	2.668998
31598		-0.010548	1.399206	2.668237
31599		-0.010619	1.401386	2.667480
31600		-0.008627	1.403330	2.666449
31601		-0.006986	1.402455	2.667822
31602		-0.006654	1.404739	2.665548
31603		-0.005062	1.404641	2.662199
31604		-0.004538	1.405649	2.663682
31605		-0.003170	1.406286	2.663794
31606		-0.002576	1.406117	2.663838
31607		-0.002688	1.406549	2.663324
31608		-0.001971	1.406956	2.665741
31609		-0.002803	1.408159	2.664793
31610		-0.005092	1.409546	2.665733
31611		-0.004617	1.408700	2.667502
31612		-0.002470	1.409352	2.666775
31613		-0.001507	1.410994	2.667478
31614		-0.000939	1.412816	2.667919
31615		-0.000290	1.414223	2.667600
31616		0.000685	1.415036	2.669745
31617		0.000573	1.415467	2.669232
31618		0.000105	1.415162	2.668968
31619		-0.000007	1.415592	2.668457
31620		-0.000793	1.417901	2.666726
31621		-0.001444	1.418831	2.668652
31622		0.000190	1.420241	2.670551
31623		0.000392	1.420906	2.671062
31624		0.000650	1.421949	2.671629
31625		0.000133	1.423385	2.671707
31626		0.000706	1.423262	2.674206
31627		-0.000300	1.422211	2.675350
31628		0.000597	1.424281	2.672688
31629		-0.000640	1.426486	2.672334
31630		-0.000377	1.429970	2.671895
31631		0.000273	1.431375	2.671582
31632		0.002030	1.433300	2.673990
31633		0.003086	1.433699	2.673088
31634		0.003453	1.434989	2.671633
31635		0.006262	1.434084	2.672620
31636		0.005801	1.438098	2.669200
31637		0.007618	1.439473	2.668496
31638		0.007609	1.442334	2.670437
31639		0.008573	1.443973	2.671148
31640		0.008744	1.447640	2.670545
31641		0.007822	1.450078	2.671216
31642		0.007042	1.453417	2.672631
31643		0.006119	1.455855	2.673304
31644		0.005291	1.460391	2.673783
31645		0.007556	1.462504	2.672258
31646		0.008184	1.467393	2.671872
31647		0.010804	1.471485	2.671133
31648		0.012874	1.476729	2.669471
31649		0.013922	1.481855	2.669716
31650		0.016183	1.488272	2.666414
31651		0.017051	1.493666	2.663792
31652		0.016895	1.496913	2.666115
31653		0.018267	1.497545	2.666244
31654		0.016841	1.501655	2.666867
31655		0.017087	1.504059	2.667153
31656		0.017033	1.507855	2.666056
31657		0.018894	1.510969	2.665128
31658		0.018036	1.514407	2.667075
31659		0.018554	1.515302	2.668621
31660		0.019074	1.517061	2.667533
31661		0.018426	1.517985	2.669469
31662		0.018921	1.518637	2.668434
31663		0.018093	1.519829	2.667503
31664		0.019010	1.519754	2.668417
31665		0.020249	1.519879	2.670397
31666		0.020388	1.518253	2.670834
31667		0.019696	1.519948	2.668058
31668		0.018039	1.517800	2.669998
31669		0.018338	1.517219	2.668911
31670		0.016385	1.517239	2.671031
31671		0.014704	1.518696	2.671514
31672		0.014353	1.519586	2.672653
31673		0.012807	1.521545	2.671292
31674		0.013714	1.522007	2.672898
31675		0.013648	1.524173	2.672169
31676		0.014310	1.526906	2.672972
31677		0.014516	1.527564	2.673499
31678		0.014873	1.529131	2.674740
31679		0.016111	1.529257	2.676722
31680		0.015017	1.531940	2.674392
31681		0.015264	1.534340	2.674688
31682		0.014833	1.536065	2.674639
31683		0.012662	1.537551	2.671236
31684		0.011672	1.538827	2.672869
31685		0.011566	1.539248	2.672376
31686		0.009682	1.539227	2.674091
31687		0.009263	1.539413	2.672576
31688		0.010356	1.539649	2.673018
31689		0.009801	1.539332	2.673348
31690		0.007944	1.538605	2.671819
31691		0.008422	1.537755	2.673604
31692		0.007770	1.539555	2.670670
31693		0.007216	1.539237	2.671000
31694		0.005766	1.539661	2.671635
31695		0.004764	1.538605	2.672788
31696		0.002530	1.538255	2.673548
31697		0.000808	1.537965	2.674269
31698		-0.002110	1.539613	2.675577
31699		-0.006614	1.541153	2.672957
31700		-0.010077	1.542105	2.675609
31701		-0.015531	1.545149	2.676013
31702		-0.022873	1.547609	2.676707
31703		-0.028816	1.548173	2.678165
31704		-0.034436	1.549350	2.676911
31705		-0.042266	1.550709	2.678327
31706		-0.053170	1.550809	2.674232
31707		-0.065261	1.553784	2.671677
31708		-0.074442	1.555857	2.671046
31709		-0.082543	1.558717	2.671212
31710		-0.085996	1.560419	2.672947
31711		-0.088571	1.562899	2.670145
31712		-0.090581	1.564485	2.672314
31713		-0.091053	1.567649	2.672188
31714		-0.092938	1.575042	2.673522
31715		-0.092688	1.579942	2.668891
31716		-0.093829	1.582561	2.670794
31717		-0.093988	1.585961	2.671693
31718		-0.094670	1.589511	2.672933
31719		-0.094557	1.591407	2.675086
31720		-0.094203	1.594591	2.676207
31721		-0.093235	1.596221	2.676950
31722		-0.091370	1.597881	2.676330
31723		-0.095288	1.598146	2.675994
31724		-0.098528	1.600874	2.677592
31725		-0.102228	1.605118	2.674954
31726		-0.105317	1.607191	2.673601
31727		-0.109601	1.610198	2.673627
31728		-0.112921	1.613536	2.674555
31729		-0.120531	1.618864	2.673674
31730		-0.133260	1.628548	2.673247
31731		-0.151293	1.640101	2.670469
31732		-0.164468	1.651422	2.673024
31733		-0.182921	1.668687	2.671992
31734		-0.204117	1.687817	2.675445
31735		-0.231374	1.709504	2.676248
31736		-0.266079	1.723869	2.677252
31737		-0.305274	1.733909	2.672543
31738		-0.342326	1.746029	2.672379
31739		-0.371177	1.746369	2.670043
31740		-0.394236	1.749031	2.668959
31741		-0.406940	1.748991	2.669335
31742		-0.421605	1.750626	2.673206
31743		-0.435745	1.749624	2.677660
31744		-0.448111	1.748708	2.685878
31745		-0.461219	1.747187	2.691788
31746		-0.468260	1.743514	2.703021
31747		-0.476173	1.741135	2.715963
31748		-0.483574	1.738186	2.727240
31749		-0.490186	1.736274	2.737952
31750		-0.494247	1.733538	2.752427
31751		-0.494444	1.730240	2.763461
31752		-0.492978	1.723489	2.776482
31753		-0.487917	1.714111	2.787082
31754		-0.480004	1.699507	2.801468
31755		-0.465823	1.681221	2.810105
31756		-0.452273	1.658451	2.822587
31757		-0.443705	1.637057	2.834670
31758		-0.435127	1.612194	2.847445
31759		-0.427840	1.583371	2.854537
31760		-0.421292	1.549965	2.861969
31761		-0.420685	1.510611	2.859364
31762		-0.424652	1.464660	2.855062
31763		-0.438105	1.407225	2.838769
31764		-0.463200	1.339845	2.820539
31765		-0.500512	1.256262	2.789347
31766		-0.553491	1.150008	2.754100
31767		-0.622989	1.016550	2.701791
31768		-0.703166	0.850888	2.651150
31769		-0.803500	0.647823	2.593193
31770		-0.931794	0.386184	2.534324
31771		-1.143863	0.000521	2.403503
31772		-1.371855	-0.523747	2.297136
31773		-1.606913	-1.170997	2.198183
31774		-1.817531	-1.944775	2.132031
31775		-2.017948	-2.842501	2.104014
31776		-2.215067	-3.865589	2.107817
31777		-2.428141	-5.019237	2.136022
31778		-2.650649	-6.267688	2.165619
31779		-2.881325	-7.614121	2.178709
31780		-3.143158	-8.990271	2.122444
31781		-3.493721	-10.350499	1.923166
31782		-3.822305	-11.733244	1.611313
31783		-3.960960	-13.151959	1.213864
31784		-3.806649	-14.515140	0.696426
31785		-3.434847	-15.556093	0.040177
31786		-3.000696	-16.399651	-0.753593
31787		-2.598524	-17.239890	-1.664066
31788		-2.228713	-18.176148	-2.637064
31789		-1.844701	-19.186897	-3.631845
31790		-1.427842	-20.193109	-4.625145
31791		-0.974046	-21.149587	-5.605503
31792		-0.460339	-22.050337	-6.539960
31793		0.101611	-22.904065	-7.388590
31794		0.666547	-23.687271	-8.136297
31795		1.169904	-24.388881	-8.785333
31796		1.597157	-25.032728	-9.325167
31797		1.982601	-25.651598	-9.753746
31798		2.316849	-26.264506	-10.082313
31799		2.576196	-26.854957	-10.336173
31800		2.772953	-27.382061	-10.543125
31801		2.941610	-27.819686	-10.707286
31802		3.111152	-28.149852	-10.824887
31803		3.261409	-28.402562	-10.901293
31804		3.345200	-28.566245	-10.933124
31805		3.361446	-28.624578	-10.919984
31806		3.317230	-28.585003	-10.860450
31807		3.246871	-28.460634	-10.766934
31808		3.167535	-28.257115	-10.643763
31809		3.083105	-27.975613	-10.518909
31810		2.988874	-27.589526	-10.418988
31811		2.893236	-27.076738	-10.355973
31812		2.813917	-26.438309	-10.325236
31813		2.755754	-25.692877	-10.336375
31814		2.692055	-24.857484	-10.375341
31815		2.609822	-23.934281	-10.426244
31816		2.497860	-22.915747	-10.466782
31817		2.340969	-21.806419	-10.476823
31818		2.133182	-20.606797	-10.465247
31819		1.868725	-19.343938	-10.446119
31820		1.541715	-18.009701	-10.423175
31821		1.173152	-16.612624	-10.443038
31822		0.812664	-15.187294	-10.485986
31823		0.462448	-13.769600	-10.548695
31824		0.117833	-12.356919	-10.615328
31825		-0.213614	-10.953302	-10.663958
31826		-0.566601	-9.555907	-10.692427
31827		-0.937356	-8.172454	-10.731575
31828		-1.289237	-6.831583	-10.764216
31829		-1.609116	-5.541948	-10.804520
31830		-1.870856	-4.305186	-10.836427
31831		-2.068197	-3.126705	-10.852260
31832		-2.222170	-2.022961	-10.836705
31833		-2.342988	-1.030043	-10.771471
31834		-2.403568	-0.175024	-10.611412
31835		-2.395576	0.515685	-10.337642
31836		-2.329111	1.012896	-9.961126
31837		-2.169216	1.318082	-9.473191
31838		-1.951437	1.482025	-8.865891
31839		-1.780762	1.582358	-8.228163
31840		-1.678841	1.651763	-7.640638
31841		-1.587195	1.615613	-7.127162
31842		-1.479743	1.396155	-6.659703
31843		-1.349724	0.982768	-6.202091
31844		-1.149421	0.522264	-5.692698
31845		-0.827907	0.169138	-5.118534
31846		-0.466634	-0.050898	-4.511643
31847		-0.190308	-0.221728	-3.935211
31848		-0.025896	-0.432983	-3.412146
31849		0.101915	-0.714851	-2.914014
31850		0.267546	-1.060713	-2.395237
31851		0.500342	-1.442640	-1.841247
31852		0.796137	-1.790001	-1.256974
31853		1.116889	-2.039551	-0.701035
31854		1.362163	-2.165033	-0.231497
31855		1.455201	-2.201592	0.105188
31856		1.434611	-2.229990	0.339447
31857		1.433507	-2.310714	0.536156
31858		1.514159	-2.447715	0.740463
31859		1.623545	-2.586610	0.929088
31860		1.709228	-2.700934	1.073557
31861		1.759792	-2.800077	1.157946
31862		1.779069	-2.873283	1.174049
31863		1.791083	-2.897529	1.131166
31864		1.806444	-2.895659	1.044068
31865		1.360738	-2.528051	0.879377
31866		1.179973	-1.743807	0.603364
31867		1.100750	-1.212976	0.600352
31868		1.035875	-0.927492	0.620158
31869		0.984059	-0.901324	0.596025
31870		0.970501	-1.006896	0.593440
31871		1.021716	-1.230676	0.613938
31872		1.111218	-1.454421	0.622148
31873		1.170236	-1.622406	0.624700
31874		1.174427	-1.725169	0.600902
31875		1.100266	-1.772464	0.566116
31876		0.971473	-1.762314	0.541614
31877		0.804380	-1.679940	0.516592
31878		0.640000	-1.560060	0.499451
31879		0.486930	-1.447877	0.471577
31880		0.377275	-1.369298	0.440741
31881		0.321822	-1.326337	0.417289
31882		0.312504	-1.308966	0.402683
31883		0.332342	-1.334028	0.389226
31884		0.362662	-1.387898	0.367063
31885		0.382652	-1.450790	0.337559
31886		0.381375	-1.507889	0.285961
31887		0.383179	-1.548772	0.232666
31888		0.406998	-1.568862	0.182722
31889		0.479666	-1.568743	0.118478
31890		0.589344	-1.548268	0.066087
31891		0.710901	-1.508386	0.003819
31892		0.820062	-1.434377	-0.049727
31893		0.897534	-1.326721	-0.094089
31894		0.948447	-1.196364	-0.130624
31895		0.987029	-1.043183	-0.158803
31896		1.014080	-0.876286	-0.175001
31897		1.032846	-0.716329	-0.178805
31898		1.045954	-0.571914	-0.176840
31899		1.056756	-0.458759	-0.164005
31900		1.083080	-0.371403	-0.142046
31901		1.132823	-0.278329	-0.113565
31902		1.187917	-0.171127	-0.068533
31903		1.232009	-0.065338	-0.017805
31904		1.260982	0.033062	0.033172
31905		1.273234	0.118355	0.079678
31906		1.266509	0.182098	0.116457
31907		1.228121	0.222104	0.126197
31908		1.185913	0.247741	0.129369
31909		1.152107	0.271394	0.129745
31910		1.138530	0.293472	0.125576
31911		1.143703	0.320267	0.125111
31912		1.159659	0.356137	0.133419
31913		1.186806	0.402297	0.152143
31914		1.224112	0.457276	0.186632
31915		1.271899	0.522494	0.235793
31916		1.321664	0.595454	0.287355
31917		1.367062	0.664499	0.343262
31918		1.411423	0.734812	0.393810
31919		1.450318	0.799970	0.435741
31920		1.487097	0.856505	0.472075
31921		1.522180	0.904655	0.500054
31922		1.549658	0.946793	0.523172
31923		1.567189	0.986666	0.535181
31924		1.561390	1.013332	0.526027
31925		1.533821	1.031705	0.505503
31926		1.495362	1.050599	0.485875
31927		1.452318	1.073859	0.471163
31928		1.410425	1.100721	0.467885
31929		1.371903	1.134340	0.470200
31930		1.343507	1.168250	0.486645
31931		1.326574	1.203120	0.508589
31932		1.318929	1.240012	0.536910
31933		1.314239	1.278450	0.567660
31934		1.309148	1.319513	0.602070
31935		1.303179	1.354714	0.630833
31936		1.300446	1.380579	0.652853
31937		1.295916	1.396389	0.666578
31938		1.296377	1.407819	0.679195
31939		1.296825	1.415870	0.688931
31940		1.300591	1.409163	0.695304
31941		1.295634	1.394992	0.702436
31942		1.289774	1.375539	0.705873
31943		1.283043	1.358160	0.707178
31944		1.276032	1.343920	0.710378
31945		1.266535	1.332772	0.712386
31946		1.255418	1.322559	0.718620
31947		1.250488	1.312587	0.720799
31948		1.250688	1.299736	0.724474
31949		1.255912	1.288875	0.724238
31950		1.263030	1.277164	0.727369
31951		1.268675	1.264570	0.731126
31952		1.272707	1.256380	0.738715
31953		1.278808	1.248989	0.745669
31954		1.281195	1.236610	0.754792
31955		1.284763	1.225292	0.764641
31956		1.286698	1.212176	0.774548
31957		1.284946	1.196965	0.784211
31958		1.271144	1.185810	0.794745
31959		1.250856	1.173596	0.806340
31960		1.228651	1.159340	0.816992
31961		1.204557	1.147665	0.824096
31962		1.180152	1.133933	0.833700
31963		1.157504	1.121754	0.846055
31964		1.138277	1.112157	0.853061
31965		1.115214	1.101709	0.861435
31966		1.088907	1.090480	0.870816
31967		1.059361	1.077886	0.879206
31968		1.033922	1.062921	0.887663
31969		1.013753	1.045988	0.898199
31970		0.996956	1.027439	0.908376
31971		0.978434	1.014695	0.917374
31972		0.944516	1.010015	0.926168
31973		0.873454	1.018822	0.941011
31974		0.806337	1.009196	0.971363
31975		0.719474	1.002208	1.014460
31976		0.642153	0.985816	1.052909
31977		0.572653	0.967620	1.082021
31978		0.525246	0.956764	1.110047
31979		0.486117	0.944830	1.127853
31980		0.463578	0.934113	1.146422
31981		0.435520	0.926238	1.159723
31982		0.416340	0.926348	1.170296
31983		0.396635	0.932244	1.179289
31984		0.379159	0.941748	1.187609
31985		0.368143	0.951023	1.197393
31986		0.354290	0.973649	1.207466
31987		0.348730	1.002443	1.215395
31988		0.342278	1.022856	1.240872
31989		0.339713	1.054553	1.245270
31990		0.346442	1.092503	1.250966
31991		0.354416	1.119857	1.257112
31992		0.361280	1.137956	1.261832
31993		0.362523	1.149512	1.266949
31994		0.369001	1.147671	1.289426
31995		0.382311	1.147966	1.300569
31996		0.394175	1.135304	1.309708
31997		0.419081	1.118085	1.319319
31998		0.441575	1.096361	1.329041
31999		0.461140	1.073493	1.338750
32000		0.474538	1.052862	1.347809
32001		0.476946	1.033434	1.357412
32002		0.471244	1.014567	1.371114
32003		0.461697	0.990346	1.382237
32004		0.449347	0.968852	1.397797
32005		0.437799	0.951855	1.409820
32006		0.425147	0.942484	1.420066
32007		0.416200	0.934608	1.428482
32008		0.410623	0.926864	1.436306
32009		0.408029	0.921365	1.441868
32010		0.410686	0.913492	1.447115
32011		0.419536	0.904090	1.448415
32012		0.433505	0.895299	1.450776
32013		0.449002	0.888520	1.450226
32014		0.465071	0.882909	1.450412
32015		0.479698	0.878131	1.451023
32016		0.489900	0.874345	1.452832
32017		0.497210	0.872897	1.454215
32018		0.495187	0.868564	1.460497
32019		0.487935	0.865591	1.462699
32020		0.479322	0.863841	1.470175
32021		0.468121	0.863661	1.473848
32022		0.455563	0.861952	1.478615
32023		0.446392	0.858015	1.480980
32024		0.449053	0.844636	1.477869
32025		0.464797	0.827392	1.470624
32026		0.485617	0.810046	1.469054
32027		0.509211	0.797141	1.459378
32028		0.528185	0.785767	1.457099
32029		0.544742	0.779196	1.453379
32030		0.557612	0.774607	1.451069
32031		0.567879	0.772602	1.449336
32032		0.575654	0.774296	1.448425
32033		0.582474	0.781027	1.446721
32034		0.587354	0.785731	1.444101
32035		0.590744	0.790544	1.446522
32036		0.595744	0.795012	1.446713
32037		0.596961	0.802083	1.447855
32038		0.595364	0.809132	1.449239
32039		0.589801	0.816563	1.453588
32040		0.580552	0.825976	1.459335
32041		0.569702	0.832983	1.463139
32042		0.560097	0.835206	1.468735
32043		0.553086	0.831762	1.476538
32044		0.544770	0.829250	1.480620
32045		0.535299	0.827814	1.486138
32046		0.516697	0.824704	1.490135
32047		0.489776	0.821999	1.490581
32048		0.459732	0.820039	1.494661
32049		0.428956	0.820904	1.503790
32050		0.393376	0.816600	1.518364
32051		0.348380	0.809010	1.533030
32052		0.290065	0.801252	1.542286
32053		0.228185	0.786628	1.550263
32054		0.164526	0.771474	1.559972
32055		0.104629	0.755120	1.575541
32056		0.048166	0.736247	1.598201
32057		-0.009280	0.710024	1.624494
32058		-0.065190	0.679295	1.653683
32059		-0.123844	0.640719	1.684902
32060		-0.188993	0.588301	1.719460
32061		-0.262930	0.517560	1.747581
32062		-0.357520	0.435802	1.776128
32063		-0.473654	0.340813	1.804800
32064		-0.631313	0.242138	1.814771
32065		-0.852994	0.104625	1.802995
32066		-1.153742	-0.085857	1.759000
32067		-1.492708	-0.348110	1.732081
32068		-1.871667	-0.692605	1.723526
32069		-2.291021	-1.162045	1.733279
32070		-2.778971	-1.817237	1.750538
32071		-3.365839	-2.674469	1.780931
32072		-4.090464	-3.711247	1.829177
32073		-4.904745	-4.828876	1.908283
32074		-5.737335	-5.994850	2.044562
32075		-6.543762	-7.230935	2.283028
32076		-7.310558	-8.504960	2.628729
32077		-8.083709	-9.820222	2.936746
32078		-8.953857	-11.230946	3.014731
32079		-9.683086	-12.800916	2.817452
32080		-9.870081	-14.568942	2.409955
32081		-9.206178	-16.297116	1.946050
32082		-8.229076	-17.941351	1.271843
32083		-7.384235	-19.679008	0.225403
32084		-6.522909	-21.514705	-1.075799
32085		-5.401954	-23.353746	-2.453192
32086		-4.068053	-25.097789	-3.857148
32087		-2.700496	-26.711242	-5.345571
32088		-1.399075	-28.172302	-6.924253
32089		-0.165014	-29.415696	-8.532051
32090		1.051121	-30.359079	-10.056032
32091		2.248248	-31.043066	-11.401485
32092		3.378168	-31.540218	-12.517039
32093		4.395123	-31.861429	-13.378652
32094		5.240559	-31.998609	-13.968291
32095		5.890392	-32.051608	-14.322931
32096		6.334290	-32.117552	-14.469410
32097		6.558525	-32.247159	-14.469759
32098		6.604119	-32.355849	-14.327103
32099		6.501928	-32.392243	-14.052155
32100		6.273057	-32.314726	-13.675633
32101		5.952025	-32.152072	-13.261821
32102		5.586509	-31.878315	-12.830794
32103		5.209189	-31.496031	-12.408579
32104		4.831638	-30.995808	-11.995741
32105		4.453955	-30.380282	-11.615536
32106		4.078482	-29.647027	-11.250399
32107		3.700515	-28.786654	-10.897025
32108		3.308821	-27.818751	-10.564905
32109		2.889631	-26.749581	-10.270623
32110		2.440833	-25.561868	-10.006582
32111		1.979259	-24.257338	-9.790536
32112		1.533660	-22.854435	-9.631827
32113		1.139240	-21.390669	-9.556142
32114		0.817126	-19.879005	-9.556283
32115		0.548714	-18.338193	-9.619487
32116		0.307365	-16.775512	-9.726131
32117		0.088746	-15.214589	-9.867166
32118		-0.109926	-13.667210	-10.032377
32119		-0.269578	-12.153664	-10.223992
32120		-0.390393	-10.680402	-10.422530
32121		-0.475294	-9.266420	-10.621199
32122		-0.498481	-7.936100	-10.784018
32123		-0.423353	-6.720678	-10.893949
32124		-0.245811	-5.665231	-10.939313
32125		0.062139	-4.824316	-10.916131
32126		0.529450	-4.237801	-10.760635
32127		1.181955	-3.892766	-10.425541
32128		1.948807	-3.730571	-9.877808
32129		2.652591	-3.674899	-9.178040
32130		3.153926	-3.674558	-8.391657
32131		3.423170	-3.710681	-7.538336
32132		3.535483	-3.764716	-6.646302
32133		3.584489	-3.809172	-5.744130
32134		3.611693	-3.871655	-4.873400
32135		3.618671	-4.014760	-4.080522
32136		3.613895	-4.268964	-3.383904
32137		3.603889	-4.661227	-2.789119
32138		3.575028	-5.193605	-2.302291
32139		3.441142	-5.751529	-1.891460
32140		2.359790	-4.878472	-2.012456
32141		2.032205	-4.142924	-1.916060
32142		1.651911	-3.467104	-1.741422
32143		1.494321	-2.871431	-1.542482
32144		1.255624	-2.425652	-1.454908
32145		1.117341	-2.182728	-1.397219
32146		1.067248	-2.092560	-1.419190
32147		1.045155	-2.102387	-1.506563
32148		1.054060	-2.188322	-1.628762
32149		1.054837	-2.319633	-1.773145
32150		0.983904	-2.456959	-1.941556
32151		0.883279	-2.519721	-2.058959
32152		0.719006	-2.516410	-2.135970
32153		0.512089	-2.414873	-2.195834
32154		0.289660	-2.233543	-2.261046
32155		0.089635	-2.043072	-2.328071
32156		-0.015873	-1.867538	-2.370011
32157		-0.033209	-1.774459	-2.411441
32158		-0.006025	-1.753384	-2.491008
32159		0.009958	-1.768377	-2.587024
32160		-0.004582	-1.783993	-2.680287
32161		-0.042760	-1.769576	-2.767784
32162		-0.136734	-1.739010	-2.892096
32163		-0.286400	-1.722410	-3.057180
32164		-0.407434	-1.698227	-3.229668
32165		-0.497076	-1.671989	-3.383214
32166		-0.520563	-1.618371	-3.512484
32167		-0.549586	-1.576340	-3.631533
32168		-0.542197	-1.536378	-3.716644
32169		-0.523575	-1.512237	-3.806830
32170		-0.514402	-1.513989	-3.882109
32171		-0.486179	-1.502474	-3.941920
32172		-0.441735	-1.480799	-3.986749
32173		-0.385994	-1.453363	-4.028903
32174		-0.314138	-1.427837	-4.041418
32175		-0.210406	-1.404389	-4.033604
32176		-0.075006	-1.372964	-4.008143
32177		0.108825	-1.302533	-3.954722
32178		0.331697	-1.166724	-3.849058
32179		0.585321	-0.964818	-3.687256
32180		0.841553	-0.738219	-3.495152
32181		1.061129	-0.509161	-3.304306
32182		1.231868	-0.319433	-3.153623
32183		1.358911	-0.172585	-3.035200
32184		1.444324	-0.061190	-2.988659
32185		1.509806	0.037926	-2.963277
32186		1.563090	0.129891	-2.936696
32187		1.621054	0.211016	-2.901169
32188		1.686965	0.304774	-2.853806
32189		1.740875	0.379453	-2.785909
32190		1.789260	0.444705	-2.704066
32191		1.834950	0.501256	-2.619551
32192		1.871004	0.544661	-2.541076
32193		1.895823	0.580564	-2.470159
32194		1.915127	0.615283	-2.408970
32195		1.927610	0.648165	-2.362681
32196		1.925327	0.671873	-2.327030
32197		1.927446	0.691823	-2.300072
32198		1.938405	0.705416	-2.269617
32199		1.956649	0.723200	-2.234987
32200		1.982972	0.755933	-2.193061
32201		2.015106	0.799258	-2.145573
32202		2.048071	0.848729	-2.091523
32203		2.072404	0.885265	-2.039900
32204		2.088454	0.913920	-1.989058
32205		2.096321	0.941902	-1.948648
32206		2.099812	0.976184	-1.906783
32207		2.106126	1.016601	-1.872617
32208		2.118894	1.060554	-1.843995
32209		2.136038	1.105733	-1.821880
32210		2.152358	1.152246	-1.801443
32211		2.170134	1.199451	-1.788833
32212		2.191276	1.247476	-1.781152
32213		2.229984	1.299771	-1.778434
32214		2.284660	1.353002	-1.776417
32215		2.358777	1.399990	-1.772202
32216		2.431405	1.442145	-1.769302
32217		2.501941	1.480850	-1.768474
32218		2.574232	1.516206	-1.771082
32219		2.640289	1.545200	-1.772251
32220		2.688380	1.569885	-1.772137
32221		2.707050	1.588638	-1.773819
32222		2.701032	1.600626	-1.775568
32223		2.671471	1.608405	-1.780853
32224		2.628832	1.615806	-1.788245
32225		2.595219	1.623732	-1.798969
32226		2.561448	1.627500	-1.801823
32227		2.525745	1.627420	-1.801450
32228		2.500883	1.619195	-1.801691
32229		2.493693	1.604219	-1.801443
32230		2.502279	1.591475	-1.800317
32231		2.524338	1.583269	-1.798164
32232		2.548464	1.586040	-1.798849
32233		2.560708	1.590069	-1.797985
32234		2.556188	1.593931	-1.800973
32235		2.529829	1.590837	-1.808198
32236		2.488856	1.581468	-1.815988
32237		2.437568	1.566722	-1.820870
32238		2.377029	1.549437	-1.823171
32239		2.321068	1.534601	-1.812620
32240		2.257579	1.516913	-1.804780
32241		2.178140	1.503996	-1.786941
32242		2.098383	1.501368	-1.766898
32243		2.032481	1.498233	-1.755714
32244		1.977327	1.492134	-1.745633
32245		1.941118	1.483226	-1.737475
32246		1.923033	1.464979	-1.733413
32247		1.927324	1.441750	-1.730403
32248		1.947645	1.435085	-1.725994
32249		1.987324	1.424815	-1.726849
32250		2.023736	1.415935	-1.728715
32251		2.052709	1.406495	-1.733795
32252		2.074310	1.392097	-1.735959
32253		2.068493	1.365937	-1.741869
32254		2.014348	1.346036	-1.734406
32255		1.934941	1.309784	-1.724691
32256		1.866408	1.257022	-1.717311
32257		1.799184	1.198567	-1.711053
32258		1.726463	1.147963	-1.700345
32259		1.669955	1.088624	-1.689626
32260		1.653364	1.026595	-1.680466
32261		1.659489	0.987038	-1.679337
32262		1.665280	0.970158	-1.676392
32263		1.685913	0.961602	-1.672352
32264		1.729958	0.963265	-1.670081
32265		1.771512	0.969795	-1.671816
32266		1.796605	0.969662	-1.664092
32267		1.798814	0.964820	-1.650481
32268		1.782537	0.955109	-1.637354
32269		1.740810	0.941071	-1.623079
32270		1.684820	0.922506	-1.605573
32271		1.625172	0.899535	-1.586355
32272		1.570460	0.875801	-1.568517
32273		1.530991	0.852875	-1.554818
32274		1.504311	0.828482	-1.544111
32275		1.491389	0.800530	-1.533434
32276		1.498731	0.764511	-1.526033
32277		1.511378	0.730259	-1.519636
32278		1.529628	0.706210	-1.510118
32279		1.544347	0.683370	-1.501241
32280		1.555560	0.669908	-1.489853
32281		1.548256	0.658357	-1.475518
32282		1.522421	0.655349	-1.457627
32283		1.486396	0.652558	-1.438898
32284		1.450015	0.653442	-1.420082
32285		1.412086	0.657204	-1.406407
32286		1.378079	0.660657	-1.395584
32287		1.356453	0.662651	-1.390092
32288		1.345042	0.662709	-1.385249
32289		1.342070	0.662105	-1.381474
32290		1.345423	0.662737	-1.378696
32291		1.345463	0.655780	-1.372880
32292		1.347022	0.648516	-1.369238
32293		1.344504	0.641094	-1.361018
32294		1.337656	0.633165	-1.350581
32295		1.323823	0.624533	-1.336846
32296		1.301340	0.617839	-1.320488
32297		1.268808	0.612702	-1.298032
32298		1.223105	0.608229	-1.273139
32299		1.172625	0.605868	-1.241499
32300		1.117867	0.603839	-1.214782
32301		1.068843	0.596777	-1.184570
32302		1.023287	0.588696	-1.156440
32303		0.982804	0.578669	-1.129893
32304		0.948229	0.567446	-1.103397
32305		0.920181	0.554547	-1.077863
32306		0.894497	0.541267	-1.058540
32307		0.874482	0.528117	-1.036351
32308		0.858378	0.512952	-1.016823
32309		0.844988	0.495823	-0.998236
32310		0.833718	0.478764	-0.977138
32311		0.819497	0.459999	-0.954284
32312		0.801840	0.442207	-0.930678
32313		0.778756	0.424613	-0.907542
32314		0.748365	0.406175	-0.886118
32315		0.717838	0.386761	-0.864368
32316		0.682603	0.370232	-0.844433
32317		0.648679	0.352998	-0.823538
32318		0.616336	0.337022	-0.802288
32319		0.587564	0.323977	-0.783910
32320		0.561273	0.313643	-0.766725
32321		0.535245	0.308238	-0.750602
32322		0.510797	0.310812	-0.732244
32323		0.488406	0.316225	-0.720135
32324		0.468233	0.319805	-0.702605
32325		0.450041	0.322144	-0.686434
32326		0.432952	0.320011	-0.671281
32327		0.415716	0.311901	-0.657923
32328		0.393994	0.303671	-0.647736
32329		0.368026	0.290632	-0.640454
32330		0.336183	0.278745	-0.634437
32331		0.294208	0.265309	-0.627235
32332		0.246303	0.247220	-0.616163
32333		0.184522	0.217895	-0.612465
32334		0.102992	0.175552	-0.615463
32335		0.009046	0.117147	-0.627144
32336		-0.097965	0.041625	-0.648938
32337		-0.218542	-0.046674	-0.679236
32338		-0.356495	-0.152158	-0.714153
32339		-0.527921	-0.300571	-0.745300
32340		-0.806457	-0.608041	-0.813875
32341		-1.175515	-1.056277	-0.902147
32342		-1.627651	-1.618124	-0.986125
32343		-2.175555	-2.266734	-1.073630
32344		-2.747170	-2.907659	-1.114516
32345		-3.318143	-3.552261	-1.101152
32346		-3.893686	-4.213659	-1.059179
32347		-4.461362	-4.920235	-0.994924
32348		-5.004948	-5.684630	-0.893861
32349		-5.564154	-6.458952	-0.790309
32350		-6.154810	-7.274587	-0.792639
32351		-6.799667	-8.236541	-1.067360
32352		-7.180294	-9.372011	-1.658390
32353		-6.812230	-10.545330	-2.414145
32354		-5.896177	-11.615292	-3.328063
32355		-4.893056	-12.734573	-4.532458
32356		-3.880858	-14.042324	-6.006956
32357		-2.710329	-15.557056	-7.608160
32358		-1.347714	-17.210145	-9.279865
32359		0.108955	-18.879398	-11.040014
32360		1.545534	-20.442579	-12.898185
32361		2.930829	-21.841238	-14.793952
32362		4.281942	-23.082764	-16.630015
32363		5.613582	-24.215066	-18.319201
32364		6.897159	-25.274806	-19.806719
32365		8.067896	-26.291665	-21.046815
32366		9.070140	-27.263719	-21.998559
32367		9.850426	-28.169640	-22.620887
32368		10.347748	-29.009953	-22.917044
32369		10.546557	-29.785595	-22.945964
32370		10.497627	-30.463635	-22.749653
32371		10.274015	-31.030661	-22.364044
32372		9.920396	-31.522412	-21.827875
32373		9.455602	-31.937651	-21.179576
32374		8.866264	-32.251705	-20.452945
32375		8.195343	-32.408629	-19.700935
32376		7.504693	-32.402586	-18.949338
32377		6.840530	-32.241389	-18.209611
32378		6.217897	-31.970123	-17.541790
32379		5.675258	-31.568997	-16.966862
32380		5.209093	-31.028643	-16.477657
32381		4.817048	-30.360674	-16.059722
32382		4.450736	-29.576018	-15.685512
32383		4.092332	-28.669963	-15.318599
32384		3.703197	-27.635826	-14.925062
32385		3.262142	-26.486533	-14.522290
32386		2.773960	-25.235165	-14.131491
32387		2.273952	-23.899302	-13.776404
32388		1.796508	-22.490403	-13.488187
32389		1.361535	-21.029900	-13.267129
32390		0.976390	-19.539941	-13.089523
32391		0.624653	-18.028766	-12.930985
32392		0.275884	-16.494936	-12.791553
32393		-0.084108	-14.967307	-12.679047
32394		-0.430843	-13.473981	-12.570265
32395		-0.755117	-12.034648	-12.455384
32396		-1.064201	-10.658085	-12.323061
32397		-1.360598	-9.387845	-12.141626
32398		-1.671392	-8.253047	-11.834617
32399		-2.052183	-7.259457	-11.392544
32400		-2.457899	-6.419964	-10.821707
32401		-2.814347	-5.794608	-10.141393
32402		-3.143475	-5.420134	-9.407563
32403		-3.446988	-5.302490	-8.659256
32404		-3.779364	-5.368685	-7.894770
32405		-4.172154	-5.441430	-7.079329
32406		-4.496794	-5.375152	-6.231173
32407		-4.711247	-5.198854	-5.441405
32408		-4.863941	-5.017412	-4.805804
32409		-4.978467	-4.946885	-4.364712
32410		-5.059656	-5.036708	-4.121155
32411		-5.086167	-5.254254	-4.044614
32412		-5.037348	-5.529230	-4.082763
32413		-4.918103	-5.846784	-4.190300
32414		-4.745347	-6.152035	-4.341449
32415		-4.528890	-6.388016	-4.493992
32416		-4.108983	-6.409978	-4.606696
32417		-3.331291	-5.749760	-4.320610
32418		-2.700369	-5.203052	-4.171284
32419		-2.282859	-4.603675	-4.148011
32420		-2.011229	-4.057226	-4.254774
32421		-1.805704	-3.638945	-4.366478
32422		-1.621021	-3.322904	-4.401911
32423		-1.443385	-3.092687	-4.407275
32424		-1.360979	-2.931006	-4.463659
32425		-1.376792	-2.812589	-4.525132
32426		-1.415254	-2.672406	-4.523743
32427		-1.430021	-2.496493	-4.464273
32428		-1.430216	-2.290225	-4.389837
32429		-1.439012	-2.032241	-4.328668
32430		-1.460658	-1.764013	-4.316320
32431		-1.424588	-1.559970	-4.344739
32432		-1.313205	-1.448647	-4.374712
32433		-1.170700	-1.416304	-4.407957
32434		-1.043240	-1.437968	-4.441886
32435		-0.923151	-1.474327	-4.469911
32436		-0.829145	-1.513900	-4.497565
32437		-0.788608	-1.542232	-4.533576
32438		-0.771940	-1.559260	-4.567480
32439		-0.746622	-1.572472	-4.612688
32440		-0.701658	-1.575947	-4.661331
32441		-0.642441	-1.572889	-4.703459
32442		-0.576204	-1.576350	-4.746365
32443		-0.505968	-1.583205	-4.804261
32444		-0.437266	-1.597158	-4.861305
32445		-0.381219	-1.605771	-4.927607
32446		-0.341083	-1.610782	-4.993553
32447		-0.297487	-1.603617	-5.065170
32448		-0.244536	-1.591505	-5.148252
32449		-0.182667	-1.581214	-5.226053
32450		-0.110130	-1.573829	-5.294726
32451		-0.027269	-1.571845	-5.352805
32452		0.052988	-1.565998	-5.397849
32453		0.141067	-1.555171	-5.415475
32454		0.245035	-1.537314	-5.420180
32455		0.351897	-1.519582	-5.425836
32456		0.450489	-1.499078	-5.433768
32457		0.525260	-1.488772	-5.458508
32458		0.576952	-1.476480	-5.491122
32459		0.619165	-1.448180	-5.529230
32460		0.653051	-1.408067	-5.561137
32461		0.678816	-1.368814	-5.589286
32462		0.692587	-1.329519	-5.603933
32463		0.694468	-1.287847	-5.611650
32464		0.689515	-1.243409	-5.610832
32465		0.689509	-1.197928	-5.602457
32466		0.722068	-1.133806	-5.587865
32467		0.805769	-1.022655	-5.542736
32468		0.917877	-0.865366	-5.474682
32469		1.001693	-0.731444	-5.417140
32470		1.071437	-0.595140	-5.360035
32471		1.109823	-0.507433	-5.337924
32472		1.134610	-0.460939	-5.343406
32473		1.140897	-0.443536	-5.363779
32474		1.134444	-0.419713	-5.376071
32475		1.120239	-0.383668	-5.377148
32476		1.092819	-0.340338	-5.367026
32477		1.044523	-0.305044	-5.351513
32478		0.978048	-0.289518	-5.344451
32479		0.892439	-0.291187	-5.351011
32480		0.786954	-0.305062	-5.351847
32481		0.678487	-0.315820	-5.343547
32482		0.561129	-0.327464	-5.322968
32483		0.445562	-0.327904	-5.303921
32484		0.336266	-0.324363	-5.262828
32485		0.231066	-0.317112	-5.222450
32486		0.127968	-0.307490	-5.184192
32487		0.023629	-0.298530	-5.152931
32488		-0.063457	-0.276953	-5.111195
32489		-0.153732	-0.272646	-5.062742
32490		-0.257611	-0.279121	-5.023756
32491		-0.357445	-0.280260	-4.983124
32492		-0.464935	-0.290531	-4.945999
32493		-0.563740	-0.292015	-4.903807
32494		-0.661142	-0.278315	-4.845497
32495		-0.747063	-0.256333	-4.796494
32496		-0.818432	-0.231212	-4.740827
32497		-0.884893	-0.200943	-4.650278
32498		-0.954826	-0.182222	-4.607075
32499		-1.018237	-0.180077	-4.558880
32500		-1.091641	-0.191989	-4.523298
32501		-1.158652	-0.207772	-4.485005
32502		-1.209006	-0.211269	-4.446194
32503		-1.252367	-0.199412	-4.406610
32504		-1.294888	-0.174213	-4.371023
32505		-1.343661	-0.146999	-4.334641
32506		-1.406868	-0.125279	-4.290326
32507		-1.461803	-0.106333	-4.243505
32508		-1.490475	-0.090692	-4.206823
32509		-1.486747	-0.076288	-4.178162
32510		-1.451363	-0.057771	-4.138085
32511		-1.363598	-0.037143	-4.062785
32512		-1.209784	-0.021054	-3.944056
32513		-1.124346	-0.005524	-3.888103
32514		-1.068448	0.011188	-3.842891
32515		-0.996028	0.021453	-3.798075
32516		-0.913197	0.022892	-3.745219
32517		-0.815837	0.024862	-3.680428
32518		-0.699018	0.026785	-3.584376
32519		-0.580960	0.032445	-3.483437
32520		-0.476520	0.043410	-3.385722
32521		-0.383328	0.059161	-3.287084
32522		-0.295970	0.077569	-3.188813
32523		-0.215060	0.092051	-3.090929
32524		-0.142983	0.094496	-3.000245
32525		-0.075748	0.096901	-2.903549
32526		-0.021004	0.096287	-2.815848
32527		0.028082	0.095927	-2.742735
32528		0.070488	0.097797	-2.678343
32529		0.113703	0.102173	-2.623242
32530		0.149358	0.099446	-2.587731
32531		0.193503	0.096676	-2.563928
32532		0.237100	0.094128	-2.539692
32533		0.296900	0.096213	-2.532071
32534		0.346983	0.092515	-2.507379
32535		0.370120	0.101707	-2.493482
32536		0.369777	0.101246	-2.493934
32537		0.358769	0.105653	-2.501326
32538		0.341009	0.114670	-2.500184
32539		0.313311	0.131500	-2.483083
32540		0.280357	0.154804	-2.454392
32541		0.258214	0.180387	-2.420700
32542		0.249974	0.206016	-2.382637
32543		0.252266	0.239554	-2.350884
32544		0.256745	0.274435	-2.328199
32545		0.260492	0.313468	-2.318324
32546		0.263004	0.347907	-2.328125
32547		0.273572	0.378326	-2.351146
32548		0.287723	0.408707	-2.382373
32549		0.304417	0.439626	-2.408720
32550		0.325239	0.466847	-2.431220
32551		0.353298	0.487534	-2.450360
32552		0.388785	0.511578	-2.470067
32553		0.425267	0.532120	-2.486119
32554		0.450500	0.549446	-2.501063
32555		0.464966	0.563648	-2.513450
32556		0.473042	0.567171	-2.518274
32557		0.481577	0.556164	-2.523907
32558		0.487696	0.535393	-2.526381
32559		0.492691	0.504905	-2.530865
32560		0.501218	0.464749	-2.533820
32561		0.514782	0.418528	-2.537181
32562		0.521779	0.374194	-2.538661
32563		0.520633	0.335882	-2.537290
32564		0.515061	0.299198	-2.535666
32565		0.510000	0.265536	-2.532147
32566		0.502792	0.228104	-2.529419
32567		0.495608	0.191525	-2.529197
32568		0.485074	0.154323	-2.524474
32569		0.472184	0.117935	-2.521591
32570		0.460724	0.086703	-2.520503
32571		0.451665	0.057945	-2.520120
32572		0.453952	0.029631	-2.522671
32573		0.466969	0.005509	-2.525803
32574		0.488325	-0.012193	-2.528580
32575		0.518013	-0.025602	-2.533945
32576		0.546703	-0.041192	-2.537956
32577		0.569698	-0.053995	-2.542060
32578		0.585769	-0.063353	-2.548116
32579		0.600085	-0.073141	-2.551239
32580		0.612185	-0.076114	-2.555378
32581		0.623180	-0.078363	-2.559031
32582		0.630659	-0.077679	-2.561268
32583		0.636531	-0.075275	-2.562469
32584		0.639549	-0.068789	-2.564709
32585		0.646065	-0.063654	-2.565885
32586		0.651708	-0.056844	-2.567828
32587		0.662349	-0.054370	-2.570351
32588		0.677800	-0.056133	-2.571295
32589		0.696108	-0.056129	-2.578825
32590		0.710623	-0.059197	-2.580941
32591		0.722848	-0.061568	-2.582244
32592		0.731760	-0.060572	-2.583837
32593		0.742744	-0.061244	-2.585000
32594		0.753346	-0.061226	-2.587471
32595		0.764939	-0.059030	-2.591272
32596		0.775041	-0.058016	-2.593190
32597		0.782591	-0.055018	-2.592781
32598		0.788327	-0.051638	-2.594315
32599		0.796828	-0.048915	-2.595194
32600		0.803996	-0.045227	-2.596093
32601		0.812706	-0.042074	-2.598672
32602		0.818439	-0.038696	-2.600202
32603		0.825748	-0.035992	-2.600746
32604		0.835282	-0.030691	-2.599822
32605		0.839398	-0.024025	-2.597834
32606		0.839990	-0.014423	-2.594443
32607		0.839429	-0.002388	-2.590747
32608		0.836835	0.011173	-2.584827
32609		0.829137	0.021522	-2.581634
32610		0.823406	0.028457	-2.573002
32611		0.813925	0.034343	-2.569322
32612		0.800937	0.041590	-2.566716
32613		0.789023	0.049156	-2.562568
32614		0.779406	0.056025	-2.559243
32615		0.769734	0.059902	-2.556332
32616		0.761405	0.063360	-2.552951
32617		0.753862	0.068558	-2.549182
32618		0.741957	0.071965	-2.544815
32619		0.731560	0.074966	-2.544789
32620		0.723076	0.076283	-2.539513
32621		0.714441	0.078033	-2.535032
32622		0.707546	0.081804	-2.531013
32623		0.702231	0.084894	-2.526004
32624		0.698911	0.088720	-2.522969
32625		0.700314	0.089617	-2.521664
32626		0.703386	0.086967	-2.518542
32627		0.707880	0.087332	-2.520147
32628		0.712786	0.087425	-2.517322
32629		0.713191	0.090310	-2.514915
32630		0.712506	0.092886	-2.514048
32631		0.711767	0.094038	-2.511123
32632		0.707457	0.098275	-2.509464
32633		0.704202	0.102957	-2.508929
32634		0.703164	0.110246	-2.506929
32635		0.701330	0.116816	-2.503281
32636		0.702128	0.126847	-2.501573
32637		0.700282	0.134994	-2.495446
32638		0.697747	0.145261	-2.491793
32639		0.695369	0.154536	-2.487779
32640		0.691937	0.163363	-2.482646
32641		0.689561	0.172636	-2.478629
32642		0.687529	0.181907	-2.475524
32643		0.688037	0.190220	-2.472709
32644		0.689324	0.200829	-2.469065
32645		0.691428	0.211590	-2.467500
32646		0.693568	0.225349	-2.465517
32647		0.698205	0.239859	-2.464009
32648		0.701237	0.256627	-2.461017
32649		0.708006	0.272453	-2.458635
32650		0.712542	0.284661	-2.459769
32651		0.719797	0.292213	-2.455483
32652		0.726945	0.297476	-2.453848
32653		0.730597	0.303534	-2.453731
32654		0.730109	0.308109	-2.452076
32655		0.730779	0.309698	-2.451166
32656		0.730388	0.310851	-2.449140
32657		0.733236	0.312047	-2.447177
32658		0.734288	0.311933	-2.446991
32659		0.737380	0.313420	-2.444062
32660		0.738786	0.317446	-2.444984
32661		0.739605	0.322748	-2.443477
32662		0.742240	0.326654	-2.442056
32663		0.744703	0.332691	-2.441607
32664		0.747240	0.340019	-2.440553
32665		0.752331	0.346380	-2.439783
32666		0.752729	0.353963	-2.437116
32667		0.757529	0.361742	-2.437492
32668		0.760713	0.371787	-2.436387
32669		0.765467	0.381276	-2.436941
32670		0.770735	0.394343	-2.435144
32671		0.776380	0.406839	-2.434678
32672		0.781445	0.419477	-2.431173
32673		0.788773	0.432568	-2.429090
32674		0.795283	0.443937	-2.427417
32675		0.802914	0.454032	-2.426663
32676		0.807587	0.462663	-2.424714
32677		0.812480	0.468585	-2.422217
32678		0.818937	0.472823	-2.420776
32679		0.821296	0.475000	-2.418241
32680		0.822789	0.477173	-2.416302
32681		0.820593	0.478137	-2.416669
32682		0.818268	0.479969	-2.414736
32683		0.814769	0.477070	-2.412724
32684		0.811017	0.477023	-2.413922
32685		0.808821	0.477987	-2.414289
32686		0.807941	0.478556	-2.414196
32687		0.810307	0.479160	-2.414144
32688		0.812794	0.479351	-2.413311
32689		0.814222	0.478656	-2.414457
32690		0.819091	0.478884	-2.414263
32691		0.821290	0.478923	-2.409846
32692		0.821261	0.482637	-2.411398
32693		0.822144	0.484641	-2.412170
32694		0.823843	0.487242	-2.411931
32695		0.826163	0.489554	-2.412056
32696		0.828022	0.494290	-2.413694
32697		0.828905	0.496294	-2.414465
32698		0.831393	0.496486	-2.413632
32699		0.833469	0.498506	-2.414721
32700		0.835505	0.497980	-2.413157
32701		0.834841	0.495832	-2.412517
32702		0.832568	0.494386	-2.412894
32703		0.832598	0.493245	-2.412021
32704		0.830617	0.490383	-2.411252
32705		0.829061	0.485227	-2.411634
32706		0.828309	0.482247	-2.408520
32707		0.828189	0.477399	-2.408255
32708		0.826817	0.477390	-2.410096
32709		0.826396	0.475532	-2.408490
32710		0.826300	0.473695	-2.407808
32711		0.827279	0.472281	-2.408219
32712		0.827426	0.470735	-2.406571
32713		0.826019	0.469286	-2.406344
32714		0.826167	0.467741	-2.404697
32715		0.825514	0.464020	-2.406542
32716		0.825257	0.460050	-2.403984
32717		0.823933	0.456757	-2.400914
32718		0.822644	0.454905	-2.399915
32719		0.823866	0.453782	-2.399359
32720		0.822238	0.455052	-2.399685
32721		0.823899	0.456218	-2.397376
32722		0.821612	0.456345	-2.395273
32723		0.823249	0.456075	-2.398112
32724		0.823844	0.455249	-2.397196
32725		0.826062	0.452143	-2.397746
32726		0.824817	0.448585	-2.396568
32727		0.822360	0.441995	-2.395487
32728		0.818584	0.434698	-2.394281
32729		0.814483	0.427373	-2.392148
32730		0.808983	0.421185	-2.392735
32731		0.803142	0.416543	-2.389908
32732		0.797098	0.413052	-2.390120
32733		0.792322	0.411978	-2.390632
32734		0.787712	0.408794	-2.390199
32735		0.785206	0.403913	-2.389292
32736		0.781337	0.400031	-2.388443
32737		0.779235	0.397574	-2.388447
32738		0.780425	0.392345	-2.387728
32739		0.780742	0.389789	-2.385707
32740		0.782706	0.389543	-2.389476
32741		0.787842	0.385348	-2.388551
32742		0.790915	0.381145	-2.387918
32743		0.793471	0.374916	-2.387141
32744		0.794658	0.369687	-2.386424
32745		0.794344	0.362840	-2.386941
32746		0.795969	0.359902	-2.384474
32747		0.796801	0.354780	-2.385489
32748		0.796492	0.352522	-2.383118
32749		0.799646	0.350717	-2.382467
32750		0.800241	0.349893	-2.381565
32751		0.800026	0.348461	-2.381655
32752		0.800170	0.346921	-2.380017
32753		0.798020	0.346171	-2.380201
32754		0.798068	0.348045	-2.378927
32755		0.798228	0.349173	-2.382589
32756		0.799835	0.347806	-2.377645
32757		0.800025	0.348799	-2.378645
32758		0.800379	0.347684	-2.378705
32759		0.801906	0.343571	-2.379486
32760		0.801614	0.339742	-2.379603
32761		0.800061	0.334586	-2.379982
32762		0.802157	0.330793	-2.380732
32763		0.801461	0.328778	-2.382753
32764		0.802151	0.324541	-2.381488
32765		0.804659	0.320020	-2.380890
32766		0.806015	0.316927	-2.382055
32767		0.809688	0.312557	-2.384437
32768		0.816105	0.308118	-2.385732
32769		0.822619	0.304499	-2.389480
32770		0.829487	0.300776	-2.391496
32771		0.834574	0.298289	-2.390747
32772		0.837979	0.298352	-2.393884
32773		0.841345	0.296972	-2.394927
32774		0.844540	0.296609	-2.396359
32775		0.848098	0.297228	-2.396615
32776		0.850503	0.299272	-2.398641
32777		0.856448	0.299925	-2.399529
32778		0.859736	0.304974	-2.400516
32779		0.866161	0.306210	-2.399472
32780		0.869422	0.311392	-2.403156
32781		0.873673	0.313018	-2.403172
32782		0.876056	0.316631	-2.402702
32783		0.876437	0.319619	-2.402910
32784		0.877100	0.324337	-2.404248
32785		0.878866	0.329341	-2.403983
32786		0.878866	0.332917	-2.402884
32787		0.879412	0.338036	-2.404961
32788		0.879389	0.343183	-2.401380
32789		0.879221	0.348867	-2.401209
32790		0.879581	0.356570	-2.401226
32791		0.879605	0.364250	-2.400264
32792		0.879963	0.371951	-2.400226
32793		0.881683	0.378658	-2.400129
32794		0.879675	0.384752	-2.401987
32795		0.877457	0.387276	-2.399864
32796		0.875622	0.388119	-2.398502
32797		0.870798	0.388743	-2.399199
32798		0.868535	0.387298	-2.399621
32799		0.867368	0.386136	-2.398427
32800		0.866987	0.385717	-2.398893
32801		0.866033	0.384979	-2.399393
32802		0.869430	0.386610	-2.400011
32803		0.870602	0.387189	-2.399621
32804		0.870202	0.388342	-2.397603
32805		0.872808	0.389230	-2.396562
32806		0.871879	0.391505	-2.396699
32807		0.869874	0.394452	-2.396268
32808		0.866304	0.397971	-2.394252
32809		0.866021	0.399812	-2.392028
32810		0.863210	0.401061	-2.392120
32811		0.860895	0.406994	-2.390344
32812		0.858970	0.411245	-2.389311
32813		0.859332	0.415799	-2.387022
32814		0.857194	0.419626	-2.384327
32815		0.856864	0.423172	-2.382275
32816		0.857855	0.426336	-2.379792
32817		0.857621	0.426471	-2.377391
32818		0.858637	0.428064	-2.377336
32819		0.860338	0.427519	-2.374836
32820		0.857030	0.429756	-2.374332
32821		0.855337	0.429714	-2.375242
32822		0.852775	0.431253	-2.374394
32823		0.851060	0.432784	-2.372819
32824		0.849875	0.436335	-2.371407
32825		0.848565	0.440285	-2.370731
32826		0.849483	0.445283	-2.371062
32827		0.850561	0.449268	-2.371012
32828		0.853504	0.450175	-2.370774
32829		0.855729	0.455881	-2.371210
32830		0.857586	0.462176	-2.370408
32831		0.859310	0.468870	-2.370289
32832		0.861620	0.475876	-2.370074
