// General information: 
//  MT Manager version: 2021.4.0 
//  XDA version: 2021.4.0 build 6323 rev 112641 built on 2021-09-28
// Device information: 
//  DeviceId: 00B43856
//  ProductCode: MTW2-3A7G6
//  Firmware Version: 4.3.4
//  Hardware Version: 1.1.0
// Device settings: 
//  Filter Profile: human(46.1)
//  Option Flags: Orientation Smoother Disabled, Position/Velocity Smoother Disabled, Continuous Zero Rotation Update Disabled, AHS Disabled, ICC Disabled
// Coordinate system: ENU
PacketCounter	SampleTimeFine	Roll	Pitch	Yaw
31578		2.211921	-0.678468	5.818047
31579		2.213372	-0.675858	5.822852
31580		2.214488	-0.677141	5.824299
31581		2.213870	-0.676115	5.823501
31582		2.213521	-0.677491	5.822928
31583		2.212420	-0.681000	5.820708
31584		2.210799	-0.684912	5.816624
31585		2.210658	-0.685619	5.811696
31586		2.210155	-0.686903	5.810396
31587		2.211010	-0.686004	5.811767
31588		2.214231	-0.685011	5.811677
31589		2.217515	-0.684573	5.809732
31590		2.220968	-0.684874	5.805268
31591		2.222777	-0.685874	5.799766
31592		2.222165	-0.689315	5.784685
31593		2.219266	-0.692646	5.771823
31594		2.219022	-0.695907	5.762848
31595		2.218116	-0.697601	5.761196
31596		2.216362	-0.700956	5.763168
31597		2.220561	-0.705123	5.767572
31598		2.224103	-0.707391	5.770567
31599		2.228686	-0.709498	5.774723
31600		2.231567	-0.710972	5.772557
31601		2.233011	-0.714630	5.771805
31602		2.236246	-0.716492	5.770348
31603		2.236106	-0.717193	5.765420
31604		2.239260	-0.721191	5.757588
31605		2.240819	-0.724546	5.761623
31606		2.243089	-0.726189	5.770647
31607		2.244265	-0.728474	5.777710
31608		2.246240	-0.731482	5.783679
31609		2.249667	-0.736640	5.791355
31610		2.253242	-0.740667	5.797258
31611		2.256269	-0.744152	5.803460
31612		2.263646	-0.746408	5.808378
31613		2.269490	-0.748293	5.811014
31614		2.274285	-0.750433	5.814369
31615		2.278272	-0.752679	5.816475
31616		2.283062	-0.753190	5.816270
31617		2.287913	-0.755102	5.813995
31618		2.290752	-0.758882	5.811240
31619		2.294141	-0.764393	5.808514
31620		2.296214	-0.770111	5.801209
31621		2.299606	-0.774058	5.799876
31622		2.303116	-0.778972	5.802683
31623		2.306143	-0.780897	5.810274
31624		2.308998	-0.782198	5.814675
31625		2.310458	-0.783330	5.821205
31626		2.312577	-0.785263	5.826174
31627		2.312446	-0.789680	5.822961
31628		2.314980	-0.790650	5.818087
31629		2.317089	-0.795772	5.812372
31630		2.322570	-0.798895	5.806564
31631		2.328001	-0.800059	5.801829
31632		2.333679	-0.802626	5.795847
31633		2.339702	-0.803654	5.793158
31634		2.343789	-0.807139	5.794845
31635		2.352284	-0.810458	5.802338
31636		2.356521	-0.811550	5.810850
31637		2.361098	-0.813663	5.814997
31638		2.365304	-0.816777	5.821894
31639		2.368915	-0.820135	5.830133
31640		2.373209	-0.824766	5.836717
31641		2.379563	-0.830214	5.848709
31642		2.388889	-0.834434	5.862158
31643		2.399534	-0.838420	5.872751
31644		2.406570	-0.838706	5.878762
31645		2.414858	-0.840104	5.883964
31646		2.421866	-0.842914	5.882638
31647		2.429170	-0.846503	5.886033
31648		2.436055	-0.849507	5.888221
31649		2.441889	-0.849219	5.887744
31650		2.445349	-0.850380	5.885648
31651		2.453050	-0.850353	5.890200
31652		2.460546	-0.854312	5.898610
31653		2.470500	-0.857784	5.908260
31654		2.481045	-0.858892	5.916394
31655		2.490317	-0.860283	5.926503
31656		2.498301	-0.861950	5.939349
31657		2.504644	-0.865850	5.952730
31658		2.511274	-0.866217	5.962624
31659		2.514085	-0.867780	5.966528
31660		2.517300	-0.865997	5.969185
31661		2.519715	-0.867439	5.970224
31662		2.523747	-0.870723	5.973821
31663		2.528987	-0.876477	5.976100
31664		2.535370	-0.880252	5.978315
31665		2.540231	-0.881211	5.981928
31666		2.543707	-0.883603	5.988866
31667		2.548085	-0.884408	5.995224
31668		2.553084	-0.886658	6.001437
31669		2.554430	-0.888695	6.007676
31670		2.556340	-0.892076	6.011840
31671		2.557384	-0.894644	6.014105
31672		2.557231	-0.895941	6.012716
31673		2.559153	-0.898784	6.015099
31674		2.561210	-0.899654	6.018013
31675		2.566169	-0.901890	6.025016
31676		2.571133	-0.901176	6.033234
31677		2.579518	-0.902306	6.043220
31678		2.586610	-0.902580	6.055033
31679		2.592252	-0.903162	6.059873
31680		2.592902	-0.906207	6.052139
31681		2.594131	-0.905090	6.041489
31682		2.592995	-0.909291	6.035813
31683		2.593428	-0.914468	6.028727
31684		2.592329	-0.919318	6.022854
31685		2.596888	-0.920807	6.022492
31686		2.600398	-0.920797	6.025227
31687		2.605747	-0.920354	6.027495
31688		2.611234	-0.922676	6.028278
31689		2.616489	-0.921581	6.031656
31690		2.621710	-0.924721	6.041131
31691		2.622758	-0.925730	6.044796
31692		2.624400	-0.925624	6.044842
31693		2.621822	-0.927356	6.041842
31694		2.622791	-0.928034	6.040890
31695		2.622746	-0.931498	6.037949
31696		2.621003	-0.932723	6.027325
31697		2.619382	-0.935676	6.012930
31698		2.614012	-0.941097	5.999713
31699		2.606421	-0.949969	5.991563
31700		2.596330	-0.959498	5.981400
31701		2.584347	-0.966987	5.972668
31702		2.575066	-0.969700	5.968141
31703		2.566826	-0.970274	5.966079
31704		2.556282	-0.976203	5.955371
31705		2.546053	-0.980800	5.934784
31706		2.538105	-0.989786	5.918452
31707		2.526596	-1.000532	5.904175
31708		2.517787	-1.012931	5.887335
31709		2.508931	-1.019216	5.873122
31710		2.499192	-1.019952	5.854348
31711		2.490441	-1.020969	5.834238
31712		2.483765	-1.024113	5.815348
31713		2.482143	-1.027992	5.795061
31714		2.477345	-1.031012	5.777957
31715		2.475628	-1.034237	5.758780
31716		2.477313	-1.039941	5.747476
31717		2.475786	-1.053206	5.738460
31718		2.476353	-1.067342	5.727559
31719		2.478453	-1.074884	5.714513
31720		2.482337	-1.079389	5.706323
31721		2.482102	-1.084030	5.698306
31722		2.481555	-1.088735	5.690321
31723		2.477507	-1.095613	5.685461
31724		2.473222	-1.107871	5.681751
31725		2.465058	-1.121239	5.677768
31726		2.455952	-1.134789	5.678251
31727		2.444756	-1.148465	5.680061
31728		2.428390	-1.168011	5.677882
31729		2.402293	-1.198148	5.673292
31730		2.366600	-1.246915	5.652823
31731		2.324510	-1.311450	5.621267
31732		2.277228	-1.377952	5.579338
31733		2.223189	-1.448895	5.515170
31734		2.156743	-1.528372	5.434173
31735		2.079700	-1.632081	5.332801
31736		2.002531	-1.761051	5.213442
31737		1.929780	-1.897591	5.092257
31738		1.864099	-2.038883	4.985402
31739		1.796358	-2.193659	4.908015
31740		1.742502	-2.330666	4.859656
31741		1.706641	-2.443433	4.869352
31742		1.687813	-2.529153	4.940065
31743		1.685228	-2.602044	5.049476
31744		1.696869	-2.676787	5.167901
31745		1.727739	-2.756364	5.282441
31746		1.774804	-2.838145	5.388979
31747		1.845965	-2.916425	5.481348
31748		1.943305	-2.986980	5.559503
31749		2.058498	-3.059310	5.625132
31750		2.189632	-3.137110	5.677880
31751		2.339765	-3.214087	5.710562
31752		2.513033	-3.289832	5.719231
31753		2.718844	-3.355602	5.714615
31754		2.964459	-3.403681	5.694818
31755		3.246683	-3.433873	5.659825
31756		3.562512	-3.469193	5.607817
31757		3.900604	-3.527827	5.543572
31758		4.250243	-3.625577	5.474849
31759		4.621053	-3.758669	5.397605
31760		5.017448	-3.925719	5.290910
31761		5.446325	-4.108444	5.147272
31762		5.903265	-4.325155	4.963141
31763		6.393109	-4.580871	4.736180
31764		6.921902	-4.876279	4.468282
31765		7.490834	-5.207908	4.172212
31766		8.096666	-5.555072	3.884887
31767		8.728080	-5.907241	3.636323
31768		9.359331	-6.297191	3.426554
31769		9.991775	-6.692594	3.192791
31770		10.607751	-7.115569	2.868537
31771		11.202906	-7.546062	2.516503
31772		11.777764	-7.989175	2.127127
31773		12.333911	-8.462898	1.732608
31774		12.870379	-8.976081	1.343554
31775		13.423801	-9.471783	0.946507
31776		14.035143	-9.938990	0.513485
31777		14.692341	-10.452547	0.049636
31778		15.403572	-11.030134	-0.432263
31779		16.188873	-11.567636	-0.885646
31780		17.024907	-12.049555	-1.289336
31781		17.881928	-12.498496	-1.653727
31782		18.752103	-12.942854	-1.993716
31783		19.639278	-13.391391	-2.346622
31784		20.540288	-13.861708	-2.703740
31785		21.457391	-14.399472	-3.051723
31786		22.392241	-15.026449	-3.359196
31787		23.324517	-15.801378	-3.567058
31788		24.258137	-16.704740	-3.628917
31789		25.202770	-17.654994	-3.583231
31790		26.170963	-18.577951	-3.500836
31791		27.164488	-19.431765	-3.434504
31792		28.176055	-20.238755	-3.392373
31793		29.194221	-21.052418	-3.389389
31794		30.184546	-21.896226	-3.443143
31795		31.155745	-22.713059	-3.569346
31796		32.130420	-23.481250	-3.779586
31797		33.120497	-24.201053	-4.095086
31798		34.145773	-24.829156	-4.519489
31799		35.215375	-25.354310	-5.038652
31800		36.321597	-25.825647	-5.621638
31801		37.445078	-26.275340	-6.235036
31802		38.590280	-26.692733	-6.877486
31803		39.765555	-27.066827	-7.556355
31804		40.951264	-27.370936	-8.275924
31805		42.139779	-27.595449	-9.007218
31806		43.322200	-27.781322	-9.713018
31807		44.486786	-27.933876	-10.398585
31808		45.626599	-28.057317	-11.053602
31809		46.733745	-28.169679	-11.674597
31810		47.814198	-28.283363	-12.239476
31811		48.861849	-28.431301	-12.738903
31812		49.873821	-28.616970	-13.173095
31813		50.829712	-28.814838	-13.558580
31814		51.741439	-28.984374	-13.921660
31815		52.618039	-29.132979	-14.261548
31816		53.463647	-29.307900	-14.570574
31817		54.263294	-29.512530	-14.853377
31818		55.005815	-29.732571	-15.116143
31819		55.697420	-29.964141	-15.370724
31820		56.344126	-30.182219	-15.612300
31821		56.939187	-30.374726	-15.831991
31822		57.489475	-30.540663	-16.048574
31823		57.996690	-30.670406	-16.261825
31824		58.453822	-30.754486	-16.479535
31825		58.855786	-30.792907	-16.697486
31826		59.198808	-30.778172	-16.888226
31827		59.484013	-30.722391	-17.046551
31828		59.717348	-30.645036	-17.175022
31829		59.907246	-30.550433	-17.268184
31830		60.042461	-30.439192	-17.323470
31831		60.121641	-30.323218	-17.327351
31832		60.158421	-30.218598	-17.287937
31833		60.167013	-30.139860	-17.210044
31834		60.142983	-30.082513	-17.085111
31835		60.078387	-30.032572	-16.927904
31836		59.970567	-29.977167	-16.729946
31837		59.832882	-29.913907	-16.492238
31838		59.669618	-29.857698	-16.219450
31839		59.479614	-29.842818	-15.932126
31840		59.266361	-29.858249	-15.629260
31841		59.041445	-29.849368	-15.308177
31842		58.806829	-29.781147	-14.974208
31843		58.561778	-29.695582	-14.626171
31844		58.297863	-29.611110	-14.253263
31845		58.036441	-29.520222	-13.851541
31846		57.779484	-29.436373	-13.435202
31847		57.523615	-29.327071	-13.017902
31848		57.265846	-29.187206	-12.598044
31849		56.995445	-29.071855	-12.157882
31850		56.706497	-29.004894	-11.715035
31851		56.410803	-28.976167	-11.278042
31852		56.127391	-28.932122	-10.869135
31853		55.873348	-28.813887	-10.498459
31854		55.650874	-28.622957	-10.173846
31855		55.438594	-28.409104	-9.877517
31856		55.209574	-28.244302	-9.578239
31857		54.946991	-28.179098	-9.253955
31858		54.657457	-28.214694	-8.898242
31859		54.370187	-28.289259	-8.551933
31860		54.106185	-28.303702	-8.248577
31861		53.875567	-28.217404	-8.005499
31862		53.667109	-28.066270	-7.797835
31863		53.457720	-27.898545	-7.597798
31864		53.229856	-27.745322	-7.402669
31865		52.971980	-27.609665	-7.207981
31866		52.683173	-27.485725	-7.020918
31867		52.375549	-27.380385	-6.831158
31868		52.112061	-27.245340	-6.672210
31869		51.931904	-27.064449	-6.528536
31870		51.864267	-26.840001	-6.405322
31871		51.899950	-26.644188	-6.332793
31872		51.985434	-26.582603	-6.284758
31873		52.069293	-26.649281	-6.230770
31874		52.116549	-26.743797	-6.145177
31875		52.085927	-26.808508	-6.025906
31876		51.958966	-26.813801	-5.881468
31877		51.735579	-26.739599	-5.722446
31878		51.432306	-26.544706	-5.575072
31879		51.077026	-26.216149	-5.457570
31880		50.691638	-25.783725	-5.358208
31881		50.315371	-25.267036	-5.286552
31882		50.002429	-24.652403	-5.251290
31883		49.782163	-23.967851	-5.253214
31884		49.626248	-23.378959	-5.265451
31885		49.476098	-22.953376	-5.182929
31886		49.295223	-22.663618	-4.979482
31887		49.059844	-22.521494	-4.699151
31888		48.797078	-22.388119	-4.388001
31889		48.521338	-22.158471	-4.100801
31890		48.216996	-21.870381	-3.811961
31891		47.878405	-21.523601	-3.517164
31892		47.502199	-21.094743	-3.234918
31893		47.084754	-20.595398	-2.979913
31894		46.593804	-20.071793	-2.713092
31895		46.031516	-19.530226	-2.398998
31896		45.428586	-19.050691	-2.059575
31897		44.803060	-18.649984	-1.687757
31898		44.173351	-18.282232	-1.289747
31899		43.540695	-17.936934	-0.877369
31900		42.888926	-17.638417	-0.435563
31901		42.206434	-17.383957	-0.008142
31902		41.514046	-17.102239	0.396214
31903		40.830733	-16.773138	0.760490
31904		40.163054	-16.407620	1.073069
31905		39.500929	-16.029225	1.348498
31906		38.824037	-15.643339	1.581199
31907		38.134817	-15.253372	1.795540
31908		37.428482	-14.869242	2.014221
31909		36.727109	-14.486427	2.238482
31910		36.037759	-14.127107	2.457232
31911		35.371929	-13.790980	2.680024
31912		34.740974	-13.476544	2.913873
31913		34.139576	-13.174800	3.172448
31914		33.566994	-12.877393	3.455352
31915		33.008228	-12.592069	3.738820
31916		32.460239	-12.283763	4.002478
31917		31.925202	-11.970830	4.227935
31918		31.385938	-11.650827	4.413787
31919		30.839662	-11.292289	4.562802
31920		30.277134	-10.933074	4.686981
31921		29.713953	-10.560100	4.778952
31922		29.159366	-10.199515	4.849601
31923		28.612692	-9.869110	4.902743
31924		28.078598	-9.544923	4.936905
31925		27.563441	-9.218277	4.947520
31926		27.071663	-8.864358	4.943508
31927		26.581967	-8.515075	4.902136
31928		26.099340	-8.160541	4.841397
31929		25.617025	-7.827528	4.751848
31930		25.141209	-7.524857	4.636882
31931		24.676253	-7.239103	4.502859
31932		24.212605	-6.947323	4.354359
31933		23.760579	-6.620562	4.175713
31934		23.307945	-6.325591	3.977165
31935		22.862147	-6.053523	3.758811
31936		22.433447	-5.743567	3.527067
31937		21.996110	-5.438806	3.261955
31938		21.548073	-5.117092	2.988505
31939		21.091974	-4.817743	2.731988
31940		20.621452	-4.551716	2.492028
31941		20.150180	-4.284072	2.252459
31942		19.671194	-4.040073	2.033784
31943		19.216829	-3.805520	1.855087
31944		18.762024	-3.616112	1.680144
31945		18.334587	-3.420426	1.496541
31946		17.919502	-3.281748	1.330118
31947		17.516357	-3.200279	1.192694
31948		17.153249	-3.085753	1.113764
31949		16.814734	-2.945897	1.058807
31950		16.466875	-2.841385	0.972023
31951		16.124789	-2.712351	0.831726
31952		15.779686	-2.590740	0.638745
31953		15.442646	-2.490131	0.432338
31954		15.138094	-2.337482	0.256279
31955		14.801041	-2.234038	0.067563
31956		14.443320	-2.176720	-0.136114
31957		14.085738	-2.144939	-0.314897
31958		13.731148	-2.124418	-0.486850
31959		13.392837	-2.110266	-0.661316
31960		13.091671	-2.105497	-0.774246
31961		12.825261	-2.087728	-0.831741
31962		12.553842	-2.091195	-0.866905
31963		12.276651	-2.074540	-0.863589
31964		11.974706	-2.057624	-0.853264
31965		11.658176	-2.026853	-0.836529
31966		11.332114	-2.001704	-0.797820
31967		11.000631	-1.974994	-0.763036
31968		10.670620	-1.936758	-0.751418
31969		10.338287	-1.869346	-0.806449
31970		9.994072	-1.788522	-0.934961
31971		9.658598	-1.721370	-1.059008
31972		9.338183	-1.682305	-1.153504
31973		9.017046	-1.646478	-1.256518
31974		8.663225	-1.642618	-1.394798
31975		8.288448	-1.645015	-1.562854
31976		7.924315	-1.632967	-1.722655
31977		7.583209	-1.602587	-1.823866
31978		7.262512	-1.529142	-1.880437
31979		6.982169	-1.398577	-1.926252
31980		6.753208	-1.235366	-1.923953
31981		6.580439	-1.061386	-1.796340
31982		6.423435	-0.908469	-1.543926
31983		6.262995	-0.754812	-1.263566
31984		6.085871	-0.626479	-1.030981
31985		5.900014	-0.556866	-0.864568
31986		5.719045	-0.537824	-0.768872
31987		5.556413	-0.541154	-0.760595
31988		5.403394	-0.561535	-0.808345
31989		5.274830	-0.587161	-0.857847
31990		5.194710	-0.576292	-0.873229
31991		5.154474	-0.552679	-0.891266
31992		5.115781	-0.569090	-0.966554
31993		5.071411	-0.590204	-1.054572
31994		5.030735	-0.598017	-1.122441
31995		5.008967	-0.603928	-1.155615
31996		5.020113	-0.604609	-1.144496
31997		5.042839	-0.610520	-1.093264
31998		5.057307	-0.613771	-1.013008
31999		5.055742	-0.607368	-0.928290
32000		5.023969	-0.617096	-0.882898
32001		4.971834	-0.644867	-0.894130
32002		4.924803	-0.672553	-0.929570
32003		4.896241	-0.698334	-0.939852
32004		4.878888	-0.738756	-0.933640
32005		4.867508	-0.795548	-0.933237
32006		4.864589	-0.866600	-0.947164
32007		4.882347	-0.916075	-0.965657
32008		4.907218	-0.955662	-0.976901
32009		4.932364	-0.987161	-0.968506
32010		4.956297	-1.019326	-0.931705
32011		4.990793	-1.036916	-0.864142
32012		5.033414	-1.032150	-0.792276
32013		5.070235	-1.023485	-0.743388
32014		5.100699	-1.030958	-0.711690
32015		5.129319	-1.046436	-0.665499
32016		5.150141	-1.074553	-0.612744
32017		5.156529	-1.107085	-0.576311
32018		5.152096	-1.140917	-0.565099
32019		5.142171	-1.161512	-0.564885
32020		5.132238	-1.186042	-0.577187
32021		5.122664	-1.206752	-0.591209
32022		5.117049	-1.225748	-0.596844
32023		5.117219	-1.243742	-0.581234
32024		5.115048	-1.249558	-0.556710
32025		5.104410	-1.251778	-0.543399
32026		5.084111	-1.258404	-0.529568
32027		5.063882	-1.265587	-0.495269
32028		5.051535	-1.263965	-0.454016
32029		5.044118	-1.254160	-0.410064
32030		5.033407	-1.251292	-0.360426
32031		5.020372	-1.251957	-0.301404
32032		5.007982	-1.250157	-0.236339
32033		4.991637	-1.250747	-0.168480
32034		4.974685	-1.257720	-0.099894
32035		4.958632	-1.266420	-0.034875
32036		4.946278	-1.270857	0.018437
32037		4.929146	-1.288837	0.064711
32038		4.912035	-1.313984	0.101116
32039		4.900029	-1.341166	0.125225
32040		4.895887	-1.361913	0.154476
32041		4.893537	-1.381204	0.189103
32042		4.896448	-1.398273	0.218275
32043		4.903264	-1.420229	0.251958
32044		4.915551	-1.450026	0.293782
32045		4.931902	-1.492337	0.338387
32046		4.955011	-1.534662	0.372295
32047		4.989595	-1.585246	0.407247
32048		5.034035	-1.651351	0.451355
32049		5.092004	-1.735623	0.503814
32050		5.172700	-1.824404	0.564341
32051		5.272877	-1.917756	0.624910
32052		5.386718	-2.017707	0.667028
32053		5.518219	-2.125813	0.677799
32054		5.673225	-2.239012	0.652405
32055		5.852761	-2.363603	0.585966
32056		6.055938	-2.506088	0.494531
32057		6.276977	-2.678846	0.385704
32058		6.516151	-2.880124	0.253856
32059		6.777749	-3.107022	0.092978
32060		7.055372	-3.372064	-0.101678
32061		7.359678	-3.638149	-0.345210
32062		7.684780	-3.883904	-0.618483
32063		8.021587	-4.143916	-0.860408
32064		8.369486	-4.410470	-1.056555
32065		8.727670	-4.672639	-1.237527
32066		9.084965	-4.952665	-1.408415
32067		9.453886	-5.237607	-1.559053
32068		9.838482	-5.536044	-1.686381
32069		10.231453	-5.872182	-1.796324
32070		10.638725	-6.263012	-1.901206
32071		11.074596	-6.732267	-2.014220
32072		11.567847	-7.257665	-2.143091
32073		12.150655	-7.810673	-2.319512
32074		12.836917	-8.406881	-2.550732
32075		13.621581	-9.116107	-2.793341
32076		14.504783	-9.904918	-3.007789
32077		15.505737	-10.666382	-3.226257
32078		16.616040	-11.376534	-3.488925
32079		17.776970	-12.098231	-3.760295
32080		18.962224	-12.840666	-4.011415
32081		20.153520	-13.629181	-4.226554
32082		21.346171	-14.485998	-4.422671
32083		22.536060	-15.412084	-4.593366
32084		23.722372	-16.389306	-4.691596
32085		24.912782	-17.407712	-4.708725
32086		26.101580	-18.478689	-4.624776
32087		27.289049	-19.550672	-4.504978
32088		28.487784	-20.558886	-4.440204
32089		29.679734	-21.487838	-4.476802
32090		30.849533	-22.344441	-4.621467
32091		31.977229	-23.165924	-4.839354
32092		33.046994	-23.967878	-5.128570
32093		34.077421	-24.716105	-5.486218
32094		35.093431	-25.383016	-5.893935
32095		36.118173	-25.955603	-6.322573
32096		37.160458	-26.455266	-6.751923
32097		38.222506	-26.897088	-7.179231
32098		39.295183	-27.276680	-7.610675
32099		40.376087	-27.614884	-8.078182
32100		41.453350	-27.917236	-8.565836
32101		42.515981	-28.188094	-9.027971
32102		43.539160	-28.445704	-9.451285
32103		44.522172	-28.668585	-9.866968
32104		45.487879	-28.809471	-10.305385
32105		46.447014	-28.881111	-10.769715
32106		47.388390	-28.923292	-11.226548
32107		48.285686	-28.955342	-11.648790
32108		49.123263	-28.987176	-12.040028
32109		49.899198	-29.029565	-12.405415
32110		50.622566	-29.086710	-12.754713
32111		51.295769	-29.139155	-13.085760
32112		51.906233	-29.178623	-13.386142
32113		52.450196	-29.209075	-13.638591
32114		52.938787	-29.231683	-13.841587
32115		53.382393	-29.239585	-14.015600
32116		53.775265	-29.244558	-14.170622
32117		54.119227	-29.252013	-14.278710
32118		54.411804	-29.260653	-14.348087
32119		54.654856	-29.260193	-14.386325
32120		54.850979	-29.240718	-14.392728
32121		54.993983	-29.190784	-14.364055
32122		55.070710	-29.123429	-14.293674
32123		55.091358	-29.058492	-14.196984
32124		55.072161	-28.979515	-14.089215
32125		55.028102	-28.839659	-13.979494
32126		54.954438	-28.601362	-13.855397
32127		54.846249	-28.300429	-13.717039
32128		54.708018	-28.006486	-13.563631
32129		54.556355	-27.746867	-13.415723
32130		54.408006	-27.464799	-13.300726
32131		54.267937	-27.130152	-13.201333
32132		54.115279	-26.774053	-13.079393
32133		53.934649	-26.406231	-12.903846
32134		53.720867	-26.052575	-12.657949
32135		53.467135	-25.846669	-12.334791
32136		53.169628	-25.812296	-11.938214
32137		52.846543	-25.862935	-11.489718
32138		52.512680	-25.951352	-11.035913
32139		52.181327	-26.057951	-10.591572
32140		51.843157	-26.168977	-10.153386
32141		51.512554	-26.288988	-9.740010
32142		51.214039	-26.411497	-9.397319
32143		51.008692	-26.343090	-9.125107
32144		50.849655	-26.228253	-8.925369
32145		50.697156	-26.155687	-8.791324
32146		50.571334	-26.066601	-8.691604
32147		50.482472	-25.963727	-8.654166
32148		50.429957	-25.815140	-8.675848
32149		50.403199	-25.632189	-8.698889
32150		50.378517	-25.434343	-8.709275
32151		50.323615	-25.209977	-8.696411
32152		50.214705	-24.945828	-8.680599
32153		50.040666	-24.646483	-8.684808
32154		49.811130	-24.310978	-8.693399
32155		49.521517	-23.938955	-8.696474
32156		49.177486	-23.543962	-8.651986
32157		48.804124	-23.190861	-8.549934
32158		48.440671	-22.876475	-8.432723
32159		48.141005	-22.568105	-8.272453
32160		47.912397	-22.310107	-8.088385
32161		47.727090	-22.132395	-7.922136
32162		47.548072	-22.002006	-7.722575
32163		47.357722	-21.869549	-7.433329
32164		47.129734	-21.711957	-7.067371
32165		46.849465	-21.536734	-6.683561
32166		46.516550	-21.352043	-6.333332
32167		46.124588	-21.123331	-6.004515
32168		45.681944	-20.780902	-5.693863
32169		45.218777	-20.355163	-5.409723
32170		44.763360	-19.955979	-5.094878
32171		44.322511	-19.641091	-4.735328
32172		43.880006	-19.396153	-4.323603
32173		43.421130	-19.195552	-3.866029
32174		42.956651	-19.009193	-3.372189
32175		42.487259	-18.841072	-2.869941
32176		42.027615	-18.655191	-2.393651
32177		41.580274	-18.412175	-1.966892
32178		41.132093	-18.124694	-1.563179
32179		40.664352	-17.790739	-1.176316
32180		40.171977	-17.400997	-0.847406
32181		39.672627	-16.956377	-0.576177
32182		39.175273	-16.490124	-0.346036
32183		38.679366	-16.053936	-0.136824
32184		38.172150	-15.606396	0.055329
32185		37.652484	-15.111403	0.235764
32186		37.104422	-14.626518	0.422634
32187		36.533165	-14.166318	0.644557
32188		35.959308	-13.740566	0.894063
32189		35.387622	-13.376823	1.155794
32190		34.820889	-13.049476	1.439857
32191		34.272689	-12.752770	1.757861
32192		33.722449	-12.500207	2.093753
32193		33.169262	-12.265256	2.427526
32194		32.611806	-12.046225	2.739552
32195		32.073177	-11.788190	2.994953
32196		31.543187	-11.492794	3.179258
32197		31.019608	-11.169216	3.292008
32198		30.491853	-10.825976	3.341486
32199		29.967639	-10.456652	3.341395
32200		29.426336	-10.076563	3.302239
32201		28.876026	-9.659383	3.234145
32202		28.318483	-9.229968	3.128266
32203		27.754651	-8.818551	3.020275
32204		27.195399	-8.417275	2.924662
32205		26.657911	-8.031488	2.848281
32206		26.130895	-7.669958	2.779044
32207		25.620915	-7.330380	2.725967
32208		25.114084	-7.013920	2.693650
32209		24.607126	-6.716370	2.677770
32210		24.107809	-6.406845	2.648629
32211		23.634007	-6.065056	2.592985
32212		23.185934	-5.734239	2.514538
32213		22.763107	-5.413094	2.423767
32214		22.367528	-5.062346	2.326636
32215		21.992794	-4.701864	2.235707
32216		21.605906	-4.340366	2.143955
32217		21.204407	-3.991426	2.057833
32218		20.785867	-3.679339	1.996390
32219		20.343241	-3.412696	1.932493
32220		19.898014	-3.174931	1.881496
32221		19.460577	-2.975813	1.830507
32222		19.038743	-2.763113	1.756046
32223		18.607129	-2.582647	1.678848
32224		18.152924	-2.459272	1.604452
32225		17.683856	-2.395062	1.576771
32226		17.201588	-2.345748	1.578663
32227		16.715579	-2.335253	1.557138
32228		16.282968	-2.336403	1.510112
32229		15.956632	-2.336126	1.434676
32230		15.686817	-2.331638	1.392997
32231		15.445293	-2.314575	1.438329
32232		15.191781	-2.265013	1.497476
32233		14.889173	-2.211279	1.521168
32234		14.545178	-2.184775	1.538339
32235		14.186451	-2.165356	1.523046
32236		13.841476	-2.137134	1.478243
32237		13.530182	-2.111889	1.468185
32238		13.229204	-2.150425	1.497553
32239		12.920546	-2.243937	1.543792
32240		12.611481	-2.299181	1.592873
32241		12.307733	-2.328684	1.662069
32242		12.005158	-2.328996	1.744537
32243		11.704524	-2.322380	1.843558
32244		11.404869	-2.291165	1.975832
32245		11.111932	-2.215541	2.120806
32246		10.806577	-2.125878	2.314381
32247		10.469732	-2.007959	2.580985
32248		10.103052	-1.813856	2.859826
32249		9.702771	-1.534505	3.035004
32250		9.263004	-1.210720	3.090322
32251		8.802801	-0.899715	3.125271
32252		8.349860	-0.633264	3.161856
32253		7.909304	-0.445050	3.174890
32254		7.506357	-0.298613	3.174092
32255		7.152147	-0.178563	3.100144
32256		6.850746	-0.122945	2.921458
32257		6.591994	-0.143367	2.661336
32258		6.365534	-0.177014	2.308578
32259		6.156038	-0.215930	1.877656
32260		5.971443	-0.222619	1.402985
32261		5.812625	-0.201266	0.952311
32262		5.674100	-0.144919	0.569280
32263		5.571143	-0.061992	0.306919
32264		5.492888	0.013445	0.207622
32265		5.447961	0.085685	0.266717
32266		5.429922	0.139362	0.436491
32267		5.437692	0.163687	0.635034
32268		5.461490	0.156563	0.830540
32269		5.489897	0.126379	0.982918
32270		5.508724	0.052186	1.100102
32271		5.499091	-0.049237	1.144280
32272		5.460696	-0.142516	1.084462
32273		5.420388	-0.211082	0.934870
32274		5.384431	-0.246399	0.730192
32275		5.356811	-0.255129	0.501654
32276		5.338528	-0.232646	0.255464
32277		5.329362	-0.197969	0.028942
32278		5.314011	-0.166054	-0.180675
32279		5.297841	-0.154223	-0.357098
32280		5.285426	-0.154209	-0.480626
32281		5.282096	-0.160814	-0.547648
32282		5.285524	-0.178616	-0.574191
32283		5.284953	-0.227045	-0.579914
32284		5.283699	-0.288676	-0.567472
32285		5.282082	-0.333534	-0.575902
32286		5.274071	-0.359731	-0.615584
32287		5.257180	-0.380233	-0.665873
32288		5.230394	-0.396914	-0.717439
32289		5.196373	-0.393682	-0.791100
32290		5.154698	-0.379093	-0.888552
32291		5.111736	-0.360751	-0.998515
32292		5.068330	-0.343506	-1.122068
32293		5.026782	-0.339243	-1.255074
32294		4.980389	-0.343017	-1.416631
32295		4.926181	-0.357034	-1.602934
32296		4.871620	-0.382074	-1.785471
32297		4.824539	-0.414418	-1.964629
32298		4.782796	-0.464929	-2.145299
32299		4.749230	-0.538499	-2.313124
32300		4.719867	-0.625557	-2.482876
32301		4.700661	-0.711259	-2.659942
32302		4.685513	-0.779731	-2.839943
32303		4.681507	-0.818101	-2.999178
32304		4.679659	-0.837494	-3.127632
32305		4.683306	-0.847380	-3.205927
32306		4.688196	-0.862539	-3.245490
32307		4.692962	-0.875695	-3.300917
32308		4.693422	-0.891697	-3.396155
32309		4.692772	-0.913791	-3.486621
32310		4.688760	-0.932851	-3.552378
32311		4.680295	-0.954120	-3.606817
32312		4.668691	-0.991405	-3.665636
32313		4.664165	-1.052324	-3.730405
32314		4.670020	-1.124465	-3.811368
32315		4.689255	-1.192775	-3.908770
32316		4.704756	-1.263908	-4.016292
32317		4.727787	-1.332965	-4.120087
32318		4.759010	-1.400887	-4.209155
32319		4.807091	-1.470444	-4.283610
32320		4.869784	-1.547198	-4.341470
32321		4.945283	-1.637052	-4.378444
32322		5.028529	-1.746159	-4.399056
32323		5.125699	-1.876995	-4.394306
32324		5.244852	-2.019715	-4.357251
32325		5.379824	-2.170600	-4.294166
32326		5.533546	-2.316273	-4.223579
32327		5.703325	-2.461302	-4.155324
32328		5.882583	-2.611613	-4.099874
32329		6.076920	-2.762413	-4.041766
32330		6.284034	-2.931005	-3.953690
32331		6.513130	-3.089199	-3.865221
32332		6.754867	-3.243178	-3.791260
32333		7.006107	-3.406742	-3.735021
32334		7.271844	-3.586792	-3.713252
32335		7.552968	-3.781946	-3.714781
32336		7.843550	-4.008825	-3.752792
32337		8.143803	-4.245946	-3.854703
32338		8.449824	-4.486428	-4.005190
32339		8.761460	-4.753320	-4.181104
32340		9.062691	-5.038378	-4.388869
32341		9.356852	-5.329169	-4.640409
32342		9.659611	-5.629813	-4.923603
32343		9.992425	-5.983359	-5.209468
32344		10.370641	-6.402698	-5.495663
32345		10.802380	-6.844444	-5.814514
32346		11.271992	-7.302688	-6.163736
32347		11.779039	-7.756226	-6.515925
32348		12.327381	-8.160850	-6.854780
32349		12.925068	-8.530771	-7.159155
32350		13.579365	-8.890049	-7.401157
32351		14.301826	-9.262710	-7.571716
32352		15.074689	-9.685016	-7.722875
32353		15.926064	-10.118467	-7.900179
32354		16.843885	-10.625582	-8.056630
32355		17.822720	-11.263381	-8.137642
32356		18.857880	-12.016163	-8.128417
32357		19.941901	-12.862385	-8.042657
32358		21.036996	-13.857582	-7.881371
32359		22.138423	-14.964159	-7.637642
32360		23.243892	-16.117492	-7.318603
32361		24.352209	-17.280930	-6.965140
32362		25.459261	-18.432826	-6.615723
32363		26.561793	-19.567340	-6.295607
32364		27.672521	-20.657145	-6.078180
32365		28.782939	-21.667637	-6.051837
32366		29.891170	-22.574607	-6.217690
32367		30.985414	-23.376022	-6.517035
32368		32.063614	-24.088515	-6.899550
32369		33.147490	-24.713293	-7.346842
32370		34.258888	-25.238561	-7.861011
32371		35.400618	-25.667170	-8.449155
32372		36.559639	-26.032815	-9.071816
32373		37.718408	-26.370310	-9.682626
32374		38.880189	-26.677615	-10.293441
32375		40.046060	-26.938413	-10.898136
32376		41.202016	-27.172347	-11.483279
32377		42.347326	-27.392681	-12.040542
32378		43.476154	-27.610553	-12.583996
32379		44.573854	-27.792103	-13.101483
32380		45.633775	-27.936310	-13.587608
32381		46.659649	-28.037483	-14.052141
32382		47.662334	-28.099406	-14.498466
32383		48.642714	-28.170801	-14.902408
32384		49.581147	-28.279082	-15.266308
32385		50.460672	-28.426425	-15.601167
32386		51.270959	-28.591213	-15.904118
32387		52.010205	-28.751173	-16.177674
32388		52.674974	-28.895784	-16.408026
32389		53.261696	-29.024638	-16.594279
32390		53.774922	-29.164115	-16.737954
32391		54.219678	-29.313196	-16.844135
32392		54.592860	-29.457892	-16.935654
32393		54.908265	-29.561456	-17.021589
32394		55.175777	-29.589153	-17.108009
32395		55.400197	-29.517570	-17.185731
32396		55.568770	-29.376110	-17.249929
32397		55.681509	-29.219918	-17.276477
32398		55.744534	-29.070879	-17.251712
32399		55.789259	-28.956509	-17.215797
32400		55.833558	-28.890344	-17.193893
32401		55.858786	-28.867784	-17.120775
32402		55.836671	-28.876492	-16.940719
32403		55.780400	-28.894923	-16.658385
32404		55.677391	-28.972578	-16.288393
32405		55.525533	-29.166391	-15.813473
32406		55.331320	-29.456556	-15.269812
32407		55.087813	-29.777960	-14.689885
32408		54.764473	-30.050575	-14.109055
32409		54.399960	-30.218195	-13.559562
32410		54.069236	-30.265715	-13.100797
32411		53.782492	-30.164405	-12.759231
32412		53.509626	-29.931181	-12.468795
32413		53.250316	-29.673698	-12.221493
32414		52.990872	-29.412711	-11.996788
32415		52.729503	-29.133434	-11.769759
32416		52.447590	-28.865442	-11.546598
32417		52.135601	-28.617514	-11.325706
32418		51.802536	-28.386213	-11.136396
32419		51.505679	-28.116761	-10.979233
32420		51.263389	-27.804497	-10.856712
32421		51.054250	-27.477354	-10.703124
32422		50.851120	-27.172907	-10.522328
32423		50.649750	-26.888353	-10.315889
32424		50.452219	-26.614244	-10.080680
32425		50.255613	-26.357589	-9.798672
32426		50.067353	-26.149203	-9.478665
32427		49.895907	-25.970292	-9.156439
32428		49.726380	-25.796148	-8.879806
32429		49.552080	-25.628749	-8.624799
32430		49.362776	-25.467081	-8.413593
32431		49.158294	-25.310395	-8.219695
32432		48.945409	-25.171693	-8.042993
32433		48.760533	-25.013694	-7.884513
32434		48.619255	-24.834737	-7.751147
32435		48.503893	-24.646726	-7.635522
32436		48.381065	-24.440149	-7.501254
32437		48.228895	-24.169831	-7.312949
32438		48.035229	-23.839537	-7.097098
32439		47.793548	-23.460179	-6.884027
32440		47.514180	-23.070394	-6.662328
32441		47.227791	-22.669249	-6.440741
32442		46.958282	-22.245271	-6.251733
32443		46.735042	-21.821053	-6.065451
32444		46.548700	-21.462859	-5.875875
32445		46.354438	-21.218532	-5.671840
32446		46.149142	-21.024034	-5.429450
32447		45.936152	-20.823592	-5.187125
32448		45.701426	-20.613704	-4.933931
32449		45.425976	-20.415773	-4.649898
32450		45.119677	-20.242655	-4.346061
32451		44.795139	-20.099902	-4.032990
32452		44.464775	-19.952597	-3.704734
32453		44.134417	-19.803317	-3.374071
32454		43.803876	-19.647380	-3.056168
32455		43.478458	-19.477393	-2.773956
32456		43.170496	-19.292842	-2.521040
32457		42.876767	-19.085035	-2.288544
32458		42.577511	-18.863983	-2.065155
32459		42.266993	-18.624993	-1.847444
32460		41.935001	-18.349753	-1.639233
32461		41.575291	-18.044539	-1.414609
32462		41.190367	-17.706273	-1.181059
32463		40.778632	-17.371774	-0.943788
32464		40.355083	-17.047870	-0.700501
32465		39.926812	-16.760972	-0.442221
32466		39.512187	-16.485716	-0.139983
32467		39.108205	-16.203649	0.168952
32468		38.700748	-15.917496	0.481166
32469		38.288368	-15.620147	0.802054
32470		37.870556	-15.323754	1.127381
32471		37.452959	-14.982777	1.454139
32472		37.003221	-14.587068	1.759355
32473		36.515865	-14.194997	2.058456
32474		36.015656	-13.787869	2.323296
32475		35.532078	-13.359556	2.528143
32476		35.059594	-12.954002	2.712685
32477		34.579474	-12.579073	2.894531
32478		34.073627	-12.239904	3.081075
32479		33.539317	-11.921359	3.278878
32480		32.978291	-11.620213	3.470946
32481		32.410552	-11.340389	3.649045
32482		31.852293	-11.084869	3.814621
32483		31.316096	-10.853340	3.966595
32484		30.788343	-10.631512	4.097325
32485		30.266538	-10.396114	4.170634
32486		29.737362	-10.119790	4.170710
32487		29.204114	-9.819096	4.085951
32488		28.669774	-9.503495	3.913716
32489		28.144073	-9.162266	3.674923
32490		27.635232	-8.781958	3.395222
32491		27.139023	-8.376626	3.102444
32492		26.631052	-7.996609	2.807889
32493		26.109108	-7.663193	2.497072
32494		25.589758	-7.330663	2.197294
32495		25.085998	-6.990377	1.925420
32496		24.589684	-6.658962	1.682308
32497		24.107617	-6.338274	1.452175
32498		23.640865	-6.051819	1.229667
32499		23.188712	-5.821982	0.994689
32500		22.761767	-5.595645	0.781668
32501		22.364609	-5.366742	0.536812
32502		21.973131	-5.147629	0.248920
32503		21.577745	-4.946168	-0.046309
32504		21.167190	-4.730053	-0.390401
32505		20.751919	-4.478269	-0.755993
32506		20.329877	-4.230022	-1.124619
32507		19.899014	-4.025810	-1.489998
32508		19.472408	-3.865041	-1.820792
32509		19.064495	-3.704807	-2.145744
32510		18.673138	-3.525891	-2.521443
32511		18.313535	-3.313738	-2.928793
32512		17.943649	-3.118288	-3.357642
32513		17.554034	-2.939665	-3.771644
32514		17.145268	-2.769156	-4.132092
32515		16.720060	-2.620127	-4.434221
32516		16.301897	-2.490117	-4.656054
32517		15.912507	-2.403813	-4.835356
32518		15.539083	-2.359509	-4.985779
32519		15.182841	-2.306552	-5.062864
32520		14.815477	-2.209445	-5.152717
32521		14.436622	-2.098424	-5.234521
32522		14.045154	-2.029102	-5.296459
32523		13.664611	-1.979646	-5.372909
32524		13.294906	-1.950827	-5.450237
32525		12.961576	-1.939715	-5.465545
32526		12.632814	-1.978511	-5.440032
32527		12.304378	-2.000701	-5.403084
32528		11.957124	-2.023271	-5.334617
32529		11.616686	-1.992385	-5.233782
32530		11.294752	-1.911456	-5.099575
32531		10.997344	-1.793492	-4.882410
32532		10.683246	-1.699132	-4.596343
32533		10.341819	-1.558790	-4.311459
32534		9.942286	-1.376974	-4.118440
32535		9.483219	-1.187987	-3.949148
32536		8.994079	-0.999052	-3.756457
32537		8.473826	-0.832036	-3.604908
32538		7.900996	-0.657348	-3.564260
32539		7.262423	-0.500503	-3.580839
32540		6.588139	-0.332062	-3.620584
32541		5.914831	-0.185698	-3.710213
32542		5.273849	-0.073235	-3.835542
32543		4.700000	0.043327	-3.956841
32544		4.186979	0.189854	-4.003858
32545		3.720337	0.346240	-3.917414
32546		3.292279	0.502992	-3.708743
32547		2.895905	0.621367	-3.398993
32548		2.541873	0.700287	-2.997286
32549		2.258725	0.788993	-2.569716
32550		2.056667	0.895527	-2.150388
32551		1.923071	0.963673	-1.711787
32552		1.821053	0.962668	-1.265315
32553		1.737105	0.935460	-0.871524
32554		1.646913	0.922081	-0.613646
32555		1.563544	0.947851	-0.506752
32556		1.473589	0.954510	-0.502788
32557		1.393925	0.940604	-0.517708
32558		1.327509	0.959786	-0.477759
32559		1.255946	0.981433	-0.356730
32560		1.167804	0.988676	-0.171154
32561		1.050959	0.967640	0.032359
32562		0.909730	0.936266	0.204764
32563		0.779608	0.928888	0.373960
32564		0.658225	0.941936	0.561010
32565		0.535669	0.958941	0.724811
32566		0.405762	0.978060	0.839135
32567		0.277795	0.991084	0.926647
32568		0.160926	0.993679	0.992990
32569		0.067088	0.985349	1.043287
32570		-0.010907	0.975199	1.088703
32571		-0.078037	0.953359	1.148030
32572		-0.135982	0.931846	1.216751
32573		-0.164652	0.939349	1.300130
32574		-0.177369	0.964901	1.390890
32575		-0.181259	0.993592	1.465245
32576		-0.186697	1.023722	1.537530
32577		-0.187986	1.048114	1.649541
32578		-0.188700	1.070318	1.801014
32579		-0.197082	1.089583	1.949120
32580		-0.222169	1.102350	2.044876
32581		-0.259797	1.100878	2.106134
32582		-0.302152	1.076333	2.148046
32583		-0.345042	1.031987	2.161139
32584		-0.385700	0.979476	2.149242
32585		-0.415270	0.933474	2.123589
32586		-0.425363	0.914699	2.097863
32587		-0.426107	0.897207	2.077828
32588		-0.415581	0.880363	2.072449
32589		-0.396356	0.860444	2.091842
32590		-0.368457	0.845519	2.108897
32591		-0.333500	0.837678	2.126443
32592		-0.298161	0.832477	2.142757
32593		-0.266298	0.827105	2.151016
32594		-0.241175	0.816274	2.151873
32595		-0.217614	0.803007	2.149051
32596		-0.199313	0.785717	2.136821
32597		-0.183721	0.762542	2.125136
32598		-0.167623	0.751904	2.121180
32599		-0.150996	0.756362	2.117936
32600		-0.140924	0.758030	2.108227
32601		-0.131397	0.758493	2.096406
32602		-0.127106	0.757743	2.083644
32603		-0.120720	0.762816	2.065118
32604		-0.129684	0.771238	2.020433
32605		-0.147949	0.774511	1.950591
32606		-0.172605	0.770952	1.881464
32607		-0.203197	0.761669	1.822543
32608		-0.242049	0.752321	1.764294
32609		-0.287371	0.738171	1.701403
32610		-0.335960	0.726935	1.641320
32611		-0.385978	0.721762	1.605763
32612		-0.438455	0.723855	1.584966
32613		-0.486759	0.730179	1.581797
32614		-0.536936	0.735845	1.594646
32615		-0.585107	0.741353	1.609072
32616		-0.630546	0.751475	1.620684
32617		-0.671671	0.761704	1.631654
32618		-0.710963	0.770151	1.645963
32619		-0.743033	0.771445	1.665416
32620		-0.766597	0.775662	1.687514
32621		-0.780847	0.782994	1.711078
32622		-0.791136	0.790608	1.739158
32623		-0.792775	0.801731	1.773374
32624		-0.789415	0.813723	1.812542
32625		-0.776858	0.824287	1.861990
32626		-0.762620	0.840003	1.923621
32627		-0.746039	0.862632	1.984509
32628		-0.735349	0.885121	2.031610
32629		-0.727184	0.894879	2.083560
32630		-0.719309	0.901915	2.153132
32631		-0.707934	0.912515	2.242703
32632		-0.696162	0.924540	2.349537
32633		-0.683374	0.938136	2.464823
32634		-0.671245	0.955321	2.574368
32635		-0.664744	0.970461	2.674636
32636		-0.667510	0.983312	2.742722
32637		-0.675531	0.989955	2.801185
32638		-0.685886	0.990185	2.867132
32639		-0.689976	0.997769	2.939002
32640		-0.693478	1.013315	3.014335
32641		-0.693732	1.027748	3.087438
32642		-0.693060	1.045521	3.156944
32643		-0.691511	1.058925	3.223551
32644		-0.692405	1.069219	3.276170
32645		-0.692262	1.084806	3.322508
32646		-0.689916	1.099717	3.371755
32647		-0.685131	1.108947	3.425546
32648		-0.685229	1.108213	3.473813
32649		-0.681783	1.100661	3.518069
32650		-0.674934	1.093772	3.571583
32651		-0.661378	1.085176	3.637576
32652		-0.651645	1.070803	3.689334
32653		-0.645439	1.051309	3.708759
32654		-0.643320	1.028129	3.692972
32655		-0.642058	1.002628	3.662340
32656		-0.642937	0.975100	3.635977
32657		-0.645245	0.949186	3.609067
32658		-0.652238	0.927708	3.571983
32659		-0.655581	0.906625	3.525751
32660		-0.659233	0.890171	3.478872
32661		-0.656975	0.878483	3.444519
32662		-0.652580	0.870279	3.423801
32663		-0.650845	0.861906	3.402617
32664		-0.648322	0.859162	3.374800
32665		-0.645174	0.854951	3.355303
32666		-0.638557	0.848086	3.353367
32667		-0.630218	0.838040	3.363215
32668		-0.617506	0.824554	3.384017
32669		-0.601775	0.813989	3.389764
32670		-0.586269	0.805424	3.385583
32671		-0.571298	0.797236	3.367500
32672		-0.559030	0.791630	3.337239
32673		-0.547921	0.780930	3.309913
32674		-0.536621	0.763691	3.285919
32675		-0.525739	0.745019	3.257784
32676		-0.514186	0.727457	3.231854
32677		-0.497901	0.717877	3.216406
32678		-0.483683	0.719102	3.212324
32679		-0.473899	0.718499	3.210561
32680		-0.471466	0.715354	3.202329
32681		-0.470910	0.705127	3.186804
32682		-0.473848	0.698047	3.171343
32683		-0.473755	0.690461	3.167867
32684		-0.470741	0.687340	3.174837
32685		-0.465191	0.683506	3.184196
32686		-0.454816	0.682008	3.189638
32687		-0.441935	0.682989	3.194751
32688		-0.427361	0.687699	3.205101
32689		-0.412167	0.693406	3.225479
32690		-0.399745	0.697129	3.242515
32691		-0.392079	0.694468	3.239581
32692		-0.387113	0.692390	3.229455
32693		-0.382056	0.688351	3.229227
32694		-0.378849	0.683952	3.233963
32695		-0.372775	0.685633	3.239628
32696		-0.367142	0.685949	3.246485
32697		-0.358817	0.683761	3.252324
32698		-0.351541	0.686398	3.257504
32699		-0.341203	0.693700	3.266960
32700		-0.334159	0.697090	3.280801
32701		-0.328449	0.701845	3.292112
32702		-0.321281	0.702483	3.302259
32703		-0.315167	0.702477	3.312080
32704		-0.307907	0.706137	3.325124
32705		-0.300062	0.709322	3.333584
32706		-0.296489	0.714359	3.340582
32707		-0.289899	0.717300	3.350554
32708		-0.284271	0.715018	3.361267
32709		-0.277539	0.717163	3.375713
32710		-0.273325	0.722248	3.384793
32711		-0.271892	0.724145	3.382878
32712		-0.271620	0.725385	3.375641
32713		-0.271748	0.724367	3.374276
32714		-0.272725	0.724348	3.373851
32715		-0.272764	0.727846	3.376836
32716		-0.276134	0.737993	3.383979
32717		-0.279921	0.745895	3.396980
32718		-0.284395	0.751833	3.412836
32719		-0.287602	0.752498	3.432965
32720		-0.291027	0.752189	3.447904
32721		-0.293783	0.753431	3.453271
32722		-0.297003	0.757699	3.459458
32723		-0.300820	0.764110	3.471009
32724		-0.304803	0.766849	3.486836
32725		-0.311577	0.768154	3.505409
32726		-0.323908	0.769761	3.517050
32727		-0.338610	0.775406	3.509823
32728		-0.356361	0.785826	3.503370
32729		-0.375785	0.793629	3.509881
32730		-0.394679	0.802340	3.521423
32731		-0.416510	0.807824	3.540710
32732		-0.434062	0.812448	3.564359
32733		-0.449819	0.815504	3.598350
32734		-0.465828	0.822798	3.640168
32735		-0.479259	0.833807	3.686735
32736		-0.491091	0.847848	3.740294
32737		-0.498797	0.862736	3.804512
32738		-0.501440	0.874651	3.872572
32739		-0.499756	0.885483	3.934802
32740		-0.491149	0.891598	3.993242
32741		-0.480125	0.892722	4.041268
32742		-0.468390	0.893469	4.074146
32743		-0.458458	0.898119	4.095811
32744		-0.450272	0.904817	4.113898
32745		-0.442756	0.905804	4.128140
32746		-0.439591	0.908099	4.129495
32747		-0.441109	0.905105	4.115838
32748		-0.449531	0.898825	4.081496
32749		-0.458158	0.891658	4.033743
32750		-0.466077	0.886483	3.991405
32751		-0.472098	0.878391	3.957128
32752		-0.478096	0.873625	3.927635
32753		-0.483558	0.868765	3.905856
32754		-0.486922	0.869446	3.884428
32755		-0.490740	0.867320	3.867706
32756		-0.490264	0.863902	3.848640
32757		-0.487899	0.862936	3.837509
32758		-0.482222	0.863497	3.833252
32759		-0.473224	0.862386	3.835851
32760		-0.464930	0.858384	3.841064
32761		-0.452554	0.853170	3.848729
32762		-0.438966	0.852314	3.855236
32763		-0.424491	0.851264	3.866661
32764		-0.412589	0.852378	3.880027
32765		-0.401240	0.847472	3.900732
32766		-0.387580	0.844528	3.917724
32767		-0.373493	0.845049	3.933352
32768		-0.361694	0.846759	3.947847
32769		-0.351074	0.845624	3.964940
32770		-0.342197	0.841376	3.972936
32771		-0.333818	0.836871	3.981788
32772		-0.326642	0.830728	3.998177
32773		-0.319119	0.826803	4.019264
32774		-0.310186	0.824817	4.042053
32775		-0.300117	0.823297	4.068309
32776		-0.288763	0.817527	4.096142
32777		-0.277806	0.812058	4.118460
32778		-0.261390	0.810497	4.137615
32779		-0.248222	0.806004	4.153243
32780		-0.236248	0.802843	4.161436
32781		-0.227592	0.799062	4.163059
32782		-0.219180	0.796543	4.169668
32783		-0.211661	0.791736	4.177275
32784		-0.205286	0.782769	4.183128
32785		-0.201510	0.769408	4.186041
32786		-0.199486	0.759703	4.181280
32787		-0.195676	0.755663	4.163778
32788		-0.196653	0.755126	4.151898
32789		-0.201408	0.752330	4.140353
32790		-0.206964	0.748026	4.128067
32791		-0.211515	0.747439	4.123912
32792		-0.217636	0.745279	4.130095
32793		-0.222379	0.743598	4.144374
32794		-0.225547	0.743115	4.164971
32795		-0.232902	0.743286	4.179263
32796		-0.239374	0.748816	4.189954
32797		-0.247597	0.750818	4.205599
32798		-0.255417	0.755664	4.224207
32799		-0.262558	0.757630	4.239148
32800		-0.268300	0.759010	4.246753
32801		-0.269618	0.758737	4.247224
32802		-0.264972	0.760394	4.245901
32803		-0.262430	0.760185	4.240699
32804		-0.258931	0.761912	4.240146
32805		-0.259630	0.761409	4.230317
32806		-0.260650	0.759195	4.217028
32807		-0.263354	0.755434	4.203749
32808		-0.264825	0.754929	4.188974
32809		-0.261967	0.753764	4.180696
32810		-0.255803	0.754277	4.181189
32811		-0.247398	0.756139	4.184652
32812		-0.233363	0.757644	4.192074
32813		-0.216733	0.760065	4.206132
32814		-0.200052	0.763207	4.223330
32815		-0.182518	0.765304	4.237495
32816		-0.166208	0.765121	4.247683
32817		-0.151505	0.763239	4.250414
32818		-0.137304	0.758087	4.243390
32819		-0.124920	0.751136	4.224057
32820		-0.112436	0.739619	4.195668
32821		-0.096752	0.730015	4.164879
32822		-0.081336	0.717814	4.135071
32823		-0.063067	0.703194	4.106941
32824		-0.043175	0.690853	4.080014
32825		-0.022689	0.677674	4.051929
32826		-0.003052	0.661371	4.021725
32827		0.019243	0.643981	3.989773
32828		0.036889	0.628718	3.961215
32829		0.055399	0.615956	3.933718
32830		0.070946	0.604101	3.916177
32831		0.083715	0.591187	3.906163
