// General information: 
//  MT Manager version: 2021.4.0 
//  XDA version: 2021.4.0 build 6323 rev 112641 built on 2021-09-28
// Device information: 
//  DeviceId: 00B43856
//  ProductCode: MTW2-3A7G6
//  Firmware Version: 4.3.4
//  Hardware Version: 1.1.0
// Device settings: 
//  Filter Profile: human(46.1)
//  Option Flags: Orientation Smoother Disabled, Position/Velocity Smoother Disabled, Continuous Zero Rotation Update Disabled, AHS Disabled, ICC Disabled
// Coordinate system: ENU
PacketCounter	SampleTimeFine	Roll	Pitch	Yaw
59226		-0.297915	-0.605030	1.728875
59227		-0.332905	-0.601617	1.874512
59228		-0.367441	-0.593699	2.036656
59229		-0.402617	-0.584799	2.206723
59230		-0.437330	-0.575876	2.369614
59231		-0.470072	-0.567444	2.526525
59232		-0.495406	-0.560105	2.685065
59233		-0.515804	-0.549213	2.838969
59234		-0.534376	-0.538911	2.981581
59235		-0.553649	-0.524532	3.111615
59236		-0.572126	-0.510746	3.235461
59237		-0.591334	-0.497334	3.349543
59238		-0.608241	-0.485036	3.460022
59239		-0.621546	-0.469751	3.574065
59240		-0.633185	-0.453606	3.698578
59241		-0.642765	-0.433955	3.829680
59242		-0.648210	-0.411313	3.968931
59243		-0.656070	-0.386622	4.117819
59244		-0.658460	-0.359517	4.270746
59245		-0.659447	-0.334516	4.418603
59246		-0.657977	-0.310427	4.563291
59247		-0.653868	-0.283159	4.701361
59248		-0.648223	-0.256841	4.826209
59249		-0.642955	-0.227802	4.932472
59250		-0.639587	-0.198397	5.012376
59251		-0.634356	-0.168181	5.068358
59252		-0.628778	-0.142185	5.108677
59253		-0.626610	-0.117519	5.128393
59254		-0.623123	-0.097246	5.132240
59255		-0.616539	-0.079429	5.128007
59256		-0.609624	-0.063984	5.115433
59257		-0.597081	-0.051980	5.090638
59258		-0.583453	-0.037101	5.053284
59259		-0.567254	-0.021363	5.005527
59260		-0.551650	-0.010569	4.944360
59261		-0.539823	-0.000896	4.870389
59262		-0.530281	0.008151	4.792438
59263		-0.521376	0.017567	4.708561
59264		-0.515201	0.025247	4.618722
59265		-0.507726	0.032378	4.526605
59266		-0.506086	0.033888	4.431975
59267		-0.503028	0.031426	4.334095
59268		-0.501614	0.027743	4.230917
59269		-0.501777	0.019185	4.135200
59270		-0.506584	0.005474	4.043161
59271		-0.513943	-0.006976	3.956648
59272		-0.524387	-0.017096	3.880019
59273		-0.537888	-0.028150	3.827014
59274		-0.550933	-0.037361	3.796977
59275		-0.564311	-0.048213	3.788021
59276		-0.583599	-0.059264	3.799206
59277		-0.604022	-0.067302	3.819596
59278		-0.620827	-0.076282	3.845043
59279		-0.636204	-0.083581	3.876233
59280		-0.650542	-0.092914	3.908806
59281		-0.663010	-0.099982	3.944736
59282		-0.680893	-0.102665	3.983697
59283		-0.694908	-0.106305	4.035084
59284		-0.709856	-0.102624	4.098194
59285		-0.725737	-0.101427	4.175061
59286		-0.740690	-0.099478	4.258603
59287		-0.750653	-0.096621	4.351719
59288		-0.758625	-0.092406	4.446696
59289		-0.762374	-0.088542	4.546466
59290		-0.758366	-0.083296	4.657122
59291		-0.746377	-0.079702	4.775572
59292		-0.732558	-0.073304	4.884768
59293		-0.716786	-0.064160	4.982292
59294		-0.700038	-0.049680	5.067644
59295		-0.686925	-0.038536	5.135121
59296		-0.677703	-0.032025	5.176157
59297		-0.667697	-0.025377	5.196694
59298		-0.660185	-0.018965	5.200089
59299		-0.648112	-0.013414	5.192121
59300		-0.639940	-0.010764	5.169573
59301		-0.629963	-0.009355	5.137127
59302		-0.616967	-0.008745	5.095677
59303		-0.602938	-0.007818	5.045958
59304		-0.587755	-0.009618	4.987812
59305		-0.570401	-0.008428	4.928492
59306		-0.552346	-0.008814	4.864077
59307		-0.537822	-0.009463	4.788814
59308		-0.526287	-0.013879	4.704367
59309		-0.513827	-0.017419	4.611404
59310		-0.503553	-0.021505	4.515156
59311		-0.494392	-0.027710	4.420156
59312		-0.488933	-0.033221	4.330526
59313		-0.485792	-0.040631	4.247056
59314		-0.486396	-0.047858	4.163068
59315		-0.485814	-0.060469	4.080111
59316		-0.486704	-0.069716	4.005097
59317		-0.488704	-0.078163	3.943358
59318		-0.494164	-0.085526	3.893629
59319		-0.501256	-0.092679	3.860090
59320		-0.511114	-0.096510	3.843482
59321		-0.524069	-0.100560	3.840333
59322		-0.543539	-0.105626	3.848314
59323		-0.565958	-0.113067	3.864263
59324		-0.587949	-0.122644	3.888523
59325		-0.613507	-0.130196	3.931524
59326		-0.637625	-0.137458	3.989035
59327		-0.660799	-0.143904	4.061888
59328		-0.680236	-0.149828	4.150471
59329		-0.696810	-0.153238	4.249459
59330		-0.710663	-0.153715	4.349360
59331		-0.722342	-0.156129	4.448049
59332		-0.733694	-0.153265	4.546319
59333		-0.744909	-0.148964	4.645644
59334		-0.757128	-0.143735	4.740887
59335		-0.767661	-0.140955	4.826935
59336		-0.774967	-0.138297	4.903658
59337		-0.778829	-0.135025	4.970492
59338		-0.782994	-0.130699	5.026138
59339		-0.785959	-0.130700	5.068487
59340		-0.790189	-0.131305	5.104302
59341		-0.794549	-0.135884	5.137114
59342		-0.803765	-0.139115	5.167718
59343		-0.814413	-0.139163	5.202076
59344		-0.827723	-0.139353	5.240261
59345		-0.845348	-0.141176	5.269613
59346		-0.863369	-0.143025	5.285714
59347		-0.882724	-0.145168	5.299843
59348		-0.906494	-0.143667	5.308822
59349		-0.926005	-0.141744	5.306916
59350		-0.945152	-0.139384	5.291295
59351		-0.963642	-0.137731	5.266626
59352		-0.980327	-0.136246	5.230624
59353		-0.992166	-0.134859	5.191478
59354		-1.001997	-0.131269	5.148840
59355		-1.008863	-0.131058	5.097005
59356		-1.011166	-0.129969	5.027532
59357		-1.006638	-0.128336	4.954251
59358		-1.003014	-0.127785	4.866545
59359		-0.997642	-0.129437	4.768783
59360		-0.991567	-0.131438	4.659731
59361		-0.983620	-0.134238	4.542482
59362		-0.971878	-0.141061	4.418402
59363		-0.954838	-0.147084	4.293680
59364		-0.933261	-0.155815	4.161585
59365		-0.912470	-0.165911	4.022596
59366		-0.892157	-0.177833	3.872422
59367		-0.869048	-0.193414	3.716520
59368		-0.845619	-0.209553	3.559053
59369		-0.819855	-0.224425	3.401952
59370		-0.791755	-0.241556	3.248614
59371		-0.760367	-0.257845	3.088570
59372		-0.720694	-0.275751	2.919865
59373		-0.671431	-0.297275	2.738148
59374		-0.613192	-0.316034	2.542886
59375		-0.547013	-0.333609	2.334477
59376		-0.481469	-0.353661	2.109037
59377		-0.417739	-0.374556	1.861760
59378		-0.356850	-0.398261	1.592441
59379		-0.295583	-0.425059	1.305716
59380		-0.236550	-0.455246	1.011057
59381		-0.174904	-0.485160	0.711577
59382		-0.116280	-0.513693	0.403736
59383		-0.059905	-0.540393	0.098248
59384		-0.008156	-0.564311	-0.197312
59385		0.041677	-0.581599	-0.470844
59386		0.090108	-0.596025	-0.713315
59387		0.135038	-0.609641	-0.931469
59388		0.169817	-0.630823	-1.157861
59389		0.185792	-0.658092	-1.412571
59390		0.190257	-0.690157	-1.660907
59391		0.190109	-0.719955	-1.874630
59392		0.175888	-0.744208	-2.066870
59393		0.146798	-0.777694	-2.262282
59394		0.107964	-0.818221	-2.463906
59395		0.061894	-0.847427	-2.642830
59396		0.008131	-0.862115	-2.785109
59397		-0.056312	-0.870653	-2.904578
59398		-0.123983	-0.878445	-3.004839
59399		-0.184385	-0.883469	-3.083667
59400		-0.234311	-0.889341	-3.134917
59401		-0.277489	-0.893926	-3.172558
59402		-0.318377	-0.906272	-3.206095
59403		-0.352035	-0.921476	-3.221793
59404		-0.382196	-0.944410	-3.224526
59405		-0.412841	-0.970974	-3.215265
59406		-0.437124	-0.999580	-3.172115
59407		-0.458533	-1.024471	-3.095583
59408		-0.475502	-1.044593	-2.999587
59409		-0.492683	-1.059406	-2.891360
59410		-0.508788	-1.073473	-2.772498
59411		-0.526756	-1.079985	-2.647038
59412		-0.551873	-1.084588	-2.514750
59413		-0.580805	-1.088792	-2.365132
59414		-0.614451	-1.092656	-2.193607
59415		-0.653422	-1.097504	-2.002215
59416		-0.697950	-1.103210	-1.788459
59417		-0.748579	-1.108385	-1.546714
59418		-0.799544	-1.109431	-1.278866
59419		-0.853877	-1.110319	-0.983941
59420		-0.910872	-1.109799	-0.665824
59421		-0.971368	-1.107192	-0.328210
59422		-1.029264	-1.101640	0.029668
59423		-1.084267	-1.090838	0.399899
59424		-1.133834	-1.071332	0.776881
59425		-1.184098	-1.048791	1.146998
59426		-1.230438	-1.023014	1.497766
59427		-1.275405	-0.996327	1.822500
59428		-1.315606	-0.971982	2.116735
59429		-1.352420	-0.952805	2.364641
59430		-1.389701	-0.939536	2.563239
59431		-1.425812	-0.932602	2.717916
59432		-1.460154	-0.930897	2.839847
59433		-1.493688	-0.930111	2.929133
59434		-1.526687	-0.935065	2.990139
59435		-1.559329	-0.938937	3.032650
59436		-1.586976	-0.944424	3.067151
59437		-1.610618	-0.948409	3.096748
59438		-1.629678	-0.950290	3.123889
59439		-1.643342	-0.947324	3.154623
59440		-1.652114	-0.941080	3.184983
59441		-1.659901	-0.934912	3.204235
59442		-1.668396	-0.931534	3.201907
59443		-1.672751	-0.935078	3.179334
59444		-1.674521	-0.938316	3.133025
59445		-1.675805	-0.947429	3.057764
59446		-1.673323	-0.959871	2.952360
59447		-1.671909	-0.973760	2.817747
59448		-1.678630	-0.989964	2.646824
59449		-1.693770	-1.011183	2.444624
59450		-1.716677	-1.030663	2.232726
59451		-1.737516	-1.049071	2.031119
59452		-1.762635	-1.062559	1.845162
59453		-1.788441	-1.072145	1.683199
59454		-1.816345	-1.075787	1.547838
59455		-1.844848	-1.073628	1.438001
59456		-1.871875	-1.068843	1.354895
59457		-1.896546	-1.062275	1.293864
59458		-1.917847	-1.057607	1.250083
59459		-1.934647	-1.050893	1.213223
59460		-1.943349	-1.049480	1.173886
59461		-1.949073	-1.049882	1.125845
59462		-1.947517	-1.049974	1.074585
59463		-1.936476	-1.049405	1.016784
59464		-1.922202	-1.049428	0.950220
59465		-1.902444	-1.046212	0.874859
59466		-1.878331	-1.046711	0.794695
59467		-1.853978	-1.043134	0.711459
59468		-1.826708	-1.040881	0.623256
59469		-1.797998	-1.037156	0.536143
59470		-1.770236	-1.032272	0.457420
59471		-1.738416	-1.027587	0.391705
59472		-1.705857	-1.023002	0.336352
59473		-1.672894	-1.016836	0.287609
59474		-1.646354	-1.012022	0.249315
59475		-1.619873	-1.003424	0.226753
59476		-1.597680	-0.993812	0.216069
59477		-1.579060	-0.987209	0.225681
59478		-1.563294	-0.978813	0.249606
59479		-1.543671	-0.970331	0.280620
59480		-1.519664	-0.963330	0.313201
59481		-1.493204	-0.957031	0.340656
59482		-1.468259	-0.959900	0.357220
59483		-1.451057	-0.965450	0.358158
59484		-1.444315	-0.978189	0.346565
59485		-1.452863	-0.995735	0.321994
59486		-1.469351	-1.022652	0.285550
59487		-1.493186	-1.053054	0.245328
59488		-1.518702	-1.080686	0.210195
59489		-1.548786	-1.106379	0.183138
59490		-1.580144	-1.127004	0.169447
59491		-1.609659	-1.143822	0.170952
59492		-1.637896	-1.160987	0.185386
59493		-1.667655	-1.174858	0.202978
59494		-1.697486	-1.190895	0.220401
59495		-1.727875	-1.209549	0.232325
59496		-1.756338	-1.230959	0.243470
59497		-1.779894	-1.253287	0.250971
59498		-1.796777	-1.273636	0.247437
59499		-1.805753	-1.294800	0.229210
59500		-1.806822	-1.319053	0.187532
59501		-1.793282	-1.343666	0.123000
59502		-1.771358	-1.366587	0.040143
59503		-1.741190	-1.390802	-0.066434
59504		-1.704587	-1.414298	-0.200946
59505		-1.665349	-1.437718	-0.360301
59506		-1.622477	-1.461936	-0.535988
59507		-1.578576	-1.487001	-0.729274
59508		-1.534435	-1.512560	-0.928968
59509		-1.490211	-1.536498	-1.134304
59510		-1.445586	-1.557606	-1.338216
59511		-1.398302	-1.575047	-1.543871
59512		-1.349132	-1.591237	-1.747308
59513		-1.299945	-1.607007	-1.946549
59514		-1.247907	-1.624327	-2.145245
59515		-1.194369	-1.641422	-2.343399
59516		-1.138903	-1.657974	-2.539439
59517		-1.083720	-1.671469	-2.736224
59518		-1.028553	-1.683611	-2.929396
59519		-0.972800	-1.696125	-3.116781
59520		-0.917640	-1.706538	-3.298711
59521		-0.861999	-1.717837	-3.470172
59522		-0.809184	-1.725203	-3.630438
59523		-0.753999	-1.729153	-3.774005
59524		-0.704947	-1.732940	-3.900438
59525		-0.655193	-1.733481	-4.013034
59526		-0.611631	-1.737560	-4.120730
59527		-0.570258	-1.738620	-4.223595
59528		-0.532110	-1.736580	-4.323042
59529		-0.496856	-1.733601	-4.417105
59530		-0.466098	-1.725545	-4.511960
59531		-0.440194	-1.721492	-4.604412
59532		-0.422258	-1.714124	-4.700835
59533		-0.409132	-1.709272	-4.793108
59534		-0.400964	-1.701864	-4.871626
59535		-0.393410	-1.692029	-4.937920
59536		-0.384465	-1.681485	-4.991209
59537		-0.374189	-1.667734	-5.032969
59538		-0.359514	-1.652395	-5.062203
59539		-0.337908	-1.635449	-5.074504
59540		-0.317681	-1.619027	-5.068899
59541		-0.295465	-1.603165	-5.046550
59542		-0.273466	-1.589703	-5.012208
59543		-0.253187	-1.575501	-4.971612
59544		-0.235702	-1.561775	-4.937768
59545		-0.222088	-1.547809	-4.917655
59546		-0.210539	-1.536754	-4.912153
59547		-0.199157	-1.523078	-4.920875
59548		-0.189294	-1.509483	-4.948950
59549		-0.184395	-1.492002	-4.988374
59550		-0.181030	-1.475683	-5.038418
59551		-0.182184	-1.458941	-5.095681
59552		-0.187508	-1.444894	-5.157614
59553		-0.192987	-1.434521	-5.219721
59554		-0.199671	-1.428485	-5.279550
59555		-0.209464	-1.419990	-5.338651
59556		-0.218219	-1.412743	-5.384008
59557		-0.229226	-1.401964	-5.414369
59558		-0.239657	-1.395905	-5.435072
59559		-0.250264	-1.394432	-5.442794
59560		-0.258733	-1.391708	-5.443903
59561		-0.268696	-1.390694	-5.435346
59562		-0.278478	-1.390754	-5.412593
59563		-0.288834	-1.387634	-5.376635
59564		-0.301270	-1.385938	-5.332167
59565		-0.313840	-1.384359	-5.274716
59566		-0.328371	-1.383976	-5.207937
59567		-0.345164	-1.382726	-5.141409
59568		-0.359242	-1.383476	-5.077697
59569		-0.371622	-1.383773	-5.020409
59570		-0.384781	-1.383874	-4.965603
59571		-0.396039	-1.382626	-4.916029
59572		-0.405931	-1.382281	-4.874306
59573		-0.417027	-1.384871	-4.840578
59574		-0.426560	-1.392834	-4.812283
59575		-0.435937	-1.398521	-4.787014
59576		-0.442679	-1.400440	-4.765244
59577		-0.446474	-1.399433	-4.747740
59578		-0.449020	-1.396686	-4.746208
59579		-0.450957	-1.395960	-4.762625
59580		-0.455912	-1.394974	-4.800883
59581		-0.457203	-1.395713	-4.852690
59582		-0.459080	-1.394832	-4.909352
59583		-0.458647	-1.390830	-4.963994
59584		-0.459021	-1.384481	-5.014921
59585		-0.461265	-1.377157	-5.064941
59586		-0.463843	-1.372353	-5.107747
59587		-0.463851	-1.367747	-5.135886
59588		-0.466246	-1.361348	-5.153754
59589		-0.463979	-1.351609	-5.154379
59590		-0.461906	-1.334330	-5.135555
59591		-0.457730	-1.312599	-5.096218
59592		-0.452050	-1.291633	-5.040757
59593		-0.445414	-1.266303	-4.969615
59594		-0.438491	-1.238105	-4.885088
59595		-0.434937	-1.202527	-4.783260
59596		-0.432053	-1.161274	-4.661118
59597		-0.435796	-1.115022	-4.519105
59598		-0.439307	-1.071083	-4.358555
59599		-0.451451	-1.031395	-4.188386
59600		-0.468877	-0.997026	-4.011813
59601		-0.485967	-0.965954	-3.827009
59602		-0.504993	-0.937641	-3.632879
59603		-0.528376	-0.915206	-3.443642
59604		-0.551392	-0.894838	-3.267250
59605		-0.575073	-0.873400	-3.093292
59606		-0.591575	-0.854672	-2.925474
59607		-0.601291	-0.837180	-2.775621
59608		-0.604968	-0.821830	-2.641790
59609		-0.605192	-0.806380	-2.521161
59610		-0.603589	-0.791431	-2.415636
59611		-0.601176	-0.778698	-2.317956
59612		-0.601504	-0.768527	-2.228588
59613		-0.602333	-0.761300	-2.149078
59614		-0.608860	-0.756465	-2.091433
59615		-0.615678	-0.757003	-2.058907
59616		-0.624499	-0.760673	-2.055829
59617		-0.636572	-0.766948	-2.075460
59618		-0.650621	-0.771815	-2.116501
59619		-0.665504	-0.778538	-2.178399
59620		-0.689904	-0.785880	-2.258639
59621		-0.715651	-0.790022	-2.354170
59622		-0.742712	-0.797889	-2.460984
59623		-0.770032	-0.808540	-2.581788
59624		-0.797252	-0.822910	-2.712030
59625		-0.823204	-0.840908	-2.849846
59626		-0.847349	-0.868331	-2.997725
59627		-0.869252	-0.894798	-3.150647
59628		-0.886115	-0.925246	-3.300760
59629		-0.904169	-0.949484	-3.443807
59630		-0.920012	-0.975017	-3.590068
59631		-0.933536	-1.002501	-3.738037
59632		-0.946535	-1.029660	-3.881719
59633		-0.963892	-1.060301	-4.029653
59634		-0.980150	-1.093396	-4.177288
59635		-1.005427	-1.127517	-4.310929
59636		-1.036992	-1.164021	-4.444414
59637		-1.077607	-1.198215	-4.566329
59638		-1.125626	-1.229510	-4.666184
59639		-1.176551	-1.255159	-4.739128
59640		-1.223516	-1.279687	-4.783164
59641		-1.263546	-1.301395	-4.791680
59642		-1.294837	-1.312326	-4.771793
59643		-1.315039	-1.317522	-4.728344
59644		-1.326600	-1.322808	-4.669151
59645		-1.332501	-1.326594	-4.589619
59646		-1.328084	-1.331077	-4.497137
59647		-1.315695	-1.330680	-4.403644
59648		-1.295865	-1.327727	-4.321507
59649		-1.274087	-1.324907	-4.254633
59650		-1.249083	-1.325119	-4.198300
59651		-1.219458	-1.324269	-4.154012
59652		-1.188924	-1.321683	-4.118041
59653		-1.151888	-1.321925	-4.097813
59654		-1.114101	-1.321053	-4.077815
59655		-1.074697	-1.317461	-4.053776
59656		-1.036009	-1.314912	-4.014184
59657		-1.000340	-1.313922	-3.956509
59658		-0.965290	-1.310430	-3.889888
59659		-0.936562	-1.307203	-3.818960
59660		-0.915429	-1.304422	-3.739297
59661		-0.896525	-1.296996	-3.642950
59662		-0.882098	-1.287061	-3.535831
59663		-0.870637	-1.276498	-3.427708
59664		-0.861847	-1.267988	-3.322935
59665		-0.852613	-1.260636	-3.226628
59666		-0.842866	-1.257092	-3.134718
59667		-0.831212	-1.249360	-3.045986
59668		-0.818062	-1.240730	-2.958857
59669		-0.806031	-1.228291	-2.874709
59670		-0.794545	-1.212891	-2.790573
59671		-0.783113	-1.195832	-2.710845
59672		-0.773234	-1.181145	-2.639351
59673		-0.761919	-1.168593	-2.572645
59674		-0.751193	-1.165430	-2.514209
59675		-0.737296	-1.168277	-2.469603
59676		-0.723212	-1.173648	-2.439938
59677		-0.702932	-1.180969	-2.422186
59678		-0.679577	-1.192732	-2.426422
59679		-0.653305	-1.209983	-2.460538
59680		-0.624841	-1.230552	-2.524876
59681		-0.599464	-1.250038	-2.618456
59682		-0.577236	-1.280694	-2.742795
59683		-0.565282	-1.326145	-2.910444
59684		-0.555329	-1.374802	-3.122273
59685		-0.555731	-1.416593	-3.377935
59686		-0.566302	-1.451281	-3.673114
59687		-0.587593	-1.483297	-4.010298
59688		-0.612585	-1.514282	-4.383487
59689		-0.595939	-1.488933	-4.681821
59690		-0.655281	-1.618117	-4.910688
59691		-0.697034	-1.669968	-5.340743
59692		-0.689414	-1.637405	-5.643616
59693		-0.721004	-1.741996	-5.683987
59694		-0.768748	-1.824529	-5.787842
59695		-0.812575	-1.818840	-5.858429
59696		-0.849190	-1.794608	-5.823719
59697		-0.877382	-1.777904	-5.711819
59698		-0.895231	-1.758120	-5.566059
59699		-0.907410	-1.743774	-5.375851
59700		-0.928950	-1.727043	-5.153815
59701		-0.963556	-1.701122	-4.945644
59702		-1.011610	-1.655005	-4.782049
59703		-1.066358	-1.597238	-4.655140
59704		-1.118009	-1.537782	-4.536328
59705		-1.159198	-1.490919	-4.418045
59706		-1.188570	-1.463715	-4.297298
59707		-1.208549	-1.449263	-4.158091
59708		-1.213382	-1.436697	-3.971048
59709		-1.211327	-1.418107	-3.714713
59710		-1.200709	-1.398580	-3.379435
59711		-1.180568	-1.373316	-2.974614
59712		-1.151656	-1.343329	-2.527948
59713		-1.121256	-1.326215	-2.082559
59714		-1.089282	-1.311192	-1.666619
59715		-1.052813	-1.288071	-1.285534
59716		-1.018236	-1.254816	-0.945339
59717		-0.987017	-1.218117	-0.668234
59718		-0.957848	-1.182630	-0.462446
59719		-0.935887	-1.150825	-0.339828
59720		-0.919281	-1.126505	-0.303319
59721		-0.907285	-1.112205	-0.347790
59722		-0.893651	-1.103523	-0.452837
59723		-0.870682	-1.103504	-0.600354
59724		-0.838597	-1.118208	-0.791714
59725		-0.798201	-1.144516	-1.021900
59726		-0.757930	-1.170596	-1.280848
59727		-0.718539	-1.189005	-1.559529
59728		-0.674465	-1.207685	-1.823655
59729		-0.623100	-1.228518	-2.034853
59730		-0.561184	-1.250099	-2.180098
59731		-0.498510	-1.263703	-2.263551
59732		-0.437874	-1.268359	-2.286084
59733		-0.384519	-1.268238	-2.256205
59734		-0.342278	-1.261667	-2.189786
59735		-0.312049	-1.258694	-2.103239
59736		-0.295226	-1.260533	-2.022090
59737		-0.292888	-1.263169	-1.961253
59738		-0.300089	-1.269110	-1.947082
59739		-0.321847	-1.280707	-1.996159
59740		-0.346393	-1.303896	-2.114091
59741		-0.379328	-1.337591	-2.299242
59742		-0.418622	-1.376774	-2.554959
59743		-0.464715	-1.413383	-2.861043
59744		-0.513811	-1.438152	-3.193637
59745		-0.565128	-1.451734	-3.533785
59746		-0.620034	-1.460759	-3.872816
59747		-0.672705	-1.470425	-4.196703
59748		-0.724434	-1.473083	-4.479220
59749		-0.775798	-1.471731	-4.691241
59750		-0.825522	-1.468340	-4.816805
59751		-0.871211	-1.463375	-4.840812
59752		-0.906841	-1.452623	-4.764414
59753		-0.928622	-1.436116	-4.590575
59754		-0.941933	-1.416069	-4.328784
59755		-0.946639	-1.382563	-4.008980
59756		-0.944306	-1.325703	-3.649798
59757		-0.939098	-1.250655	-3.254575
59758		-0.929099	-1.162739	-2.846385
59759		-0.915491	-1.085468	-2.446620
59760		-0.897118	-1.028992	-2.046471
59761		-0.867044	-0.990496	-1.628544
59762		-0.828910	-0.964126	-1.176428
59763		-0.789287	-0.939909	-0.693106
59764		-0.749337	-0.894220	-0.232042
59765		-0.710600	-0.812751	0.165092
59766		-0.664278	-0.757102	0.520518
59767		-0.617532	-0.748859	0.832823
59768		-0.566311	-0.743282	1.079415
59769		-0.513368	-0.709659	1.244869
59770		-0.464311	-0.657156	1.328177
59771		-0.424881	-0.605814	1.334380
59772		-0.392010	-0.579584	1.300763
59773		-0.360084	-0.575216	1.254989
59774		-0.328807	-0.582206	1.195551
59775		-0.291474	-0.595906	1.125292
59776		-0.245306	-0.619814	1.063880
59777		-0.198907	-0.646351	1.005926
59778		-0.158776	-0.672948	0.949155
59779		-0.129236	-0.693108	0.883556
59780		-0.107963	-0.714604	0.803318
59781		-0.092256	-0.747116	0.698342
59782		-0.088064	-0.791085	0.552968
59783		-0.095395	-0.848504	0.350610
59784		-0.116402	-0.915443	0.077313
59785		-0.152013	-0.989525	-0.257958
59786		-0.198560	-1.063895	-0.631971
59787		-0.259040	-1.131202	-1.040379
59788		-0.330868	-1.185297	-1.485135
59789		-0.410016	-1.228206	-1.941416
59790		-0.488418	-1.264046	-2.372635
59791		-0.562128	-1.295558	-2.768526
59792		-0.628486	-1.323514	-3.116951
59793		-0.681815	-1.348408	-3.394919
59794		-0.719999	-1.372677	-3.576650
59795		-0.742895	-1.392518	-3.658450
59796		-0.753096	-1.406223	-3.644166
59797		-0.749334	-1.413441	-3.548608
59798		-0.735335	-1.408990	-3.383627
59799		-0.715766	-1.391482	-3.164892
59800		-0.689827	-1.354553	-2.908311
59801		-0.662271	-1.305491	-2.630545
59802		-0.636859	-1.260046	-2.349249
59803		-0.618105	-1.223811	-2.068982
59804		-0.594480	-1.195910	-1.793762
59805		-0.569455	-1.170760	-1.527758
59806		-0.546585	-1.145091	-1.271089
59807		-0.532395	-1.121213	-1.034971
59808		-0.526232	-1.094370	-0.839358
59809		-0.527468	-1.063176	-0.682341
59810		-0.536223	-1.025097	-0.563105
59811		-0.548049	-0.973512	-0.486590
59812		-0.570955	-0.914196	-0.448922
59813		-0.596797	-0.855944	-0.447000
59814		-0.621589	-0.805882	-0.464374
59815		-0.642005	-0.773238	-0.486331
59816		-0.657360	-0.761468	-0.493862
59817		-0.668929	-0.756494	-0.473796
59818		-0.674420	-0.743278	-0.419284
59819		-0.679769	-0.731400	-0.334769
59820		-0.682763	-0.722035	-0.224064
59821		-0.683032	-0.717709	-0.108645
59822		-0.681254	-0.721007	-0.006386
59823		-0.672340	-0.725480	0.057120
59824		-0.663296	-0.723683	0.078852
59825		-0.659621	-0.716923	0.056369
59826		-0.657815	-0.712399	-0.010828
59827		-0.660542	-0.730206	-0.129296
59828		-0.665045	-0.762957	-0.293966
59829		-0.674255	-0.796360	-0.502995
59830		-0.688712	-0.823540	-0.757068
59831		-0.711674	-0.848667	-1.055429
59832		-0.739861	-0.874161	-1.385300
59833		-0.768835	-0.911134	-1.725119
59834		-0.795919	-0.953262	-2.064325
59835		-0.816977	-0.990908	-2.388441
59836		-0.841884	-1.016186	-2.674419
59837		-0.864147	-1.035668	-2.912151
59838		-0.883893	-1.052048	-3.090346
59839		-0.898938	-1.063660	-3.202552
59840		-0.911634	-1.074246	-3.254051
59841		-0.923468	-1.078488	-3.246433
59842		-0.932379	-1.072403	-3.185089
59843		-0.944698	-1.058664	-3.081905
59844		-0.953826	-1.039545	-2.940715
59845		-0.968447	-1.007884	-2.768882
59846		-0.985672	-0.964636	-2.572792
59847		-1.002236	-0.910478	-2.351679
59848		-1.020773	-0.852069	-2.112026
59849		-1.035750	-0.800023	-1.849916
59850		-1.049111	-0.759228	-1.555573
59851		-1.054302	-0.728637	-1.218872
59852		-1.048036	-0.700554	-0.832814
59853		-1.034208	-0.678256	-0.405078
59854		-1.015278	-0.656803	0.036634
59855		-0.995424	-0.627065	0.449734
59856		-0.981647	-0.578110	0.800773
59857		-0.975633	-0.522003	1.065745
59858		-0.975574	-0.474941	1.225306
59859		-0.980607	-0.443734	1.276421
59860		-0.990501	-0.432396	1.232860
59861		-1.005499	-0.433682	1.108003
59862		-1.029274	-0.443571	0.942316
59863		-1.060232	-0.463617	0.766422
59864		-1.093804	-0.496821	0.600603
59865		-1.125159	-0.539912	0.452609
59866		-1.154723	-0.582083	0.342028
59867		-1.175794	-0.615272	0.280376
59868		-1.186285	-0.635801	0.275114
59869		-1.190493	-0.639672	0.321601
59870		-1.193967	-0.638937	0.412163
59871		-1.197211	-0.634693	0.535117
59872		-1.204644	-0.624554	0.680756
59873		-1.212031	-0.613215	0.834697
59874		-1.222979	-0.603804	0.988872
59875		-1.229767	-0.594718	1.119434
59876		-1.241094	-0.589335	1.217310
59877		-1.251591	-0.596175	1.274466
59878		-1.269310	-0.609981	1.283876
59879		-1.294768	-0.633454	1.247493
59880		-1.320621	-0.662019	1.182122
59881		-1.343910	-0.695346	1.104134
59882		-1.354298	-0.725962	1.021891
59883		-1.357304	-0.754111	0.942269
59884		-1.345091	-0.783323	0.867157
59885		-1.328139	-0.810478	0.808299
59886		-1.302619	-0.836505	0.757692
59887		-1.268343	-0.862144	0.717244
59888		-1.222455	-0.888770	0.687628
59889		-1.164837	-0.917813	0.661452
59890		-1.100670	-0.952763	0.634560
59891		-1.028957	-0.992840	0.588503
59892		-0.946161	-1.034281	0.524718
59893		-0.854087	-1.076428	0.442035
59894		-0.747719	-1.119417	0.347532
59895		-0.628116	-1.166701	0.246630
59896		-0.493171	-1.221685	0.139842
59897		-0.342807	-1.282952	0.026901
59898		-0.179470	-1.343422	-0.083222
59899		0.000176	-1.396367	-0.192402
59900		0.194184	-1.444026	-0.299474
59901		0.402637	-1.497577	-0.416786
59902		0.620113	-1.561405	-0.556620
59903		0.841727	-1.637893	-0.725851
59904		1.062559	-1.723553	-0.921284
59905		1.278673	-1.817590	-1.144288
59906		1.489306	-1.910446	-1.400011
59907		1.700438	-1.999530	-1.682098
59908		1.916823	-2.090224	-1.987376
59909		2.139637	-2.186840	-2.315252
59910		2.375205	-2.291515	-2.666034
59911		2.624612	-2.402029	-3.037387
59912		2.889634	-2.518563	-3.425258
59913		3.171633	-2.636176	-3.831806
59914		3.476581	-2.757393	-4.254441
59915		3.809178	-2.868689	-4.689829
59916		4.177676	-2.972045	-5.137965
59917		4.576483	-3.069429	-5.594053
59918		5.014443	-3.168505	-6.051295
59919		5.493600	-3.276488	-6.511302
59920		6.025917	-3.393368	-6.967006
59921		6.614216	-3.526089	-7.397724
59922		7.260492	-3.692823	-7.796329
59923		7.953965	-3.886962	-8.152976
59924		8.684229	-4.110410	-8.465678
59925		9.453069	-4.374982	-8.729904
59926		10.278018	-4.682441	-8.957335
59927		11.162999	-5.034449	-9.169024
59928		12.105799	-5.435061	-9.415289
59929		13.116551	-5.862756	-9.701979
59930		14.208622	-6.332864	-9.997894
59931		15.385596	-6.887505	-10.282017
59932		16.637580	-7.519887	-10.529150
59933		17.944457	-8.238741	-10.758289
59934		19.280765	-9.025487	-11.007011
59935		20.638229	-9.842633	-11.283342
59936		22.009627	-10.667447	-11.605994
59937		23.418077	-11.456669	-11.988809
59938		24.873381	-12.217560	-12.439886
59939		26.341429	-12.983738	-12.962870
59940		27.801839	-13.719028	-13.568593
59941		29.230468	-14.383324	-14.244299
59942		30.628791	-14.976391	-14.963422
59943		32.002742	-15.512440	-15.712133
59944		33.355305	-15.982613	-16.511095
59945		34.704746	-16.387199	-17.362212
59946		36.059922	-16.770237	-18.250023
59947		37.417858	-17.157845	-19.139286
59948		38.756766	-17.551555	-19.988868
59949		40.063243	-17.941841	-20.776398
59950		41.331452	-18.325324	-21.522633
59951		42.564149	-18.671697	-22.242071
59952		43.765537	-18.983991	-22.948571
59953		44.922646	-19.288093	-23.625213
59954		46.016337	-19.606079	-24.219835
59955		47.045187	-19.934949	-24.758930
59956		48.016879	-20.270378	-25.286236
59957		48.949657	-20.677863	-25.778936
59958		49.830312	-21.200199	-26.218936
59959		50.627442	-21.777312	-26.613848
59960		51.329662	-22.347602	-26.978557
59961		51.950429	-22.892154	-27.329190
59962		52.489686	-23.404235	-27.676143
59963		52.946773	-23.860667	-28.012204
59964		53.321717	-24.257942	-28.332276
59965		53.611506	-24.616964	-28.656274
59966		53.821643	-24.956888	-28.992736
59967		53.951908	-25.291262	-29.335250
59968		54.000052	-25.623067	-29.659632
59969		53.967901	-25.952563	-29.947467
59970		53.867635	-26.264889	-30.202401
59971		53.705570	-26.531100	-30.432958
59972		53.486516	-26.740050	-30.643608
59973		53.212090	-26.908487	-30.816751
59974		52.891946	-27.073854	-30.950884
59975		52.539998	-27.246315	-31.055532
59976		52.158505	-27.427733	-31.126341
59977		51.743229	-27.628799	-31.143466
59978		51.289749	-27.860986	-31.085463
59979		50.821161	-28.134887	-30.992394
59980		50.377884	-28.393840	-30.886007
59981		49.988964	-28.649145	-30.790812
59982		49.647556	-28.976933	-30.754596
59983		49.330198	-29.372023	-30.743392
59984		49.023802	-29.792073	-30.780446
59985		48.735846	-30.100491	-30.876703
59986		48.474182	-30.282899	-31.035319
59987		48.222440	-30.387773	-31.227975
59988		47.978340	-30.455984	-31.432780
59989		47.746920	-30.516194	-31.628225
59990		47.510801	-30.582344	-31.806152
59991		47.271147	-30.634520	-31.957704
59992		47.049406	-30.644762	-32.098680
59993		46.853194	-30.572315	-32.232189
59994		46.671471	-30.414007	-32.341938
59995		46.503390	-30.228925	-32.418760
59996		46.333222	-30.094475	-32.447684
59997		46.149378	-30.025770	-32.443113
59998		45.935467	-29.973535	-32.371742
59999		45.701980	-29.925996	-32.240405
60000		45.457905	-29.866310	-32.066398
60001		45.218697	-29.773031	-31.866161
60002		44.988980	-29.647705	-31.642425
60003		44.747264	-29.519937	-31.399077
60004		44.478155	-29.417309	-31.133416
60005		44.172125	-29.369409	-30.847035
60006		43.850036	-29.302714	-30.552181
60007		43.520189	-29.188923	-30.266385
60008		43.211618	-29.023602	-30.007757
60009		42.965113	-28.879001	-29.796694
60010		42.790400	-28.746341	-29.662659
60011		42.687400	-28.542990	-29.553921
60012		42.656627	-28.335186	-29.469892
60013		42.678396	-28.182113	-29.420437
60014		42.718338	-28.064977	-29.389375
60015		42.738521	-27.909021	-29.350401
60016		42.722455	-27.674478	-29.300842
60017		42.668849	-27.335372	-29.247783
60018		42.570730	-26.865019	-29.179844
60019		42.433866	-26.268901	-29.105799
60020		42.265210	-25.630489	-29.010697
60021		42.069876	-25.032559	-28.856879
60022		41.861700	-24.498379	-28.650940
60023		41.648134	-24.002474	-28.359992
60024		41.441230	-23.524637	-27.964035
60025		41.287051	-23.032623	-27.521733
60026		41.200317	-22.533951	-27.052162
60027		41.132742	-22.111507	-26.537141
60028		41.034096	-21.825723	-25.942346
60029		40.877987	-21.551857	-25.262490
60030		40.672786	-21.180543	-24.555018
60031		40.429633	-20.747316	-23.851633
60032		40.135554	-20.308562	-23.170763
60033		39.805622	-19.781073	-22.491301
60034		39.452084	-19.182173	-21.842007
60035		39.111576	-18.569232	-21.257193
60036		38.793634	-17.924183	-20.707486
60037		38.490650	-17.262269	-20.181520
60038		38.174779	-16.607516	-19.649254
60039		37.840552	-16.000499	-19.070576
60040		37.496706	-15.445434	-18.422073
60041		37.144518	-14.981507	-17.715993
60042		36.773761	-14.602259	-16.924513
60043		36.375347	-14.276328	-16.083962
60044		35.955920	-13.978453	-15.230713
60045		35.533240	-13.681843	-14.413622
60046		35.125106	-13.383231	-13.638616
60047		34.737188	-13.079881	-12.925833
60048		34.368990	-12.767407	-12.256030
60049		34.012126	-12.444573	-11.648909
60050		33.654555	-12.102619	-11.086036
60051		33.294961	-11.724848	-10.576505
60052		32.930789	-11.351994	-10.103721
60053		32.569592	-10.982799	-9.665904
60054		32.221082	-10.623949	-9.258477
60055		31.891478	-10.274583	-8.895916
60056		31.573110	-9.931125	-8.591346
60057		31.257567	-9.598479	-8.319309
60058		30.929969	-9.266573	-8.065158
60059		30.573926	-8.952698	-7.817920
60060		30.177775	-8.654565	-7.559291
60061		29.748770	-8.389015	-7.282874
60062		29.310575	-8.147204	-7.015792
60063		28.876849	-7.945664	-6.778620
60064		28.451512	-7.772751	-6.585113
60065		28.022067	-7.609742	-6.439061
60066		27.580415	-7.429022	-6.357693
60067		27.120692	-7.245303	-6.325910
60068		26.642273	-7.026280	-6.345562
60069		26.147263	-6.802541	-6.424472
60070		25.647851	-6.554268	-6.540477
60071		25.143875	-6.259723	-6.702532
60072		24.630713	-5.945440	-6.884895
60073		24.117698	-5.633757	-7.075556
60074		23.608435	-5.320963	-7.272084
60075		23.110226	-5.014666	-7.479404
60076		22.608532	-4.733956	-7.665721
60077		22.112417	-4.446904	-7.832530
60078		21.630535	-4.158824	-7.996713
60079		21.150338	-3.895233	-8.151549
60080		20.663154	-3.635565	-8.303248
60081		20.159486	-3.387917	-8.446002
60082		19.637959	-3.175074	-8.567271
60083		19.134765	-2.954232	-8.693935
60084		18.665706	-2.743031	-8.827755
60085		18.219767	-2.538273	-8.958113
60086		17.783628	-2.353011	-9.100436
60087		17.355611	-2.154722	-9.269744
60088		16.908044	-1.955126	-9.469717
60089		16.458028	-1.744589	-9.698450
60090		16.017532	-1.552565	-9.931507
60091		15.590943	-1.402825	-10.161040
60092		15.172789	-1.309429	-10.353039
60093		14.757270	-1.199721	-10.512344
60094		14.343117	-1.026949	-10.664701
60095		13.909458	-0.918723	-10.800583
60096		13.479366	-0.860429	-10.883616
60097		13.069854	-0.849119	-10.877718
60098		12.687354	-0.811571	-10.823994
60099		12.304669	-0.740766	-10.791126
60100		11.933093	-0.628035	-10.800629
60101		11.585680	-0.550587	-10.828335
60102		11.257683	-0.471565	-10.849931
60103		10.936091	-0.375411	-10.918287
60104		10.609965	-0.311061	-11.035545
60105		10.284380	-0.262852	-11.177846
60106		9.939136	-0.228698	-11.353684
60107		9.569911	-0.195986	-11.572277
60108		9.196846	-0.148386	-11.801260
60109		8.846912	-0.086596	-11.958915
60110		8.510595	-0.019084	-12.059755
60111		8.189371	0.055991	-12.166420
60112		7.901907	0.134684	-12.254754
60113		7.647346	0.133738	-12.261969
60114		7.426700	0.129194	-12.147432
60115		7.231818	0.209958	-11.952211
60116		7.043642	0.339603	-11.718280
60117		6.853505	0.442618	-11.410178
60118		6.654559	0.531573	-10.996544
60119		6.434589	0.598821	-10.518867
60120		6.183783	0.696822	-10.035974
60121		5.899502	0.837506	-9.586739
60122		5.564162	0.968373	-9.223276
60123		5.191523	1.084583	-8.969517
60124		4.786617	1.171411	-8.790290
60125		4.348328	1.216773	-8.668171
60126		3.878158	1.224661	-8.585152
60127		3.403631	1.200197	-8.518117
60128		2.958837	1.170127	-8.451837
60129		2.567347	1.138689	-8.374396
60130		2.238083	1.097771	-8.291306
60131		1.980942	1.075221	-8.220976
60132		1.811418	1.105391	-8.128536
60133		1.703190	1.144916	-8.006449
60134		1.631592	1.165475	-7.858912
60135		1.588670	1.179916	-7.700300
60136		1.571762	1.165875	-7.539317
60137		1.565712	1.120866	-7.424753
60138		1.573266	1.062982	-7.380380
60139		1.595093	1.007104	-7.373624
60140		1.635753	0.983877	-7.367455
60141		1.669092	0.999357	-7.393856
60142		1.658903	0.985181	-7.487180
60143		1.616615	0.914539	-7.636849
60144		1.573020	0.820420	-7.763522
60145		1.546809	0.735239	-7.829702
60146		1.535529	0.669750	-7.822714
60147		1.534973	0.626392	-7.758207
60148		1.543289	0.603972	-7.646613
60149		1.549464	0.593004	-7.501992
60150		1.547652	0.572336	-7.369672
60151		1.538621	0.539971	-7.274520
60152		1.523564	0.521650	-7.237253
60153		1.501322	0.508953	-7.253969
60154		1.474539	0.485641	-7.303774
60155		1.451285	0.455299	-7.374995
60156		1.436403	0.418021	-7.430107
60157		1.426501	0.360920	-7.443912
60158		1.418480	0.292201	-7.420427
60159		1.408904	0.224991	-7.390046
60160		1.402243	0.163872	-7.338171
60161		1.404379	0.107335	-7.248504
60162		1.415775	0.060607	-7.129982
60163		1.432410	0.041277	-7.008764
60164		1.448968	0.048422	-6.918013
60165		1.456935	0.063867	-6.869356
60166		1.457010	0.077171	-6.857189
60167		1.451774	0.077304	-6.881355
60168		1.446567	0.061084	-6.912071
60169		1.446394	0.037951	-6.924499
60170		1.451531	0.012890	-6.915850
60171		1.463939	-0.008391	-6.901923
60172		1.484317	-0.029741	-6.876055
60173		1.511523	-0.050978	-6.853695
60174		1.539421	-0.075844	-6.855681
60175		1.569552	-0.110516	-6.882827
60176		1.605973	-0.148786	-6.911858
60177		1.648319	-0.179256	-6.933792
60178		1.692629	-0.209908	-6.959770
60179		1.728920	-0.240107	-7.006136
60180		1.765805	-0.265804	-7.071562
60181		1.797762	-0.281784	-7.137944
60182		1.826635	-0.297808	-7.207103
60183		1.856474	-0.320408	-7.269824
60184		1.891256	-0.352795	-7.318739
60185		1.927411	-0.385949	-7.350993
60186		1.961979	-0.405900	-7.374359
60187		1.993275	-0.422408	-7.392333
60188		2.018374	-0.442039	-7.402362
60189		2.033730	-0.471965	-7.396069
60190		2.039273	-0.499764	-7.370964
60191		2.035898	-0.520549	-7.330215
60192		2.028388	-0.537386	-7.276265
60193		2.017293	-0.551393	-7.209658
60194		2.007189	-0.555992	-7.139426
60195		1.999356	-0.548807	-7.065045
60196		1.990844	-0.535295	-6.991917
60197		1.983551	-0.530674	-6.938904
60198		1.975054	-0.530702	-6.914874
60199		1.968331	-0.539481	-6.917482
60200		1.961151	-0.551276	-6.940547
60201		1.953119	-0.567633	-6.976027
60202		1.952786	-0.584253	-7.013700
60203		1.953501	-0.599004	-7.051308
60204		1.957862	-0.611616	-7.088538
60205		1.961250	-0.621876	-7.124909
60206		1.964978	-0.627547	-7.155218
60207		1.967654	-0.628135	-7.169835
60208		1.968294	-0.631092	-7.175913
60209		1.966448	-0.631620	-7.182887
60210		1.964360	-0.624643	-7.188255
60211		1.962217	-0.623067	-7.190510
60212		1.956039	-0.624326	-7.205761
60213		1.949499	-0.627967	-7.225586
60214		1.940103	-0.632009	-7.242976
60215		1.932567	-0.636328	-7.258667
60216		1.923801	-0.644805	-7.272598
60217		1.916869	-0.654790	-7.281341
60218		1.913290	-0.658157	-7.279032
60219		1.924095	-0.665717	-7.265543
60220		1.940444	-0.676747	-7.269953
60221		1.963364	-0.685279	-7.320821
60222		1.988858	-0.700764	-7.395575
60223		2.014502	-0.720453	-7.461080
60224		2.035981	-0.734786	-7.512402
60225		2.051038	-0.752123	-7.545553
60226		2.062860	-0.770426	-7.561288
60227		2.074356	-0.785439	-7.568135
60228		2.084338	-0.799253	-7.574999
60229		2.094314	-0.813457	-7.583113
60230		2.102320	-0.823452	-7.581624
60231		2.110194	-0.833986	-7.560703
60232		2.121151	-0.841846	-7.515044
60233		2.135795	-0.856560	-7.456215
60234		2.148846	-0.881592	-7.397479
60235		2.170383	-0.906013	-7.352272
60236		2.192957	-0.921329	-7.329674
60237		2.222960	-0.936959	-7.335031
60238		2.260136	-0.959316	-7.367472
60239		2.303680	-0.982986	-7.415305
60240		2.351205	-1.007464	-7.472497
60241		2.406614	-1.033261	-7.543315
60242		2.469258	-1.071718	-7.632294
60243		2.544867	-1.116403	-7.735235
60244		2.635243	-1.162252	-7.838615
60245		2.747113	-1.198529	-7.925833
60246		2.880452	-1.193095	-8.009241
60247		3.030343	-1.149923	-8.100825
60248		3.184067	-1.107024	-8.218977
60249		3.342404	-1.094022	-8.371977
60250		3.509797	-1.110086	-8.509295
60251		3.687324	-1.146753	-8.586771
60252		3.870206	-1.178971	-8.606989
60253		4.054796	-1.197010	-8.565035
60254		4.238135	-1.207430	-8.463666
60255		4.420768	-1.224927	-8.334771
60256		4.596311	-1.274440	-8.206569
60257		4.769560	-1.364965	-8.106378
60258		4.949218	-1.479202	-8.054744
60259		5.143033	-1.605898	-8.069049
60260		5.356607	-1.740967	-8.154006
60261		5.598696	-1.887627	-8.303389
60262		5.872050	-2.042964	-8.493336
60263		6.187163	-2.204550	-8.690838
60264		6.548470	-2.379354	-8.877145
60265		6.957823	-2.555887	-9.051611
60266		7.408769	-2.749875	-9.224341
60267		7.899239	-2.992268	-9.402633
60268		8.423231	-3.283915	-9.583085
60269		8.988045	-3.620833	-9.766065
60270		9.590422	-4.006036	-9.952897
60271		10.241559	-4.415080	-10.142590
60272		10.951677	-4.848663	-10.335346
60273		11.724884	-5.337116	-10.531166
60274		12.592956	-5.822911	-10.754560
60275		13.563780	-6.256418	-11.008630
60276		14.611703	-6.668343	-11.283905
60277		15.705415	-7.118965	-11.576452
60278		16.819616	-7.635736	-11.897814
60279		17.949456	-8.200545	-12.250022
60280		19.091092	-8.794137	-12.616248
60281		20.244049	-9.419265	-12.977309
60282		21.406366	-10.082629	-13.292445
60283		22.571858	-10.779862	-13.537964
60284		23.750724	-11.511118	-13.750962
60285		24.956423	-12.240548	-13.979001
60286		26.206998	-12.942361	-14.283518
60287		27.526084	-13.620720	-14.716103
60288		28.900857	-14.287368	-15.292696
60289		30.286953	-14.942018	-15.990747
60290		31.652531	-15.553608	-16.775612
60291		32.972394	-16.154199	-17.600389
60292		34.232468	-16.767693	-18.462271
60293		35.432304	-17.308761	-19.350351
60294		36.586360	-17.729280	-20.279167
60295		37.716643	-18.013945	-21.240782
60296		38.828335	-18.198897	-22.239041
60297		39.930730	-18.307675	-23.239666
60298		41.020810	-18.409855	-24.191122
60299		42.090440	-18.535236	-25.090577
60300		43.133935	-18.679240	-25.943513
60301		44.143102	-18.839779	-26.740047
60302		45.109800	-19.017247	-27.462562
60303		46.033504	-19.222701	-28.114142
60304		46.928870	-19.485331	-28.726462
60305		47.796564	-19.808490	-29.298385
60306		48.639341	-20.205492	-29.804222
60307		49.440714	-20.683571	-30.247121
60308		50.179551	-21.213739	-30.625019
60309		50.844137	-21.761124	-30.956588
60310		51.438060	-22.309565	-31.258635
60311		51.971763	-22.864860	-31.549655
60312		52.443492	-23.410258	-31.812819
60313		52.851663	-23.922696	-32.053265
60314		53.196178	-24.377577	-32.289511
60315		53.475650	-24.777027	-32.516567
60316		53.687630	-25.145129	-32.737216
60317		53.834437	-25.497175	-32.948201
60318		53.935149	-25.835981	-33.168541
60319		54.001821	-26.132940	-33.386796
60320		54.015388	-26.369846	-33.578049
60321		53.960095	-26.576737	-33.733566
60322		53.842605	-26.787197	-33.855183
60323		53.677827	-26.994777	-33.934362
60324		53.468456	-27.180625	-33.982967
60325		53.211527	-27.339037	-34.011847
60326		52.908941	-27.467623	-34.010829
60327		52.560318	-27.593313	-33.978952
60328		52.171348	-27.741662	-33.911031
60329		51.754501	-27.931586	-33.808743
60330		51.314835	-28.168994	-33.653318
60331		50.853356	-28.432828	-33.435578
60332		50.382615	-28.699806	-33.188232
60333		49.929698	-28.942952	-32.954913
60334		49.510013	-29.139251	-32.772777
60335		49.130608	-29.264818	-32.625892
60336		48.779132	-29.332081	-32.492562
60337		48.436369	-29.351136	-32.377182
60338		48.090265	-29.354157	-32.296414
60339		47.715730	-29.369129	-32.196318
60340		47.336861	-29.406905	-32.086267
60341		46.974886	-29.442523	-31.961658
60342		46.636725	-29.387783	-31.779178
60343		46.331272	-29.247484	-31.584288
60344		46.064341	-29.064673	-31.454949
60345		45.843232	-28.811305	-31.406694
60346		45.631849	-28.620537	-31.379054
60347		45.426704	-28.583801	-31.324988
60348		45.234387	-28.691099	-31.269292
60349		45.083589	-28.781466	-31.230464
60350		44.986089	-28.764581	-31.224167
60351		44.945297	-28.631409	-31.268436
60352		44.920618	-28.449762	-31.314386
60353		44.874300	-28.276804	-31.319954
60354		44.783449	-28.119796	-31.267057
60355		44.630713	-27.951122	-31.160454
60356		44.424950	-27.730378	-31.021201
60357		44.164893	-27.431996	-30.890027
60358		43.860854	-27.046796	-30.805033
60359		43.531670	-26.557605	-30.772210
60360		43.197312	-25.940661	-30.790409
60361		42.871831	-25.199291	-30.835093
60362		42.563839	-24.397301	-30.870920
60363		42.289451	-23.623868	-30.884573
60364		42.048601	-22.931862	-30.838504
60365		41.849385	-22.338505	-30.714978
60366		41.682625	-21.866314	-30.503837
60367		41.530220	-21.512932	-30.185617
60368		41.381890	-21.300061	-29.752484
60369		41.233930	-21.259556	-29.183408
60370		41.087112	-21.316518	-28.508052
60371		40.942269	-21.382604	-27.795399
60372		40.777447	-21.422660	-27.077645
60373		40.601748	-21.391729	-26.372927
60374		40.412229	-21.267123	-25.685183
60375		40.217345	-21.058343	-25.036816
60376		40.028726	-20.735287	-24.448813
60377		39.841913	-20.333710	-23.950229
60378		39.645090	-19.899950	-23.515864
60379		39.442686	-19.414028	-23.139282
60380		39.236677	-18.850872	-22.810814
60381		39.035834	-18.296033	-22.526255
60382		38.828510	-17.763230	-22.253728
60383		38.610085	-17.262041	-21.975412
60384		38.380352	-16.792352	-21.699016
60385		38.127285	-16.327437	-21.419177
60386		37.834731	-15.887753	-21.101453
60387		37.495116	-15.434872	-20.737455
60388		37.106590	-14.989793	-20.348998
60389		36.694192	-14.566132	-19.936344
60390		36.265898	-14.144319	-19.520390
60391		35.832707	-13.708338	-19.056507
60392		35.395622	-13.232420	-18.572232
60393		34.965273	-12.759118	-18.085898
60394		34.516237	-12.335940	-17.597280
60395		34.031105	-11.941649	-17.112701
60396		33.520314	-11.579920	-16.664429
60397		33.007323	-11.255804	-16.251993
60398		32.499895	-10.939308	-15.871958
60399		31.997522	-10.608542	-15.517934
60400		31.474330	-10.256432	-15.187381
60401		30.920044	-9.886188	-14.869362
60402		30.338168	-9.522589	-14.551089
60403		29.759506	-9.159445	-14.246205
60404		29.203004	-8.796488	-13.945524
60405		28.682120	-8.453139	-13.656356
60406		28.185294	-8.126958	-13.372063
60407		27.688434	-7.846369	-13.092721
60408		27.177653	-7.565157	-12.807486
60409		26.649121	-7.289173	-12.536597
60410		26.111869	-7.014483	-12.294397
60411		25.572935	-6.758314	-12.089453
60412		25.021883	-6.502824	-11.942518
60413		24.463315	-6.213480	-11.880058
60414		23.896936	-5.923283	-11.899033
60415		23.330617	-5.620305	-11.969422
60416		22.775135	-5.312462	-12.099569
60417		22.244201	-5.004966	-12.265026
60418		21.730655	-4.709304	-12.468882
60419		21.223377	-4.440051	-12.685740
60420		20.711407	-4.175510	-12.892024
60421		20.187056	-3.932530	-13.092568
60422		19.666211	-3.667601	-13.325584
60423		19.147128	-3.402445	-13.593782
60424		18.629607	-3.139040	-13.884407
60425		18.114284	-2.845869	-14.182067
60426		17.584318	-2.574922	-14.459158
60427		17.049200	-2.314645	-14.741349
60428		16.534468	-2.055834	-15.014781
60429		16.039947	-1.824696	-15.252709
60430		15.555071	-1.648753	-15.468124
60431		15.108674	-1.512059	-15.637222
60432		14.703165	-1.372298	-15.721702
60433		14.301590	-1.255249	-15.782787
60434		13.909245	-1.081862	-15.873596
60435		13.533024	-0.977870	-15.927831
60436		13.180676	-0.878601	-15.932093
60437		12.848755	-0.803873	-15.933228
60438		12.551307	-0.700247	-15.977718
60439		12.299064	-0.564027	-16.089395
60440		12.075166	-0.481674	-16.200730
60441		11.878425	-0.408573	-16.318159
60442		11.719697	-0.334074	-16.416106
60443		11.589067	-0.287886	-16.455918
60444		11.457143	-0.241982	-16.532881
60445		11.330236	-0.194385	-16.637226
60446		11.190517	-0.180813	-16.744505
60447		11.065707	-0.115956	-16.844144
60448		10.939210	-0.078496	-16.891822
60449		10.775074	-0.098336	-16.890953
60450		10.568312	-0.124855	-16.885702
60451		10.330654	-0.158234	-16.845378
60452		10.088085	-0.187657	-16.739381
60453		9.864831	-0.221303	-16.572794
60454		9.671755	-0.234492	-16.333257
60455		9.513546	-0.235809	-16.017024
60456		9.380594	-0.185078	-15.637354
60457		9.212892	-0.112733	-15.307562
60458		9.023176	-0.027017	-15.063325
60459		8.880899	0.093694	-14.782498
60460		8.761754	0.215952	-14.472955
60461		8.628971	0.322456	-14.196185
60462		8.482574	0.419030	-13.928641
60463		8.348152	0.467395	-13.671920
60464		8.257476	0.421641	-13.429470
60465		8.242702	0.377694	-13.226063
60466		8.272309	0.375507	-13.143587
60467		8.275896	0.367157	-13.235780
60468		8.235480	0.385575	-13.460134
60469		8.162368	0.453841	-13.727710
60470		8.046952	0.519917	-13.997231
60471		7.883544	0.546827	-14.267374
60472		7.699868	0.551785	-14.478543
60473		7.522034	0.574629	-14.618403
60474		7.357563	0.591622	-14.712739
60475		7.212300	0.593210	-14.754780
60476		7.085003	0.599142	-14.741758
60477		6.975014	0.609584	-14.676227
60478		6.878206	0.618105	-14.541746
60479		6.790003	0.622963	-14.366503
60480		6.704693	0.601486	-14.169707
60481		6.626332	0.578457	-13.961269
60482		6.555886	0.570438	-13.765343
60483		6.490192	0.552769	-13.588290
60484		6.426931	0.569803	-13.483072
60485		6.368141	0.600162	-13.442447
60486		6.320111	0.639690	-13.432966
60487		6.273223	0.631426	-13.430141
60488		6.220225	0.640663	-13.465634
60489		6.155216	0.661270	-13.550653
60490		6.076573	0.697181	-13.626526
60491		5.984116	0.744536	-13.659849
60492		5.870679	0.789681	-13.658265
60493		5.745252	0.822750	-13.621755
60494		5.617455	0.833045	-13.548086
60495		5.497802	0.828943	-13.452845
60496		5.383316	0.815009	-13.353149
60497		5.277241	0.820214	-13.261145
60498		5.178033	0.812395	-13.176528
60499		5.076493	0.776655	-13.107773
60500		4.984830	0.761408	-13.039990
60501		4.898709	0.747792	-12.975735
60502		4.818498	0.730235	-12.925536
60503		4.742556	0.730083	-12.911287
60504		4.679504	0.738148	-12.921269
60505		4.636498	0.747426	-12.925461
60506		4.615473	0.771412	-12.920080
60507		4.622887	0.791511	-12.902455
60508		4.649418	0.780451	-12.891437
60509		4.686627	0.751525	-12.901534
60510		4.730654	0.735274	-12.950171
60511		4.785411	0.728708	-13.007038
60512		4.844470	0.707097	-13.052564
60513		4.901193	0.661484	-13.083789
60514		4.954054	0.622534	-13.106144
60515		5.007658	0.597533	-13.122854
60516		5.060547	0.571546	-13.110968
60517		5.103042	0.546919	-13.083388
60518		5.133795	0.535646	-13.061354
60519		5.154579	0.533657	-13.041822
60520		5.168921	0.533295	-13.023076
60521		5.179878	0.527823	-12.999836
60522		5.190329	0.522966	-12.979826
60523		5.192847	0.509508	-12.974738
60524		5.192385	0.490002	-12.995180
60525		5.192424	0.466638	-13.042037
60526		5.193359	0.447310	-13.087760
60527		5.194157	0.437493	-13.135231
60528		5.194276	0.438336	-13.177439
60529		5.195776	0.429872	-13.205943
60530		5.195711	0.411955	-13.219648
60531		5.199495	0.395163	-13.232121
60532		5.197072	0.379945	-13.255689
60533		5.196672	0.367362	-13.283225
60534		5.198746	0.360577	-13.298548
60535		5.205970	0.348268	-13.287153
60536		5.217977	0.345623	-13.267100
60537		5.234308	0.341256	-13.238926
60538		5.248437	0.334264	-13.211269
60539		5.257293	0.310650	-13.215417
60540		5.267465	0.286381	-13.240151
60541		5.276941	0.273079	-13.259734
60542		5.284778	0.262972	-13.280306
60543		5.287289	0.249338	-13.306073
60544		5.289377	0.242339	-13.332946
60545		5.290286	0.229493	-13.359950
60546		5.292672	0.220859	-13.394918
60547		5.299410	0.215231	-13.425200
60548		5.310804	0.211958	-13.438421
60549		5.326892	0.209495	-13.424728
60550		5.340898	0.198726	-13.400911
60551		5.353564	0.187253	-13.376850
60552		5.365550	0.180549	-13.352874
60553		5.384606	0.178551	-13.320345
60554		5.402045	0.176840	-13.276095
60555		5.422130	0.177784	-13.237151
60556		5.436906	0.177460	-13.212731
60557		5.444756	0.169970	-13.194607
60558		5.452380	0.154173	-13.194242
60559		5.460632	0.136768	-13.214269
60560		5.467063	0.115346	-13.246183
60561		5.475079	0.098778	-13.289469
60562		5.481143	0.085862	-13.334418
60563		5.477720	0.082268	-13.372815
60564		5.471022	0.072509	-13.407127
60565		5.467440	0.055683	-13.423254
60566		5.466254	0.041236	-13.422718
60567		5.469936	0.022494	-13.410472
60568		5.473175	0.003406	-13.413511
60569		5.475459	-0.010474	-13.421231
60570		5.475057	-0.024673	-13.425317
60571		5.475704	-0.035239	-13.424421
60572		5.476530	-0.039898	-13.430983
60573		5.481686	-0.043357	-13.442168
60574		5.489157	-0.044761	-13.464266
60575		5.495378	-0.057945	-13.503445
60576		5.505436	-0.081749	-13.555343
60577		5.517709	-0.116619	-13.619122
60578		5.528882	-0.154330	-13.706676
60579		5.540233	-0.196084	-13.818657
60580		5.547725	-0.241993	-13.950004
60581		5.557286	-0.295392	-14.090636
60582		5.569628	-0.368033	-14.244334
60583		5.590991	-0.454161	-14.426471
60584		5.625395	-0.558875	-14.634722
60585		5.681980	-0.704339	-14.842053
60586		5.769983	-0.866817	-15.009434
60587		5.887978	-1.025436	-15.121814
60588		6.041104	-1.166220	-15.179093
60589		6.233426	-1.303527	-15.200813
60590		6.462212	-1.444976	-15.201560
60591		6.725922	-1.587888	-15.177331
60592		7.031873	-1.725458	-15.120152
60593		7.367091	-1.858059	-15.046393
60594		7.703432	-2.002941	-14.964945
60595		8.038802	-2.136125	-14.869016
60596		8.373709	-2.252778	-14.747096
60597		8.712587	-2.390482	-14.601461
60598		9.049295	-2.550818	-14.470165
60599		9.382572	-2.719916	-14.361545
60600		9.708184	-2.902802	-14.264675
60601		10.032120	-3.101059	-14.173342
60602		10.354196	-3.323073	-14.093558
60603		10.674773	-3.574442	-14.028772
60604		11.005889	-3.844806	-13.976633
60605		11.363859	-4.112316	-13.928669
60606		11.756577	-4.381081	-13.883307
60607		12.184883	-4.685419	-13.829296
60608		12.660386	-5.018783	-13.778232
60609		13.180439	-5.396721	-13.758399
60610		13.751575	-5.793371	-13.776886
60611		14.397056	-6.191032	-13.852518
60612		15.124385	-6.592387	-13.981672
60613		15.922291	-7.000864	-14.167397
60614		16.774994	-7.367924	-14.427501
60615		17.667080	-7.701457	-14.734900
60616		18.574703	-8.040765	-15.043922
60617		19.495753	-8.394589	-15.353520
60618		20.431494	-8.783678	-15.667155
60619		21.383537	-9.241239	-15.964797
60620		22.362945	-9.809459	-16.204640
60621		23.361688	-10.491634	-16.385946
60622		24.408273	-11.206885	-16.509282
60623		25.510573	-11.920442	-16.576204
60624		26.649036	-12.666450	-16.615437
60625		27.807997	-13.435577	-16.661373
60626		28.972524	-14.247377	-16.748607
60627		30.121970	-15.099798	-16.912833
60628		31.250678	-15.931999	-17.182119
60629		32.345969	-16.685486	-17.565529
60630		33.411111	-17.343636	-18.074603
60631		34.466626	-17.952201	-18.764467
60632		35.486714	-18.336010	-19.559678
60633		36.503014	-18.579435	-20.477722
60634		37.498914	-18.694511	-21.434075
60635		38.472840	-18.697568	-22.339958
60636		39.470501	-18.725513	-23.310050
60637		40.488855	-18.796821	-24.293613
60638		41.505217	-18.895482	-25.214660
60639		42.503692	-19.042761	-26.070111
60640		43.481378	-19.227422	-26.854593
60641		44.428664	-19.474211	-27.590686
60642		45.329882	-19.757024	-28.274977
60643		46.186999	-20.087830	-28.916191
60644		46.995992	-20.470805	-29.516709
60645		47.756879	-20.862888	-30.079909
60646		48.463403	-21.251309	-30.622015
60647		49.120396	-21.639407	-31.130147
60648		49.736917	-22.039471	-31.612820
60649		50.320904	-22.438214	-32.064027
60650		50.872738	-22.844236	-32.496143
60651		51.398288	-23.248215	-32.907275
60652		51.896733	-23.643640	-33.300295
60653		52.371398	-24.012246	-33.690758
60654		52.805598	-24.318781	-34.075103
60655		53.191919	-24.553796	-34.451369
60656		53.525789	-24.749763	-34.820234
60657		53.813485	-24.931622	-35.181337
60658		54.052905	-25.107521	-35.521791
60659		54.257573	-25.288870	-35.838443
60660		54.426593	-25.479914	-36.117371
60661		54.573627	-25.668197	-36.365402
60662		54.693315	-25.831622	-36.598805
60663		54.782563	-25.964702	-36.822759
60664		54.828174	-26.097936	-37.016802
60665		54.824923	-26.275400	-37.173816
60666		54.773326	-26.504148	-37.292771
60667		54.687303	-26.739154	-37.374390
60668		54.563365	-26.940225	-37.403847
60669		54.402811	-27.106812	-37.395300
60670		54.208260	-27.251026	-37.349751
60671		53.996117	-27.383979	-37.282639
60672		53.785670	-27.528523	-37.221233
60673		53.579741	-27.719510	-37.177998
60674		53.377625	-27.957497	-37.149488
60675		53.183361	-28.200625	-37.134557
60676		52.976189	-28.391296	-37.115040
60677		52.739071	-28.533737	-37.073393
60678		52.467732	-28.666424	-37.005562
60679		52.170799	-28.816990	-36.913311
60680		51.868249	-28.977351	-36.819875
60681		51.603873	-29.090093	-36.729916
60682		51.330034	-29.162372	-36.631170
60683		51.055978	-29.163636	-36.527093
60684		50.769261	-29.119303	-36.439112
60685		50.468757	-29.051148	-36.366808
60686		50.173234	-28.946313	-36.307274
60687		49.902031	-28.819197	-36.279422
60688		49.656082	-28.662020	-36.271178
60689		49.426555	-28.489253	-36.262987
60690		49.187855	-28.344884	-36.228623
60691		48.943437	-28.256786	-36.210258
60692		48.692547	-28.194960	-36.191792
60693		48.453196	-28.153894	-36.166676
60694		48.239570	-28.071527	-36.122620
60695		48.050218	-27.949152	-36.050114
60696		47.872912	-27.850927	-35.970739
60697		47.702927	-27.780698	-35.879742
60698		47.535077	-27.721037	-35.767909
60699		47.382782	-27.664239	-35.647853
60700		47.238410	-27.594778	-35.524357
60701		47.094884	-27.508669	-35.401813
60702		46.945514	-27.402456	-35.266700
60703		46.785231	-27.275943	-35.102931
60704		46.610589	-27.139376	-34.907717
60705		46.419105	-26.992141	-34.677904
60706		46.216814	-26.823577	-34.434397
60707		46.018964	-26.623875	-34.188950
60708		45.825433	-26.423945	-33.993266
60709		45.614952	-26.196069	-33.816786
60710		45.373931	-25.938617	-33.620968
60711		45.115847	-25.665240	-33.418125
60712		44.840344	-25.377404	-33.190528
60713		44.546183	-25.093482	-32.926710
60714		44.233552	-24.804956	-32.635787
60715		43.918342	-24.531185	-32.359042
60716		43.641007	-24.260534	-32.074076
60717		43.408416	-23.993700	-31.849139
60718		43.186774	-23.704043	-31.643567
60719		42.954212	-23.497461	-31.405249
60720		42.698786	-23.402257	-31.079988
60721		42.418165	-23.379933	-30.625891
60722		42.138430	-23.360008	-30.042337
60723		41.872569	-23.307507	-29.395592
60724		41.624166	-23.211445	-28.752961
60725		41.387066	-23.039402	-28.123602
60726		41.145675	-22.867597	-27.496251
60727		40.902540	-22.695200	-26.856011
60728		40.675829	-22.437472	-26.229016
60729		40.474969	-22.100501	-25.647515
60730		40.282465	-21.749543	-25.088019
60731		40.083598	-21.413265	-24.558449
60732		39.893947	-21.046829	-24.070125
60733		39.735013	-20.653349	-23.625152
60734		39.600833	-20.234182	-23.222867
60735		39.481686	-19.791991	-22.862315
60736		39.359486	-19.347967	-22.523412
60737		39.231171	-18.889054	-22.186295
60738		39.093360	-18.445763	-21.837621
60739		38.944405	-18.027486	-21.469719
60740		38.783438	-17.637368	-21.083077
60741		38.613380	-17.261580	-20.690332
60742		38.412556	-16.914482	-20.295175
60743		38.184434	-16.600050	-19.867981
60744		37.943662	-16.313604	-19.409944
60745		37.708656	-16.059773	-18.956858
60746		37.488125	-15.809104	-18.489783
60747		37.274869	-15.559235	-18.017189
60748		37.071148	-15.235022	-17.566994
60749		36.867688	-14.897909	-17.154329
60750		36.644090	-14.566052	-16.751759
60751		36.400562	-14.210740	-16.344329
60752		36.139848	-13.834722	-15.944541
60753		35.859076	-13.454064	-15.554132
60754		35.552369	-13.088655	-15.155988
60755		35.230198	-12.740012	-14.770022
60756		34.896163	-12.410603	-14.370063
60757		34.551529	-12.080853	-13.950286
60758		34.191654	-11.738282	-13.517448
60759		33.818711	-11.391632	-13.076715
60760		33.419438	-11.051508	-12.638768
60761		33.012246	-10.718271	-12.220683
60762		32.611338	-10.366683	-11.829122
60763		32.214948	-9.992996	-11.458020
60764		31.825281	-9.637807	-11.104186
60765		31.417887	-9.324513	-10.756018
60766		30.982214	-9.053647	-10.401822
60767		30.524555	-8.825348	-10.041131
60768		30.058962	-8.618277	-9.688427
60769		29.607663	-8.414452	-9.360079
60770		29.178612	-8.218313	-9.062836
60771		28.773144	-8.007386	-8.792475
60772		28.377394	-7.779813	-8.547595
60773		27.972902	-7.532991	-8.352975
60774		27.546477	-7.271843	-8.226171
60775		27.101917	-7.003377	-8.174291
60776		26.638719	-6.740829	-8.178508
60777		26.168932	-6.458529	-8.230661
60778		25.696291	-6.155246	-8.339278
60779		25.224342	-5.855869	-8.484146
60780		24.743136	-5.574415	-8.647863
60781		24.269162	-5.315327	-8.812940
60782		23.806240	-5.070376	-8.969027
60783		23.359325	-4.828250	-9.133662
60784		22.920467	-4.555425	-9.305188
60785		22.475330	-4.277131	-9.481213
60786		22.022380	-4.000251	-9.656545
60787		21.579855	-3.749286	-9.814100
60788		21.138018	-3.525146	-9.962419
60789		20.697630	-3.325547	-10.120782
60790		20.269823	-3.072731	-10.282687
60791		19.850099	-2.824405	-10.437456
60792		19.422003	-2.625897	-10.581416
60793		18.978907	-2.434975	-10.707488
60794		18.528118	-2.261370	-10.829095
60795		18.085532	-2.065351	-10.939028
60796		17.658569	-1.882705	-11.060295
60797		17.244246	-1.711858	-11.201071
60798		16.827842	-1.561872	-11.381795
60799		16.410153	-1.423709	-11.578929
60800		16.008933	-1.277694	-11.805237
60801		15.612450	-1.142547	-12.068473
60802		15.212972	-1.011158	-12.366723
60803		14.815187	-0.883025	-12.682363
60804		14.410171	-0.790038	-12.982997
60805		14.019195	-0.751790	-13.236539
60806		13.646076	-0.725435	-13.466296
60807		13.297976	-0.719876	-13.686220
60808		12.978785	-0.698563	-13.882884
60809		12.672730	-0.671065	-14.086275
60810		12.373571	-0.663447	-14.264275
60811		12.067675	-0.695228	-14.378326
60812		11.744426	-0.700786	-14.499198
60813		11.409174	-0.704508	-14.643740
60814		11.076054	-0.704646	-14.754806
60815		10.727075	-0.684758	-14.861192
60816		10.362614	-0.596214	-15.002831
60817		10.007925	-0.493334	-15.103748
60818		9.667738	-0.379394	-15.127685
60819		9.334717	-0.272101	-15.096943
60820		8.991326	-0.159433	-14.995915
60821		8.599631	-0.070979	-14.843983
60822		8.159386	-0.011767	-14.731272
60823		7.746132	0.070030	-14.675260
60824		7.396983	0.149242	-14.591766
60825		7.088325	0.211462	-14.487034
60826		6.776234	0.267321	-14.450643
60827		6.446562	0.345320	-14.515532
60828		6.122744	0.439944	-14.644865
60829		5.815047	0.520731	-14.778038
60830		5.532689	0.577466	-14.900730
60831		5.267884	0.628454	-15.027044
60832		5.014876	0.702381	-15.150690
60833		4.775186	0.777761	-15.296722
60834		4.557175	0.814237	-15.416461
60835		4.374312	0.857036	-15.482900
60836		4.205311	0.890372	-15.506825
60837		4.043779	0.928284	-15.460257
60838		3.911222	0.980946	-15.298225
60839		3.825329	1.052172	-14.996346
60840		3.778663	1.107290	-14.568285
60841		3.740226	1.134617	-14.146146
60842		3.692504	1.174720	-13.828586
60843		3.644485	1.266814	-13.622916
60844		3.594990	1.367089	-13.466286
60845		3.534553	1.448285	-13.319333
60846		3.459362	1.534261	-13.196163
60847		3.370197	1.600606	-13.042304
60848		3.279297	1.623326	-12.825642
60849		3.205218	1.612343	-12.543596
60850		3.137700	1.597412	-12.273809
60851		3.063240	1.595682	-12.045018
60852		2.980669	1.609847	-11.932771
60853		2.896483	1.626284	-11.905769
60854		2.814839	1.644780	-11.904511
60855		2.733161	1.673349	-11.925148
60856		2.651902	1.697342	-11.950789
60857		2.573110	1.712577	-11.964865
60858		2.485209	1.731722	-11.998000
60859		2.388711	1.769166	-12.064041
60860		2.292557	1.827606	-12.121258
60861		2.217595	1.898290	-12.123930
60862		2.160511	1.953720	-12.056656
60863		2.112832	1.994596	-11.941925
60864		2.054462	2.026748	-11.828913
60865		1.981365	2.056166	-11.750009
60866		1.907120	2.087566	-11.686832
60867		1.838356	2.103815	-11.603982
60868		1.773642	2.102178	-11.502613
60869		1.712804	2.080552	-11.404920
60870		1.665655	2.059784	-11.295883
60871		1.632246	2.046627	-11.175622
60872		1.608182	2.055837	-11.107662
60873		1.580629	2.043468	-11.084180
60874		1.548111	2.036657	-11.086331
60875		1.517319	2.041880	-11.114882
60876		1.494441	2.048144	-11.158607
60877		1.485101	2.054304	-11.198632
60878		1.474738	2.045650	-11.241431
60879		1.455149	2.009640	-11.294102
60880		1.430447	1.940647	-11.341054
60881		1.410271	1.860583	-11.342522
60882		1.387770	1.757704	-11.320550
60883		1.367297	1.654833	-11.311069
60884		1.351889	1.574823	-11.312964
60885		1.357334	1.539635	-11.302688
60886		1.369026	1.518597	-11.280991
60887		1.383332	1.508206	-11.265555
60888		1.396381	1.507773	-11.271202
60889		1.407951	1.506850	-11.279848
60890		1.416401	1.495369	-11.276412
60891		1.415078	1.472795	-11.267867
60892		1.401905	1.444281	-11.261981
60893		1.378631	1.405150	-11.251678
60894		1.345930	1.363117	-11.248096
60895		1.310517	1.321813	-11.250808
60896		1.272802	1.281027	-11.262977
60897		1.236921	1.240638	-11.285095
60898		1.202886	1.210881	-11.309437
60899		1.170221	1.195002	-11.338581
60900		1.139284	1.178043	-11.353509
60901		1.114349	1.158399	-11.347992
60902		1.090887	1.144256	-11.331427
60903		1.064146	1.140730	-11.323043
60904		1.036205	1.139442	-11.326542
60905		1.009845	1.136919	-11.342233
60906		0.987012	1.127115	-11.357520
60907		0.972280	1.120337	-11.355648
60908		0.960220	1.117931	-11.347174
60909		0.949826	1.113473	-11.343665
60910		0.934813	1.115764	-11.360260
60911		0.916359	1.115481	-11.392099
60912		0.898337	1.110220	-11.421068
60913		0.880441	1.102623	-11.438008
60914		0.864921	1.099824	-11.449052
60915		0.854518	1.100088	-11.456780
60916		0.848004	1.101027	-11.475373
60917		0.840349	1.101404	-11.507278
60918		0.832616	1.092330	-11.552780
60919		0.825990	1.078365	-11.596164
60920		0.821875	1.068364	-11.626417
60921		0.825103	1.067438	-11.637381
60922		0.834951	1.078635	-11.637276
60923		0.849737	1.096298	-11.628052
60924		0.870356	1.117775	-11.602159
60925		0.894804	1.139482	-11.564514
60926		0.921545	1.164167	-11.515452
60927		0.946251	1.189035	-11.452027
60928		0.961812	1.207118	-11.390105
60929		0.974461	1.221014	-11.342521
60930		0.986768	1.228819	-11.307206
60931		1.002610	1.226351	-11.287720
60932		1.017276	1.221012	-11.288155
60933		1.026518	1.215671	-11.319540
60934		1.031653	1.215338	-11.374614
60935		1.038492	1.220402	-11.428359
60936		1.046043	1.230519	-11.463197
60937		1.055299	1.243087	-11.472934
60938		1.064893	1.255848	-11.461484
60939		1.073262	1.268902	-11.440296
60940		1.079243	1.287883	-11.421261
60941		1.080755	1.301434	-11.396826
60942		1.082269	1.314388	-11.360625
60943		1.084985	1.325895	-11.307596
60944		1.092294	1.334114	-11.240300
60945		1.103458	1.346818	-11.176217
60946		1.108367	1.360667	-11.142504
60947		1.115138	1.371270	-11.136116
60948		1.119666	1.374578	-11.134513
60949		1.124799	1.369780	-11.130778
60950		1.126986	1.369712	-11.132137
60951		1.129090	1.378118	-11.139610
60952		1.132552	1.391271	-11.148756
60953		1.135007	1.401848	-11.168271
60954		1.136873	1.410420	-11.193780
60955		1.134532	1.414163	-11.223687
60956		1.132496	1.416567	-11.255971
60957		1.126687	1.419401	-11.283391
60958		1.120791	1.420196	-11.300090
60959		1.114783	1.420372	-11.296718
60960		1.108906	1.421340	-11.276143
60961		1.103883	1.425277	-11.247849
60962		1.095451	1.431956	-11.220301
60963		1.091762	1.434492	-11.203477
60964		1.088090	1.433722	-11.202724
60965		1.087178	1.428468	-11.212399
60966		1.086157	1.426243	-11.233627
60967		1.088053	1.427647	-11.258409
60968		1.095209	1.428893	-11.279224
60969		1.105536	1.434336	-11.290906
60970		1.114937	1.438387	-11.294549
60971		1.123303	1.445487	-11.296672
60972		1.132314	1.451601	-11.307703
60973		1.141116	1.450750	-11.325737
60974		1.151956	1.444797	-11.343596
60975		1.165950	1.436418	-11.353690
60976		1.180481	1.431607	-11.354736
60977		1.195945	1.433437	-11.344407
60978		1.210228	1.440223	-11.325904
60979		1.222709	1.448688	-11.305560
60980		1.231653	1.457513	-11.288712
60981		1.239018	1.464805	-11.279163
60982		1.244454	1.465834	-11.272646
60983		1.251581	1.464187	-11.267170
60984		1.257388	1.465326	-11.259533
60985		1.263403	1.468482	-11.250337
60986		1.270267	1.476295	-11.233690
60987		1.278590	1.488342	-11.209697
60988		1.281336	1.500051	-11.192587
60989		1.285150	1.505178	-11.189309
60990		1.286442	1.505651	-11.189990
60991		1.288849	1.504321	-11.185340
60992		1.290709	1.502087	-11.174631
60993		1.292761	1.504417	-11.157120
60994		1.294628	1.508279	-11.134187
60995		1.293434	1.514890	-11.109401
60996		1.295475	1.518985	-11.089671
60997		1.294471	1.519077	-11.084269
60998		1.292370	1.516819	-11.090676
60999		1.290770	1.514710	-11.100233
61000		1.289950	1.513730	-11.109276
61001		1.289637	1.514133	-11.116231
61002		1.289553	1.512904	-11.118936
61003		1.289146	1.513107	-11.122626
61004		1.287092	1.509354	-11.126637
61005		1.284997	1.505581	-11.142904
61006		1.282822	1.504389	-11.164218
61007		1.280219	1.499660	-11.186682
61008		1.275522	1.494236	-11.204709
61009		1.270220	1.492609	-11.215232
61010		1.266901	1.486900	-11.217979
61011		1.268955	1.482304	-11.213326
61012		1.273336	1.474899	-11.205805
61013		1.281984	1.467445	-11.207143
61014		1.288701	1.461320	-11.220715
61015		1.295442	1.455748	-11.238274
61016		1.302339	1.450141	-11.253905
61017		1.309438	1.442993	-11.260276
61018		1.313978	1.439355	-11.256923
61019		1.319270	1.437385	-11.246692
61020		1.322238	1.439387	-11.233177
61021		1.324851	1.438064	-11.224054
61022		1.324120	1.438143	-11.224520
61023		1.322587	1.438689	-11.224285
61024		1.318524	1.437794	-11.217891
61025		1.316297	1.438009	-11.205297
61026		1.313475	1.441179	-11.180460
61027		1.308716	1.446630	-11.149907
61028		1.303224	1.452677	-11.124522
61029		1.296368	1.453750	-11.104499
61030		1.290283	1.449227	-11.085471
61031		1.284628	1.445003	-11.072958
61032		1.277432	1.440354	-11.068473
61033		1.271879	1.435310	-11.071251
61034		1.267841	1.429171	-11.076445
61035		1.262101	1.422694	-11.084721
61036		1.262362	1.416827	-11.097610
61037		1.262955	1.405141	-11.114634
61038		1.263290	1.393435	-11.131816
61039		1.265471	1.385185	-11.144513
61040		1.268951	1.378924	-11.146192
61041		1.272164	1.377331	-11.135164
61042		1.269509	1.381329	-11.123421
61043		1.261325	1.386864	-11.115642
61044		1.249642	1.387561	-11.111707
61045		1.241034	1.380932	-11.103558
61046		1.232568	1.373476	-11.083751
61047		1.228831	1.369676	-11.056747
61048		1.227041	1.368506	-11.023962
61049		1.229242	1.371123	-10.990462
61050		1.229540	1.372387	-10.956408
61051		1.233727	1.371971	-10.933503
61052		1.233439	1.371534	-10.925327
61053		1.234855	1.365481	-10.935131
61054		1.236748	1.360634	-10.956710
61055		1.240012	1.355286	-10.982279
61056		1.242411	1.347863	-11.004608
61057		1.245493	1.340687	-11.024679
61058		1.250809	1.339194	-11.043611
61059		1.254009	1.337694	-11.055100
61060		1.259086	1.333338	-11.072662
61061		1.262807	1.324484	-11.091856
61062		1.265050	1.316902	-11.106478
61063		1.267200	1.310083	-11.118157
61064		1.268630	1.304321	-11.126779
61065		1.266981	1.297788	-11.136150
61066		1.265918	1.295176	-11.144160
61067		1.269685	1.296947	-11.151173
61068		1.267885	1.298676	-11.161428
61069		1.267807	1.296691	-11.176954
61070		1.269179	1.292924	-11.188583
61071		1.274227	1.291329	-11.193839
61072		1.280347	1.291438	-11.193629
61073		1.287570	1.288546	-11.192469
61074		1.295069	1.284660	-11.194450
61075		1.302597	1.281987	-11.192080
61076		1.316595	1.275771	-11.185133
61077		1.331545	1.270690	-11.181888
61078		1.347024	1.267092	-11.183243
61079		1.364482	1.265804	-11.183548
61080		1.381808	1.263662	-11.181022
61081		1.399153	1.262865	-11.177550
61082		1.417638	1.262465	-11.177444
61083		1.437664	1.260736	-11.184390
61084		1.455438	1.256978	-11.195714
61085		1.477539	1.253457	-11.204502
61086		1.502068	1.250020	-11.216113
61087		1.525130	1.243625	-11.223854
61088		1.548959	1.236475	-11.221009
61089		1.573113	1.232131	-11.219615
61090		1.595000	1.229516	-11.220937
61091		1.616113	1.222574	-11.220660
61092		1.635899	1.213636	-11.222780
61093		1.652197	1.206565	-11.231562
61094		1.665581	1.200962	-11.245258
61095		1.675936	1.194086	-11.259171
61096		1.684508	1.187899	-11.266501
61097		1.690412	1.183929	-11.266934
61098		1.694431	1.186341	-11.264612
61099		1.695741	1.188332	-11.257227
61100		1.696103	1.188065	-11.246753
61101		1.690486	1.186801	-11.235422
61102		1.686329	1.182565	-11.224497
61103		1.682993	1.178790	-11.211058
61104		1.679980	1.173008	-11.193667
61105		1.677748	1.169856	-11.172123
61106		1.678577	1.173468	-11.146370
61107		1.679955	1.175449	-11.119736
61108		1.686258	1.173704	-11.098222
61109		1.690241	1.172443	-11.080306
61110		1.696523	1.171377	-11.069473
61111		1.701448	1.170997	-11.070434
61112		1.704733	1.170169	-11.077095
61113		1.708064	1.166391	-11.082406
61114		1.710079	1.166751	-11.084401
61115		1.716806	1.160366	-11.080022
61116		1.723809	1.154853	-11.069520
61117		1.732723	1.152988	-11.057851
61118		1.744728	1.152509	-11.045687
61119		1.756611	1.150181	-11.031718
61120		1.769888	1.147645	-11.020602
61121		1.782880	1.147110	-11.009005
61122		1.797631	1.148302	-11.001145
61123		1.809631	1.144790	-10.991479
61124		1.824881	1.139090	-10.983245
61125		1.840912	1.131751	-10.974028
61126		1.859520	1.129277	-10.959666
61127		1.880469	1.129517	-10.942728
61128		1.902037	1.128730	-10.928129
61129		1.924308	1.131940	-10.919559
61130		1.944809	1.130897	-10.916880
61131		1.962563	1.126973	-10.918090
61132		1.982370	1.122295	-10.916981
61133		1.999600	1.117682	-10.912885
61134		2.016922	1.113797	-10.903655
61135		2.034227	1.108901	-10.891830
61136		2.051037	1.106733	-10.883325
61137		2.065050	1.107540	-10.882351
61138		2.079997	1.102709	-10.882239
61139		2.091662	1.102996	-10.882181
61140		2.101880	1.101895	-10.880513
61141		2.106972	1.102891	-10.875956
61142		2.114111	1.104042	-10.867450
61143		2.118145	1.104343	-10.851754
61144		2.120676	1.107085	-10.835023
61145		2.120788	1.112161	-10.821601
61146		2.117504	1.115192	-10.814324
61147		2.113610	1.115268	-10.814960
61148		2.106429	1.115109	-10.822930
61149		2.100875	1.110701	-10.836707
61150		2.094999	1.104493	-10.852972
61151		2.092726	1.098407	-10.864287
61152		2.093280	1.094664	-10.871061
61153		2.095547	1.093575	-10.874149
61154		2.101640	1.094911	-10.873038
61155		2.107755	1.096058	-10.868629
61156		2.115494	1.092843	-10.861057
61157		2.121959	1.089284	-10.859096
61158		2.128638	1.085122	-10.856572
61159		2.135410	1.081065	-10.853923
61160		2.136535	1.081245	-10.855707
61161		2.133551	1.085279	-10.861602
61162		2.123748	1.086392	-10.870332
61163		2.118539	1.084704	-10.873075
61164		2.109657	1.084182	-10.871684
