// General information: 
//  MT Manager version: 2021.4.0 
//  XDA version: 2021.4.0 build 6323 rev 112641 built on 2021-09-28
// Device information: 
//  DeviceId: 00B43859
//  ProductCode: MTW2-3A7G6
//  Firmware Version: 4.3.4
//  Hardware Version: 1.1.0
// Device settings: 
//  Filter Profile: human(46.1)
//  Option Flags: Orientation Smoother Disabled, Position/Velocity Smoother Disabled, Continuous Zero Rotation Update Disabled, AHS Disabled, ICC Disabled
// Coordinate system: ENU
PacketCounter	SampleTimeFine	Roll	Pitch	Yaw
59226		-1.262150	-0.206607	-2.627096
59227		-1.255946	-0.207463	-2.576718
59228		-1.248194	-0.203595	-2.531868
59229		-1.243843	-0.195785	-2.488843
59230		-1.242432	-0.191343	-2.440675
59231		-1.240698	-0.183828	-2.384440
59232		-1.243852	-0.176364	-2.317104
59233		-1.249881	-0.166474	-2.244982
59234		-1.253237	-0.151520	-2.171179
59235		-1.264789	-0.141315	-2.103928
59236		-1.276545	-0.127414	-2.043689
59237		-1.291727	-0.111756	-1.989527
59238		-1.307808	-0.094326	-1.938295
59239		-1.324076	-0.073225	-1.893143
59240		-1.340239	-0.049958	-1.843686
59241		-1.355860	-0.024329	-1.780821
59242		-1.368742	0.002726	-1.699362
59243		-1.380016	0.031000	-1.600530
59244		-1.390106	0.063020	-1.489148
59245		-1.399158	0.091776	-1.378213
59246		-1.411020	0.123616	-1.274387
59247		-1.423802	0.155233	-1.182620
59248		-1.437101	0.188466	-1.103431
59249		-1.450825	0.220503	-1.040235
59250		-1.469319	0.251158	-0.991132
59251		-1.484389	0.280868	-0.951519
59252		-1.502069	0.311154	-0.926332
59253		-1.521595	0.337036	-0.908161
59254		-1.540035	0.358809	-0.890528
59255		-1.555025	0.385774	-0.877547
59256		-1.565493	0.413172	-0.854467
59257		-1.576736	0.438307	-0.834249
59258		-1.585443	0.462865	-0.816767
59259		-1.591370	0.484562	-0.804591
59260		-1.597405	0.504016	-0.807033
59261		-1.601735	0.516101	-0.812214
59262		-1.597506	0.531102	-0.828357
59263		-1.589891	0.545645	-0.853474
59264		-1.581499	0.554472	-0.893605
59265		-1.572921	0.562115	-0.946083
59266		-1.563267	0.564467	-1.000474
59267		-1.551910	0.564678	-1.055101
59268		-1.535138	0.564781	-1.111059
59269		-1.520182	0.564462	-1.168216
59270		-1.506823	0.560557	-1.223514
59271		-1.487726	0.551908	-1.254911
59272		-1.465900	0.542518	-1.276841
59273		-1.445285	0.531227	-1.304226
59274		-1.422310	0.520638	-1.338217
59275		-1.400708	0.512310	-1.393839
59276		-1.382389	0.503839	-1.457208
59277		-1.357933	0.495386	-1.491500
59278		-1.336380	0.487372	-1.491547
59279		-1.317443	0.478733	-1.469358
59280		-1.298197	0.474239	-1.426921
59281		-1.281782	0.473372	-1.389466
59282		-1.268199	0.469686	-1.367480
59283		-1.258607	0.469929	-1.356563
59284		-1.249784	0.476277	-1.350561
59285		-1.240765	0.482558	-1.338203
59286		-1.232686	0.490493	-1.311600
59287		-1.222730	0.502846	-1.267170
59288		-1.212836	0.516835	-1.198565
59289		-1.201063	0.533036	-1.105218
59290		-1.194727	0.551037	-1.002290
59291		-1.186864	0.568220	-0.898378
59292		-1.180626	0.591092	-0.795168
59293		-1.178362	0.612674	-0.706105
59294		-1.178787	0.633145	-0.639559
59295		-1.182128	0.653274	-0.595013
59296		-1.188452	0.670139	-0.572080
59297		-1.196460	0.684057	-0.573440
59298		-1.209241	0.698790	-0.594126
59299		-1.217354	0.711553	-0.618739
59300		-1.224550	0.729495	-0.640386
59301		-1.228705	0.742563	-0.658576
59302		-1.234506	0.753311	-0.673306
59303		-1.237076	0.761947	-0.684577
59304		-1.237500	0.774919	-0.702947
59305		-1.241536	0.782709	-0.739201
59306		-1.244738	0.789942	-0.781854
59307		-1.242160	0.799149	-0.826907
59308		-1.242234	0.803235	-0.873335
59309		-1.238642	0.804974	-0.919601
59310		-1.233219	0.804962	-0.968611
59311		-1.227864	0.802180	-1.028510
59312		-1.221441	0.799268	-1.092941
59313		-1.213861	0.791727	-1.154000
59314		-1.202919	0.779626	-1.203359
59315		-1.191217	0.767233	-1.244498
59316		-1.185778	0.750912	-1.284050
59317		-1.180430	0.733559	-1.326366
59318		-1.175525	0.717508	-1.374286
59319		-1.173104	0.697001	-1.422591
59320		-1.171561	0.676468	-1.465092
59321		-1.163070	0.656585	-1.483795
59322		-1.151222	0.641965	-1.490909
59323		-1.140728	0.630362	-1.484345
59324		-1.134252	0.615570	-1.473212
59325		-1.125666	0.600626	-1.461351
59326		-1.116594	0.592701	-1.440243
59327		-1.113212	0.584978	-1.413027
59328		-1.110693	0.577629	-1.368436
59329		-1.103974	0.573286	-1.284318
59330		-1.096155	0.570042	-1.187386
59331		-1.088082	0.565508	-1.096802
59332		-1.087978	0.559414	-1.032433
59333		-1.091312	0.556053	-0.982500
59334		-1.097164	0.554927	-0.948382
59335		-1.103558	0.552992	-0.918533
59336		-1.114882	0.547426	-0.895686
59337		-1.127524	0.540991	-0.875906
59338		-1.140230	0.536424	-0.853875
59339		-1.153837	0.532340	-0.830398
59340		-1.165640	0.530546	-0.814759
59341		-1.177564	0.527105	-0.791618
59342		-1.189312	0.518493	-0.770625
59343		-1.198369	0.510375	-0.749850
59344		-1.205433	0.507464	-0.720641
59345		-1.216352	0.500572	-0.697670
59346		-1.225011	0.498015	-0.681566
59347		-1.232079	0.494267	-0.674389
59348		-1.240853	0.491551	-0.685400
59349		-1.251206	0.488666	-0.705144
59350		-1.261509	0.488072	-0.731498
59351		-1.272377	0.484369	-0.755419
59352		-1.280434	0.483492	-0.775089
59353		-1.288964	0.482860	-0.791843
59354		-1.296875	0.482987	-0.809035
59355		-1.309070	0.481306	-0.826584
59356		-1.318608	0.481347	-0.847534
59357		-1.331119	0.482656	-0.877760
59358		-1.343992	0.484077	-0.909758
59359		-1.358196	0.487021	-0.946711
59360		-1.375529	0.485180	-0.992711
59361		-1.394955	0.481236	-1.043415
59362		-1.415052	0.476543	-1.104526
59363		-1.439688	0.469105	-1.179580
59364		-1.465787	0.461467	-1.263289
59365		-1.489360	0.456800	-1.344554
59366		-1.513470	0.450288	-1.421575
59367		-1.540175	0.439210	-1.499681
59368		-1.563569	0.426643	-1.578254
59369		-1.583465	0.416957	-1.654202
59370		-1.607129	0.406910	-1.736460
59371		-1.634120	0.387729	-1.826475
59372		-1.662595	0.367297	-1.916833
59373		-1.693171	0.348246	-2.006413
59374		-1.722263	0.329462	-2.098566
59375		-1.749784	0.318749	-2.195759
59376		-1.774953	0.310515	-2.297826
59377		-1.799430	0.296396	-2.407209
59378		-1.821733	0.275933	-2.527737
59379		-1.834942	0.253391	-2.650409
59380		-1.841934	0.234957	-2.774802
59381		-1.841132	0.211899	-2.903186
59382		-1.835813	0.188939	-3.033637
59383		-1.822185	0.165623	-3.163222
59384		-1.803236	0.137375	-3.293931
59385		-1.776562	0.107011	-3.419292
59386		-1.739810	0.075923	-3.538110
59387		-1.702259	0.047089	-3.655614
59388		-1.661564	0.011790	-3.767062
59389		-1.605536	-0.019607	-3.848172
59390		-1.539313	-0.048439	-3.901422
59391		-1.468558	-0.080848	-3.947127
59392		-1.390558	-0.108579	-3.986038
59393		-1.301659	-0.140233	-4.020695
59394		-1.214787	-0.178441	-4.102777
59395		-1.131077	-0.216089	-4.267815
59396		-1.044735	-0.256328	-4.503195
59397		-0.954943	-0.299051	-4.756841
59398		-0.870988	-0.344802	-5.002169
59399		-0.790170	-0.389995	-5.214508
59400		-0.708204	-0.426192	-5.354687
59401		-0.628893	-0.448630	-5.424597
59402		-0.562654	-0.471954	-5.440197
59403		-0.516801	-0.500192	-5.424665
59404		-0.479166	-0.524189	-5.400140
59405		-0.454879	-0.541082	-5.361715
59406		-0.443007	-0.554586	-5.326394
59407		-0.446486	-0.565841	-5.289874
59408		-0.453957	-0.579119	-5.230422
59409		-0.467058	-0.595311	-5.154614
59410		-0.485523	-0.605014	-5.066538
59411		-0.512072	-0.615053	-4.987969
59412		-0.547435	-0.622485	-4.925611
59413		-0.586854	-0.625941	-4.874877
59414		-0.631291	-0.630079	-4.828098
59415		-0.679935	-0.632133	-4.770534
59416		-0.725205	-0.629654	-4.679088
59417		-0.769303	-0.625046	-4.539417
59418		-0.811391	-0.616657	-4.359294
59419		-0.848992	-0.604831	-4.148528
59420		-0.885058	-0.590749	-3.914190
59421		-0.917221	-0.580699	-3.672589
59422		-0.947735	-0.569603	-3.442823
59423		-0.977390	-0.554722	-3.227099
59424		-1.007091	-0.538941	-3.026926
59425		-1.040242	-0.524729	-2.841401
59426		-1.073641	-0.517656	-2.657683
59427		-1.108827	-0.511013	-2.493091
59428		-1.146597	-0.506708	-2.340123
59429		-1.190969	-0.503922	-2.207241
59430		-1.234002	-0.502082	-2.087856
59431		-1.278213	-0.499734	-1.986080
59432		-1.325493	-0.501764	-1.912325
59433		-1.373078	-0.506717	-1.862549
59434		-1.418435	-0.512295	-1.830116
59435		-1.460411	-0.516602	-1.803255
59436		-1.506154	-0.526257	-1.786467
59437		-1.543385	-0.542374	-1.759669
59438		-1.578195	-0.559401	-1.737782
59439		-1.607437	-0.575968	-1.721523
59440		-1.632594	-0.587815	-1.706760
59441		-1.655009	-0.599683	-1.703785
59442		-1.678132	-0.611070	-1.709927
59443		-1.695262	-0.622868	-1.720917
59444		-1.712659	-0.636713	-1.726213
59445		-1.727803	-0.649198	-1.732556
59446		-1.746358	-0.660627	-1.751421
59447		-1.757189	-0.672451	-1.765110
59448		-1.762883	-0.683002	-1.791477
59449		-1.765274	-0.695035	-1.829445
59450		-1.770831	-0.711709	-1.889145
59451		-1.774504	-0.727222	-1.964420
59452		-1.775177	-0.746763	-2.052548
59453		-1.768617	-0.763501	-2.127531
59454		-1.758154	-0.780974	-2.203647
59455		-1.745554	-0.796325	-2.275353
59456		-1.729944	-0.809808	-2.325052
59457		-1.711276	-0.818028	-2.352429
59458		-1.690664	-0.817744	-2.350878
59459		-1.671669	-0.817557	-2.342202
59460		-1.656579	-0.815075	-2.328990
59461		-1.645265	-0.811266	-2.318881
59462		-1.640561	-0.805619	-2.321548
59463		-1.639691	-0.802983	-2.330299
59464		-1.639923	-0.797486	-2.345730
59465		-1.646200	-0.788135	-2.366986
59466		-1.653644	-0.779182	-2.401733
59467		-1.664735	-0.775590	-2.440231
59468		-1.675259	-0.767987	-2.478919
59469		-1.686784	-0.758610	-2.514519
59470		-1.696712	-0.745955	-2.539655
59471		-1.705618	-0.732798	-2.557674
59472		-1.711400	-0.719002	-2.561215
59473		-1.716170	-0.704685	-2.557641
59474		-1.715756	-0.688769	-2.542707
59475		-1.711535	-0.673992	-2.524683
59476		-1.706306	-0.659904	-2.513334
59477		-1.698712	-0.647065	-2.513752
59478		-1.691211	-0.637608	-2.520999
59479		-1.678342	-0.624161	-2.517499
59480		-1.663099	-0.611344	-2.494841
59481		-1.649550	-0.599067	-2.460684
59482		-1.633058	-0.586584	-2.414193
59483		-1.617346	-0.575738	-2.358723
59484		-1.598173	-0.568192	-2.311984
59485		-1.580548	-0.566140	-2.279587
59486		-1.563595	-0.572023	-2.260520
59487		-1.546698	-0.581528	-2.266063
59488		-1.529657	-0.594400	-2.294069
59489		-1.512665	-0.610932	-2.335662
59490		-1.491341	-0.627407	-2.374228
59491		-1.470436	-0.643533	-2.409476
59492		-1.448562	-0.662500	-2.444388
59493		-1.424600	-0.679354	-2.474779
59494		-1.400153	-0.698744	-2.501363
59495		-1.375042	-0.720130	-2.528424
59496		-1.350084	-0.740906	-2.554988
59497		-1.325119	-0.762178	-2.577289
59498		-1.301006	-0.783647	-2.587373
59499		-1.281577	-0.804536	-2.584007
59500		-1.262832	-0.832824	-2.576070
59501		-1.249821	-0.855234	-2.579575
59502		-1.239822	-0.877855	-2.601782
59503		-1.232263	-0.900392	-2.639009
59504		-1.229715	-0.921326	-2.691927
59505		-1.231867	-0.941973	-2.755691
59506		-1.235089	-0.962395	-2.825907
59507		-1.240587	-0.981292	-2.901663
59508		-1.243442	-1.004977	-2.983540
59509		-1.248465	-1.026425	-3.081239
59510		-1.251463	-1.053234	-3.190697
59511		-1.250137	-1.074768	-3.299569
59512		-1.246159	-1.096234	-3.404537
59513		-1.241358	-1.115446	-3.500426
59514		-1.236638	-1.130847	-3.588951
59515		-1.229579	-1.143186	-3.675188
59516		-1.224327	-1.157906	-3.753487
59517		-1.212902	-1.168187	-3.820206
59518		-1.201315	-1.176548	-3.881616
59519		-1.190311	-1.182781	-3.942493
59520		-1.179968	-1.185857	-3.987323
59521		-1.166465	-1.186412	-4.025116
59522		-1.152869	-1.185124	-4.057722
59523		-1.139503	-1.183634	-4.085261
59524		-1.124376	-1.182197	-4.113974
59525		-1.109995	-1.177835	-4.147753
59526		-1.092752	-1.174024	-4.189500
59527		-1.077195	-1.172690	-4.236046
59528		-1.060716	-1.173646	-4.281624
59529		-1.042760	-1.172609	-4.326246
59530		-1.021408	-1.172279	-4.362547
59531		-0.997805	-1.168786	-4.396357
59532		-0.969320	-1.168321	-4.430596
59533		-0.937757	-1.169789	-4.469303
59534		-0.902257	-1.172024	-4.509381
59535		-0.865660	-1.171187	-4.555516
59536		-0.832776	-1.172604	-4.605314
59537		-0.799765	-1.170090	-4.652367
59538		-0.765343	-1.165279	-4.683394
59539		-0.731678	-1.151404	-4.704558
59540		-0.706128	-1.139747	-4.718962
59541		-0.679570	-1.125656	-4.720781
59542		-0.652788	-1.109644	-4.708810
59543		-0.624022	-1.093594	-4.676817
59544		-0.595025	-1.076628	-4.633831
59545		-0.566572	-1.062950	-4.589927
59546		-0.537264	-1.050701	-4.557019
59547		-0.513720	-1.039608	-4.546761
59548		-0.486014	-1.033610	-4.560541
59549		-0.460170	-1.024856	-4.601155
59550		-0.436108	-1.020955	-4.665654
59551		-0.414681	-1.020747	-4.745029
59552		-0.393766	-1.021752	-4.830855
59553		-0.374928	-1.025772	-4.912681
59554		-0.353100	-1.032740	-4.980724
59555		-0.322657	-1.028418	-5.036866
59556		-0.292989	-1.027650	-5.079263
59557		-0.256131	-1.027389	-5.094025
59558		-0.210295	-1.021868	-5.059143
59559		-0.164108	-1.019847	-4.975768
59560		-0.119725	-1.029200	-4.858258
59561		-0.076051	-1.024884	-4.753371
59562		-0.033897	-1.021199	-4.654424
59563		-0.009628	-1.035128	-4.593822
59564		0.010950	-1.047007	-4.593991
59565		0.025413	-1.051696	-4.632109
59566		0.035513	-1.054656	-4.695669
59567		0.041676	-1.056414	-4.770580
59568		0.042844	-1.063051	-4.844292
59569		0.046468	-1.067677	-4.903605
59570		0.048196	-1.071187	-4.952288
59571		0.048722	-1.076357	-4.993441
59572		0.049874	-1.080159	-5.026261
59573		0.051804	-1.080695	-5.066693
59574		0.048667	-1.080155	-5.118758
59575		0.044149	-1.078406	-5.178159
59576		0.040729	-1.074613	-5.238157
59577		0.036972	-1.073882	-5.295271
59578		0.036544	-1.075051	-5.340398
59579		0.033357	-1.071313	-5.385714
59580		0.026934	-1.065685	-5.434627
59581		0.021579	-1.057032	-5.489782
59582		0.011689	-1.046640	-5.565579
59583		0.003534	-1.038046	-5.656302
59584		-0.001923	-1.029790	-5.749937
59585		-0.008009	-1.020669	-5.839609
59586		-0.011422	-1.006304	-5.924119
59587		-0.012114	-0.989818	-5.990703
59588		-0.011664	-0.970527	-6.040406
59589		-0.004364	-0.949316	-6.071251
59590		0.004550	-0.924926	-6.087922
59591		0.015846	-0.898186	-6.088113
59592		0.029505	-0.877253	-6.064365
59593		0.051031	-0.850740	-6.018945
59594		0.072590	-0.817182	-5.953642
59595		0.092363	-0.783466	-5.865691
59596		0.121378	-0.744685	-5.741129
59597		0.154402	-0.699794	-5.602159
59598		0.182617	-0.656620	-5.461446
59599		0.210044	-0.613180	-5.321011
59600		0.239874	-0.563579	-5.177720
59601		0.267720	-0.515476	-5.027217
59602		0.290654	-0.463054	-4.887887
59603		0.307076	-0.411467	-4.763223
59604		0.322117	-0.360840	-4.651406
59605		0.332270	-0.314558	-4.544624
59606		0.339851	-0.270022	-4.440437
59607		0.342665	-0.230680	-4.335668
59608		0.343416	-0.193271	-4.236853
59609		0.342928	-0.159657	-4.142982
59610		0.342223	-0.131208	-4.056529
59611		0.344625	-0.102884	-3.982582
59612		0.342185	-0.081144	-3.928705
59613		0.344363	-0.065378	-3.890098
59614		0.349596	-0.050018	-3.863934
59615		0.357547	-0.041379	-3.847872
59616		0.364923	-0.039193	-3.848825
59617		0.373961	-0.042475	-3.863642
59618		0.386919	-0.051458	-3.896636
59619		0.404546	-0.062527	-3.948584
59620		0.419370	-0.074411	-4.031529
59621		0.436480	-0.093270	-4.141364
59622		0.450615	-0.116230	-4.273143
59623		0.468258	-0.140823	-4.407635
59624		0.486701	-0.162030	-4.536651
59625		0.502862	-0.187120	-4.666064
59626		0.515303	-0.215099	-4.788543
59627		0.531722	-0.243035	-4.906795
59628		0.541877	-0.272978	-5.019402
59629		0.553229	-0.303528	-5.127629
59630		0.563924	-0.330481	-5.232086
59631		0.572283	-0.357391	-5.340599
59632		0.577988	-0.387384	-5.455192
59633		0.586887	-0.416268	-5.567801
59634		0.596807	-0.446457	-5.698355
59635		0.601816	-0.479094	-5.851539
59636		0.615788	-0.510118	-6.023953
59637		0.636210	-0.537952	-6.202998
59638		0.662842	-0.564699	-6.357815
59639		0.699431	-0.591268	-6.456777
59640		0.745008	-0.615509	-6.497295
59641		0.795851	-0.642046	-6.484126
59642		0.846364	-0.666894	-6.430547
59643		0.898911	-0.681697	-6.341407
59644		0.938952	-0.691469	-6.241231
59645		0.967486	-0.696377	-6.153570
59646		0.984761	-0.702642	-6.078740
59647		0.993613	-0.709067	-6.014788
59648		0.988867	-0.708144	-5.992489
59649		0.974151	-0.717293	-5.982980
59650		0.958592	-0.720260	-5.969764
59651		0.930920	-0.723389	-5.950009
59652		0.902371	-0.727705	-5.896877
59653		0.876305	-0.729127	-5.818236
59654		0.845929	-0.732879	-5.741824
59655		0.814041	-0.730424	-5.673723
59656		0.779045	-0.729422	-5.618103
59657		0.742966	-0.726724	-5.572555
59658		0.711022	-0.720934	-5.525621
59659		0.676641	-0.714980	-5.474337
59660		0.648222	-0.706093	-5.416407
59661		0.623107	-0.706960	-5.347519
59662		0.605593	-0.701446	-5.272525
59663		0.590327	-0.695273	-5.201283
59664		0.574223	-0.691895	-5.143319
59665		0.558862	-0.687011	-5.090163
59666		0.545557	-0.682924	-5.032359
59667		0.534229	-0.674550	-4.970920
59668		0.519865	-0.671230	-4.902903
59669		0.511521	-0.664204	-4.832459
59670		0.497280	-0.657119	-4.761899
59671		0.480368	-0.656121	-4.704086
59672		0.464636	-0.656779	-4.649425
59673		0.452704	-0.646604	-4.589715
59674		0.429793	-0.636586	-4.569121
59675		0.397584	-0.633674	-4.567449
59676		0.377488	-0.619637	-4.551345
59677		0.359732	-0.598714	-4.517120
59678		0.324006	-0.589933	-4.517898
59679		0.274292	-0.586799	-4.589383
59680		0.227435	-0.599653	-4.705873
59681		0.192823	-0.605732	-4.857108
59682		0.149688	-0.596414	-5.125880
59683		0.059549	-0.614483	-5.604864
59684		-0.047105	-0.661167	-6.208339
59685		-0.138003	-0.709231	-6.856307
59686		-0.218737	-0.750537	-7.508580
59687		-0.308596	-0.800984	-8.141733
59688		-0.400842	-0.858505	-8.726023
59689		-0.471959	-0.904189	-9.220792
59690		-0.529339	-0.942585	-9.655979
59691		-0.591053	-0.986578	-10.091954
59692		-0.645571	-1.030949	-10.515937
59693		-0.679344	-1.057180	-10.885713
59694		-0.697371	-1.069463	-11.194762
59695		-0.718970	-1.097166	-11.474172
59696		-0.723349	-1.125332	-11.692045
59697		-0.707244	-1.135641	-11.868546
59698		-0.688953	-1.149731	-12.016488
59699		-0.669310	-1.166946	-12.131789
59700		-0.644928	-1.172666	-12.225099
59701		-0.628899	-1.186666	-12.294031
59702		-0.607891	-1.203941	-12.276862
59703		-0.559596	-1.205836	-12.095668
59704		-0.479383	-1.197121	-11.668633
59705		-0.379115	-1.170297	-11.014535
59706		-0.276986	-1.130765	-10.218986
59707		-0.174317	-1.089275	-9.312248
59708		-0.063169	-1.034195	-8.363160
59709		0.026871	-1.000432	-7.501663
59710		0.121602	-0.967517	-6.690159
59711		0.214529	-0.909821	-5.934943
59712		0.281600	-0.860018	-5.316044
59713		0.340588	-0.820407	-4.800662
59714		0.409057	-0.774664	-4.331235
59715		0.475642	-0.729720	-3.895699
59716		0.528357	-0.698148	-3.514174
59717		0.576392	-0.680894	-3.186601
59718		0.642262	-0.651727	-2.865400
59719		0.701551	-0.644088	-2.528992
59720		0.765364	-0.622886	-2.236119
59721		0.817560	-0.615817	-1.999522
59722		0.871226	-0.594525	-1.796534
59723		0.920621	-0.550513	-1.624080
59724		0.912428	-0.525030	-1.581558
59725		0.864866	-0.513984	-1.657354
59726		0.806417	-0.516345	-1.789451
59727		0.750780	-0.507259	-1.912864
59728		0.679823	-0.504211	-2.007516
59729		0.605866	-0.507494	-2.055768
59730		0.542029	-0.491687	-2.078373
59731		0.478784	-0.466434	-2.085675
59732		0.406996	-0.452397	-2.117388
59733		0.349679	-0.425331	-2.175203
59734		0.299531	-0.389642	-2.269186
59735		0.233568	-0.366803	-2.479255
59736		0.150422	-0.367710	-2.814838
59737		0.078224	-0.375223	-3.209661
59738		0.018228	-0.383749	-3.623886
59739		-0.032524	-0.393889	-4.051382
59740		-0.091536	-0.407015	-4.569944
59741		-0.162083	-0.440490	-5.197946
59742		-0.230199	-0.484635	-5.922068
59743		-0.301903	-0.530013	-6.740177
59744		-0.383313	-0.588761	-7.609677
59745		-0.453317	-0.644108	-8.440150
59746		-0.511843	-0.692185	-9.186947
59747		-0.569479	-0.735561	-9.851803
59748		-0.627560	-0.781756	-10.440327
59749		-0.671748	-0.812649	-10.922771
59750		-0.695581	-0.824959	-11.277008
59751		-0.711722	-0.828456	-11.509723
59752		-0.723702	-0.824224	-11.629020
59753		-0.723974	-0.808420	-11.631888
59754		-0.722320	-0.787725	-11.555853
59755		-0.725049	-0.773949	-11.398214
59756		-0.700310	-0.756926	-11.069175
59757		-0.635067	-0.710134	-10.515455
59758		-0.536389	-0.648092	-9.697147
59759		-0.414538	-0.568666	-8.640015
59760		-0.287715	-0.484772	-7.456802
59761		-0.178175	-0.425850	-6.275070
59762		-0.074059	-0.369819	-5.206162
59763		0.059659	-0.305183	-4.209095
59764		0.200192	-0.239293	-3.322588
59765		0.322599	-0.175258	-2.587339
59766		0.438578	-0.116745	-1.912305
59767		0.519438	-0.077131	-1.305992
59768		0.580133	-0.041832	-0.830680
59769		0.638535	-0.016800	-0.417395
59770		0.690845	0.001173	-0.063329
59771		0.722919	0.011358	0.175650
59772		0.736104	0.005764	0.346317
59773		0.737777	0.001856	0.483869
59774		0.732164	0.001800	0.606031
59775		0.747453	0.008811	0.774699
59776		0.742476	0.022250	0.850534
59777		0.711960	0.021711	0.808772
59778		0.684911	0.024552	0.684655
59779		0.640965	0.031148	0.437885
59780		0.589278	0.021728	0.129149
59781		0.532491	0.016885	-0.244002
59782		0.465024	0.025222	-0.696417
59783		0.363511	0.016244	-1.312840
59784		0.237840	-0.020772	-2.079979
59785		0.113150	-0.060026	-2.972482
59786		-0.018433	-0.106093	-3.992219
59787		-0.151777	-0.179332	-5.063035
59788		-0.266879	-0.256877	-6.091376
59789		-0.360386	-0.331932	-7.026917
59790		-0.446067	-0.413231	-7.858185
59791		-0.522119	-0.488900	-8.559091
59792		-0.573634	-0.548985	-9.096710
59793		-0.611489	-0.595318	-9.474175
59794		-0.653439	-0.639014	-9.713645
59795		-0.696246	-0.680795	-9.845117
59796		-0.719813	-0.692473	-9.853584
59797		-0.733671	-0.679821	-9.775515
59798		-0.758788	-0.676530	-9.619973
59799		-0.768135	-0.663345	-9.315146
59800		-0.748709	-0.625115	-8.807565
59801		-0.702540	-0.569821	-8.071836
59802		-0.644470	-0.491505	-7.182570
59803		-0.596230	-0.425775	-6.258338
59804		-0.552848	-0.385612	-5.387339
59805		-0.499070	-0.346913	-4.605332
59806		-0.443631	-0.305922	-3.967401
59807		-0.405307	-0.279992	-3.521461
59808		-0.371885	-0.253297	-3.242815
59809		-0.339999	-0.223538	-3.089057
59810		-0.312601	-0.194878	-3.033219
59811		-0.258616	-0.165566	-2.965885
59812		-0.195765	-0.147824	-2.905490
59813		-0.133642	-0.132051	-2.815658
59814		-0.085900	-0.120460	-2.674165
59815		-0.053100	-0.116457	-2.516841
59816		-0.028801	-0.109970	-2.375169
59817		-0.003762	-0.107128	-2.221619
59818		0.025007	-0.097552	-2.053379
59819		0.051719	-0.076649	-1.892654
59820		0.068839	-0.070864	-1.748018
59821		0.091254	-0.053107	-1.592275
59822		0.097216	-0.027671	-1.521223
59823		0.066637	-0.025487	-1.597836
59824		0.026733	-0.032265	-1.786018
59825		-0.000086	-0.031825	-1.992777
59826		-0.019430	-0.003746	-2.210235
59827		-0.090656	0.007915	-2.590737
59828		-0.187747	-0.029975	-3.081252
59829		-0.264397	-0.058581	-3.625783
59830		-0.334927	-0.082555	-4.232788
59831		-0.414658	-0.125969	-4.855232
59832		-0.483379	-0.157200	-5.436149
59833		-0.554237	-0.183699	-6.006703
59834		-0.641360	-0.231632	-6.555641
59835		-0.708353	-0.271832	-7.046819
59836		-0.766861	-0.299940	-7.489005
59837		-0.824287	-0.335270	-7.868094
59838		-0.876212	-0.366401	-8.173826
59839		-0.915587	-0.381639	-8.399332
59840		-0.949510	-0.394902	-8.541610
59841		-0.972680	-0.406243	-8.606287
59842		-0.984036	-0.408682	-8.606242
59843		-0.992473	-0.403608	-8.568693
59844		-1.002606	-0.408068	-8.512580
59845		-1.010824	-0.412400	-8.404655
59846		-0.997064	-0.403256	-8.183135
59847		-0.966728	-0.383501	-7.800858
59848		-0.924057	-0.354864	-7.230749
59849		-0.869788	-0.310187	-6.500642
59850		-0.809504	-0.262766	-5.684134
59851		-0.746640	-0.220357	-4.841137
59852		-0.676177	-0.169976	-4.049941
59853		-0.627229	-0.123063	-3.449615
59854		-0.618933	-0.093824	-3.145054
59855		-0.635747	-0.077901	-3.065373
59856		-0.642894	-0.055066	-3.078340
59857		-0.649497	-0.030045	-3.110830
59858		-0.668304	-0.018955	-3.103438
59859		-0.682294	0.002427	-3.056650
59860		-0.717453	0.008823	-3.055851
59861		-0.749140	0.000518	-3.079488
59862		-0.774270	0.006262	-3.157089
59863		-0.818908	0.004069	-3.316852
59864		-0.868834	-0.010765	-3.498229
59865		-0.902043	-0.014451	-3.639179
59866		-0.933852	-0.013508	-3.731907
59867		-0.962342	-0.026373	-3.764309
59868		-0.971725	-0.028689	-3.757584
59869		-0.975799	-0.028541	-3.723001
59870		-0.983121	-0.030953	-3.699963
59871		-0.983473	-0.029699	-3.680567
59872		-0.977908	-0.034144	-3.645022
59873		-0.970045	-0.048516	-3.600706
59874		-0.961948	-0.062033	-3.558482
59875		-0.946441	-0.072125	-3.507390
59876		-0.925054	-0.077015	-3.456836
59877		-0.916773	-0.081335	-3.444231
59878		-0.906664	-0.096074	-3.435992
59879		-0.892997	-0.107334	-3.418332
59880		-0.885454	-0.128741	-3.410167
59881		-0.881866	-0.154835	-3.411462
59882		-0.885157	-0.179217	-3.430172
59883		-0.887462	-0.205176	-3.463046
59884		-0.894483	-0.221948	-3.514115
59885		-0.907328	-0.248264	-3.567780
59886		-0.918959	-0.275833	-3.606610
59887		-0.932907	-0.302519	-3.624605
59888		-0.951970	-0.337650	-3.627868
59889		-0.967301	-0.367830	-3.612069
59890		-0.984462	-0.392626	-3.622550
59891		-1.018111	-0.426275	-3.659949
59892		-1.060475	-0.465671	-3.702809
59893		-1.100990	-0.503949	-3.728153
59894		-1.145948	-0.542302	-3.740538
59895		-1.198973	-0.585171	-3.752185
59896		-1.260885	-0.630379	-3.790977
59897		-1.336485	-0.680129	-3.871673
59898		-1.416411	-0.734272	-3.975752
59899		-1.501523	-0.788631	-4.083005
59900		-1.594604	-0.847938	-4.169385
59901		-1.696385	-0.906548	-4.231955
59902		-1.807078	-0.967358	-4.278829
59903		-1.930021	-1.029187	-4.353745
59904		-2.064951	-1.104237	-4.477897
59905		-2.204676	-1.183511	-4.629888
59906		-2.344946	-1.255735	-4.796512
59907		-2.493981	-1.331487	-4.950157
59908		-2.654977	-1.411911	-5.072561
59909		-2.822478	-1.485445	-5.143190
59910		-2.999855	-1.548762	-5.158097
59911		-3.189754	-1.603648	-5.135783
59912		-3.394988	-1.646387	-5.093851
59913		-3.631429	-1.680444	-5.070293
59914		-3.906136	-1.715893	-5.106111
59915		-4.212411	-1.745834	-5.177826
59916		-4.552142	-1.770754	-5.274089
59917		-4.928011	-1.778562	-5.375096
59918		-5.341670	-1.768427	-5.460788
59919		-5.808875	-1.745200	-5.548872
59920		-6.340703	-1.717361	-5.661216
59921		-6.925178	-1.695509	-5.787249
59922		-7.531430	-1.650134	-5.923666
59923		-8.121490	-1.549138	-6.052092
59924		-8.687423	-1.399607	-6.208138
59925		-9.224503	-1.227264	-6.420460
59926		-9.763726	-1.033587	-6.684192
59927		-10.334252	-0.851611	-6.983323
59928		-10.911869	-0.657163	-7.322775
59929		-11.467681	-0.390137	-7.675600
59930		-12.004411	-0.057884	-7.885170
59931		-12.496574	0.451681	-7.922385
59932		-12.949053	1.161566	-7.902848
59933		-13.429523	1.964194	-7.929796
59934		-14.049832	2.705719	-8.191572
59935		-14.933651	3.225281	-8.833811
59936		-15.993908	3.595534	-9.700192
59937		-17.116856	3.903687	-10.653215
59938		-18.206851	4.226321	-11.549496
59939		-19.240574	4.594488	-12.269530
59940		-20.271768	5.001552	-12.799033
59941		-21.283870	5.497424	-13.142213
59942		-22.285706	6.075481	-13.318749
59943		-23.248206	6.707755	-13.400981
59944		-24.098811	7.439214	-13.322815
59945		-24.845283	8.233980	-13.131123
59946		-25.538644	9.024464	-12.900460
59947		-26.220458	9.771856	-12.704701
59948		-26.896864	10.470083	-12.578945
59949		-27.575084	11.079834	-12.525365
59950		-28.255940	11.550418	-12.555071
59951		-28.942937	11.869467	-12.658879
59952		-29.636082	12.045892	-12.787693
59953		-30.315049	12.098650	-12.943492
59954		-30.975442	12.033166	-13.131454
59955		-31.588510	11.852633	-13.341788
59956		-32.130279	11.568919	-13.529700
59957		-32.563524	11.201382	-13.657879
59958		-32.875020	10.755635	-13.733484
59959		-33.076098	10.218010	-13.810242
59960		-33.190197	9.578273	-13.897554
59961		-33.213639	8.843520	-13.971743
59962		-33.155384	7.999764	-14.023229
59963		-33.026508	7.047860	-14.034964
59964		-32.810949	6.046486	-13.997562
59965		-32.497935	5.046555	-13.937194
59966		-32.105849	4.063680	-13.842371
59967		-31.660124	3.086756	-13.728507
59968		-31.178936	2.087788	-13.649202
59969		-30.687875	1.041049	-13.604266
59970		-30.181723	-0.017226	-13.530025
59971		-29.644013	-1.047102	-13.381688
59972		-29.076663	-2.073486	-13.221380
59973		-28.513008	-3.093515	-13.099871
59974		-27.988212	-4.063898	-12.943739
59975		-27.507262	-4.946454	-12.751347
59976		-27.078068	-5.745490	-12.578689
59977		-26.712784	-6.507925	-12.460933
59978		-26.395106	-7.250893	-12.451860
59979		-26.108712	-7.899157	-12.456656
59980		-25.847191	-8.470230	-12.485587
59981		-25.576617	-9.005851	-12.594681
59982		-25.317491	-9.536959	-12.839510
59983		-25.064057	-10.071062	-13.245857
59984		-24.812511	-10.609993	-13.816336
59985		-24.580163	-11.170132	-14.524231
59986		-24.353530	-11.715839	-15.313945
59987		-24.112986	-12.203967	-16.011861
59988		-23.850377	-12.649618	-16.626280
59989		-23.575668	-13.028933	-17.155480
59990		-23.306150	-13.330777	-17.563269
59991		-23.042721	-13.563422	-17.847426
59992		-22.800112	-13.740265	-17.989859
59993		-22.598258	-13.861998	-17.961108
59994		-22.451758	-13.938073	-17.799745
59995		-22.352104	-13.988006	-17.569652
59996		-22.292985	-14.025031	-17.344877
59997		-22.313464	-14.056634	-17.118841
59998		-22.432134	-14.074724	-16.854655
59999		-22.595408	-14.038719	-16.514601
60000		-22.742962	-13.938736	-16.116747
60001		-22.835717	-13.809930	-15.730197
60002		-22.894604	-13.667130	-15.351001
60003		-22.950385	-13.516412	-14.987445
60004		-23.010539	-13.368418	-14.641055
60005		-22.992613	-13.262482	-14.495904
60006		-23.100994	-13.201776	-14.433675
60007		-23.291184	-13.228331	-14.631954
60008		-23.555538	-13.251284	-14.794212
60009		-23.835527	-13.198389	-14.732731
60010		-24.006769	-12.940053	-14.530051
60011		-24.075107	-12.516214	-14.260599
60012		-24.133219	-12.057301	-14.026848
60013		-24.205200	-11.547611	-13.856684
60014		-24.295147	-11.055696	-13.802296
60015		-24.430414	-10.660016	-13.847495
60016		-24.613614	-10.350687	-13.932196
60017		-24.837349	-10.093969	-14.026677
60018		-25.094021	-9.860083	-14.083527
60019		-25.349607	-9.608333	-14.063548
60020		-25.559924	-9.300428	-13.963760
60021		-25.713901	-8.935587	-13.819419
60022		-25.836632	-8.532973	-13.642831
60023		-25.919102	-8.104653	-13.447028
60024		-25.911357	-7.671012	-13.233490
60025		-25.939787	-7.310838	-12.979395
60026		-26.160442	-7.016991	-12.685993
60027		-26.484639	-6.599818	-12.312404
60028		-26.796347	-6.039906	-11.886649
60029		-27.061663	-5.443687	-11.408064
60030		-27.258868	-4.849867	-10.891457
60031		-27.350020	-4.261968	-10.330946
60032		-27.328508	-3.725103	-9.744980
60033		-27.235573	-3.278780	-9.193060
60034		-27.132989	-2.909472	-8.670582
60035		-27.056514	-2.563100	-8.181959
60036		-26.971520	-2.165502	-7.713992
60037		-26.874770	-1.759062	-7.272870
60038		-26.785579	-1.387837	-6.858417
60039		-26.624781	-0.995756	-6.442221
60040		-26.380869	-0.599400	-6.005290
60041		-26.107550	-0.268239	-5.575287
60042		-25.760290	0.067136	-5.143593
60043		-25.368291	0.384565	-4.730632
60044		-24.913738	0.711695	-4.273522
60045		-24.371181	1.118717	-3.684204
60046		-23.835521	1.528424	-3.106462
60047		-23.293853	1.946770	-2.510529
60048		-22.750365	2.339643	-1.960406
60049		-22.206179	2.692437	-1.407363
60050		-21.664388	3.022707	-0.871034
60051		-21.134261	3.331253	-0.410819
60052		-20.624595	3.591058	0.022350
60053		-20.153355	3.790255	0.430095
60054		-19.697647	3.950744	0.770137
60055		-19.286028	4.058436	0.957829
60056		-18.881616	4.137242	1.145707
60057		-18.489053	4.202357	1.287663
60058		-18.146998	4.240377	1.300793
60059		-17.813316	4.249252	1.314831
60060		-17.454987	4.265344	1.290200
60061		-17.092780	4.293634	1.214750
60062		-16.723969	4.317597	1.181219
60063		-16.317243	4.345012	1.161983
60064		-15.884983	4.373109	1.102512
60065		-15.442138	4.382837	1.007912
60066		-15.020986	4.360706	0.829278
60067		-14.639570	4.321095	0.536665
60068		-14.298006	4.256364	0.140740
60069		-13.983630	4.185496	-0.318722
60070		-13.686801	4.096811	-0.754913
60071		-13.381792	4.012285	-1.097776
60072		-13.058543	3.946434	-1.431826
60073		-12.720140	3.873125	-1.789588
60074		-12.385274	3.764150	-2.100460
60075		-12.044291	3.645360	-2.387987
60076		-11.677577	3.542201	-2.614733
60077		-11.280159	3.468001	-2.734535
60078		-10.888882	3.413411	-2.819604
60079		-10.491440	3.380474	-2.883041
60080		-10.099414	3.331581	-2.947202
60081		-9.671405	3.264600	-2.908034
60082		-9.241434	3.207525	-2.786471
60083		-8.909931	3.124903	-2.797825
60084		-8.594008	3.041353	-2.779357
60085		-8.266791	2.969455	-2.710031
60086		-7.936462	2.894564	-2.686884
60087		-7.592857	2.845725	-2.671378
60088		-7.263807	2.805671	-2.662630
60089		-6.969571	2.750410	-2.673322
60090		-6.729965	2.702854	-2.820705
60091		-6.546650	2.611706	-3.092368
60092		-6.379155	2.485236	-3.405011
60093		-6.158853	2.373196	-3.613795
60094		-5.887616	2.317352	-3.706808
60095		-5.609102	2.296456	-3.750099
60096		-5.363828	2.272848	-3.804534
60097		-5.150760	2.235657	-3.892111
60098		-4.952764	2.185734	-4.059688
60099		-4.771644	2.114966	-4.320927
60100		-4.599448	2.036983	-4.632187
60101		-4.431202	1.961485	-4.947555
60102		-4.235458	1.901997	-5.190543
60103		-4.032545	1.876672	-5.435488
60104		-3.858590	1.860083	-5.737368
60105		-3.711137	1.818428	-6.032905
60106		-3.582137	1.762311	-6.341297
60107		-3.465900	1.709386	-6.686255
60108		-3.345097	1.667173	-6.994173
60109		-3.230709	1.610795	-7.238740
60110		-3.112061	1.548662	-7.401267
60111		-2.967727	1.520298	-7.504388
60112		-2.851748	1.503135	-7.649807
60113		-2.778407	1.446219	-7.848181
60114		-2.694009	1.383495	-7.993495
60115		-2.569066	1.347236	-8.061881
60116		-2.458171	1.306238	-8.142843
60117		-2.354186	1.239235	-8.182089
60118		-2.203904	1.151594	-8.102729
60119		-1.984596	1.070017	-7.893456
60120		-1.709042	1.006559	-7.613618
60121		-1.431380	0.939725	-7.431728
60122		-1.160175	0.851589	-7.399498
60123		-0.869249	0.761873	-7.524996
60124		-0.542900	0.683287	-7.743881
60125		-0.193409	0.622288	-7.994661
60126		0.177889	0.586157	-8.232332
60127		0.546485	0.552855	-8.411683
60128		0.893689	0.517979	-8.521043
60129		1.212994	0.495613	-8.532375
60130		1.494325	0.470219	-8.528323
60131		1.737360	0.453729	-8.467563
60132		1.932259	0.443704	-8.433400
60133		2.083953	0.446500	-8.398521
60134		2.172859	0.439829	-8.351528
60135		2.221670	0.444716	-8.304348
60136		2.248607	0.460703	-8.226844
60137		2.241633	0.450315	-8.119139
60138		2.220509	0.424429	-7.966074
60139		2.181391	0.424371	-7.851746
60140		2.121827	0.430139	-7.798818
60141		2.066386	0.431656	-7.731686
60142		2.026635	0.422103	-7.636038
60143		1.997377	0.394813	-7.547404
60144		1.959825	0.373962	-7.524746
60145		1.906588	0.344837	-7.561837
60146		1.863372	0.319703	-7.572106
60147		1.842197	0.323304	-7.545312
60148		1.815813	0.324804	-7.530574
60149		1.773075	0.306522	-7.545926
60150		1.738100	0.282316	-7.548394
60151		1.709190	0.275579	-7.563732
60152		1.674159	0.278845	-7.603705
60153		1.627999	0.267822	-7.666062
60154		1.580991	0.259544	-7.758732
60155		1.540974	0.262421	-7.849930
60156		1.499662	0.272048	-7.931959
60157		1.461691	0.290605	-7.989367
60158		1.429476	0.306296	-8.005757
60159		1.405723	0.324323	-7.989225
60160		1.385473	0.346983	-7.958292
60161		1.355810	0.356998	-7.929268
60162		1.331227	0.379155	-7.894986
60163		1.314911	0.402506	-7.864079
60164		1.298431	0.418273	-7.853784
60165		1.272347	0.426010	-7.884719
60166		1.243434	0.425501	-7.954196
60167		1.213543	0.422809	-8.054502
60168		1.182048	0.419832	-8.178910
60169		1.147003	0.418821	-8.308367
60170		1.111337	0.413693	-8.414731
60171		1.081093	0.414701	-8.477725
60172		1.050046	0.406905	-8.491467
60173		1.019756	0.397950	-8.458122
60174		0.993748	0.390823	-8.386979
60175		0.967460	0.385141	-8.307583
60176		0.929538	0.372806	-8.242012
60177		0.886440	0.360305	-8.202593
60178		0.844118	0.350859	-8.182770
60179		0.805219	0.335779	-8.175254
60180		0.764602	0.320010	-8.180627
60181		0.714611	0.307506	-8.190763
60182		0.661217	0.293308	-8.188901
60183		0.611216	0.284329	-8.158688
60184		0.562557	0.277097	-8.116452
60185		0.505143	0.262485	-8.102747
60186		0.443263	0.245151	-8.111431
60187		0.392476	0.238239	-8.131818
60188		0.345508	0.228662	-8.161118
60189		0.303671	0.217532	-8.194229
60190		0.268678	0.205870	-8.218301
60191		0.241064	0.197123	-8.220827
60192		0.220534	0.184063	-8.197259
60193		0.207642	0.167557	-8.154536
60194		0.198784	0.148874	-8.105319
60195		0.191151	0.133809	-8.058177
60196		0.186633	0.125997	-8.023435
60197		0.177647	0.115220	-8.011050
60198		0.162992	0.098925	-8.016208
60199		0.145085	0.090684	-8.045517
60200		0.120455	0.079080	-8.093404
60201		0.095355	0.067576	-8.137905
60202		0.070888	0.059182	-8.170581
60203		0.046164	0.046182	-8.185564
60204		0.020357	0.034600	-8.191045
60205		-0.006589	0.025327	-8.203875
60206		-0.035473	0.017001	-8.232522
60207		-0.061861	0.009141	-8.269816
60208		-0.082175	0.002369	-8.304609
60209		-0.098752	-0.007495	-8.337110
60210		-0.116423	-0.017250	-8.369827
60211		-0.131522	-0.028527	-8.397069
60212		-0.144070	-0.036139	-8.411431
60213		-0.152120	-0.047298	-8.400919
60214		-0.149134	-0.053655	-8.366164
60215		-0.140996	-0.063156	-8.314145
60216		-0.122656	-0.060617	-8.255997
60217		-0.098066	-0.048669	-8.179036
60218		-0.082202	-0.042614	-8.102735
60219		-0.077378	-0.047251	-8.003476
60220		-0.093244	-0.065778	-7.880855
60221		-0.107839	-0.070758	-7.729518
60222		-0.130733	-0.085173	-7.586283
60223		-0.166803	-0.097254	-7.503631
60224		-0.208330	-0.114334	-7.471954
60225		-0.248475	-0.134110	-7.480282
60226		-0.288864	-0.144760	-7.515719
60227		-0.321257	-0.164221	-7.531657
60228		-0.357711	-0.195115	-7.551846
60229		-0.385750	-0.210706	-7.586730
60230		-0.412350	-0.227208	-7.609419
60231		-0.443038	-0.249065	-7.627672
60232		-0.472096	-0.262367	-7.639159
60233		-0.505394	-0.270939	-7.646164
60234		-0.546822	-0.285774	-7.650826
60235		-0.596197	-0.301611	-7.663220
60236		-0.651328	-0.316987	-7.708857
60237		-0.706540	-0.329443	-7.772177
60238		-0.768794	-0.345072	-7.861814
60239		-0.844389	-0.363009	-7.995852
60240		-0.924610	-0.384680	-8.132025
60241		-1.006908	-0.405746	-8.243529
60242		-1.102639	-0.419241	-8.382002
60243		-1.223139	-0.447764	-8.546089
60244		-1.354699	-0.496559	-8.709702
60245		-1.494094	-0.540691	-8.906895
60246		-1.632669	-0.572707	-9.095146
60247		-1.780110	-0.607115	-9.252075
60248		-1.936961	-0.640738	-9.379389
60249		-2.103756	-0.695085	-9.467085
60250		-2.259661	-0.769156	-9.475870
60251		-2.430215	-0.828451	-9.600634
60252		-2.629626	-0.888646	-9.873773
60253		-2.842182	-0.963647	-10.185577
60254		-3.045247	-1.032268	-10.470363
60255		-3.224993	-1.070659	-10.670305
60256		-3.405995	-1.096197	-10.778117
60257		-3.605802	-1.111243	-10.830991
60258		-3.836877	-1.126262	-10.869760
60259		-4.086645	-1.138858	-10.901995
60260		-4.349940	-1.138169	-10.910015
60261		-4.636104	-1.118123	-10.918301
60262		-4.962717	-1.096951	-10.925650
60263		-5.336300	-1.075234	-10.971082
60264		-5.774274	-1.063528	-11.073440
60265		-6.273193	-1.050138	-11.219138
60266		-6.809321	-0.996117	-11.372511
60267		-7.384811	-0.908976	-11.506628
60268		-7.988457	-0.802419	-11.656465
60269		-8.621802	-0.675592	-11.804878
60270		-9.284172	-0.539790	-11.965694
60271		-9.994418	-0.412334	-12.246714
60272		-10.748890	-0.278611	-12.676035
60273		-11.531971	-0.189882	-13.140185
60274		-12.281500	-0.138841	-13.481475
60275		-12.919876	-0.032861	-13.572858
60276		-13.509089	0.110622	-13.429252
60277		-14.129556	0.272704	-13.139159
60278		-14.770798	0.484970	-12.711723
60279		-15.372785	0.843792	-12.105404
60280		-15.926886	1.405762	-11.349397
60281		-16.497848	2.100790	-10.621522
60282		-17.120624	2.855468	-10.023238
60283		-17.856330	3.624167	-9.658727
60284		-18.700766	4.306466	-9.597433
60285		-19.623526	4.920912	-9.749457
60286		-20.634853	5.562945	-10.175774
60287		-21.774359	6.151820	-10.982648
60288		-23.019611	6.639903	-11.950260
60289		-24.316025	7.114192	-12.963997
60290		-25.648470	7.591938	-13.999087
60291		-26.983229	8.105270	-14.964242
60292		-28.279221	8.698620	-15.784876
60293		-29.509634	9.389188	-16.426800
60294		-30.673234	10.136267	-16.890342
60295		-31.791449	10.891790	-17.226461
60296		-32.849124	11.656887	-17.440131
60297		-33.807132	12.460059	-17.494183
60298		-34.643324	13.299220	-17.405765
60299		-35.336244	14.187003	-17.200670
60300		-35.881571	15.125309	-16.874996
60301		-36.332662	16.011223	-16.559677
60302		-36.741873	16.736301	-16.350673
60303		-37.167730	17.255880	-16.292206
60304		-37.613984	17.598843	-16.352715
60305		-38.055917	17.783912	-16.505013
60306		-38.481299	17.797728	-16.722926
60307		-38.851547	17.650925	-16.960644
60308		-39.148410	17.353242	-17.229717
60309		-39.356894	16.894753	-17.538944
60310		-39.483904	16.291175	-17.861815
60311		-39.557230	15.561623	-18.186270
60312		-39.565640	14.740188	-18.476599
60313		-39.442039	13.880388	-18.659053
60314		-39.175528	12.924035	-18.779541
60315		-38.800688	11.860067	-18.892690
60316		-38.346805	10.753558	-19.031088
60317		-37.861033	9.613078	-19.181941
60318		-37.374967	8.425349	-19.304353
60319		-36.874584	7.213027	-19.397456
60320		-36.320448	6.029132	-19.454352
60321		-35.689818	4.876061	-19.465201
60322		-34.990198	3.686173	-19.443159
60323		-34.234279	2.457488	-19.374992
60324		-33.439901	1.241292	-19.259609
60325		-32.648732	0.064946	-19.150725
60326		-31.904477	-1.072777	-19.068282
60327		-31.227515	-2.170755	-18.998982
60328		-30.606632	-3.188377	-18.903141
60329		-30.009663	-4.035574	-18.679310
60330		-29.416209	-4.719961	-18.278249
60331		-28.821189	-5.287240	-17.788855
60332		-28.235818	-5.761952	-17.285782
60333		-27.659283	-6.122679	-16.746701
60334		-27.118007	-6.377261	-16.138456
60335		-26.627645	-6.565305	-15.455505
60336		-26.197670	-6.672573	-14.783441
60337		-25.842325	-6.691091	-14.224146
60338		-25.571635	-6.697793	-13.880815
60339		-25.366251	-6.742869	-13.774675
60340		-25.189831	-6.828902	-13.811623
60341		-25.047349	-7.007909	-14.007150
60342		-24.980478	-7.304680	-14.316485
60343		-24.982417	-7.654738	-14.654069
60344		-25.008538	-7.958848	-15.189666
60345		-25.157087	-8.256495	-15.874129
60346		-25.358731	-8.602891	-16.761781
60347		-25.602384	-8.811856	-17.337083
60348		-25.718786	-8.687280	-17.422135
60349		-25.625593	-8.281863	-17.304410
60350		-25.472183	-7.863736	-17.201043
60351		-25.383427	-7.476051	-17.122248
60352		-25.384620	-7.049708	-17.039465
60353		-25.458467	-6.614895	-16.918846
60354		-25.550778	-6.222942	-16.750738
60355		-25.647649	-5.928413	-16.626433
60356		-25.738437	-5.698504	-16.540113
60357		-25.826802	-5.465133	-16.392944
60358		-25.915271	-5.243686	-16.232832
60359		-25.974020	-5.028682	-16.115282
60360		-26.000532	-4.799055	-16.020864
60361		-26.017700	-4.561615	-15.970569
60362		-26.040260	-4.332195	-15.958837
60363		-26.086118	-4.158067	-15.989238
60364		-26.176767	-4.056635	-16.062474
60365		-26.314570	-3.997029	-16.113927
60366		-26.494210	-3.943027	-16.123451
60367		-26.691163	-3.857116	-16.085670
60368		-26.887356	-3.694071	-15.937753
60369		-27.051058	-3.434357	-15.683922
60370		-27.158397	-3.099745	-15.368042
60371		-27.256531	-2.774113	-15.020889
60372		-27.395709	-2.496410	-14.664484
60373		-27.578608	-2.223598	-14.305048
60374		-27.768504	-1.931981	-13.945875
60375		-27.945397	-1.618415	-13.574153
60376		-28.083079	-1.285992	-13.186200
60377		-28.158649	-0.952935	-12.826460
60378		-28.171785	-0.639398	-12.486665
60379		-28.175092	-0.378171	-12.174492
60380		-28.180597	-0.125576	-11.876398
60381		-28.171211	0.160028	-11.592157
60382		-28.192873	0.459386	-11.383939
60383		-28.249569	0.760883	-11.199168
60384		-28.264890	1.105439	-10.950585
60385		-28.235646	1.472595	-10.686134
60386		-28.131311	1.848026	-10.419560
60387		-27.933940	2.253106	-10.090654
60388		-27.704782	2.621651	-9.762263
60389		-27.395748	2.996939	-9.358587
60390		-27.013986	3.353145	-8.956696
60391		-26.606149	3.597091	-8.600248
60392		-26.173642	3.774412	-8.250391
60393		-25.708746	3.960127	-7.850599
60394		-25.207704	4.147975	-7.450134
60395		-24.694402	4.293588	-7.145217
60396		-24.217070	4.390433	-6.896730
60397		-23.737600	4.455110	-6.652961
60398		-23.221082	4.540378	-6.398606
60399		-22.698069	4.642999	-6.115259
60400		-22.112623	4.794775	-5.704395
60401		-21.497034	4.974537	-5.191949
60402		-20.877461	5.154574	-4.645317
60403		-20.233219	5.333685	-4.069200
60404		-19.588474	5.470348	-3.484390
60405		-18.948625	5.550667	-2.896876
60406		-18.348624	5.563505	-2.397064
60407		-17.769997	5.540177	-1.981895
60408		-17.229657	5.490207	-1.700226
60409		-16.735958	5.401842	-1.539767
60410		-16.273874	5.263393	-1.471571
60411		-15.797076	5.120679	-1.420491
60412		-15.322540	4.984177	-1.429353
60413		-14.876221	4.849386	-1.531913
60414		-14.451501	4.693201	-1.670708
60415		-14.023956	4.541409	-1.835724
60416		-13.583307	4.409385	-2.037052
60417		-13.126849	4.275491	-2.223569
60418		-12.661806	4.146978	-2.386439
60419		-12.210982	4.036009	-2.517831
60420		-11.807857	3.948005	-2.670849
60421		-11.452125	3.846025	-2.866195
60422		-11.114620	3.727420	-3.096255
60423		-10.748347	3.622177	-3.277716
60424		-10.354969	3.523555	-3.451881
60425		-9.961616	3.410298	-3.645082
60426		-9.613362	3.291314	-3.840422
60427		-9.305185	3.198552	-4.062643
60428		-9.015546	3.110876	-4.227495
60429		-8.730538	3.040806	-4.379949
60430		-8.458680	2.972768	-4.512184
60431		-8.210687	2.896654	-4.684059
60432		-7.943495	2.840579	-4.728780
60433		-7.671710	2.805585	-4.740332
60434		-7.425503	2.784964	-4.804075
60435		-7.191710	2.758646	-4.835222
60436		-6.993064	2.716271	-4.894366
60437		-6.799080	2.681889	-4.946429
60438		-6.602301	2.689283	-4.992461
60439		-6.440318	2.715330	-5.038619
60440		-6.300713	2.732563	-4.970175
60441		-6.162564	2.752492	-4.824161
60442		-6.020450	2.768291	-4.660341
60443		-5.890456	2.789390	-4.521420
60444		-5.816669	2.790204	-4.514647
60445		-5.799074	2.783189	-4.627903
60446		-5.779718	2.782072	-4.784092
60447		-5.744184	2.786183	-4.978088
60448		-5.697711	2.785537	-5.181507
60449		-5.653015	2.777787	-5.413619
60450		-5.609345	2.758440	-5.680504
60451		-5.554756	2.734428	-5.949637
60452		-5.489759	2.713665	-6.221199
60453		-5.428460	2.688657	-6.500427
60454		-5.381180	2.655197	-6.743216
60455		-5.349805	2.617976	-6.947893
60456		-5.308495	2.590513	-7.024048
60457		-5.216814	2.601571	-6.908664
60458		-5.125817	2.656953	-6.806923
60459		-5.124195	2.648649	-6.858113
60460		-5.140802	2.621733	-6.951288
60461		-5.171590	2.655633	-7.166383
60462		-5.289412	2.598396	-7.525663
60463		-5.436255	2.482908	-7.853932
60464		-5.538400	2.431916	-8.160782
60465		-5.602724	2.385583	-8.367501
60466		-5.694687	2.284784	-8.534315
60467		-5.744237	2.268922	-8.740318
60468		-5.798161	2.254269	-9.004937
60469		-5.867845	2.175574	-9.306517
60470		-5.908135	2.085514	-9.639150
60471		-5.934441	2.024084	-10.071073
60472		-5.967324	1.975710	-10.520892
60473		-5.992873	1.892945	-10.935772
60474		-5.952144	1.844385	-11.235191
60475		-5.881008	1.826374	-11.416531
60476		-5.827661	1.768756	-11.528095
60477		-5.760410	1.737734	-11.600845
60478		-5.665763	1.734960	-11.562381
60479		-5.579232	1.714181	-11.436106
60480		-5.493275	1.713027	-11.311532
60481		-5.416097	1.723421	-11.227063
60482		-5.376098	1.713768	-11.243242
60483		-5.361126	1.706111	-11.346474
60484		-5.350550	1.697293	-11.477421
60485		-5.342594	1.669496	-11.586487
60486		-5.321112	1.632892	-11.594679
60487		-5.283511	1.620424	-11.554605
60488		-5.219733	1.621872	-11.460792
60489		-5.166743	1.609287	-11.384182
60490		-5.124336	1.586562	-11.374538
60491		-5.073746	1.547333	-11.408804
60492		-4.996906	1.521044	-11.486843
60493		-4.892719	1.509744	-11.577675
60494		-4.793100	1.486366	-11.690916
60495		-4.706727	1.450653	-11.834998
60496		-4.626131	1.415335	-11.972663
60497		-4.546581	1.377437	-12.097788
60498		-4.465266	1.345329	-12.204032
60499		-4.395052	1.321197	-12.329963
60500		-4.342340	1.303088	-12.474453
60501		-4.300023	1.273476	-12.619532
60502		-4.261359	1.236225	-12.759743
60503		-4.233379	1.206649	-12.905295
60504		-4.231083	1.170583	-13.062150
60505		-4.241046	1.134013	-13.212488
60506		-4.250238	1.112955	-13.319989
60507		-4.269687	1.103707	-13.375953
60508		-4.297964	1.092496	-13.403626
60509		-4.338563	1.085545	-13.414364
60510		-4.390816	1.075089	-13.413676
60511		-4.454314	1.057199	-13.410390
60512		-4.521525	1.037091	-13.392689
60513		-4.585005	1.020288	-13.386648
60514		-4.647541	1.009435	-13.396687
60515		-4.712853	0.989621	-13.418582
60516		-4.772172	0.954659	-13.433425
60517		-4.822385	0.927406	-13.444234
60518		-4.860086	0.904822	-13.431409
60519		-4.887556	0.886785	-13.403298
60520		-4.908689	0.873450	-13.372151
60521		-4.928181	0.860732	-13.335022
60522		-4.940893	0.845810	-13.292652
60523		-4.949098	0.836779	-13.249225
60524		-4.950758	0.830767	-13.193286
60525		-4.955507	0.820570	-13.137618
60526		-4.961647	0.813233	-13.108187
60527		-4.968799	0.800672	-13.094161
60528		-4.967134	0.792032	-13.082205
60529		-4.966517	0.782800	-13.072579
60530		-4.961657	0.774633	-13.064275
60531		-4.962903	0.767349	-13.073775
60532		-4.965547	0.755727	-13.091659
60533		-4.963714	0.748458	-13.113351
60534		-4.959243	0.745108	-13.138414
60535		-4.955732	0.730356	-13.151884
60536		-4.954364	0.712146	-13.156875
60537		-4.951914	0.698436	-13.154987
60538		-4.948387	0.681723	-13.129016
60539		-4.943103	0.667120	-13.105057
60540		-4.941382	0.651312	-13.107374
60541		-4.944869	0.629807	-13.140911
60542		-4.948599	0.605466	-13.190604
60543		-4.946087	0.585649	-13.225934
60544		-4.936051	0.571389	-13.234532
60545		-4.926131	0.558624	-13.226926
60546		-4.927431	0.539221	-13.227395
60547		-4.931494	0.519075	-13.241957
60548		-4.933563	0.504172	-13.253738
60549		-4.926439	0.497381	-13.233751
60550		-4.916373	0.490718	-13.174618
60551		-4.906227	0.487513	-13.105150
60552		-4.895333	0.483549	-13.020490
60553		-4.890540	0.474368	-12.933067
60554		-4.889791	0.463232	-12.858413
60555		-4.886361	0.452728	-12.796844
60556		-4.880086	0.449085	-12.748177
60557		-4.873845	0.447399	-12.713266
60558		-4.875313	0.438341	-12.691298
60559		-4.874477	0.426028	-12.664295
60560		-4.872042	0.415034	-12.642054
60561		-4.872096	0.408229	-12.636417
60562		-4.871688	0.399106	-12.671708
60563		-4.877402	0.377548	-12.737690
60564		-4.883928	0.352385	-12.819143
60565		-4.878572	0.335657	-12.890520
60566		-4.874023	0.312820	-12.933663
60567		-4.866902	0.294816	-12.946867
60568		-4.856670	0.286081	-12.931798
60569		-4.850276	0.274070	-12.919366
60570		-4.847456	0.260832	-12.913928
60571		-4.840358	0.252557	-12.911697
60572		-4.833572	0.236332	-12.921562
60573		-4.831167	0.222213	-12.941107
60574		-4.828006	0.211362	-12.958646
60575		-4.826065	0.197996	-12.972663
60576		-4.825757	0.182966	-12.995376
60577		-4.828468	0.167349	-13.052912
60578		-4.846594	0.150353	-13.182618
60579		-4.876933	0.119164	-13.365700
60580		-4.905288	0.086436	-13.582684
60581		-4.933904	0.052590	-13.802773
60582		-5.007525	-0.039153	-14.034574
60583		-5.117634	-0.174169	-14.216162
60584		-5.249993	-0.331601	-14.381563
60585		-5.366437	-0.446141	-14.470322
60586		-5.462319	-0.501511	-14.475039
60587		-5.578157	-0.527212	-14.471517
60588		-5.734223	-0.542409	-14.465705
60589		-5.947283	-0.560929	-14.532329
60590		-6.205419	-0.596320	-14.687367
60591		-6.483775	-0.635605	-14.855128
60592		-6.783076	-0.666553	-15.032246
60593		-7.074766	-0.670741	-15.141752
60594		-7.373388	-0.673136	-15.209429
60595		-7.671488	-0.664586	-15.273532
60596		-7.972892	-0.650043	-15.364317
60597		-8.298470	-0.662577	-15.500315
60598		-8.617851	-0.659602	-15.617301
60599		-8.930060	-0.626946	-15.723868
60600		-9.249879	-0.615986	-15.849143
60601		-9.570670	-0.601332	-15.993162
60602		-9.882162	-0.571682	-16.088478
60603		-10.195720	-0.543199	-16.198548
60604		-10.544521	-0.523487	-16.382070
60605		-10.922965	-0.487997	-16.599701
60606		-11.336098	-0.417602	-16.851866
60607		-11.800125	-0.340807	-17.162138
60608		-12.303606	-0.252493	-17.487210
60609		-12.852188	-0.161350	-17.787615
60610		-13.457134	-0.109188	-18.046195
60611		-14.084475	-0.090218	-18.301116
60612		-14.697994	-0.087151	-18.434394
60613		-15.246366	-0.072246	-18.270700
60614		-15.717117	0.008391	-17.785338
60615		-16.188645	0.139172	-17.132542
60616		-16.659468	0.358477	-16.439471
60617		-17.108560	0.670706	-15.695809
60618		-17.556226	1.051912	-14.967286
60619		-18.022631	1.534135	-14.348866
60620		-18.589652	2.049952	-13.862006
60621		-19.273798	2.594191	-13.608173
60622		-20.038208	3.189666	-13.596836
60623		-20.882283	3.737317	-13.817048
60624		-21.770337	4.226924	-14.200472
60625		-22.676506	4.694644	-14.724391
60626		-23.573233	5.166596	-15.342548
60627		-24.474091	5.619403	-15.997972
60628		-25.453540	5.996426	-16.675281
60629		-26.505313	6.333456	-17.385433
60630		-27.559624	6.722317	-18.051262
60631		-28.573758	7.179929	-18.593075
60632		-29.536756	7.705004	-18.978933
60633		-30.452478	8.288236	-19.201136
60634		-31.328506	8.886619	-19.297725
60635		-32.153719	9.511848	-19.321393
60636		-32.899993	10.196926	-19.275942
60637		-33.555022	10.956332	-19.131687
60638		-34.117254	11.747150	-18.907324
60639		-34.596234	12.538469	-18.660990
60640		-34.998651	13.322424	-18.430297
60641		-35.347828	14.073369	-18.273519
60642		-35.662011	14.752750	-18.207846
60643		-35.951969	15.327952	-18.224844
60644		-36.227735	15.758155	-18.309703
60645		-36.480980	16.020209	-18.477264
60646		-36.698002	16.130081	-18.702010
60647		-36.883963	16.100651	-18.987171
60648		-37.043368	15.943887	-19.331553
60649		-37.169091	15.691744	-19.695172
60650		-37.245892	15.373859	-20.029805
60651		-37.267398	15.013744	-20.333419
60652		-37.207075	14.657923	-20.567506
60653		-37.039329	14.290669	-20.712385
60654		-36.793268	13.796155	-20.835667
60655		-36.511080	13.147156	-20.994464
60656		-36.203048	12.428865	-21.170699
60657		-35.864873	11.703353	-21.318647
60658		-35.480622	10.955059	-21.421664
60659		-35.025996	10.195148	-21.445782
60660		-34.532526	9.395977	-21.414208
60661		-34.028447	8.544852	-21.366826
60662		-33.497330	7.675217	-21.286493
60663		-32.939062	6.806973	-21.142445
60664		-32.365441	5.963786	-20.959151
60665		-31.774102	5.178678	-20.766873
60666		-31.187801	4.393926	-20.587748
60667		-30.641117	3.533025	-20.472709
60668		-30.141992	2.614622	-20.424845
60669		-29.684864	1.672196	-20.445405
60670		-29.270960	0.741633	-20.500286
60671		-28.878539	-0.159530	-20.566769
60672		-28.501910	-1.025593	-20.647929
60673		-28.125394	-1.800169	-20.706718
60674		-27.749278	-2.424265	-20.639913
60675		-27.376645	-2.918340	-20.430633
60676		-27.024394	-3.360554	-20.161879
60677		-26.693442	-3.762809	-19.897168
60678		-26.373604	-4.103575	-19.645744
60679		-26.072372	-4.393923	-19.383923
60680		-25.804666	-4.665004	-19.115356
60681		-25.558873	-4.913906	-18.867229
60682		-25.317545	-5.149455	-18.663865
60683		-25.065618	-5.384187	-18.529595
60684		-24.788233	-5.632599	-18.495587
60685		-24.501615	-5.910975	-18.550778
60686		-24.234588	-6.197688	-18.688735
60687		-23.983101	-6.459122	-18.866836
60688		-23.757212	-6.721193	-19.060121
60689		-23.525976	-6.947056	-19.304853
60690		-23.264649	-7.072604	-19.550385
60691		-22.998266	-7.118428	-19.733980
60692		-22.809203	-7.166406	-19.769857
60693		-22.754120	-7.281085	-19.909415
60694		-22.898430	-7.338553	-20.103655
60695		-23.075674	-7.303868	-20.436931
60696		-23.239613	-7.321648	-20.876681
60697		-23.447344	-7.439781	-21.133053
60698		-23.550652	-7.430755	-21.014956
60699		-23.507604	-7.283865	-20.652927
60700		-23.444841	-7.176885	-20.330775
60701		-23.427197	-7.092931	-20.188607
60702		-23.515359	-6.988462	-20.196362
60703		-23.717939	-6.890501	-20.141110
60704		-23.958846	-6.762408	-19.918908
60705		-24.179538	-6.608670	-19.602886
60706		-24.368697	-6.489768	-19.283350
60707		-24.529898	-6.370968	-18.915428
60708		-24.656950	-6.214608	-18.507241
60709		-24.763764	-6.056396	-18.118894
60710		-24.862558	-5.897798	-17.732114
60711		-24.961454	-5.718445	-17.324606
60712		-25.069053	-5.527164	-16.944368
60713		-25.172794	-5.307912	-16.584811
60714		-25.261780	-5.068355	-16.247707
60715		-25.333816	-4.834842	-15.982634
60716		-25.393865	-4.629804	-15.834836
60717		-25.450366	-4.434292	-15.780272
60718		-25.491968	-4.240821	-15.792298
60719		-25.508212	-4.082640	-15.861802
60720		-25.528186	-4.010471	-16.006198
60721		-25.598685	-4.043454	-16.233016
60722		-25.738690	-4.130677	-16.446709
60723		-25.913624	-4.204684	-16.558129
60724		-26.090812	-4.202718	-16.558483
60725		-26.233611	-4.075159	-16.385419
60726		-26.311676	-3.807470	-16.041543
60727		-26.353594	-3.459267	-15.593721
60728		-26.397874	-3.082168	-15.082085
60729		-26.448342	-2.684228	-14.533285
60730		-26.478302	-2.279195	-13.985022
60731		-26.486527	-1.923128	-13.487695
60732		-26.475790	-1.629943	-13.049672
60733		-26.466187	-1.385964	-12.677332
60734		-26.471647	-1.175401	-12.354104
60735		-26.490802	-0.971165	-12.070816
60736		-26.553749	-0.786443	-11.860002
60737		-26.649432	-0.608633	-11.692593
60738		-26.742168	-0.409839	-11.517928
60739		-26.822350	-0.192174	-11.304178
60740		-26.840209	0.081425	-11.000426
60741		-26.806637	0.395264	-10.637865
60742		-26.767824	0.696886	-10.273654
60743		-26.701737	0.999575	-9.897251
60744		-26.617393	1.281446	-9.550291
60745		-26.532190	1.538060	-9.223259
60746		-26.464766	1.779531	-8.929489
60747		-26.395669	2.026427	-8.667188
60748		-26.328662	2.257469	-8.431457
60749		-26.231626	2.484177	-8.192493
60750		-26.073110	2.723418	-7.919269
60751		-25.886677	2.938361	-7.682431
60752		-25.682303	3.127645	-7.446233
60753		-25.428400	3.332811	-7.186209
60754		-25.116247	3.561743	-6.912589
60755		-24.823640	3.730232	-6.643599
60756		-24.493005	3.895931	-6.368486
60757		-24.081981	4.096398	-6.060035
60758		-23.723756	4.231485	-5.771751
60759		-23.368659	4.344164	-5.484401
60760		-22.915755	4.511586	-5.176348
60761		-22.480693	4.600533	-4.953281
60762		-22.055459	4.610745	-4.747484
60763		-21.525902	4.659839	-4.496939
60764		-20.944312	4.705443	-4.219538
60765		-20.341157	4.727740	-3.911230
60766		-19.730254	4.790217	-3.621947
60767		-19.156055	4.861217	-3.334903
60768		-18.598765	4.919180	-3.075174
60769		-18.069226	4.954898	-2.952738
60770		-17.608912	4.921652	-2.921644
60771		-17.153794	4.856574	-2.827355
60772		-16.645824	4.802724	-2.688758
60773		-16.116400	4.788931	-2.589893
60774		-15.622867	4.765248	-2.529792
60775		-15.183160	4.705717	-2.596132
60776		-14.828663	4.608263	-2.826516
60777		-14.540246	4.478295	-3.171473
60778		-14.274757	4.327670	-3.594312
60779		-13.994883	4.176282	-4.038019
60780		-13.691247	4.044488	-4.441158
60781		-13.348558	3.926472	-4.773137
60782		-12.970312	3.825923	-5.039559
60783		-12.541945	3.755273	-5.133540
60784		-12.112766	3.697243	-5.144338
60785		-11.669319	3.675460	-5.075622
60786		-11.242743	3.654861	-4.964969
60787		-10.873379	3.588789	-4.931746
60788		-10.511261	3.510751	-4.914010
60789		-10.154585	3.424896	-4.918797
60790		-9.806121	3.327722	-4.975922
60791		-9.451961	3.218171	-4.994728
60792		-9.080870	3.104180	-4.919435
60793		-8.696834	3.011838	-4.787874
60794		-8.263863	2.983592	-4.573484
60795		-7.885946	2.960607	-4.447577
60796		-7.573093	2.911387	-4.359607
60797		-7.349862	2.815196	-4.405780
60798		-7.139631	2.715672	-4.504533
60799		-6.914370	2.624521	-4.609673
60800		-6.672494	2.561220	-4.696993
60801		-6.425311	2.536221	-4.763548
60802		-6.181406	2.532048	-4.802032
60803		-5.988456	2.527013	-4.925697
60804		-5.851685	2.491420	-5.165118
60805		-5.753583	2.414222	-5.501745
60806		-5.697299	2.328120	-5.970528
60807		-5.639949	2.292830	-6.524981
60808		-5.599484	2.287806	-7.161390
60809		-5.576950	2.259126	-7.829512
60810		-5.554463	2.208788	-8.448158
60811		-5.520463	2.147297	-8.984966
60812		-5.478700	2.073679	-9.399968
60813		-5.432478	2.026628	-9.781093
60814		-5.360706	2.004031	-10.131675
60815		-5.272221	1.967555	-10.389790
60816		-5.198037	1.948514	-10.614367
60817		-5.175179	1.886230	-10.908079
60818		-5.147443	1.764378	-11.166530
60819		-5.047453	1.695261	-11.420428
60820		-4.902347	1.678974	-11.667050
60821		-4.769292	1.634121	-11.853675
60822		-4.663969	1.583171	-12.102493
60823		-4.562135	1.525412	-12.388635
60824		-4.488277	1.431367	-12.773280
60825		-4.378864	1.326322	-13.072986
60826		-4.174419	1.298102	-13.171336
60827		-3.973679	1.312757	-13.328130
60828		-3.836894	1.289207	-13.583277
60829		-3.717156	1.202706	-13.883497
60830		-3.574621	1.103161	-14.167394
60831		-3.416445	1.104942	-14.423122
60832		-3.317926	1.121701	-14.691754
60833		-3.274508	1.083309	-14.960914
60834		-3.205776	1.054163	-15.123290
60835		-3.098527	1.068897	-15.162770
60836		-3.010966	1.063806	-15.152783
60837		-2.944101	1.049086	-15.155335
60838		-2.868309	1.053987	-15.144193
60839		-2.795862	1.069768	-15.088155
60840		-2.756674	1.095840	-15.007734
60841		-2.742665	1.108454	-14.887441
60842		-2.731711	1.127327	-14.736170
60843		-2.715976	1.164081	-14.560618
60844		-2.704658	1.197790	-14.348770
60845		-2.709048	1.213131	-14.132895
60846		-2.698275	1.234000	-13.900657
60847		-2.669905	1.265865	-13.682642
60848		-2.644248	1.286306	-13.520462
60849		-2.613462	1.298345	-13.365294
60850		-2.590188	1.314149	-13.249476
60851		-2.592381	1.325777	-13.213916
60852		-2.596673	1.322150	-13.207216
60853		-2.597299	1.317259	-13.212514
60854		-2.599593	1.319368	-13.231413
60855		-2.608459	1.320432	-13.255734
60856		-2.613914	1.315911	-13.269719
60857		-2.607219	1.307056	-13.273337
60858		-2.588156	1.294561	-13.280718
60859		-2.568174	1.280461	-13.281458
60860		-2.575297	1.255984	-13.358618
60861		-2.588659	1.226780	-13.461437
60862		-2.576210	1.209355	-13.496612
60863		-2.550195	1.191430	-13.479653
60864		-2.503884	1.191337	-13.403650
60865		-2.454671	1.199357	-13.272574
60866		-2.418462	1.194725	-13.127347
60867		-2.381770	1.191937	-12.970296
60868		-2.332093	1.196399	-12.791768
60869		-2.276465	1.196104	-12.595031
60870		-2.230676	1.196583	-12.412308
60871		-2.211065	1.192061	-12.296158
60872		-2.206175	1.185880	-12.224864
60873		-2.203494	1.181621	-12.177428
60874		-2.204692	1.167434	-12.164425
60875		-2.215433	1.149385	-12.184573
60876		-2.227738	1.130130	-12.216163
60877		-2.238174	1.126300	-12.226812
60878		-2.249702	1.127809	-12.219021
60879		-2.262570	1.125877	-12.183021
60880		-2.276971	1.124934	-12.125510
60881		-2.296718	1.133553	-12.083848
60882		-2.319623	1.132100	-12.034891
60883		-2.344702	1.130666	-11.981428
60884		-2.359473	1.142808	-11.927207
60885		-2.377029	1.150738	-11.860511
60886		-2.387981	1.151398	-11.756170
60887		-2.393223	1.157583	-11.641471
60888		-2.405677	1.163966	-11.569597
60889		-2.432493	1.155462	-11.564480
60890		-2.464949	1.143564	-11.612094
60891		-2.480678	1.138668	-11.667875
60892		-2.489076	1.142664	-11.717428
60893		-2.493861	1.151171	-11.748455
60894		-2.495647	1.156047	-11.751177
60895		-2.491204	1.160283	-11.718294
60896		-2.480394	1.164895	-11.656852
60897		-2.464873	1.176505	-11.586754
60898		-2.460357	1.187539	-11.548083
60899		-2.459016	1.195314	-11.559650
60900		-2.448053	1.214630	-11.588680
60901		-2.446638	1.231594	-11.641059
60902		-2.445149	1.246960	-11.701707
60903		-2.433826	1.264442	-11.739011
60904		-2.423588	1.275733	-11.743619
60905		-2.408909	1.288116	-11.728561
60906		-2.393939	1.303935	-11.719320
60907		-2.385989	1.307529	-11.727952
60908		-2.378070	1.304998	-11.740269
60909		-2.363896	1.315777	-11.752595
60910		-2.357524	1.319937	-11.783324
60911		-2.350777	1.323952	-11.807681
60912		-2.338667	1.339916	-11.817951
60913		-2.332182	1.355034	-11.869993
60914		-2.322905	1.368824	-11.926321
60915		-2.321731	1.378164	-11.998571
60916		-2.328856	1.380147	-12.088598
60917		-2.323347	1.394856	-12.136607
60918		-2.315674	1.402149	-12.158944
60919		-2.313294	1.404828	-12.177665
60920		-2.308453	1.412442	-12.203369
60921		-2.310111	1.420013	-12.236601
60922		-2.313918	1.424082	-12.267783
60923		-2.315753	1.434393	-12.290002
60924		-2.315469	1.446848	-12.306351
60925		-2.318008	1.460647	-12.318411
60926		-2.317158	1.477508	-12.326557
60927		-2.320058	1.495119	-12.331241
60928		-2.323300	1.512546	-12.321864
60929		-2.328756	1.535090	-12.311911
60930		-2.343993	1.552004	-12.318032
60931		-2.363167	1.568759	-12.318545
60932		-2.377742	1.588463	-12.319879
60933		-2.388985	1.607128	-12.312083
60934		-2.397706	1.626281	-12.295374
60935		-2.412581	1.638432	-12.295457
60936		-2.430077	1.649807	-12.300149
60937		-2.443128	1.661164	-12.292799
60938		-2.447060	1.668825	-12.273629
60939		-2.446826	1.667209	-12.260680
60940		-2.446576	1.673323	-12.292033
60941		-2.453363	1.677968	-12.342172
60942		-2.457706	1.677431	-12.386547
60943		-2.453487	1.690426	-12.407917
60944		-2.446736	1.698957	-12.400236
60945		-2.435592	1.705312	-12.349325
60946		-2.422490	1.714672	-12.270806
60947		-2.411759	1.734222	-12.207019
60948		-2.408367	1.747767	-12.173616
60949		-2.408973	1.756678	-12.171558
60950		-2.409872	1.768067	-12.190833
60951		-2.415576	1.775414	-12.223362
60952		-2.425455	1.779129	-12.259174
60953		-2.430866	1.787936	-12.286852
60954		-2.437270	1.798401	-12.304987
60955		-2.435752	1.807320	-12.302546
60956		-2.432336	1.815612	-12.281337
60957		-2.424383	1.830861	-12.262767
60958		-2.418372	1.840201	-12.262321
60959		-2.415227	1.852700	-12.279599
60960		-2.413282	1.864626	-12.308999
60961		-2.405715	1.873910	-12.332248
60962		-2.394522	1.883372	-12.325989
60963		-2.383842	1.898246	-12.315337
60964		-2.376388	1.910748	-12.295097
60965		-2.370517	1.924008	-12.271102
60966		-2.367745	1.934083	-12.254456
60967		-2.367853	1.943385	-12.243890
60968		-2.370681	1.949724	-12.248376
60969		-2.373567	1.947804	-12.257082
60970		-2.375654	1.954051	-12.283805
60971		-2.385001	1.954574	-12.303746
60972		-2.391143	1.956048	-12.294948
60973		-2.395766	1.961721	-12.258852
60974		-2.398235	1.966177	-12.204600
60975		-2.401250	1.968785	-12.152493
60976		-2.404277	1.975331	-12.116841
60977		-2.413271	1.985934	-12.101680
60978		-2.424368	1.989579	-12.107421
60979		-2.437329	1.994042	-12.115674
60980		-2.446398	1.999082	-12.103492
60981		-2.457538	2.008190	-12.087196
60982		-2.467528	2.013288	-12.064149
60983		-2.472648	2.017595	-12.039327
60984		-2.477401	2.023667	-12.023757
60985		-2.485714	2.025665	-12.014788
60986		-2.493614	2.020871	-12.003762
60987		-2.497013	2.021190	-11.984622
60988		-2.497003	2.026215	-11.958158
60989		-2.496208	2.026668	-11.933355
60990		-2.500120	2.027680	-11.920087
60991		-2.508101	2.030339	-11.923065
60992		-2.517769	2.031036	-11.938208
60993		-2.524072	2.033150	-11.954190
60994		-2.527097	2.035899	-11.962641
60995		-2.529614	2.037626	-11.956119
60996		-2.533117	2.038059	-11.936967
60997		-2.528900	2.037134	-11.898785
60998		-2.524384	2.033456	-11.865237
60999		-2.519929	2.032141	-11.841743
61000		-2.523544	2.031139	-11.846460
61001		-2.534165	2.026287	-11.878771
61002		-2.540979	2.026298	-11.911491
61003		-2.540735	2.034266	-11.937332
61004		-2.544504	2.034247	-11.950382
61005		-2.544143	2.034503	-11.948134
61006		-2.544306	2.033640	-11.940826
61007		-2.545922	2.028675	-11.939891
61008		-2.549388	2.025558	-11.943771
61009		-2.557005	2.021428	-11.969991
61010		-2.564895	2.024891	-12.010238
61011		-2.575650	2.023754	-12.040102
61012		-2.580363	2.021275	-12.043404
61013		-2.581735	2.023386	-12.015621
61014		-2.577831	2.023445	-11.966866
61015		-2.581868	2.018368	-11.928413
61016		-2.584905	2.012212	-11.897357
61017		-2.587222	2.005278	-11.884437
61018		-2.593584	1.998259	-11.900758
61019		-2.601416	1.990544	-11.930916
61020		-2.609075	1.978742	-11.959241
61021		-2.611705	1.970977	-11.969495
61022		-2.610505	1.964331	-11.963503
61023		-2.608210	1.954258	-11.945269
61024		-2.598524	1.950086	-11.917663
61025		-2.587183	1.950008	-11.897977
61026		-2.579923	1.943083	-11.887968
61027		-2.573377	1.932158	-11.885774
61028		-2.562509	1.925350	-11.883063
61029		-2.553118	1.922193	-11.884545
61030		-2.546895	1.915602	-11.883755
61031		-2.541805	1.909457	-11.882940
61032		-2.537577	1.902640	-11.887858
61033		-2.537999	1.894747	-11.902629
61034		-2.543047	1.888009	-11.921805
61035		-2.550274	1.877280	-11.936138
61036		-2.556381	1.869040	-11.949732
61037		-2.560727	1.862627	-11.960412
61038		-2.563781	1.853261	-11.961568
61039		-2.567084	1.844182	-11.978163
61040		-2.575537	1.831504	-12.017366
61041		-2.575796	1.819186	-12.046509
61042		-2.571774	1.808902	-12.070317
61043		-2.568869	1.800567	-12.080266
61044		-2.564593	1.788662	-12.081470
61045		-2.554195	1.785344	-12.068731
61046		-2.544653	1.781532	-12.046097
61047		-2.533335	1.779653	-12.015749
61048		-2.519750	1.778768	-11.986869
61049		-2.512178	1.773795	-11.971687
61050		-2.504370	1.769690	-11.963130
61051		-2.497857	1.765040	-11.957301
61052		-2.495718	1.760413	-11.952475
61053		-2.499948	1.756216	-11.952784
61054		-2.500332	1.756642	-11.943521
61055		-2.505354	1.757046	-11.937330
61056		-2.508537	1.752795	-11.922683
61057		-2.509726	1.747061	-11.901956
61058		-2.511801	1.746957	-11.882712
61059		-2.517653	1.740205	-11.871847
61060		-2.526435	1.729551	-11.873571
61061		-2.535567	1.723891	-11.885850
61062		-2.542436	1.719230	-11.899542
61063		-2.545070	1.714606	-11.907967
61064		-2.547612	1.712573	-11.914960
61065		-2.551048	1.711061	-11.915359
61066		-2.557730	1.700445	-11.912364
61067		-2.558641	1.707560	-11.906028
61068		-2.565641	1.704226	-11.903130
61069		-2.573735	1.694088	-11.910634
61070		-2.580263	1.691079	-11.933579
61071		-2.590834	1.684697	-11.964318
61072		-2.601623	1.680126	-11.986880
61073		-2.608164	1.679962	-11.994260
61074		-2.612146	1.681496	-11.980935
61075		-2.615685	1.684124	-11.957812
61076		-2.622146	1.684112	-11.934877
61077		-2.627321	1.681839	-11.915842
61078		-2.637095	1.680844	-11.911230
61079		-2.649060	1.679334	-11.913112
61080		-2.662728	1.679564	-11.923910
61081		-2.676595	1.678800	-11.933213
61082		-2.688070	1.677694	-11.931213
61083		-2.700825	1.672015	-11.931471
61084		-2.714962	1.666016	-11.929509
61085		-2.730499	1.664653	-11.933430
61086		-2.746239	1.662244	-11.940602
61087		-2.759101	1.661626	-11.944828
61088		-2.774267	1.659982	-11.952429
61089		-2.788409	1.660110	-11.951320
61090		-2.797660	1.662311	-11.932061
61091		-2.806128	1.663358	-11.906864
61092		-2.812997	1.660506	-11.882965
61093		-2.820859	1.660667	-11.861806
61094		-2.825836	1.661596	-11.850055
61095		-2.831149	1.662025	-11.850254
61096		-2.838259	1.659540	-11.860143
61097		-2.841811	1.654298	-11.869379
61098		-2.842216	1.650594	-11.879466
61099		-2.844241	1.646533	-11.893459
61100		-2.840444	1.635683	-11.904301
61101		-2.828953	1.632688	-11.900599
61102		-2.818280	1.629757	-11.890516
61103		-2.805166	1.627220	-11.878148
61104		-2.795473	1.624059	-11.873641
61105		-2.785969	1.622238	-11.881628
61106		-2.778845	1.620979	-11.889976
61107		-2.775565	1.619767	-11.892064
61108		-2.770809	1.618079	-11.887521
61109		-2.766711	1.618972	-11.871388
61110		-2.763599	1.616284	-11.853346
61111		-2.761336	1.615987	-11.838834
61112		-2.760664	1.616061	-11.836075
61113		-2.763524	1.612458	-11.848141
61114		-2.766744	1.608663	-11.872093
61115		-2.770016	1.611303	-11.886875
61116		-2.771610	1.612528	-11.886870
61117		-2.771434	1.616406	-11.868159
61118		-2.769055	1.617002	-11.837006
61119		-2.767793	1.616148	-11.804366
61120		-2.767882	1.618059	-11.786750
61121		-2.770818	1.618941	-11.784469
61122		-2.776745	1.617765	-11.796629
61123		-2.782274	1.616384	-11.811445
61124		-2.791113	1.620845	-11.819165
61125		-2.800361	1.621295	-11.813714
61126		-2.804426	1.623263	-11.790347
61127		-2.810058	1.626147	-11.762728
61128		-2.818211	1.621716	-11.733500
61129		-2.823951	1.613295	-11.711944
61130		-2.828880	1.606148	-11.703247
61131		-2.838518	1.600934	-11.707196
61132		-2.845149	1.595082	-11.717811
61133		-2.856231	1.591496	-11.724955
61134		-2.861699	1.589696	-11.716762
61135		-2.863578	1.588999	-11.698730
61136		-2.866007	1.587819	-11.674287
61137		-2.869622	1.588468	-11.656672
61138		-2.871492	1.585205	-11.643343
61139		-2.870466	1.578397	-11.629905
61140		-2.863360	1.574731	-11.619181
61141		-2.856892	1.570442	-11.603639
61142		-2.845958	1.565790	-11.582056
61143		-2.835849	1.561180	-11.569383
61144		-2.828305	1.555615	-11.565090
61145		-2.824473	1.549134	-11.580669
61146		-2.818988	1.542059	-11.608587
61147		-2.810476	1.539872	-11.626560
61148		-2.802321	1.535984	-11.639733
61149		-2.795205	1.535166	-11.651749
61150		-2.787178	1.536382	-11.649768
61151		-2.780108	1.535629	-11.642858
61152		-2.771052	1.535729	-11.628919
61153		-2.763976	1.536456	-11.623540
61154		-2.763605	1.535351	-11.634081
61155		-2.765666	1.534245	-11.651124
61156		-2.767066	1.535690	-11.669793
61157		-2.764113	1.538792	-11.668819
61158		-2.759798	1.540547	-11.655328
61159		-2.754312	1.540437	-11.635416
61160		-2.749990	1.540249	-11.620190
61161		-2.744754	1.542749	-11.619484
61162		-2.740896	1.541882	-11.632715
61163		-2.735973	1.541341	-11.654246
61164		-2.730912	1.542890	-11.670496
61165		-2.726941	1.546261	-11.678494
