// General information: 
//  MT Manager version: 2021.4.0 
//  XDA version: 2021.4.0 build 6323 rev 112641 built on 2021-09-28
// Device information: 
//  DeviceId: 00B43859
//  ProductCode: MTW2-3A7G6
//  Firmware Version: 4.3.4
//  Hardware Version: 1.1.0
// Device settings: 
//  Filter Profile: human(46.1)
//  Option Flags: Orientation Smoother Disabled, Position/Velocity Smoother Disabled, Continuous Zero Rotation Update Disabled, AHS Disabled, ICC Disabled
// Coordinate system: ENU
PacketCounter	SampleTimeFine	Roll	Pitch	Yaw
31578		-2.536583	0.607575	8.835701
31579		-2.539488	0.605148	8.842908
31580		-2.538524	0.606278	8.851665
31581		-2.535565	0.604936	8.858282
31582		-2.539343	0.602015	8.854189
31583		-2.540604	0.600284	8.843459
31584		-2.542455	0.597140	8.836707
31585		-2.545010	0.593215	8.828655
31586		-2.544332	0.591085	8.829056
31587		-2.542823	0.590833	8.834698
31588		-2.544337	0.585854	8.836504
31589		-2.544045	0.584424	8.834860
31590		-2.547344	0.581400	8.828329
31591		-2.549862	0.578007	8.821772
31592		-2.552347	0.573045	8.821359
31593		-2.553579	0.569922	8.819316
31594		-2.554531	0.565801	8.816735
31595		-2.553468	0.561611	8.810836
31596		-2.554247	0.558040	8.810221
31597		-2.554527	0.552354	8.815089
31598		-2.553015	0.549852	8.822844
31599		-2.553334	0.546220	8.831561
31600		-2.554511	0.540782	8.836066
31601		-2.555494	0.537956	8.832889
31602		-2.560502	0.531978	8.825332
31603		-2.563052	0.529879	8.813882
31604		-2.566181	0.528772	8.803457
31605		-2.568585	0.523191	8.791852
31606		-2.570228	0.520790	8.794170
31607		-2.568608	0.521212	8.800845
31608		-2.568117	0.520893	8.810802
31609		-2.565912	0.520579	8.819114
31610		-2.566989	0.517665	8.822908
31611		-2.564673	0.513844	8.826646
31612		-2.562769	0.511648	8.828046
31613		-2.562886	0.509717	8.824452
31614		-2.563090	0.508564	8.820685
31615		-2.564111	0.504905	8.812430
31616		-2.566120	0.501207	8.803721
31617		-2.564760	0.500257	8.798012
31618		-2.563841	0.496515	8.795959
31619		-2.564180	0.496300	8.789069
31620		-2.561953	0.492082	8.791929
31621		-2.558579	0.494099	8.794232
31622		-2.554242	0.491770	8.797627
31623		-2.549744	0.488553	8.800325
31624		-2.544617	0.487024	8.798109
31625		-2.541653	0.484771	8.796032
31626		-2.538739	0.480201	8.788131
31627		-2.536037	0.475111	8.784426
31628		-2.532107	0.475214	8.782447
31629		-2.532526	0.470377	8.780618
31630		-2.533944	0.464800	8.779254
31631		-2.531948	0.463285	8.776662
31632		-2.533540	0.460087	8.768703
31633		-2.532669	0.459154	8.761191
31634		-2.532399	0.456334	8.753753
31635		-2.533164	0.455388	8.746666
31636		-2.530994	0.454707	8.748080
31637		-2.530691	0.453962	8.741673
31638		-2.527614	0.456799	8.743858
31639		-2.524989	0.460879	8.746377
31640		-2.524257	0.461880	8.749250
31641		-2.524341	0.462740	8.748948
31642		-2.525243	0.461747	8.748847
31643		-2.528164	0.458835	8.747554
31644		-2.528323	0.457880	8.750891
31645		-2.527331	0.454126	8.759044
31646		-2.528340	0.451976	8.753796
31647		-2.531212	0.450133	8.730562
31648		-2.532528	0.446077	8.711104
31649		-2.534964	0.446255	8.690112
31650		-2.535350	0.444354	8.677289
31651		-2.535189	0.440300	8.675661
31652		-2.531492	0.438899	8.673666
31653		-2.526413	0.435308	8.679977
31654		-2.525467	0.431570	8.677930
31655		-2.522724	0.428803	8.671408
31656		-2.521709	0.424461	8.666177
31657		-2.519221	0.418989	8.659943
31658		-2.517778	0.418272	8.657921
31659		-2.515808	0.416303	8.651504
31660		-2.513983	0.411397	8.646527
31661		-2.513089	0.408934	8.643433
31662		-2.512211	0.404239	8.643339
31663		-2.510522	0.402359	8.645956
31664		-2.511085	0.399347	8.647320
31665		-2.507012	0.400720	8.649863
31666		-2.506513	0.400215	8.652723
31667		-2.500491	0.403361	8.654850
31668		-2.497407	0.400150	8.659199
31669		-2.494020	0.400999	8.662826
31670		-2.492313	0.398865	8.665449
31671		-2.487557	0.397963	8.672568
31672		-2.484287	0.396867	8.680113
31673		-2.480191	0.396629	8.688106
31674		-2.476783	0.395885	8.690516
31675		-2.476437	0.394257	8.689100
31676		-2.474119	0.392370	8.684148
31677		-2.472354	0.394523	8.681509
31678		-2.472131	0.392310	8.677263
31679		-2.470980	0.391968	8.678540
31680		-2.469531	0.391252	8.676519
31681		-2.469323	0.391662	8.670497
31682		-2.467728	0.392861	8.664573
31683		-2.468020	0.391519	8.660195
31684		-2.463246	0.392627	8.659695
31685		-2.461294	0.391570	8.658016
31686		-2.456999	0.391221	8.658726
31687		-2.454025	0.392834	8.658021
31688		-2.451080	0.392199	8.662874
31689		-2.446017	0.392893	8.660726
31690		-2.443154	0.395788	8.664127
31691		-2.439471	0.397652	8.664012
31692		-2.436453	0.397974	8.666913
31693		-2.432182	0.398656	8.664804
31694		-2.428566	0.395539	8.673814
31695		-2.423640	0.398485	8.671957
31696		-2.418508	0.394642	8.677555
31697		-2.411714	0.400492	8.678403
31698		-2.404537	0.398902	8.661278
31699		-2.403309	0.400610	8.618925
31700		-2.399148	0.400230	8.582196
31701		-2.389103	0.403145	8.556127
31702		-2.381899	0.403130	8.540239
31703		-2.376167	0.402099	8.531223
31704		-2.370280	0.402560	8.510430
31705		-2.363235	0.405064	8.481661
31706		-2.357238	0.407251	8.449874
31707		-2.356831	0.402451	8.409174
31708		-2.349882	0.400745	8.386188
31709		-2.344878	0.396425	8.360150
31710		-2.338778	0.389838	8.342266
31711		-2.334989	0.384550	8.311694
31712		-2.332725	0.380535	8.284243
31713		-2.334719	0.372786	8.245980
31714		-2.336638	0.364981	8.217487
31715		-2.332769	0.364858	8.208273
31716		-2.332120	0.361402	8.196458
31717		-2.331129	0.358667	8.198993
31718		-2.330635	0.349601	8.204750
31719		-2.331686	0.336859	8.204718
31720		-2.333512	0.332764	8.199963
31721		-2.331672	0.332184	8.197603
31722		-2.334335	0.330017	8.186738
31723		-2.337596	0.329602	8.164650
31724		-2.337369	0.328573	8.147467
31725		-2.340857	0.325828	8.136145
31726		-2.340995	0.317879	8.143614
31727		-2.334522	0.318100	8.160018
31728		-2.333288	0.315696	8.150906
31729		-2.335446	0.311499	8.113753
31730		-2.330881	0.310108	8.058492
31731		-2.337529	0.300565	8.002292
31732		-2.344245	0.286181	7.981081
31733		-2.335048	0.288341	7.984364
31734		-2.341344	0.276218	7.972209
31735		-2.351757	0.273246	7.932095
31736		-2.377495	0.260054	7.851361
31737		-2.416377	0.228974	7.783921
31738		-2.436217	0.200780	7.782117
31739		-2.450881	0.192500	7.814340
31740		-2.481136	0.161176	7.784624
31741		-2.526337	0.115583	7.650664
31742		-2.563189	0.089262	7.501631
31743		-2.608417	0.048292	7.347921
31744		-2.659361	0.002039	7.220904
31745		-2.709837	-0.036799	7.147769
31746		-2.775760	-0.076763	7.115652
31747		-2.851198	-0.114387	7.099960
31748		-2.940835	-0.156379	7.069833
31749		-3.051177	-0.199558	6.984201
31750		-3.178039	-0.242170	6.871096
31751		-3.326077	-0.287217	6.735452
31752		-3.496181	-0.333862	6.592755
31753		-3.697473	-0.393948	6.437869
31754		-3.923011	-0.460096	6.268315
31755		-4.173732	-0.534723	6.063656
31756		-4.451386	-0.623607	5.849981
31757		-4.753702	-0.706777	5.642991
31758		-5.085833	-0.783353	5.494032
31759		-5.448796	-0.850481	5.431516
31760		-5.830618	-0.893042	5.485576
31761		-6.237019	-0.907663	5.649756
31762		-6.683434	-0.903897	5.865602
31763		-7.189993	-0.906036	6.033076
31764		-7.765730	-0.918923	6.114721
31765		-8.402133	-0.927545	6.085930
31766		-9.090920	-0.913976	5.964900
31767		-9.811119	-0.870283	5.845832
31768		-10.530370	-0.786605	5.750745
31769		-11.249303	-0.668912	5.748205
31770		-11.966325	-0.478671	5.847649
31771		-12.668863	-0.205682	6.037202
31772		-13.333214	0.113697	6.280961
31773		-13.969730	0.448329	6.521153
31774		-14.560649	0.794676	6.795152
31775		-15.128902	1.105471	7.021147
31776		-15.734077	1.297331	7.162300
31777		-16.346453	1.433387	7.197052
31778		-16.932963	1.555056	7.157203
31779		-17.474275	1.640639	7.076645
31780		-17.932442	1.758826	6.933201
31781		-18.343978	1.870942	6.756920
31782		-18.770912	1.970780	6.523105
31783		-19.224990	2.142174	6.307628
31784		-19.750350	2.415573	6.069263
31785		-20.457091	2.694198	5.655514
31786		-21.265527	3.008921	5.104374
31787		-22.103972	3.390766	4.520004
31788		-23.024519	3.671296	3.811960
31789		-23.941381	3.887250	2.999126
31790		-24.827430	4.067509	2.147545
31791		-25.752405	4.157134	1.207115
31792		-26.723784	4.180923	0.210184
31793		-27.723045	4.183859	-0.707754
31794		-28.679820	4.273939	-1.389083
31795		-29.553755	4.483888	-1.831496
31796		-30.400079	4.716812	-2.124277
31797		-31.217433	4.959076	-2.339070
31798		-31.958922	5.247263	-2.457265
31799		-32.614897	5.584224	-2.450879
31800		-33.209640	5.946484	-2.363892
31801		-33.765831	6.317099	-2.255830
31802		-34.276890	6.694034	-2.146381
31803		-34.724765	7.053550	-2.045096
31804		-35.084229	7.388544	-1.945652
31805		-35.362111	7.671114	-1.803099
31806		-35.566040	7.870983	-1.670469
31807		-35.699204	7.987357	-1.561550
31808		-35.765057	8.020046	-1.483940
31809		-35.752534	8.001674	-1.393162
31810		-35.642297	7.956175	-1.263868
31811		-35.424403	7.887381	-1.134922
31812		-35.099327	7.788953	-1.032290
31813		-34.665556	7.636477	-0.949049
31814		-34.116275	7.419606	-0.874316
31815		-33.440513	7.152374	-0.785923
31816		-32.664375	6.829197	-0.710974
31817		-31.789488	6.475780	-0.649350
31818		-30.806442	6.129332	-0.545639
31819		-29.740596	5.756898	-0.438828
31820		-28.611638	5.371341	-0.356098
31821		-27.409377	4.998331	-0.254663
31822		-26.204760	4.545531	-0.281271
31823		-25.011257	4.049169	-0.435470
31824		-23.808812	3.557330	-0.586580
31825		-22.626785	3.050770	-0.807404
31826		-21.431811	2.585381	-1.036178
31827		-20.233070	2.123671	-1.205395
31828		-19.073956	1.645035	-1.469849
31829		-17.935879	1.197080	-1.706482
31830		-16.813296	0.766249	-1.914310
31831		-15.719492	0.369290	-2.074088
31832		-14.678453	-0.012048	-2.160759
31833		-13.696353	-0.368645	-2.196272
31834		-12.771752	-0.691466	-2.152440
31835		-11.897492	-0.985290	-2.020434
31836		-11.058365	-1.246135	-1.764636
31837		-10.263371	-1.488561	-1.381903
31838		-9.478665	-1.653936	-0.801108
31839		-8.661209	-1.738328	0.068312
31840		-7.908450	-1.882346	0.998627
31841		-7.314794	-2.111793	1.682675
31842		-6.824187	-2.323986	2.161426
31843		-6.400793	-2.516726	2.552656
31844		-6.087026	-2.744565	2.903213
31845		-5.865569	-2.984088	3.253916
31846		-5.674472	-3.144567	3.653431
31847		-5.522960	-3.240802	4.134882
31848		-5.429865	-3.339994	4.630302
31849		-5.377884	-3.452095	5.102806
31850		-5.333333	-3.550627	5.603080
31851		-5.271739	-3.641179	6.218203
31852		-5.194241	-3.719359	6.974970
31853		-5.122563	-3.740616	7.784726
31854		-5.094311	-3.717383	8.588183
31855		-5.119687	-3.651431	9.359473
31856		-5.185291	-3.532231	9.991758
31857		-5.302874	-3.405638	10.397096
31858		-5.466779	-3.315746	10.627935
31859		-5.619360	-3.251984	10.755282
31860		-5.745765	-3.206367	10.799591
31861		-5.872167	-3.188062	10.775064
31862		-6.027456	-3.165309	10.690865
31863		-6.225377	-3.117702	10.579102
31864		-6.453561	-3.043145	10.431385
31865		-6.686861	-2.953568	10.299122
31866		-6.862161	-2.894250	10.318479
31867		-6.835154	-2.825711	10.378727
31868		-6.814150	-2.799226	10.365064
31869		-6.883405	-2.842741	10.149166
31870		-7.374660	-3.016293	9.596502
31871		-8.033772	-3.006096	9.419434
31872		-8.515791	-2.607513	9.791973
31873		-8.869119	-2.226331	10.177418
31874		-9.177247	-2.012538	10.375476
31875		-9.431328	-1.762741	10.482076
31876		-9.713078	-1.487673	10.545381
31877		-10.037041	-1.299210	10.613187
31878		-10.298589	-1.191720	10.773091
31879		-10.439260	-1.067479	10.911748
31880		-10.552213	-0.944473	10.985979
31881		-10.762830	-0.862337	10.998732
31882		-11.062967	-0.676069	11.004423
31883		-11.371437	-0.383404	11.105822
31884		-11.720741	-0.078519	11.116793
31885		-12.129353	0.233717	11.070351
31886		-12.532137	0.574346	11.116673
31887		-12.833998	0.932343	11.319541
31888		-13.033921	1.257852	11.556998
31889		-13.200684	1.548157	11.874413
31890		-13.358849	1.845456	12.284171
31891		-13.482198	2.170994	12.700420
31892		-13.570647	2.479728	13.115354
31893		-13.688139	2.718030	13.498239
31894		-13.812193	2.932683	13.824134
31895		-13.928497	3.130209	14.061708
31896		-14.058616	3.267250	14.168055
31897		-14.137276	3.369164	14.229305
31898		-14.149643	3.461345	14.276185
31899		-14.148160	3.482785	14.289877
31900		-14.076413	3.525305	14.388643
31901		-13.994202	3.602766	14.587172
31902		-13.936448	3.686056	14.761654
31903		-13.824081	3.829037	14.992083
31904		-13.671363	3.983320	15.247646
31905		-13.511523	4.085224	15.472495
31906		-13.275988	4.179749	15.749971
31907		-12.981615	4.293492	16.006803
31908		-12.685173	4.383117	16.214399
31909		-12.401063	4.429695	16.392322
31910		-12.157944	4.452438	16.528245
31911		-11.960838	4.441883	16.646123
31912		-11.780571	4.418575	16.733804
31913		-11.575331	4.389456	16.843553
31914		-11.364299	4.336190	16.964389
31915		-11.115775	4.278342	17.123636
31916		-10.834723	4.233642	17.282362
31917		-10.539223	4.200373	17.446590
31918		-10.238322	4.156292	17.606928
31919		-9.948889	4.099603	17.705839
31920		-9.658333	4.034882	17.783562
31921		-9.388906	3.943843	17.799203
31922		-9.142134	3.843511	17.758199
31923		-8.899240	3.744623	17.717757
31924		-8.638502	3.669148	17.714388
31925		-8.336261	3.628922	17.750864
31926		-7.997348	3.608072	17.816354
31927		-7.663604	3.586551	17.841699
31928		-7.375326	3.541549	17.767901
31929		-7.126956	3.475836	17.619910
31930		-6.909872	3.399437	17.367668
31931		-6.707526	3.317039	17.071013
31932		-6.484588	3.246036	16.816592
31933		-6.263695	3.184507	16.540723
31934		-6.058205	3.123053	16.264141
31935		-5.885326	3.052308	15.976544
31936		-5.712475	2.968939	15.746114
31937		-5.499973	2.906020	15.599125
31938		-5.255515	2.864354	15.532302
31939		-5.011504	2.821348	15.502447
31940		-4.797096	2.784208	15.420659
31941		-4.628338	2.751068	15.238368
31942		-4.462922	2.693127	15.083935
31943		-4.303343	2.596790	14.937283
31944		-4.116411	2.520831	14.761693
31945		-3.921668	2.466617	14.571397
31946		-3.748657	2.436831	14.392247
31947		-3.591615	2.392997	14.316204
31948		-3.401539	2.357784	14.404769
31949		-3.203269	2.349210	14.554278
31950		-3.049294	2.322101	14.595141
31951		-2.934551	2.266427	14.522349
31952		-2.830743	2.199304	14.373822
31953		-2.748147	2.134240	14.126471
31954		-2.672811	2.070935	13.883691
31955		-2.586968	2.013603	13.649633
31956		-2.484108	1.980403	13.476682
31957		-2.378392	1.946122	13.343599
31958		-2.269320	1.915625	13.214105
31959		-2.178380	1.888974	13.033246
31960		-2.095790	1.855782	12.855779
31961		-2.010410	1.820348	12.678970
31962		-1.924739	1.806215	12.455695
31963		-1.840181	1.781312	12.222099
31964		-1.767869	1.748792	11.918169
31965		-1.699890	1.722132	11.567419
31966		-1.633837	1.669529	11.206809
31967		-1.561785	1.606844	10.856351
31968		-1.472809	1.552801	10.583238
31969		-1.384468	1.494827	10.370764
31970		-1.294657	1.446547	10.160502
31971		-1.194458	1.402491	9.907641
31972		-1.086616	1.353168	9.548912
31973		-1.008954	1.286642	9.128720
31974		-0.952782	1.243537	8.701399
31975		-0.900223	1.210830	8.320588
31976		-0.819773	1.156481	8.078795
31977		-0.728259	1.081204	7.862176
31978		-0.614133	0.986444	7.710920
31979		-0.515676	0.908491	7.520970
31980		-0.442317	0.796723	7.304001
31981		-0.370928	0.684267	7.028873
31982		-0.296311	0.586498	6.754409
31983		-0.240401	0.508728	6.467446
31984		-0.196573	0.444187	6.232895
31985		-0.163351	0.402728	6.005514
31986		-0.149839	0.354906	5.764150
31987		-0.146089	0.313242	5.535154
31988		-0.168558	0.283558	5.286806
31989		-0.196879	0.267728	5.084533
31990		-0.233847	0.250892	4.950639
31991		-0.276742	0.262626	4.899139
31992		-0.329623	0.287961	4.931244
31993		-0.406526	0.277194	4.967242
31994		-0.483510	0.252317	5.021483
31995		-0.566791	0.228825	5.030465
31996		-0.643989	0.192105	5.067711
31997		-0.708640	0.167770	5.102335
31998		-0.783682	0.133279	5.097238
31999		-0.868499	0.084688	5.034103
32000		-0.945406	0.049740	4.979862
32001		-1.025862	0.008521	4.922305
32002		-1.107702	-0.020100	4.851251
32003		-1.193290	-0.042452	4.749539
32004		-1.275274	-0.074774	4.658733
32005		-1.347026	-0.084137	4.627803
32006		-1.430920	-0.091683	4.619849
32007		-1.521459	-0.100588	4.636565
32008		-1.606639	-0.101459	4.687120
32009		-1.690808	-0.106083	4.756789
32010		-1.765384	-0.106000	4.834549
32011		-1.847769	-0.103928	4.902571
32012		-1.936048	-0.115606	4.964927
32013		-2.019545	-0.113072	5.039071
32014		-2.099817	-0.111623	5.121086
32015		-2.183269	-0.116800	5.184633
32016		-2.258158	-0.118351	5.238048
32017		-2.325887	-0.117885	5.276034
32018		-2.391879	-0.126225	5.288450
32019		-2.452787	-0.129781	5.276400
32020		-2.512340	-0.140231	5.237344
32021		-2.572635	-0.153052	5.195032
32022		-2.622200	-0.158566	5.168066
32023		-2.657466	-0.159154	5.191598
32024		-2.672496	-0.156059	5.281937
32025		-2.661038	-0.135351	5.424812
32026		-2.647804	-0.110768	5.545465
32027		-2.653966	-0.109245	5.651769
32028		-2.670215	-0.110376	5.747126
32029		-2.688022	-0.113517	5.831942
32030		-2.706834	-0.120275	5.906982
32031		-2.732102	-0.123752	5.942959
32032		-2.763386	-0.135386	5.962907
32033		-2.794165	-0.147494	5.976634
32034		-2.820750	-0.155457	6.006021
32035		-2.848710	-0.164430	6.051848
32036		-2.876267	-0.169710	6.108492
32037		-2.909936	-0.173582	6.157724
32038		-2.948581	-0.178978	6.180622
32039		-2.992821	-0.189619	6.170856
32040		-3.046654	-0.206799	6.131231
32041		-3.107417	-0.225191	6.070603
32042		-3.163781	-0.238591	6.034650
32043		-3.221778	-0.256354	6.019101
32044		-3.285008	-0.276361	6.010629
32045		-3.354401	-0.293758	6.012050
32046		-3.435503	-0.308737	6.013459
32047		-3.536470	-0.327252	5.993868
32048		-3.646163	-0.347062	5.953402
32049		-3.752352	-0.354470	5.916479
32050		-3.887955	-0.363230	5.813403
32051		-4.046234	-0.387249	5.682231
32052		-4.237810	-0.419678	5.502365
32053		-4.469017	-0.470895	5.238915
32054		-4.727478	-0.546277	4.968686
32055		-4.999954	-0.612681	4.733236
32056		-5.291515	-0.654827	4.511963
32057		-5.618605	-0.707797	4.290379
32058		-5.975753	-0.763505	4.068381
32059		-6.363497	-0.807728	3.824128
32060		-6.780625	-0.870041	3.556307
32061		-7.211784	-0.918208	3.287129
32062		-7.645293	-0.944830	3.059208
32063		-8.095278	-0.962645	2.873410
32064		-8.572194	-0.972591	2.691849
32065		-9.063375	-0.964596	2.541776
32066		-9.563285	-0.941123	2.431087
32067		-10.077171	-0.911308	2.334840
32068		-10.593525	-0.860967	2.241899
32069		-11.107566	-0.795987	2.134193
32070		-11.653258	-0.686797	1.987982
32071		-12.274417	-0.553363	1.795519
32072		-13.040908	-0.502880	1.554398
32073		-13.884988	-0.479921	1.242430
32074		-14.731443	-0.495274	1.002253
32075		-15.505662	-0.511070	1.024494
32076		-16.196237	-0.432019	1.368425
32077		-16.918475	-0.319347	1.970993
32078		-17.700113	-0.126857	2.767049
32079		-18.509721	0.237398	3.798234
32080		-19.337039	0.906314	4.953551
32081		-20.209854	1.897028	5.932493
32082		-21.306241	2.821889	6.369035
32083		-22.620474	3.575622	6.214135
32084		-24.093676	4.139894	5.661815
32085		-25.687374	4.413597	4.769172
32086		-27.237705	4.583492	3.719257
32087		-28.699778	4.699582	2.516918
32088		-30.176476	4.638866	1.146343
32089		-31.719849	4.367465	-0.274131
32090		-33.285610	4.031208	-1.616481
32091		-34.771768	3.774587	-2.827857
32092		-36.158553	3.618690	-3.873029
32093		-37.457311	3.541368	-4.676287
32094		-38.654409	3.564626	-5.218479
32095		-39.717426	3.736136	-5.502746
32096		-40.621473	4.060776	-5.570918
32097		-41.349489	4.508804	-5.478366
32098		-41.907991	5.056315	-5.200989
32099		-42.294586	5.716233	-4.778674
32100		-42.464732	6.499634	-4.236176
32101		-42.438815	7.248645	-3.649869
32102		-42.290770	7.804481	-3.161042
32103		-42.039462	8.228701	-2.718217
32104		-41.682731	8.546004	-2.323756
32105		-41.248952	8.699276	-2.023321
32106		-40.747615	8.651640	-1.813874
32107		-40.148970	8.472339	-1.657335
32108		-39.410767	8.247825	-1.503231
32109		-38.515613	8.015814	-1.340266
32110		-37.467237	7.792233	-1.140513
32111		-36.265973	7.579185	-0.898910
32112		-34.946850	7.328384	-0.651141
32113		-33.571675	6.982953	-0.472851
32114		-32.175049	6.540672	-0.373554
32115		-30.780908	6.037261	-0.332843
32116		-29.384255	5.500159	-0.350721
32117		-27.981508	4.937091	-0.427977
32118		-26.588463	4.341239	-0.582405
32119		-25.211716	3.729058	-0.812476
32120		-23.856626	3.125227	-1.093597
32121		-22.518987	2.540743	-1.376928
32122		-21.190383	2.005967	-1.614796
32123		-19.886730	1.536140	-1.811027
32124		-18.628323	1.150258	-1.919132
32125		-17.436381	0.840712	-1.896424
32126		-16.297663	0.590665	-1.729307
32127		-15.181296	0.426840	-1.342039
32128		-14.076293	0.397555	-0.633934
32129		-13.008258	0.481529	0.481175
32130		-12.042265	0.564596	1.899984
32131		-11.199503	0.612026	3.383884
32132		-10.484668	0.643090	4.906105
32133		-9.929842	0.684079	6.367735
32134		-9.550474	0.717934	7.629253
32135		-9.343120	0.722164	8.602874
32136		-9.303904	0.680192	9.266094
32137		-9.401096	0.607859	9.609578
32138		-9.560328	0.527507	9.718291
32139		-9.738194	0.443996	9.710633
32140		-9.946038	0.330655	9.734545
32141		-10.069236	0.190703	9.855047
32142		-10.049705	0.142175	9.841782
32143		-10.417769	0.064113	9.738671
32144		-10.978325	-0.042504	9.057665
32145		-11.644979	-0.166339	8.535540
32146		-12.135077	-0.128043	8.638601
32147		-12.241974	0.145221	9.028592
32148		-12.168948	0.429444	9.535246
32149		-12.147386	0.675810	9.948194
32150		-12.268365	1.020693	10.008681
32151		-12.623969	1.309162	9.836769
32152		-13.085453	1.517638	9.813328
32153		-13.493215	1.730366	9.837973
32154		-13.831940	1.850324	9.769941
32155		-14.109698	1.868798	9.616921
32156		-14.248112	1.924979	9.528972
32157		-14.227154	2.038691	9.500389
32158		-14.213625	2.124817	9.428019
32159		-14.317227	2.237978	9.362496
32160		-14.531674	2.493609	9.333580
32161		-14.846445	2.816853	9.290071
32162		-15.240090	3.096126	9.184974
32163		-15.639682	3.313424	9.120862
32164		-15.975147	3.521519	9.174776
32165		-16.179394	3.778623	9.373335
32166		-16.223485	4.070365	9.673094
32167		-16.166996	4.306562	9.977757
32168		-16.113395	4.439601	10.269282
32169		-16.177775	4.500650	10.449450
32170		-16.346807	4.563370	10.552209
32171		-16.519154	4.682654	10.709009
32172		-16.697420	4.817867	10.805811
32173		-16.889847	4.896725	10.806077
32174		-17.054565	4.942578	10.822429
32175		-17.104481	5.034212	10.917705
32176		-17.053387	5.128595	11.041849
32177		-16.950887	5.196907	11.249040
32178		-16.757698	5.330794	11.648088
32179		-16.531978	5.512419	12.069189
32180		-16.315440	5.670740	12.494109
32181		-16.068116	5.835310	12.994088
32182		-15.829010	5.972794	13.448251
32183		-15.609342	6.048316	13.832570
32184		-15.367235	6.077091	14.223212
32185		-15.150691	6.062719	14.485944
32186		-14.893791	6.044010	14.750203
32187		-14.608271	6.024512	14.982469
32188		-14.364580	5.974842	15.140846
32189		-14.103377	5.925104	15.346112
32190		-13.774429	5.934591	15.583672
32191		-13.469494	5.936073	15.788179
32192		-13.174607	5.891152	16.011444
32193		-12.827877	5.866378	16.249566
32194		-12.425749	5.871133	16.553293
32195		-12.027914	5.872770	16.857416
32196		-11.651886	5.885637	17.105324
32197		-11.286517	5.865130	17.313881
32198		-10.992511	5.736619	17.402256
32199		-10.741918	5.573260	17.385461
32200		-10.467219	5.440833	17.366101
32201		-10.195996	5.314916	17.307731
32202		-9.918032	5.191098	17.239411
32203		-9.626541	5.069746	17.200968
32204		-9.334207	4.924399	17.178142
32205		-9.049879	4.756475	17.145770
32206		-8.770298	4.587614	17.123655
32207		-8.478006	4.442495	17.140705
32208		-8.168481	4.332123	17.191463
32209		-7.853355	4.257739	17.279572
32210		-7.537719	4.180124	17.398153
32211		-7.281038	4.045809	17.441000
32212		-7.080732	3.866094	17.441272
32213		-6.919584	3.657552	17.485282
32214		-6.809142	3.403152	17.512370
32215		-6.686409	3.245431	17.522040
32216		-6.532858	3.152569	17.577471
32217		-6.382427	3.022640	17.632808
32218		-6.223984	2.840399	17.752261
32219		-6.027849	2.684921	17.905769
32220		-5.807345	2.613180	18.000896
32221		-5.583870	2.579293	18.024493
32222		-5.393979	2.489264	17.933287
32223		-5.195664	2.385050	17.777857
32224		-4.949731	2.321452	17.629532
32225		-4.706200	2.291082	17.468722
32226		-4.469730	2.277703	17.332003
32227		-4.249668	2.254215	17.164395
32228		-4.078656	2.211632	16.952529
32229		-3.934079	2.145574	16.802493
32230		-3.750060	2.097109	16.776857
32231		-3.522517	2.102776	16.812635
32232		-3.323723	2.114766	16.811319
32233		-3.198331	2.107307	16.657142
32234		-3.110647	2.073793	16.416244
32235		-3.040862	2.022835	16.165215
32236		-2.943728	2.002119	15.924063
32237		-2.812425	2.030318	15.780189
32238		-2.706739	2.053885	15.673166
32239		-2.644605	2.080128	15.513568
32240		-2.590673	2.121675	15.305091
32241		-2.588938	2.128185	14.898710
32242		-2.608186	2.100363	14.363824
32243		-2.645051	2.005574	13.814614
32244		-2.658436	1.946778	13.275583
32245		-2.590563	1.946156	12.937257
32246		-2.520993	1.930980	12.743304
32247		-2.437520	1.868430	12.685678
32248		-2.308816	1.801616	12.758848
32249		-2.187418	1.729956	12.875009
32250		-2.076052	1.625721	12.917957
32251		-1.903442	1.520761	12.974384
32252		-1.734434	1.433034	12.985740
32253		-1.558967	1.398271	12.947790
32254		-1.405924	1.395939	12.779450
32255		-1.356958	1.324200	12.412816
32256		-1.355331	1.196910	11.854369
32257		-1.281450	1.134751	11.309590
32258		-1.218595	1.117746	10.756186
32259		-1.261684	1.062776	10.025260
32260		-1.334219	0.938064	9.237320
32261		-1.359951	0.822831	8.547101
32262		-1.357129	0.799159	8.064256
32263		-1.408144	0.768858	7.707098
32264		-1.501718	0.661224	7.499410
32265		-1.552903	0.615435	7.520284
32266		-1.584117	0.655344	7.688491
32267		-1.677052	0.666654	7.792019
32268		-1.803376	0.633973	7.803727
32269		-1.931625	0.608085	7.727030
32270		-2.063362	0.607413	7.603246
32271		-2.201708	0.588886	7.364771
32272		-2.315701	0.550787	7.170743
32273		-2.410698	0.494941	7.076894
32274		-2.504922	0.461613	6.977533
32275		-2.599074	0.418928	6.889071
32276		-2.699475	0.356116	6.786635
32277		-2.774546	0.322456	6.684106
32278		-2.861883	0.293200	6.519863
32279		-2.981289	0.242296	6.256401
32280		-3.107529	0.187564	5.915886
32281		-3.219876	0.157295	5.585308
32282		-3.333408	0.146087	5.311024
32283		-3.449101	0.121249	5.116503
32284		-3.544308	0.095157	5.022672
32285		-3.595573	0.104635	5.046367
32286		-3.633341	0.118463	5.154425
32287		-3.661964	0.119105	5.301655
32288		-3.679236	0.112822	5.412974
32289		-3.683627	0.112005	5.460109
32290		-3.693167	0.103810	5.428750
32291		-3.717894	0.073641	5.312917
32292		-3.747954	0.036416	5.117327
32293		-3.781266	0.002289	4.882934
32294		-3.823163	-0.039167	4.628889
32295		-3.866552	-0.082937	4.370781
32296		-3.914358	-0.121051	4.103538
32297		-3.964225	-0.147399	3.830628
32298		-4.021334	-0.160101	3.563376
32299		-4.097178	-0.178725	3.309780
32300		-4.175829	-0.204788	3.097480
32301		-4.245848	-0.215221	2.939692
32302		-4.314220	-0.221683	2.800525
32303		-4.386557	-0.246904	2.645644
32304		-4.453669	-0.278979	2.482148
32305		-4.512941	-0.288650	2.310393
32306		-4.569336	-0.291760	2.167022
32307		-4.631601	-0.314165	2.049104
32308		-4.683106	-0.328115	1.942864
32309		-4.735098	-0.342873	1.833478
32310		-4.782611	-0.355797	1.748675
32311		-4.826903	-0.342293	1.659289
32312		-4.885357	-0.317872	1.536067
32313		-4.960480	-0.313786	1.417131
32314		-5.040571	-0.305698	1.313180
32315		-5.109609	-0.279916	1.295537
32316		-5.181104	-0.264940	1.344969
32317		-5.265194	-0.248091	1.388136
32318		-5.364394	-0.233458	1.374253
32319		-5.478449	-0.223788	1.274581
32320		-5.605131	-0.223308	1.111966
32321		-5.739412	-0.228320	0.946724
32322		-5.886926	-0.237103	0.823038
32323		-6.050076	-0.241962	0.755558
32324		-6.227806	-0.240942	0.759942
32325		-6.412146	-0.231492	0.794332
32326		-6.617120	-0.231095	0.775914
32327		-6.837323	-0.241230	0.698439
32328		-7.069072	-0.268614	0.602556
32329		-7.298647	-0.287429	0.523573
32330		-7.520175	-0.302677	0.515262
32331		-7.736767	-0.303109	0.609915
32332		-7.974676	-0.280553	0.684655
32333		-8.245711	-0.272134	0.677758
32334		-8.537580	-0.302992	0.631718
32335		-8.825092	-0.318043	0.547355
32336		-9.100583	-0.311696	0.437184
32337		-9.397367	-0.320930	0.280706
32338		-9.715673	-0.320603	0.126368
32339		-10.044485	-0.283980	0.004548
32340		-10.436420	-0.217159	-0.100548
32341		-10.911872	-0.162311	-0.246322
32342		-11.435939	-0.132678	-0.443533
32343		-12.006125	-0.092456	-0.589008
32344		-12.655884	-0.111661	-0.663817
32345		-13.322864	-0.127020	-0.753306
32346		-13.928256	-0.043225	-0.792781
32347		-14.504958	0.023096	-0.788815
32348		-15.076478	0.069398	-0.742671
32349		-15.679140	0.092970	-0.675619
32350		-16.369626	0.045993	-0.639112
32351		-17.099781	0.029476	-0.584723
32352		-17.810310	0.176620	-0.407503
32353		-18.547200	0.549169	-0.182212
32354		-19.393378	1.082845	-0.151078
32355		-20.513714	1.524163	-0.539399
32356		-21.971760	1.708204	-1.347044
32357		-23.548976	1.805537	-2.310889
32358		-25.100586	1.916903	-3.363818
32359		-26.632385	2.013735	-4.517189
32360		-28.174686	2.072898	-5.733829
32361		-29.714474	2.102473	-6.970443
32362		-31.245396	2.098544	-8.153599
32363		-32.819855	2.047248	-9.233898
32364		-34.406278	1.958266	-10.245397
32365		-35.919161	1.876307	-11.170423
32366		-37.341654	1.840176	-11.852147
32367		-38.652835	1.920724	-12.245480
32368		-39.817787	2.198597	-12.352938
32369		-40.847149	2.666978	-12.208936
32370		-41.765663	3.259450	-11.906944
32371		-42.569563	3.942806	-11.516268
32372		-43.246488	4.697847	-11.058907
32373		-43.769025	5.505582	-10.542131
32374		-44.123425	6.349050	-9.952498
32375		-44.317204	7.174329	-9.295853
32376		-44.384308	7.891083	-8.664364
32377		-44.327833	8.476087	-8.126252
32378		-44.145048	8.926269	-7.636806
32379		-43.870167	9.196246	-7.232457
32380		-43.523167	9.303412	-6.909121
32381		-43.101989	9.280122	-6.643639
32382		-42.575102	9.181930	-6.403973
32383		-41.911851	9.032022	-6.158675
32384		-41.098617	8.853263	-5.871459
32385		-40.113848	8.682060	-5.504402
32386		-38.962939	8.504313	-5.083695
32387		-37.693235	8.266737	-4.675441
32388		-36.347996	7.956610	-4.292326
32389		-34.955473	7.578217	-3.971863
32390		-33.529785	7.144915	-3.718496
32391		-32.063909	6.677145	-3.505645
32392		-30.558099	6.200786	-3.315447
32393		-29.044004	5.700792	-3.177867
32394		-27.541542	5.187204	-3.123718
32395		-26.045687	4.693431	-3.071512
32396		-24.595768	4.184897	-3.000727
32397		-23.224264	3.679077	-2.948528
32398		-21.941826	3.242071	-2.849563
32399		-20.750606	2.897755	-2.596550
32400		-19.699334	2.557426	-2.212298
32401		-18.787236	2.194740	-1.892158
32402		-17.951512	1.872001	-1.561950
32403		-17.159804	1.598302	-1.152284
32404		-16.394417	1.405163	-0.664733
32405		-15.668027	1.286688	-0.007270
32406		-15.005041	1.221125	0.770416
32407		-14.374214	1.227526	1.561278
32408		-13.809884	1.226625	2.282766
32409		-13.351885	1.171027	2.915417
32410		-12.979270	1.126033	3.380352
32411		-12.671130	1.075464	3.761539
32412		-12.443155	0.988379	4.006509
32413		-12.294663	0.880986	4.007123
32414		-12.238553	0.768301	3.793095
32415		-12.275968	0.646820	3.461576
32416		-12.357416	0.537682	3.070956
32417		-12.457429	0.461253	2.796724
32418		-12.455249	0.466950	2.739499
32419		-12.450912	0.548485	2.732934
32420		-12.514600	0.688948	2.789462
32421		-12.760424	0.640205	2.564219
32422		-13.119879	0.522225	2.608577
32423		-13.268179	0.670713	3.168692
32424		-13.258961	0.888727	3.820846
32425		-13.376554	0.860276	4.174568
32426		-13.584858	0.833233	4.481586
32427		-13.817110	1.018930	4.957339
32428		-14.084543	1.271954	5.436790
32429		-14.363814	1.450931	5.891404
32430		-14.561078	1.556881	6.315133
32431		-14.588094	1.656762	6.643097
32432		-14.486033	1.711577	6.875261
32433		-14.423711	1.674583	6.965274
32434		-14.522794	1.622365	6.908183
32435		-14.750715	1.675125	6.769478
32436		-15.068738	1.786614	6.618991
32437		-15.448581	1.889381	6.471415
32438		-15.826090	1.975174	6.391687
32439		-16.154463	2.064607	6.385829
32440		-16.400373	2.189016	6.455560
32441		-16.532901	2.359003	6.621943
32442		-16.592666	2.534785	6.820216
32443		-16.648784	2.687775	7.009547
32444		-16.737781	2.839359	7.207443
32445		-16.816543	3.048214	7.449566
32446		-16.914433	3.294136	7.677207
32447		-17.082174	3.522876	7.835894
32448		-17.252344	3.775511	8.040201
32449		-17.374091	4.052020	8.309067
32450		-17.446173	4.300612	8.577511
32451		-17.487885	4.511396	8.838156
32452		-17.546597	4.667689	9.038598
32453		-17.597544	4.824085	9.242683
32454		-17.652495	4.967583	9.417872
32455		-17.722343	5.091042	9.526425
32456		-17.749054	5.252556	9.734166
32457		-17.752073	5.462589	9.959496
32458		-17.772342	5.658421	10.147437
32459		-17.800633	5.835477	10.336988
32460		-17.826055	5.997093	10.468468
32461		-17.807200	6.134102	10.588847
32462		-17.759638	6.223275	10.703635
32463		-17.694051	6.275546	10.768098
32464		-17.603490	6.317658	10.853666
32465		-17.520654	6.334854	10.890946
32466		-17.418248	6.377972	10.977169
32467		-17.338899	6.437786	11.078530
32468		-17.229010	6.514368	11.202729
32469		-17.034182	6.636930	11.471403
32470		-16.830571	6.752306	11.804769
32471		-16.540403	6.885109	12.223467
32472		-16.122657	7.072456	12.778393
32473		-15.738846	7.174104	13.257833
32474		-15.439286	7.189607	13.609609
32475		-15.166933	7.206771	13.901725
32476		-14.921246	7.192424	14.079776
32477		-14.638138	7.142296	14.215836
32478		-14.313239	7.099597	14.293321
32479		-14.040023	7.044858	14.293934
32480		-13.807472	6.991444	14.270951
32481		-13.597612	6.974587	14.160603
32482		-13.406248	6.923946	13.991170
32483		-13.163143	6.855135	13.881876
32484		-12.865401	6.784923	13.786494
32485		-12.540435	6.700559	13.658975
32486		-12.144515	6.629298	13.601201
32487		-11.772917	6.557501	13.407666
32488		-11.550619	6.380076	12.987438
32489		-11.433321	6.152640	12.456028
32490		-11.345995	5.980943	11.855133
32491		-11.267667	5.836142	11.187643
32492		-11.193022	5.669635	10.541119
32493		-11.081028	5.490422	10.003442
32494		-10.845393	5.370233	9.659111
32495		-10.533985	5.307797	9.444641
32496		-10.236921	5.218774	9.305687
32497		-9.924472	5.128375	9.295508
32498		-9.660861	5.041540	9.212200
32499		-9.495589	4.949686	8.945860
32500		-9.321254	4.867067	8.694323
32501		-9.221826	4.715082	8.291964
32502		-9.124947	4.546611	7.861343
32503		-8.959032	4.439499	7.480777
32504		-8.750825	4.364738	7.146504
32505		-8.566776	4.266493	6.856426
32506		-8.433815	4.131798	6.568259
32507		-8.336985	3.985192	6.301729
32508		-8.226217	3.869563	6.084664
32509		-8.047091	3.794907	5.964538
32510		-7.795970	3.761821	5.895337
32511		-7.562782	3.714549	5.721893
32512		-7.378315	3.600088	5.483132
32513		-7.203750	3.452297	5.255947
32514		-7.041666	3.328866	5.069270
32515		-6.885607	3.234604	4.880442
32516		-6.742884	3.121874	4.713128
32517		-6.573528	2.992138	4.664917
32518		-6.362672	2.888559	4.665896
32519		-6.109858	2.830181	4.708829
32520		-5.885049	2.761711	4.673666
32521		-5.696856	2.684416	4.544606
32522		-5.535615	2.601722	4.322751
32523		-5.409547	2.496792	3.997661
32524		-5.249296	2.429800	3.766939
32525		-5.091085	2.367824	3.577819
32526		-4.970624	2.286581	3.345691
32527		-4.857537	2.240205	3.169467
32528		-4.768504	2.186001	3.031896
32529		-4.685038	2.152208	2.962721
32530		-4.578292	2.140041	3.025819
32531		-4.464215	2.108898	3.168614
32532		-4.326248	2.052973	3.357917
32533		-4.096261	2.039380	3.700725
32534		-3.864103	2.047755	4.044363
32535		-3.691277	2.067745	4.226224
32536		-3.558605	1.989778	4.135302
32537		-3.369842	1.792371	3.913977
32538		-3.033547	1.762709	3.720073
32539		-2.687286	1.815909	3.549582
32540		-2.439354	1.783359	3.347792
32541		-2.228619	1.693362	3.100372
32542		-1.976271	1.574689	2.906702
32543		-1.658783	1.506313	2.782248
32544		-1.345021	1.472797	2.645571
32545		-1.103509	1.371462	2.419135
32546		-0.910126	1.239544	2.087085
32547		-0.716607	1.163419	1.776784
32548		-0.538321	1.153378	1.610884
32549		-0.414128	1.150386	1.605296
32550		-0.353008	1.115007	1.725718
32551		-0.311817	1.080919	1.965884
32552		-0.261633	1.081242	2.360906
32553		-0.211289	1.134823	2.856393
32554		-0.203150	1.201003	3.333440
32555		-0.261799	1.178680	3.701560
32556		-0.338116	1.148209	3.906810
32557		-0.376920	1.162539	4.084110
32558		-0.415860	1.179967	4.191531
32559		-0.452392	1.196472	4.238825
32560		-0.477876	1.195272	4.239624
32561		-0.485230	1.181865	4.217122
32562		-0.467216	1.183712	4.251087
32563		-0.469697	1.179398	4.266375
32564		-0.493646	1.152480	4.226554
32565		-0.514947	1.133630	4.156824
32566		-0.517361	1.140756	4.151057
32567		-0.520448	1.142693	4.186972
32568		-0.531444	1.126812	4.241008
32569		-0.546718	1.115332	4.298574
32570		-0.571098	1.114242	4.349949
32571		-0.601033	1.109832	4.399108
32572		-0.624188	1.121556	4.454743
32573		-0.648563	1.136651	4.501982
32574		-0.674078	1.154922	4.580932
32575		-0.689552	1.179599	4.741408
32576		-0.696957	1.202902	4.946268
32577		-0.714774	1.219108	5.117962
32578		-0.745897	1.211427	5.222679
32579		-0.783505	1.194238	5.275582
32580		-0.815990	1.191422	5.298922
32581		-0.851366	1.197086	5.312570
32582		-0.896192	1.193926	5.334097
32583		-0.946359	1.190866	5.362887
32584		-0.994657	1.190350	5.420998
32585		-1.047786	1.179549	5.493364
32586		-1.102127	1.174013	5.566767
32587		-1.145574	1.183006	5.662967
32588		-1.183136	1.199085	5.765685
32589		-1.225995	1.215190	5.833021
32590		-1.277184	1.220766	5.865302
32591		-1.341824	1.220084	5.859180
32592		-1.417596	1.211409	5.816576
32593		-1.489525	1.203854	5.794336
32594		-1.552382	1.205181	5.815628
32595		-1.610926	1.207295	5.859972
32596		-1.666545	1.203281	5.918401
32597		-1.715769	1.196488	5.978945
32598		-1.761048	1.188808	6.013425
32599		-1.796235	1.187786	6.040229
32600		-1.824634	1.190131	6.050367
32601		-1.854227	1.188718	6.042907
32602		-1.888627	1.180549	6.025999
32603		-1.909504	1.174474	6.017783
32604		-1.924222	1.177118	6.009660
32605		-1.940587	1.173901	5.982021
32606		-1.965144	1.162575	5.912327
32607		-1.994576	1.149796	5.805496
32608		-2.018784	1.134136	5.699826
32609		-2.029243	1.122682	5.625692
32610		-2.040855	1.113692	5.559744
32611		-2.040714	1.100894	5.513814
32612		-2.034817	1.094956	5.480720
32613		-2.031965	1.087692	5.437071
32614		-2.028398	1.073461	5.386657
32615		-2.010434	1.070001	5.356105
32616		-1.989010	1.078347	5.332452
32617		-1.970630	1.083044	5.313671
32618		-1.956689	1.080171	5.300879
32619		-1.947051	1.082688	5.289608
32620		-1.948300	1.078705	5.277561
32621		-1.951566	1.070710	5.264302
32622		-1.957202	1.070649	5.243947
32623		-1.969092	1.077407	5.220743
32624		-1.988815	1.083701	5.199729
32625		-2.007941	1.095605	5.180180
32626		-2.020238	1.111665	5.181482
32627		-2.029533	1.122679	5.208370
32628		-2.037829	1.143197	5.254348
32629		-2.055910	1.159937	5.294660
32630		-2.075211	1.171307	5.337129
32631		-2.085969	1.189614	5.386812
32632		-2.096288	1.205551	5.439528
32633		-2.103869	1.217744	5.492241
32634		-2.115617	1.231560	5.540894
32635		-2.122491	1.246465	5.597441
32636		-2.134109	1.261409	5.637779
32637		-2.142008	1.274946	5.664860
32638		-2.155215	1.284421	5.664359
32639		-2.169835	1.291693	5.648720
32640		-2.182379	1.295720	5.631503
32641		-2.193187	1.300649	5.614392
32642		-2.205829	1.302904	5.602346
32643		-2.213013	1.312116	5.604344
32644		-2.217671	1.322440	5.611006
32645		-2.222004	1.329247	5.629156
32646		-2.228672	1.338544	5.653200
32647		-2.235094	1.347736	5.685973
32648		-2.242943	1.361138	5.729216
32649		-2.247326	1.377978	5.784970
32650		-2.251010	1.396208	5.848061
32651		-2.249866	1.419366	5.904821
32652		-2.248047	1.432879	5.981655
32653		-2.246404	1.444431	6.060247
32654		-2.254943	1.445807	6.114848
32655		-2.266271	1.444329	6.150221
32656		-2.276630	1.443947	6.148449
32657		-2.284336	1.442441	6.118499
32658		-2.290222	1.441334	6.079047
32659		-2.296433	1.437147	6.028606
32660		-2.305138	1.425999	5.978233
32661		-2.309763	1.417184	5.938653
32662		-2.307021	1.410637	5.922682
32663		-2.299543	1.407535	5.920142
32664		-2.289769	1.403348	5.919145
32665		-2.283821	1.396519	5.911354
32666		-2.277390	1.394707	5.903018
32667		-2.269124	1.394049	5.909496
32668		-2.260973	1.391207	5.922656
32669		-2.257489	1.389434	5.931154
32670		-2.259740	1.387105	5.931517
32671		-2.263863	1.383697	5.938218
32672		-2.262940	1.383822	5.950680
32673		-2.263267	1.389575	5.952715
32674		-2.266467	1.387551	5.938184
32675		-2.269771	1.390281	5.917372
32676		-2.274391	1.392125	5.887618
32677		-2.273277	1.380344	5.876416
32678		-2.266065	1.373057	5.871144
32679		-2.258469	1.370127	5.862266
32680		-2.250501	1.364125	5.853284
32681		-2.241617	1.356412	5.841825
32682		-2.235439	1.346584	5.835173
32683		-2.225613	1.340136	5.839842
32684		-2.215353	1.332882	5.848682
32685		-2.207545	1.326760	5.857191
32686		-2.201761	1.322328	5.866031
32687		-2.200442	1.317300	5.867879
32688		-2.199004	1.311781	5.869983
32689		-2.195152	1.307602	5.871715
32690		-2.192666	1.304627	5.875198
32691		-2.195874	1.296988	5.870315
32692		-2.196579	1.290467	5.870041
32693		-2.195391	1.284581	5.875132
32694		-2.194377	1.281714	5.878882
32695		-2.191513	1.285143	5.889474
32696		-2.188614	1.284762	5.904361
32697		-2.185820	1.283263	5.917799
32698		-2.182431	1.282481	5.935376
32699		-2.183052	1.281097	5.937099
32700		-2.181402	1.281344	5.933181
32701		-2.180606	1.279204	5.931553
32702		-2.182713	1.272966	5.925193
32703		-2.185111	1.267267	5.919799
32704		-2.184580	1.263215	5.919684
32705		-2.183791	1.263122	5.928710
32706		-2.187386	1.259072	5.933311
32707		-2.187583	1.255521	5.942975
32708		-2.190070	1.256267	5.953288
32709		-2.192223	1.256390	5.962853
32710		-2.193534	1.257351	5.968985
32711		-2.196415	1.255709	5.972764
32712		-2.198402	1.253976	5.975075
32713		-2.203935	1.251226	5.964455
32714		-2.210644	1.244890	5.950613
32715		-2.214258	1.242555	5.940342
32716		-2.214698	1.237713	5.933673
32717		-2.214373	1.239098	5.931638
32718		-2.215857	1.239638	5.929479
32719		-2.220027	1.238023	5.932373
32720		-2.223982	1.238884	5.942956
32721		-2.228563	1.238836	5.955632
32722		-2.233812	1.240235	5.974777
32723		-2.235923	1.242490	5.995083
32724		-2.237280	1.249126	6.002765
32725		-2.240254	1.254090	6.006300
32726		-2.245557	1.252228	6.002083
32727		-2.250997	1.253302	5.996702
32728		-2.257402	1.252475	5.981968
32729		-2.260649	1.251519	5.970367
32730		-2.257456	1.256572	5.963343
32731		-2.257597	1.264713	5.963432
32732		-2.261902	1.271572	5.971649
32733		-2.263748	1.281786	5.990164
32734		-2.266925	1.287044	6.026755
32735		-2.268605	1.294860	6.067189
32736		-2.272997	1.302983	6.089306
32737		-2.285101	1.306228	6.097565
32738		-2.300406	1.309590	6.102676
32739		-2.316373	1.312930	6.107939
32740		-2.331458	1.319906	6.123693
32741		-2.345276	1.323553	6.155986
32742		-2.357561	1.325079	6.186766
32743		-2.372311	1.322264	6.210740
32744		-2.387270	1.310651	6.220702
32745		-2.403496	1.302483	6.209627
32746		-2.415411	1.293235	6.183271
32747		-2.430170	1.287192	6.148849
32748		-2.445023	1.279219	6.114699
32749		-2.458316	1.271374	6.085169
32750		-2.468333	1.266594	6.059629
32751		-2.476859	1.255430	6.040171
32752		-2.483673	1.240429	6.017340
32753		-2.487971	1.230043	5.990022
32754		-2.490224	1.219768	5.957176
32755		-2.498826	1.211557	5.919202
32756		-2.500988	1.203548	5.890687
32757		-2.505787	1.198146	5.870449
32758		-2.507321	1.193230	5.861616
32759		-2.504810	1.191885	5.877463
32760		-2.500253	1.186993	5.903195
32761		-2.501627	1.175041	5.924029
32762		-2.504931	1.167378	5.936585
32763		-2.507414	1.165434	5.944217
32764		-2.511034	1.162312	5.946858
32765		-2.516962	1.157767	5.949906
32766		-2.516821	1.152675	5.966948
32767		-2.511735	1.148495	5.998363
32768		-2.504939	1.146881	6.030789
32769		-2.494291	1.146114	6.075607
32770		-2.487258	1.142302	6.123510
32771		-2.484167	1.137958	6.149506
32772		-2.482847	1.136233	6.164710
32773		-2.481720	1.130380	6.171019
32774		-2.481159	1.123676	6.178090
32775		-2.477659	1.116056	6.192069
32776		-2.471457	1.113451	6.215507
32777		-2.472103	1.110537	6.245182
32778		-2.472022	1.103558	6.273801
32779		-2.475498	1.096910	6.296939
32780		-2.480600	1.094301	6.315755
32781		-2.485400	1.085708	6.321364
32782		-2.492194	1.080778	6.315100
32783		-2.503177	1.072692	6.295646
32784		-2.510871	1.064592	6.277282
32785		-2.514611	1.058000	6.273821
32786		-2.519905	1.048722	6.273300
32787		-2.524227	1.043386	6.265219
32788		-2.531039	1.037908	6.249441
32789		-2.537380	1.030977	6.228745
32790		-2.543346	1.025989	6.204862
32791		-2.549047	1.022775	6.180106
32792		-2.552094	1.022186	6.165542
32793		-2.552606	1.025620	6.164880
32794		-2.550248	1.027502	6.173085
32795		-2.548919	1.026309	6.181691
32796		-2.546313	1.025612	6.189491
32797		-2.544418	1.022683	6.186948
32798		-2.540688	1.020039	6.179868
32799		-2.537212	1.023539	6.174531
32800		-2.539987	1.020916	6.169081
32801		-2.547144	1.016592	6.165557
32802		-2.555128	1.015549	6.163852
32803		-2.560119	1.020126	6.168225
32804		-2.568168	1.023170	6.166868
32805		-2.576475	1.022887	6.154455
32806		-2.586420	1.023517	6.135623
32807		-2.598743	1.020365	6.112892
32808		-2.609335	1.018826	6.099780
32809		-2.619935	1.018202	6.096025
32810		-2.631357	1.016174	6.091022
32811		-2.639949	1.018245	6.091473
32812		-2.652162	1.017455	6.089382
32813		-2.669872	1.015927	6.071878
32814		-2.685012	1.014930	6.054466
32815		-2.698497	1.014597	6.044294
32816		-2.712562	1.011929	6.034253
32817		-2.723303	1.011401	6.031522
32818		-2.733853	1.010405	6.027930
32819		-2.744130	1.004083	6.021154
32820		-2.757180	0.992684	6.010684
32821		-2.765710	0.982110	5.995409
32822		-2.776353	0.972905	5.964995
32823		-2.787268	0.961905	5.931935
32824		-2.799772	0.949092	5.898785
32825		-2.810443	0.938539	5.873351
32826		-2.814693	0.930536	5.861555
32827		-2.817536	0.924276	5.856455
32828		-2.817787	0.917582	5.853788
32829		-2.822499	0.904514	5.843347
32830		-2.821031	0.896148	5.831655
32831		-2.819732	0.889405	5.806213
32832		-2.819368	0.879830	5.773340
