// General information: 
//  MT Manager version: 2021.4.0 
//  XDA version: 2021.4.0 build 6323 rev 112641 built on 2021-09-28
// Device information: 
//  DeviceId: 00B43773
//  ProductCode: MTW2-3A7G6
//  Firmware Version: 4.3.4
//  Hardware Version: 1.1.0
// Device settings: 
//  Filter Profile: human(46.1)
//  Option Flags: Orientation Smoother Disabled, Position/Velocity Smoother Disabled, Continuous Zero Rotation Update Disabled, AHS Disabled, ICC Disabled
// Coordinate system: ENU
PacketCounter	Roll	Pitch	Yaw
09904	-0.233848	0.867112	0.123964
09905	-0.230809	0.872903	0.127855
09906	-0.229160	0.878274	0.130611
09907	-0.231381	0.879701	0.130532
09908	-0.236880	0.883277	0.129331
09909	-0.240828	0.888002	0.127355
09910	-0.241237	0.893942	0.129506
09911	-0.237295	0.898888	0.133237
09912	-0.237312	0.902733	0.134257
09913	-0.239148	0.905942	0.132765
09914	-0.237791	0.908803	0.131812
09915	-0.237211	0.910667	0.131613
09916	-0.240766	0.910719	0.130433
09917	-0.238255	0.910201	0.125259
09918	-0.228257	0.907862	0.132100
09919	-0.220857	0.908751	0.137260
09920	-0.222509	0.903902	0.133171
09921	-0.230175	0.897560	0.126022
09922	-0.231796	0.892738	0.122342
09923	-0.230129	0.887049	0.122210
09924	-0.226027	0.882550	0.120703
09925	-0.224124	0.877967	0.121230
09926	-0.224351	0.870990	0.120662
09927	-0.224505	0.865627	0.118268
09928	-0.225520	0.858604	0.118586
09929	-0.234037	0.848267	0.111532
09930	-0.246058	0.839040	0.102859
09931	-0.244311	0.834960	0.100509
09932	-0.237260	0.834065	0.107229
09933	-0.232752	0.834085	0.109777
09934	-0.231850	0.834777	0.107809
09935	-0.231671	0.833494	0.106440
09936	-0.231292	0.830409	0.105719
09937	-0.228558	0.825914	0.105938
09938	-0.233027	0.821591	0.102556
09939	-0.236064	0.815360	0.097552
09940	-0.232228	0.809565	0.100654
09941	-0.226233	0.805178	0.104439
09942	-0.232832	0.796093	0.097202
09943	-0.240193	0.788561	0.088281
09944	-0.237538	0.785968	0.088648
09945	-0.223351	0.784514	0.096581
09946	-0.209370	0.786872	0.104537
09947	-0.206404	0.784663	0.100465
09948	-0.216960	0.782313	0.090706
09949	-0.215493	0.781968	0.087765
09950	-0.200216	0.786998	0.098240
09951	-0.186824	0.791904	0.104336
09952	-0.188213	0.790728	0.098802
09953	-0.189629	0.789517	0.093248
09954	-0.181826	0.788339	0.097111
09955	-0.172257	0.786772	0.102903
09956	-0.176798	0.781087	0.096111
09957	-0.183077	0.776117	0.090119
09958	-0.180257	0.773249	0.087786
09959	-0.175916	0.771227	0.089821
09960	-0.168111	0.770013	0.093769
09961	-0.167625	0.768904	0.093206
09962	-0.170817	0.764563	0.087251
09963	-0.167086	0.762197	0.087670
09964	-0.155411	0.760502	0.095994
09965	-0.152442	0.757114	0.096868
09966	-0.163537	0.747100	0.088259
09967	-0.171653	0.738554	0.079784
09968	-0.170385	0.732169	0.081267
09969	-0.160306	0.727972	0.088305
09970	-0.157959	0.722690	0.090442
09971	-0.167338	0.717113	0.083761
09972	-0.172445	0.712451	0.078316
09973	-0.170075	0.710080	0.080160
09974	-0.164317	0.710870	0.086103
09975	-0.159510	0.711059	0.089458
09976	-0.160508	0.710542	0.087465
09977	-0.161075	0.710784	0.084186
09978	-0.155513	0.712035	0.086669
09979	-0.153646	0.713654	0.089850
09980	-0.153914	0.714014	0.087068
09981	-0.158651	0.712453	0.082747
09982	-0.155617	0.716930	0.083989
09983	-0.147999	0.718917	0.089811
09984	-0.146380	0.724334	0.092544
09985	-0.150096	0.728809	0.088650
09986	-0.148310	0.733879	0.088711
09987	-0.144977	0.739838	0.093421
09988	-0.140850	0.744537	0.094593
09989	-0.140243	0.750310	0.094619
09990	-0.146300	0.752716	0.091886
09991	-0.146525	0.758401	0.092221
09992	-0.141145	0.763799	0.097160
09993	-0.137906	0.766785	0.101503
09994	-0.139128	0.768953	0.099042
09995	-0.141112	0.771489	0.099623
09996	-0.138445	0.772893	0.100108
09997	-0.138765	0.775606	0.100073
09998	-0.141885	0.778322	0.101504
09999	-0.146890	0.781863	0.099176
10000	-0.149035	0.786243	0.098984
10001	-0.144855	0.793654	0.105974
10002	-0.142457	0.802417	0.111658
10003	-0.146521	0.810384	0.111974
10004	-0.145318	0.817544	0.113831
10005	-0.141952	0.827416	0.118768
10006	-0.142533	0.836586	0.122986
10007	-0.146054	0.845834	0.124770
10008	-0.149880	0.855903	0.126289
10009	-0.150822	0.865844	0.129883
10010	-0.150767	0.877885	0.133488
10011	-0.151235	0.890041	0.138405
10012	-0.151570	0.902888	0.140739
10013	-0.156377	0.912388	0.139140
10014	-0.157486	0.922674	0.145077
10015	-0.155774	0.932377	0.150628
10016	-0.162007	0.937967	0.149480
10017	-0.169490	0.943802	0.145696
10018	-0.171875	0.948125	0.145458
10019	-0.170802	0.953574	0.149170
10020	-0.170176	0.958375	0.148402
10021	-0.172293	0.962789	0.148683
10022	-0.171085	0.967605	0.147538
10023	-0.171301	0.973302	0.147868
10024	-0.166389	0.980345	0.151329
10025	-0.161750	0.987252	0.154480
10026	-0.159255	0.994340	0.154136
10027	-0.157212	0.999194	0.152888
10028	-0.150623	1.002520	0.156107
10029	-0.143839	1.003056	0.159674
10030	-0.144961	1.002850	0.160978
10031	-0.152727	1.002308	0.153717
10032	-0.155549	1.002318	0.151396
10033	-0.149719	1.006000	0.157561
10034	-0.146713	1.007881	0.161085
10035	-0.151134	1.007866	0.160134
10036	-0.160404	1.007683	0.157042
10037	-0.170290	1.006115	0.151650
10038	-0.171198	1.004846	0.157591
10039	-0.167353	1.005631	0.165921
10040	-0.179223	1.000765	0.161035
10041	-0.199220	0.993630	0.148820
10042	-0.204573	0.991949	0.150042
10043	-0.199409	0.996402	0.161977
10044	-0.206091	0.994392	0.163380
10045	-0.223407	0.990927	0.153350
10046	-0.231407	0.990434	0.153446
10047	-0.232996	0.993583	0.157559
10048	-0.236215	0.994222	0.159527
10049	-0.240925	0.995401	0.160353
10050	-0.247195	0.997006	0.159062
10051	-0.249951	0.997167	0.157503
10052	-0.246908	1.002009	0.160590
10053	-0.245577	1.001172	0.167254
10054	-0.250283	0.999667	0.163371
10055	-0.260197	0.994188	0.157758
10056	-0.263143	0.992387	0.155289
10057	-0.259690	0.992574	0.160083
10058	-0.259061	0.992048	0.162899
10059	-0.267500	0.990915	0.158819
10060	-0.269803	0.989103	0.156788
10061	-0.266961	0.988946	0.159965
10062	-0.265093	0.985724	0.162523
10063	-0.267797	0.982402	0.163474
10064	-0.276721	0.977163	0.159610
10065	-0.287241	0.971341	0.152381
10066	-0.288396	0.966194	0.152941
10067	-0.280586	0.962825	0.161601
10068	-0.279950	0.959794	0.161563
10069	-0.294585	0.949873	0.150838
10070	-0.299741	0.946114	0.145997
10071	-0.287997	0.943435	0.155056
10072	-0.278752	0.942038	0.161541
10073	-0.288740	0.936132	0.153199
10074	-0.298671	0.930290	0.145632
10075	-0.299847	0.929012	0.145682
10076	-0.292376	0.928972	0.151506
10077	-0.286667	0.928311	0.154725
10078	-0.289463	0.924580	0.152888
10079	-0.296411	0.920213	0.145103
10080	-0.298817	0.917252	0.141020
10081	-0.292277	0.916677	0.143935
10082	-0.286630	0.916067	0.146325
10083	-0.291137	0.914261	0.140062
10084	-0.292192	0.913068	0.141893
10085	-0.284957	0.914451	0.144210
10086	-0.284394	0.915805	0.147997
10087	-0.285896	0.911626	0.142068
10088	-0.285572	0.908079	0.139597
10089	-0.280170	0.907245	0.142008
10090	-0.276218	0.906460	0.138783
10091	-0.275280	0.904841	0.134377
10092	-0.275569	0.905190	0.131660
10093	-0.266995	0.904024	0.134922
10094	-0.256798	0.903208	0.136923
10095	-0.255781	0.902018	0.135248
10096	-0.260508	0.899035	0.128745
10097	-0.261998	0.896221	0.125400
10098	-0.255985	0.896660	0.130426
10099	-0.252148	0.898630	0.133816
10100	-0.250633	0.897482	0.130576
10101	-0.255091	0.892193	0.126819
10102	-0.253210	0.887667	0.127123
10103	-0.253419	0.884604	0.127160
10104	-0.258358	0.881044	0.121765
10105	-0.263420	0.875412	0.116391
10106	-0.258775	0.874593	0.120284
10107	-0.248999	0.872749	0.124197
10108	-0.250846	0.869125	0.120310
10109	-0.254840	0.864688	0.115293
10110	-0.253088	0.862724	0.114461
10111	-0.247855	0.859846	0.116357
10112	-0.246677	0.856804	0.115440
10113	-0.246265	0.855272	0.112147
10114	-0.244508	0.853737	0.113134
10115	-0.243490	0.852549	0.111459
10116	-0.242700	0.852935	0.106485
10117	-0.237604	0.851929	0.108088
10118	-0.228248	0.857774	0.112669
10119	-0.219343	0.860692	0.116966
10120	-0.214321	0.866036	0.114833
10121	-0.211069	0.870216	0.114246
10122	-0.205374	0.876196	0.114396
10123	-0.196907	0.880815	0.117594
10124	-0.189969	0.887706	0.123261
10125	-0.187684	0.893672	0.122688
10126	-0.189639	0.895085	0.121033
10127	-0.186672	0.901818	0.124810
10128	-0.181605	0.908122	0.129854
10129	-0.180546	0.912213	0.130989
10130	-0.181344	0.918645	0.130840
10131	-0.176946	0.924446	0.133347
10132	-0.171547	0.931272	0.141359
10133	-0.165911	0.940312	0.144746
10134	-0.170983	0.945183	0.143900
10135	-0.175803	0.950794	0.142069
10136	-0.173073	0.956792	0.147041
10137	-0.170799	0.961568	0.151415
10138	-0.175095	0.964768	0.151027
10139	-0.178510	0.966893	0.150283
10140	-0.175856	0.972272	0.158394
10141	-0.184039	0.973621	0.157546
10142	-0.203748	0.971634	0.145975
10143	-0.209569	0.975117	0.143926
10144	-0.191322	0.984737	0.164886
10145	-0.182615	0.990634	0.176291
10146	-0.195540	0.991803	0.167274
10147	-0.208488	0.992208	0.158786
10148	-0.200158	0.997423	0.164957
10149	-0.179733	1.003768	0.179804
10150	-0.172914	1.005839	0.186642
10151	-0.186581	1.001563	0.173572
10152	-0.197358	0.995081	0.159339
10153	-0.182525	0.992984	0.169129
10154	-0.161866	0.993635	0.186293
10155	-0.163921	0.986994	0.183820
10156	-0.179741	0.972272	0.165364
10157	-0.186488	0.963751	0.155401
10158	-0.178574	0.957225	0.162041
10159	-0.166657	0.950352	0.168966
10160	-0.175363	0.940456	0.158590
10161	-0.180366	0.932534	0.150754
10162	-0.172702	0.930013	0.156727
10163	-0.167639	0.925088	0.158106
10164	-0.174337	0.920533	0.154663
10165	-0.178336	0.914743	0.147043
10166	-0.173505	0.913090	0.152923
10167	-0.162752	0.912174	0.162009
10168	-0.163218	0.905770	0.161598
10169	-0.177572	0.898176	0.146540
10170	-0.180623	0.896055	0.140863
10171	-0.154203	0.900358	0.161554
10172	-0.133645	0.902659	0.173970
10173	-0.155016	0.894975	0.152845
10174	-0.179369	0.882002	0.132323
10175	-0.165529	0.878968	0.136945
10176	-0.130286	0.877038	0.163093
10177	-0.119690	0.865143	0.163808
10178	-0.133224	0.847944	0.147370
10179	-0.145522	0.833714	0.137520
10180	-0.148566	0.820405	0.128398
10181	-0.131913	0.814470	0.142946
10182	-0.127720	0.808745	0.150561
10183	-0.141921	0.799286	0.135797
10184	-0.144548	0.794475	0.130199
10185	-0.127403	0.791950	0.141131
10186	-0.113348	0.789840	0.152559
10187	-0.118400	0.782864	0.144576
10188	-0.130714	0.773372	0.133099
10189	-0.132159	0.765717	0.129657
10190	-0.121049	0.762294	0.138456
10191	-0.115551	0.757026	0.143514
10192	-0.129359	0.749025	0.131722
10193	-0.141343	0.742379	0.120416
10194	-0.138103	0.736828	0.118598
10195	-0.120334	0.737198	0.128789
10196	-0.106960	0.735741	0.138426
10197	-0.115942	0.725362	0.124862
10198	-0.116499	0.716225	0.114288
10199	-0.100499	0.710725	0.119531
10200	-0.088330	0.704803	0.116329
10201	-0.077667	0.700745	0.117494
10202	-0.072441	0.691959	0.110494
10203	-0.056572	0.678208	0.112530
10204	-0.044525	0.666855	0.103404
10205	-0.037823	0.654126	0.096156
10206	-0.021293	0.644928	0.100526
10207	-0.005325	0.634159	0.102927
10208	-0.001654	0.623931	0.091991
10209	-0.008879	0.611450	0.075365
10210	0.000141	0.600429	0.067425
10211	0.031171	0.597088	0.077435
10212	0.064756	0.591636	0.090201
10213	0.081598	0.582169	0.087340
10214	0.087116	0.567600	0.074275
10215	0.090138	0.552597	0.062088
10216	0.099383	0.532247	0.051997
10217	0.119803	0.509428	0.053075
10218	0.142941	0.485652	0.056566
10219	0.150428	0.458602	0.043066
10220	0.153264	0.432058	0.028628
10221	0.157774	0.398630	0.014458
10222	0.154705	0.365594	-0.005745
10223	0.175167	0.332694	-0.007648
10224	0.215420	0.305191	0.010629
10225	0.226976	0.273628	0.007792
10226	0.205574	0.230939	-0.023307
10227	0.173156	0.185179	-0.061047
10228	0.156557	0.142314	-0.087118
10229	0.172881	0.101597	-0.085283
10230	0.183671	0.062721	-0.093876
10231	0.188942	0.026599	-0.101238
10232	0.166256	-0.013589	-0.134125
10233	0.130806	-0.058612	-0.183034
10234	0.111540	-0.101855	-0.229929
10235	0.135737	-0.139389	-0.235170
10236	0.164684	-0.175863	-0.240333
10237	0.180144	-0.227928	-0.262531
10238	0.173098	-0.299092	-0.309988
10239	0.153255	-0.373986	-0.362703
10240	0.126494	-0.457818	-0.425557
10241	0.098909	-0.560044	-0.491225
10242	0.093754	-0.678388	-0.544605
10243	0.119884	-0.818185	-0.572727
10244	0.186600	-0.981554	-0.577539
10245	0.271124	-1.194693	-0.576178
10246	0.376293	-1.455680	-0.556829
10247	0.471391	-1.807334	-0.572205
10248	0.516731	-2.289642	-0.634053
10249	0.523541	-2.935222	-0.725875
10250	0.548548	-3.790546	-0.855012
10251	0.652076	-4.857226	-0.974188
10252	0.771894	-6.171836	-1.160502
10253	0.929156	-7.619289	-1.406937
10254	1.091036	-9.149010	-1.752667
10255	1.192520	-10.753130	-2.308376
10256	1.387252	-12.415615	-2.969301
10257	1.694114	-14.031321	-3.708437
10258	1.852826	-15.553622	-4.749100
10259	2.247208	-16.816645	-5.514349
10260	4.370143	-17.446117	-5.516488
10261	7.744376	-17.370745	-4.668502
10262	10.650295	-16.550181	-1.993030
10263	12.065270	-15.158761	-2.415933
10264	11.536911	-14.726739	-4.708063
10265	10.335798	-15.144408	-7.985951
10266	8.822601	-15.452167	-11.043933
10267	7.572901	-15.424946	-12.597756
10268	7.349300	-14.416396	-12.225201
10269	7.979646	-13.446385	-12.500929
10270	8.893149	-13.128012	-12.501676
10271	9.449061	-12.662473	-12.344646
10272	9.707730	-12.445079	-11.732796
10273	9.790634	-12.278038	-11.018109
10274	9.685727	-12.113274	-10.045806
10275	9.399166	-12.013726	-9.107405
10276	9.105343	-11.951945	-8.183431
10277	8.856050	-11.881953	-7.274250
10278	8.595273	-11.739993	-6.458172
10279	8.245956	-11.431810	-5.762702
10280	7.786010	-11.033479	-5.157740
10281	7.345388	-10.704082	-4.531955
10282	6.989067	-10.381533	-3.776664
10283	6.557500	-10.009066	-2.870850
10284	5.793004	-9.575711	-1.996593
10285	4.770501	-9.171437	-1.202237
10286	3.801768	-8.757101	-0.305696
10287	2.996885	-8.256074	0.723998
10288	2.179945	-7.694091	1.697006
10289	1.306528	-7.116054	2.520378
10290	0.443562	-6.468807	3.248810
10291	-0.433519	-5.759041	3.881419
10292	-1.358994	-5.010562	4.387365
10293	-2.275698	-4.221624	4.842244
10294	-3.124081	-3.407989	5.324531
10295	-3.950174	-2.568142	5.821602
10296	-4.860486	-1.681967	6.244215
10297	-5.817169	-0.793848	6.609873
10298	-6.562813	0.077684	7.170920
10299	-7.128581	0.908613	7.890328
10300	-7.689684	1.619189	8.620332
10301	-8.238617	2.159956	9.377052
10302	-8.716322	2.498765	10.217477
10303	-9.128076	2.580433	11.081660
10304	-9.423188	2.444851	11.864021
10305	-9.348134	2.184363	12.781371
10306	-8.828975	1.802994	14.039678
10307	-8.085322	1.302925	15.636219
10308	-7.482866	0.789433	17.630315
10309	-7.474320	0.408555	18.908124
10310	-7.942817	0.331525	19.191283
10311	-8.192189	0.456617	19.221047
10312	-7.847817	0.610301	19.519774
10313	-7.011337	0.595186	20.185678
10314	-5.981451	0.158627	20.951710
10315	-5.092676	-0.617191	21.569670
10316	-4.670959	-1.523918	21.824027
10317	-5.592967	-2.399286	21.255039
10318	-6.920246	-3.776659	19.174945
10319	-6.165572	-4.258335	19.191505
10320	-3.473188	-2.578007	21.465739
10321	-0.646237	-0.138351	23.206050
10322	3.039229	1.257072	26.828091
10323	3.639731	0.918817	26.520942
10324	1.623022	-0.029076	24.927917
10325	-0.570001	-1.457069	23.189295
10326	-3.008656	-2.781686	21.107975
10327	-5.014914	-3.963530	19.554476
10328	-5.633447	-4.381119	19.752296
10329	-5.184379	-4.070795	20.477260
10330	-4.342220	-4.118427	20.703599
10331	-3.435055	-4.087653	20.653111
10332	-2.548127	-3.917548	21.475526
10333	-2.091875	-3.570166	21.921642
10334	-2.161186	-3.477169	21.773379
10335	-2.699213	-3.473376	21.114258
10336	-3.308839	-3.411432	20.406967
10337	-3.573859	-2.887191	20.182431
10338	-3.092773	-2.151837	20.428691
10339	-1.898812	-1.407991	21.185957
10340	-0.419544	-0.687837	22.333079
10341	0.733222	-0.400237	23.063326
10342	1.122512	-0.600229	22.775066
10343	0.878550	-0.807312	22.048314
10344	0.711033	-1.019207	21.450625
10345	1.046541	-1.012094	21.336787
10346	1.880132	-0.740247	21.717298
10347	2.967386	-0.268662	22.475100
10348	3.469949	0.063352	22.850609
10349	3.058047	0.004898	22.442582
10350	2.293298	-0.202418	21.681055
10351	1.774348	-0.347310	21.079724
10352	1.764333	-0.350157	20.947368
10353	2.119006	-0.239788	21.138990
10354	2.498211	-0.107522	21.380398
10355	2.639279	-0.034503	21.407048
10356	2.526345	-0.076344	21.202830
10357	2.433725	-0.109482	21.011556
10358	2.538271	-0.090788	21.003697
10359	2.709841	-0.014175	21.083232
10360	2.730913	0.021567	21.058214
10361	2.677369	0.036250	20.986847
10362	2.705547	0.082922	20.993932
10363	2.801722	0.162377	21.072109
10364	2.842612	0.220906	21.126673
10365	2.828780	0.257328	21.165030
10366	2.811500	0.292872	21.218355
10367	2.813198	0.320021	21.293302
10368	2.816665	0.333684	21.372697
10369	2.797142	0.336641	21.438362
10370	2.753072	0.336263	21.503923
10371	2.653035	0.325130	21.522646
10372	2.542237	0.303582	21.521277
10373	2.455017	0.290230	21.534507
10374	2.418319	0.284566	21.592041
10375	2.433211	0.272342	21.698441
10376	2.428602	0.228760	21.779190
10377	2.329186	0.148460	21.731409
10378	2.197273	0.075864	21.628746
10379	2.213860	0.075618	21.656919
10380	2.311969	0.132456	21.794407
10381	2.343164	0.156895	21.890432
10382	2.297219	0.137882	21.813267
10383	2.262417	0.132999	21.703504
10384	2.301764	0.207553	21.680672
10385	2.468319	0.339572	21.869364
10386	2.652022	0.455390	22.067293
10387	2.706698	0.491467	22.120928
10388	2.667172	0.483858	22.062320
10389	2.626124	0.469905	22.019321
10390	2.579238	0.446718	21.972591
10391	2.553343	0.408117	21.903767
10392	2.586392	0.398295	21.862767
10393	2.737275	0.429372	21.932020
10394	2.921338	0.496467	22.073342
10395	2.979842	0.513531	22.113652
10396	2.948338	0.488743	22.069862
10397	2.911101	0.465492	22.032909
10398	2.938059	0.430307	22.055366
10399	3.022283	0.440138	22.139908
10400	3.026053	0.430813	22.184438
10401	2.903901	0.402470	22.114748
10402	2.783413	0.368964	22.029544
10403	2.743751	0.360377	22.004016
10404	2.792176	0.365658	22.031566
10405	2.876863	0.370229	22.089139
10406	2.930961	0.345872	22.112149
10407	2.910262	0.293291	22.073388
10408	2.874351	0.222333	22.007102
10409	2.884144	0.166043	21.992137
10410	2.933651	0.120845	22.024303
10411	2.939341	0.056546	22.030871
10412	2.871277	-0.032346	21.985132
10413	2.791614	-0.126642	21.939482
10414	2.772795	-0.195045	21.965539
10415	2.740491	-0.244516	21.979597
10416	2.813888	-0.262061	22.106616
10417	2.783352	-0.301543	22.147192
10418	2.604043	-0.397317	22.047218
10419	2.377657	-0.516197	21.883575
10420	2.310731	-0.594349	21.825962
10421	2.396749	-0.630835	21.904986
10422	2.530632	-0.668400	21.989917
10423	2.654089	-0.703876	22.084342
10424	2.708893	-0.771587	22.079388
10425	2.800612	-0.816375	22.132561
10426	2.901102	-0.846633	22.222659
10427	2.959458	-0.887857	22.304630
10428	2.889618	-0.964570	22.285372
10429	2.750692	-1.050591	22.224093
10430	2.568234	-1.147621	22.140494
10431	2.359404	-1.237319	22.034029
10432	2.160071	-1.287783	21.945961
10433	2.044990	-1.266491	21.951669
10434	2.022147	-1.218317	22.045465
10435	1.942286	-1.176346	22.081846
10436	1.783110	-1.129987	22.045444
10437	1.561675	-1.061262	21.943086
10438	1.371489	-0.944383	21.848885
10439	1.261772	-0.782986	21.777644
10440	1.310825	-0.582774	21.808341
10441	1.537563	-0.397006	21.948595
10442	1.844679	-0.227256	22.144984
10443	2.145335	-0.074996	22.360308
10444	2.330845	0.018487	22.506303
10445	2.271581	0.006879	22.457643
10446	2.086452	-0.063957	22.305095
10447	1.959873	-0.121239	22.219405
10448	1.950204	-0.139790	22.242834
10449	1.949927	-0.150250	22.274462
10450	1.859774	-0.185528	22.209038
10451	1.761127	-0.220163	22.122608
10452	1.753781	-0.225714	22.098519
10453	1.846112	-0.203968	22.151936
10454	1.952791	-0.173608	22.212796
10455	2.026452	-0.149912	22.254885
10456	2.043114	-0.143342	22.251524
10457	2.011264	-0.153541	22.209938
10458	1.993261	-0.158310	22.187860
10459	2.020416	-0.143959	22.214590
10460	2.039912	-0.129054	22.238460
10461	2.000512	-0.136741	22.203382
10462	1.961787	-0.148656	22.166586
10463	1.980888	-0.140845	22.183406
10464	2.034719	-0.134034	22.223988
10465	2.051401	-0.140466	22.231382
10466	2.033148	-0.158484	22.209594
10467	2.026373	-0.169698	22.204059
10468	2.033263	-0.173815	22.212142
10469	2.031562	-0.185954	22.202828
10470	2.035562	-0.192672	22.197726
10471	2.071969	-0.184929	22.221528
10472	2.093605	-0.183643	22.230306
10473	2.082315	-0.191149	22.204868
10474	2.088932	-0.188431	22.195035
10475	2.137940	-0.168284	22.225561
10476	2.195395	-0.146414	22.256711
10477	2.220330	-0.138391	22.256819
10478	2.224986	-0.147477	22.240048
10479	2.214653	-0.163339	22.206241
10480	2.236630	-0.173788	22.194638
10481	2.307136	-0.170805	22.233056
10482	2.365343	-0.169247	22.262803
10483	2.380128	-0.183973	22.257090
10484	2.363093	-0.212381	22.225994
10485	2.334802	-0.242454	22.194397
10486	2.333553	-0.260603	22.183548
10487	2.361448	-0.271885	22.201579
10488	2.366835	-0.288068	22.196739
10489	2.348152	-0.316682	22.164304
10490	2.350589	-0.337646	22.149398
10491	2.388408	-0.348631	22.165549
10492	2.443308	-0.354585	22.195163
10493	2.453892	-0.372406	22.192256
10494	2.430737	-0.397735	22.156495
10495	2.424504	-0.417051	22.143679
10496	2.447808	-0.431250	22.156009
10497	2.461707	-0.445448	22.162161
10498	2.454552	-0.462603	22.150562
10499	2.445598	-0.480888	22.137730
10500	2.451344	-0.494270	22.137336
10501	2.467229	-0.505863	22.142505
10502	2.480392	-0.513436	22.148453
10503	2.477058	-0.522731	22.143347
10504	2.465225	-0.531363	22.130885
10505	2.459855	-0.538023	22.124403
10506	2.465910	-0.546013	22.122467
10507	2.485400	-0.549918	22.133333
10508	2.499146	-0.555480	22.144681
10509	2.480210	-0.568827	22.126543
10510	2.450801	-0.584121	22.097212
10511	2.443519	-0.588538	22.087410
10512	2.475348	-0.577576	22.112679
10513	2.506268	-0.561668	22.138763
10514	2.500358	-0.555924	22.132493
10515	2.477027	-0.555374	22.107125
10516	2.479400	-0.547830	22.111073
10517	2.502767	-0.534720	22.131586
10518	2.508111	-0.527659	22.138312
10519	2.490961	-0.528833	22.124249
10520	2.470567	-0.531915	22.109747
10521	2.461577	-0.530913	22.103024
10522	2.476013	-0.520826	22.116663
10523	2.494649	-0.507988	22.135144
10524	2.486010	-0.501209	22.128859
10525	2.463366	-0.497721	22.108760
10526	2.466530	-0.486329	22.108227
10527	2.492460	-0.467300	22.130192
10528	2.508643	-0.452529	22.143759
10529	2.495143	-0.452578	22.126269
10530	2.485125	-0.451649	22.114236
10531	2.501759	-0.440113	22.125881
10532	2.519407	-0.429977	22.140257
10533	2.518655	-0.421932	22.141402
10534	2.514806	-0.418794	22.146160
10535	2.479854	-0.418362	22.118396
10536	2.460328	-0.412726	22.104738
10537	2.482576	-0.390886	22.125961
10538	2.513403	-0.367660	22.150693
10539	2.521119	-0.352048	22.152841
10540	2.515562	-0.344816	22.149208
10541	2.522528	-0.335663	22.161837
10542	2.507178	-0.334366	22.150807
10543	2.489787	-0.336063	22.138766
10544	2.488526	-0.329619	22.146134
10545	2.480199	-0.321735	22.145326
10546	2.473250	-0.316407	22.146241
10547	2.491749	-0.308023	22.175836
10548	2.469228	-0.313295	22.164190
10549	2.412279	-0.336306	22.115742
10550	2.389768	-0.358267	22.091996
10551	2.412121	-0.363581	22.110637
10552	2.442204	-0.381448	22.134264
10553	2.434736	-0.405663	22.134851
10554	2.381668	-0.451652	22.100572
10555	2.327836	-0.505821	22.073023
10556	2.270762	-0.556592	22.057220
10557	2.205677	-0.614253	22.039219
10558	2.114091	-0.691353	21.986909
10559	1.981217	-0.796456	21.894085
10560	1.839166	-0.925492	21.799739
10561	1.727108	-1.163238	21.717748
10562	1.574211	-1.480765	21.569587
10563	1.381601	-1.826527	21.437109
10564	1.209351	-2.214521	21.341175
10565	1.076436	-2.623618	21.303350
10566	0.959981	-3.098794	21.265530
10567	0.650457	-3.706040	21.026330
10568	0.208747	-4.426346	20.624359
10569	-0.035731	-5.153520	20.316638
10570	0.172363	-5.783799	20.374504
10571	0.621369	-6.454506	20.478803
10572	1.055657	-7.641007	20.113314
10573	1.344682	-9.322476	18.641401
10574	1.537719	-10.959343	16.734793
10575	1.813870	-12.203254	14.482369
10576	2.346931	-12.478580	11.944536
10577	3.249026	-12.324463	9.328148
10578	4.259153	-12.315644	6.851942
10579	5.421489	-12.681011	4.271873
10580	6.926556	-13.350508	1.940093
10581	8.737780	-13.922290	0.316754
10582	10.602510	-14.237528	-1.042519
10583	12.278945	-14.595702	-2.273099
10584	13.662929	-15.187114	-3.552241
10585	14.724264	-15.700942	-4.881094
10586	15.855523	-16.228060	-5.760542
10587	17.052490	-16.687113	-6.075499
10588	18.127077	-17.151843	-6.169607
10589	18.939871	-17.643054	-6.308446
10590	19.523464	-18.210804	-6.356446
10591	19.967720	-18.828471	-6.201378
10592	20.350178	-19.450389	-5.761610
10593	20.640248	-19.950291	-5.169151
10594	20.758089	-20.319620	-4.648349
10595	20.727376	-20.569009	-4.180762
10596	20.658986	-20.750853	-3.820033
10597	20.491645	-20.803425	-3.482132
10598	20.309588	-20.713610	-3.232190
10599	20.061240	-20.496482	-3.012593
10600	19.739042	-20.224471	-2.943102
10601	19.345662	-19.938528	-2.910030
10602	18.827445	-19.619128	-2.766686
10603	18.123293	-19.293989	-2.536547
10604	17.242718	-19.011553	-2.128792
10605	16.265816	-18.794593	-1.486286
10606	15.175863	-18.603542	-0.548651
10607	13.895253	-18.422715	0.592224
10608	12.558268	-18.237374	1.940596
10609	11.128015	-18.028900	3.524057
10610	9.568743	-17.792338	5.050750
10611	7.962982	-17.487385	6.481486
10612	6.435994	-17.056825	7.850521
10613	5.134894	-16.462099	9.211598
10614	4.011078	-15.720060	10.424282
10615	2.953668	-14.871485	11.299342
10616	1.891131	-14.008245	11.820263
10617	0.884206	-13.160372	12.164360
10618	-0.016908	-12.281641	12.507827
10619	-0.816668	-11.391620	12.964829
10620	-1.626966	-10.482724	13.512768
10621	-2.450525	-9.595659	14.143382
10622	-3.167013	-8.788229	14.960205
10623	-3.799511	-8.019884	15.860773
10624	-4.416588	-7.308861	16.709802
10625	-4.993689	-6.713649	17.430459
10626	-5.440213	-6.211175	18.028418
10627	-5.658062	-5.769543	18.527050
10628	-5.612246	-5.377368	18.904455
10629	-5.376065	-5.027328	19.062723
10630	-5.003334	-4.636505	19.037047
10631	-4.603053	-4.234752	18.951267
10632	-4.277823	-3.938019	18.737031
10633	-4.096888	-3.784969	18.413279
10634	-4.101366	-3.845486	18.046305
10635	-4.064917	-5.158435	17.341522
10636	-5.552652	-5.241167	16.733515
10637	-5.848875	-4.266589	17.048540
10638	-3.174844	-3.477597	18.835623
10639	0.013181	-2.215831	20.729708
10640	1.226807	-2.069090	21.767648
10641	-0.557237	-3.314159	20.048156
10642	-3.030572	-4.955066	17.650008
10643	-4.587247	-6.186813	15.864849
10644	-4.368693	-6.325903	16.603765
10645	-3.565909	-6.142779	17.219002
10646	-2.966887	-6.078005	17.588684
10647	-2.605424	-5.988811	17.784110
10648	-2.493329	-5.949488	17.803609
10649	-2.689556	-5.939493	17.521917
10650	-3.147501	-5.987184	16.962065
10651	-3.605983	-5.965144	16.313783
10652	-3.432811	-5.605606	16.270600
10653	-2.538676	-5.122626	16.731310
10654	-1.340520	-4.718583	17.544228
10655	-0.343852	-4.473769	17.529924
10656	0.022261	-4.456962	17.509944
10657	-0.361701	-4.832195	16.822781
10658	-1.006210	-5.309947	15.921214
10659	-1.314302	-5.431940	15.384864
10660	-0.828147	-5.115328	15.549217
10661	-0.168305	-4.734354	15.883216
10662	0.117116	-4.523924	15.900286
10663	0.089749	-4.499799	15.645915
10664	0.019639	-4.488111	15.391578
10665	0.102736	-4.404645	15.338789
10666	0.207320	-4.268106	15.362261
10667	0.266777	-4.112956	15.370454
10668	0.331854	-3.914253	15.398589
10669	0.417314	-3.683490	15.447065
10670	0.574648	-3.423597	15.539913
10671	0.776556	-3.102271	15.695959
10672	1.017803	-2.712768	15.934663
10673	1.305931	-2.284831	16.278756
10674	1.556501	-1.930466	16.608746
10675	1.691080	-1.716440	16.813648
10676	1.728931	-1.611443	16.890563
10677	1.748446	-1.512762	16.934226
10678	1.855140	-1.374654	17.051553
10679	1.948838	-1.244063	17.170098
10680	1.971891	-1.161595	17.224165
10681	1.999048	-1.089035	17.285313
10682	2.037307	-1.011593	17.367738
10683	2.073224	-0.921728	17.460307
10684	2.124516	-0.808979	17.573765
10685	2.198758	-0.680954	17.711722
10686	2.222949	-0.575430	17.818274
10687	2.209382	-0.499789	17.902507
10688	2.124178	-0.459070	17.939307
10689	2.015930	-0.400206	17.965500
10690	1.920537	-0.291275	18.074884
10691	1.875404	-0.205784	18.193748
10692	1.839350	-0.161674	18.295285
10693	1.790559	-0.148389	18.344093
10694	1.775141	-0.120686	18.388909
10695	1.854167	-0.029079	18.483699
10696	2.008605	0.096273	18.717675
10697	2.124891	0.172760	18.920764
10698	2.166992	0.161751	18.974185
10699	2.144091	0.115999	18.993060
10700	2.145621	0.070032	19.031922
10701	2.190797	0.042216	19.122039
10702	2.250600	-0.003937	19.197028
10703	2.313226	-0.062268	19.247921
10704	2.362276	-0.058676	19.313674
10705	2.238229	-0.044118	19.319170
10706	2.147440	-0.101596	19.308578
10707	1.985462	-0.115446	19.362423
10708	1.800177	-0.146790	19.235830
10709	1.793093	-0.186914	19.303221
10710	1.769363	-0.109101	19.334084
10711	1.807542	-0.031851	19.393905
10712	1.935601	0.058583	19.517581
10713	2.048226	0.148265	19.636664
10714	2.097295	0.182987	19.670940
10715	2.156739	0.193324	19.697775
10716	2.206616	0.234083	19.743795
10717	2.267221	0.277148	19.797189
10718	2.314771	0.292390	19.839685
10719	2.322666	0.267530	19.849115
10720	2.302263	0.236447	19.849376
10721	2.216097	0.214609	19.838195
10722	1.995097	0.184502	19.745714
10723	1.724531	0.138761	19.536558
10724	1.630444	0.120073	19.454467
10725	1.701331	0.191656	19.530810
10726	1.855903	0.249527	19.655852
10727	1.914516	0.297165	19.712300
10728	1.895245	0.295929	19.679747
10729	1.940930	0.314631	19.733986
10730	1.968096	0.343788	19.797086
10731	1.951598	0.347391	19.833154
10732	1.885191	0.323988	19.840045
10733	1.780280	0.276494	19.813143
10734	1.667785	0.267485	19.802073
10735	1.587947	0.284053	19.815958
10736	1.568183	0.326481	19.878626
10737	1.551184	0.375746	19.941455
10738	1.527221	0.416758	19.981763
10739	1.511423	0.465261	20.050035
10740	1.473867	0.430151	20.057152
10741	1.441663	0.438060	20.088036
10742	1.370197	0.458854	20.108161
10743	1.137907	0.447462	20.033206
10744	0.809662	0.382195	19.813332
10745	0.572667	0.373687	19.666184
10746	0.468189	0.436147	19.629637
10747	0.424150	0.410659	19.580725
10748	0.398503	0.381302	19.542910
10749	0.463010	0.400012	19.587100
10750	0.651590	0.366795	19.711377
10751	0.708223	0.286590	19.726151
10752	0.660880	0.184750	19.649787
10753	0.707056	0.099954	19.668836
10754	0.740484	0.025329	19.689730
10755	0.654500	-0.092576	19.591961
10756	0.559416	-0.191021	19.481606
10757	0.577661	-0.238252	19.485097
10758	0.653441	-0.246442	19.539090
10759	0.685043	-0.262803	19.544952
10760	0.689474	-0.271259	19.536235
10761	0.736137	-0.252652	19.569395
10762	0.776059	-0.224923	19.595638
10763	0.767023	-0.210443	19.580829
10764	0.778002	-0.190569	19.585042
10765	0.831918	-0.155303	19.635033
10766	0.862012	-0.129319	19.666144
10767	0.834212	-0.133078	19.639954
10768	0.797362	-0.141195	19.601369
10769	0.795245	-0.131968	19.594123
10770	0.823997	-0.120936	19.603225
10771	0.874352	-0.098592	19.627088
10772	0.941074	-0.060993	19.671378
10773	1.006792	-0.012561	19.721653
10774	1.023401	0.013414	19.732881
10775	1.006452	-0.000107	19.701651
10776	1.015861	0.000429	19.704591
10777	1.049382	0.008140	19.740074
10778	1.048375	0.004921	19.747230
10779	0.988576	-0.017209	19.702887
10780	0.943014	-0.036685	19.663757
10781	0.961373	-0.036304	19.680567
10782	1.004179	-0.031689	19.715910
10783	1.015916	-0.040154	19.716824
10784	1.017399	-0.054318	19.707802
10785	1.030657	-0.058965	19.713541
10786	1.036225	-0.077041	19.709155
10787	1.040412	-0.104932	19.698429
10788	1.053601	-0.132836	19.702748
10789	1.061449	-0.170597	19.695472
10790	1.067293	-0.201436	19.684552
10791	1.072524	-0.227527	19.673265
10792	1.083327	-0.243224	19.671502
10793	1.088029	-0.272278	19.650144
10794	1.117632	-0.286617	19.651829
10795	1.166928	-0.286539	19.674427
10796	1.206889	-0.279294	19.694160
10797	1.216112	-0.280032	19.690430
10798	1.197759	-0.285874	19.663955
10799	1.192520	-0.288725	19.648516
10800	1.224867	-0.282682	19.666396
10801	1.265263	-0.276397	19.690747
10802	1.276430	-0.279941	19.692450
10803	1.262047	-0.298475	19.664628
10804	1.259941	-0.308905	19.654641
10805	1.286977	-0.315321	19.666922
10806	1.317770	-0.313087	19.684783
10807	1.319915	-0.314324	19.682760
10808	1.295625	-0.326365	19.653316
10809	1.293357	-0.338081	19.636667
10810	1.336243	-0.332593	19.662201
10811	1.379513	-0.325454	19.691159
10812	1.379622	-0.328207	19.686317
10813	1.364821	-0.333567	19.666976
10814	1.363163	-0.329986	19.669866
10815	1.374792	-0.331320	19.687360
10816	1.347817	-0.340499	19.672058
10817	1.315912	-0.357107	19.647658
10818	1.316337	-0.362327	19.654455
10819	1.321628	-0.369653	19.660478
10820	1.335646	-0.380745	19.667592
10821	1.330753	-0.394478	19.659776
10822	1.322703	-0.407557	19.650322
10823	1.325945	-0.414511	19.648438
10824	1.344936	-0.411806	19.662936
10825	1.365159	-0.415952	19.676543
10826	1.353249	-0.428123	19.661717
10827	1.338210	-0.442455	19.645256
10828	1.349066	-0.446524	19.653822
10829	1.360533	-0.447086	19.660742
10830	1.351201	-0.456303	19.651394
10831	1.347811	-0.463603	19.642413
10832	1.365142	-0.464309	19.654007
10833	1.387131	-0.472546	19.666380
10834	1.392607	-0.487931	19.665544
10835	1.377409	-0.508983	19.648823
10836	1.357299	-0.530155	19.631201
10837	1.347031	-0.558758	19.615305
10838	1.357841	-0.575721	19.616482
10839	1.375529	-0.586763	19.628780
10840	1.385344	-0.593926	19.640884
10841	1.349199	-0.614247	19.611784
10842	1.312155	-0.640463	19.577032
10843	1.314199	-0.646572	19.584133
10844	1.334178	-0.649573	19.603555
10845	1.326458	-0.659682	19.599341
10846	1.294812	-0.675512	19.564484
10847	1.284312	-0.679379	19.553054
10848	1.326877	-0.678372	19.584754
10849	1.351522	-0.680482	19.604137
10850	1.338357	-0.702992	19.585065
10851	1.311648	-0.721716	19.564804
10852	1.297945	-0.742686	19.548680
10853	1.305534	-0.750767	19.551032
10854	1.319675	-0.756423	19.561371
10855	1.329022	-0.763721	19.562991
10856	1.326565	-0.772949	19.554003
10857	1.333817	-0.781187	19.555534
10858	1.329202	-0.784252	19.553463
10859	1.316340	-0.791840	19.542321
10860	1.314726	-0.794034	19.535221
10861	1.329575	-0.795271	19.543784
10862	1.351055	-0.794475	19.563210
10863	1.339457	-0.801047	19.552456
10864	1.315915	-0.807851	19.530032
10865	1.312170	-0.806883	19.524252
10866	1.342850	-0.796604	19.548918
10867	1.360102	-0.786088	19.564085
10868	1.345605	-0.783023	19.548831
10869	1.327223	-0.777581	19.535626
10870	1.336031	-0.767043	19.540660
10871	1.354800	-0.754969	19.554165
10872	1.367054	-0.748657	19.557367
10873	1.371564	-0.741296	19.555567
10874	1.372990	-0.733657	19.555012
10875	1.379650	-0.727984	19.554490
10876	1.387231	-0.722004	19.555638
10877	1.397274	-0.713455	19.560291
10878	1.404674	-0.708010	19.558687
10879	1.406823	-0.701736	19.551171
10880	1.418594	-0.693870	19.552506
10881	1.434096	-0.682424	19.557741
10882	1.446760	-0.675941	19.556962
10883	1.472521	-0.659416	19.569418
10884	1.494481	-0.646485	19.582789
10885	1.493923	-0.636975	19.576937
10886	1.488081	-0.634842	19.567149
10887	1.494721	-0.630080	19.561947
10888	1.516613	-0.621623	19.571940
10889	1.540183	-0.614081	19.582239
10890	1.549241	-0.608771	19.580045
10891	1.558371	-0.605541	19.576940
10892	1.568513	-0.599749	19.572390
10893	1.591349	-0.591207	19.582880
10894	1.612894	-0.590010	19.589860
10895	1.618222	-0.591141	19.588561
10896	1.608316	-0.598359	19.574425
10897	1.610187	-0.602374	19.572754
10898	1.618868	-0.608286	19.576522
10899	1.617038	-0.614410	19.573538
10900	1.617461	-0.625381	19.570291
10901	1.617121	-0.633918	19.574634
10902	1.618230	-0.650771	19.575501
10903	1.608118	-0.685016	19.569545
10904	1.601091	-0.714336	19.584137
10905	1.587334	-0.762980	19.601915
10906	1.539149	-0.887163	19.571691
10907	1.427799	-1.082936	19.487633
10908	1.220483	-1.230686	19.355422
10909	0.961128	-1.372855	19.192236
10910	0.708481	-1.528096	19.037568
10911	0.496724	-1.678478	18.925879
10912	0.374235	-1.848277	18.921456
10913	0.288668	-2.035531	18.983202
10914	0.109281	-2.311994	18.959768
10915	-0.181448	-2.692612	18.817023
10916	-0.524722	-3.208724	18.600553
10917	-0.849852	-3.818466	18.443584
10918	-1.222591	-4.483140	18.216554
10919	-1.553346	-5.219139	18.004538
10920	-1.684134	-5.928754	17.989610
10921	-1.667746	-6.609130	18.122045
10922	-1.650643	-7.346633	18.282081
10923	-1.467201	-8.462837	18.348211
10924	-0.991865	-9.899418	18.281816
10925	-0.117242	-11.312000	18.790616
10926	0.705607	-12.228445	19.217663
10927	0.998307	-12.698482	18.060779
10928	1.156086	-12.820822	16.195067
10929	1.773500	-13.087484	14.360203
10930	2.886763	-13.761015	12.705278
10931	4.200963	-14.551356	10.828516
10932	5.482832	-15.130602	8.590930
10933	6.670253	-15.400321	6.120119
10934	7.763674	-15.431654	3.581796
10935	8.854810	-15.570557	1.113686
10936	10.158882	-16.072705	-0.709378
10937	11.393750	-16.426328	-1.867646
10938	12.746495	-16.783361	-2.801414
10939	14.066962	-17.170548	-3.374092
10940	15.284284	-17.653820	-3.829766
10941	16.362932	-18.187183	-4.103068
10942	17.376240	-18.745554	-4.132884
10943	18.311168	-19.285810	-4.054467
10944	19.086808	-19.759928	-3.905297
10945	19.679717	-20.170087	-3.785844
10946	20.112712	-20.543146	-3.753676
10947	20.441111	-20.856215	-3.698867
10948	20.779131	-21.168279	-3.509506
10949	21.026332	-21.424846	-3.236304
10950	21.071137	-21.612794	-2.986367
10951	20.907715	-21.749282	-2.669307
10952	20.652150	-21.810802	-2.165834
10953	20.341155	-21.803057	-1.496135
10954	19.956370	-21.730219	-0.776314
10955	19.510120	-21.543870	-0.233897
10956	18.927133	-21.235964	0.171576
10957	18.270551	-20.870572	0.438339
10958	17.624580	-20.427310	0.706025
10959	17.028074	-19.938469	1.085168
10960	16.336556	-19.275089	1.480823
10961	15.492674	-18.804727	2.063055
10962	14.394204	-18.325413	2.708502
10963	13.208086	-17.964475	3.643028
10964	11.908513	-17.628253	4.772104
10965	10.519167	-17.326588	6.015516
10966	9.064606	-17.006320	7.351701
10967	7.607685	-16.651637	8.730175
10968	6.196114	-16.264521	10.141019
10969	4.866877	-15.812794	11.516599
10970	3.665685	-15.265309	12.775148
10971	2.632988	-14.604242	13.852692
10972	1.764119	-13.872830	14.687437
10973	1.054450	-13.116451	15.304029
10974	0.441997	-12.369907	15.718856
10975	-0.122963	-11.659019	16.039089
10976	-0.771690	-10.994432	16.282665
10977	-1.506527	-10.379864	16.454095
10978	-2.232026	-9.822645	16.655706
10979	-2.851928	-9.286446	16.920679
10980	-3.328499	-8.737903	17.342910
10981	-3.572763	-8.232381	17.887862
10982	-3.666113	-7.697552	18.487474
10983	-3.849570	-7.141957	19.019901
10984	-4.162034	-6.698472	19.252397
10985	-4.438640	-6.296638	19.378502
10986	-4.580654	-5.932419	19.513399
10987	-4.703154	-5.627137	19.559663
10988	-4.874239	-5.400297	19.444577
10989	-5.068320	-5.214820	19.234680
10990	-5.163970	-5.005431	19.007972
10991	-5.112713	-4.795903	18.780792
10992	-4.976099	-4.646502	18.621143
10993	-4.848493	-4.593011	18.456766
10994	-4.744622	-4.620635	18.300662
10995	-4.609413	-4.665534	18.211273
10996	-4.463800	-4.706523	18.170063
10997	-4.337526	-4.766364	18.154791
10998	-4.278511	-4.873486	18.121112
10999	-4.503600	-5.160641	17.965044
11000	-4.577660	-5.244458	17.411735
11001	-3.874252	-4.623749	17.818431
11002	-2.530490	-4.072592	18.714100
11003	-1.182725	-3.496862	19.680106
11004	-0.451107	-3.337547	19.900716
11005	-0.546752	-3.654346	19.694487
11006	-1.282761	-4.267286	18.950081
11007	-2.150575	-4.889476	18.100265
11008	-2.750640	-5.332234	17.557566
11009	-2.801316	-5.472475	17.492255
11010	-2.409432	-5.367116	17.749849
11011	-2.000610	-5.188026	17.972847
11012	-1.812571	-5.037724	17.884979
11013	-1.819008	-4.941278	17.579368
11014	-1.781091	-4.827649	17.300834
11015	-1.371951	-4.594669	17.349526
11016	-0.688093	-4.296200	17.653204
11017	-0.086836	-4.046235	17.927017
11018	0.033648	-4.036756	17.799907
11019	-0.256033	-4.217820	17.307050
11020	-0.543790	-4.375536	16.787092
11021	-0.605281	-4.405485	16.498306
11022	-0.383982	-4.228020	16.452242
11023	-0.130464	-3.932576	16.477314
11024	0.065298	-3.625144	16.494805
11025	0.271659	-3.330329	16.537362
11026	0.425485	-3.116303	16.508500
11027	0.492018	-3.005978	16.396683
11028	0.578486	-2.891404	16.355381
11029	0.746387	-2.691938	16.470463
11030	0.880403	-2.448176	16.657841
11031	1.006068	-2.203710	16.894645
11032	1.101600	-2.001195	17.138718
11033	1.169366	-1.856313	17.344680
11034	1.189017	-1.736842	17.468223
11035	1.224043	-1.586425	17.567853
11036	1.423593	-1.364182	17.786169
11037	1.628155	-1.149476	17.965549
11038	1.804505	-0.994673	18.086829
11039	1.885210	-0.915302	18.119102
11040	1.945748	-0.859356	18.133491
11041	2.026808	-0.790181	18.183000
11042	2.088373	-0.714830	18.245964
11043	2.076635	-0.656875	18.243714
11044	2.156414	-0.549570	18.325093
11045	2.324575	-0.395035	18.546135
11046	2.397349	-0.267538	18.717812
11047	2.343298	-0.175795	18.818895
11048	2.279342	-0.100666	18.896434
11049	2.334759	-0.015724	19.052551
11050	2.491021	0.101763	19.319544
11051	2.569361	0.193868	19.532646
11052	2.581401	0.232787	19.650449
11053	2.589979	0.268722	19.756243
11054	2.654466	0.294815	19.809503
11055	2.661963	0.322536	19.876156
11056	2.631482	0.349653	19.962292
11057	2.559448	0.357955	20.008952
11058	2.488420	0.358341	20.079992
11059	2.452211	0.373244	20.159442
11060	2.390930	0.424454	20.286437
11061	2.287586	0.442329	20.332057
11062	2.238227	0.437708	20.396806
11063	2.210431	0.426571	20.454253
11064	2.228013	0.392214	20.516645
11065	2.270242	0.335661	20.595812
11066	2.301020	0.301743	20.682209
11067	2.253898	0.281804	20.740573
11068	2.102204	0.254035	20.744096
11069	1.976501	0.208766	20.724296
11070	1.892230	0.191157	20.774035
11071	1.739800	0.227756	20.771783
11072	1.573906	0.244817	20.722300
11073	1.428336	0.275781	20.653611
11074	1.482054	0.343621	20.717620
11075	1.626535	0.498461	20.880329
11076	1.783726	0.666099	21.072911
11077	1.828547	0.794154	21.192758
11078	1.699565	0.855815	21.157447
11079	1.572312	0.855559	21.105095
11080	1.516683	0.889324	21.119988
11081	1.431396	0.969021	21.137675
11082	1.437866	1.024517	21.199030
11083	1.445708	1.127048	21.302311
11084	1.381013	1.166290	21.313139
11085	1.192847	1.194013	21.258523
11086	0.958776	1.221294	21.161488
11087	0.787990	1.239345	21.087018
11088	0.696714	1.292339	21.074988
11089	0.769585	1.378011	21.197733
11090	0.848034	1.501312	21.350447
11091	0.699441	1.524098	21.301088
11092	0.382258	1.463390	21.113154
11093	0.104176	1.406063	20.914370
11094	-0.048526	1.387932	20.851374
11095	-0.054396	1.383927	20.902743
11096	-0.049240	1.362804	20.930709
11097	-0.162950	1.328686	20.885254
11098	-0.440033	1.197733	20.667550
11099	-0.870308	1.099674	20.299820
11100	-1.091755	0.957749	20.057796
11101	-0.972285	0.899955	20.071676
11102	-0.522736	0.962557	20.411963
11103	0.027865	1.050457	20.832331
11104	0.297768	1.080408	21.043404
11105	0.238006	1.001829	20.965535
11106	0.143854	0.908258	20.861195
11107	0.124808	0.855954	20.846561
11108	0.130201	0.825909	20.854948
11109	0.175901	0.771575	20.882781
11110	0.257829	0.706411	20.929495
11111	0.333031	0.673557	20.982184
11112	0.398543	0.658568	21.040669
11113	0.398797	0.626061	21.049935
11114	0.330519	0.562949	20.988626
11115	0.277396	0.502969	20.931164
11116	0.303748	0.477138	20.940188
11117	0.382186	0.493715	21.004321
11118	0.455110	0.534168	21.062659
11119	0.491455	0.563827	21.081190
11120	0.498684	0.583094	21.072764
11121	0.521435	0.593817	21.071925
11122	0.577269	0.603811	21.092112
11123	0.647813	0.619526	21.123742
11124	0.730682	0.634745	21.169434
11125	0.768152	0.640387	21.179209
11126	0.758306	0.635236	21.142507
11127	0.763985	0.622848	21.115197
11128	0.818743	0.624813	21.133643
11129	0.895713	0.640311	21.184260
11130	0.934772	0.645282	21.210022
11131	0.915367	0.627507	21.189251
11132	0.867265	0.587625	21.135560
11133	0.852633	0.555881	21.108547
11134	0.908847	0.557852	21.155320
11135	0.965982	0.563879	21.203247
11136	0.931997	0.541351	21.170917
11137	0.855015	0.492878	21.088828
11138	0.855100	0.459450	21.070289
11139	0.941280	0.458742	21.137143
11140	1.002236	0.454306	21.181750
11141	0.963158	0.419458	21.139728
11142	0.893575	0.376358	21.071089
11143	0.887414	0.347008	21.052412
11144	0.958691	0.338695	21.098371
11145	1.022691	0.341517	21.145888
11146	1.020498	0.333328	21.137510
11147	0.962514	0.316290	21.080639
11148	0.940878	0.309665	21.048380
11149	0.990670	0.331507	21.083017
11150	1.055006	0.360906	21.134035
11151	1.081622	0.378291	21.147636
11152	1.060318	0.379415	21.120327
11153	1.043183	0.381644	21.099007
11154	1.061585	0.397992	21.110955
11155	1.090717	0.416092	21.133223
11156	1.104209	0.421407	21.137297
11157	1.101942	0.421740	21.128101
11158	1.103051	0.422107	21.124536
11159	1.120955	0.427748	21.135547
11160	1.137100	0.433375	21.146343
11161	1.134324	0.431331	21.144259
11162	1.122630	0.430588	21.137686
11163	1.115187	0.426945	21.131641
11164	1.119492	0.430978	21.137203
11165	1.121001	0.434350	21.138900
11166	1.120307	0.437942	21.136674
11167	1.118881	0.444447	21.134353
11168	1.130880	0.457119	21.141244
11169	1.148174	0.467353	21.151143
11170	1.155764	0.476322	21.153195
11171	1.157202	0.478745	21.150190
11172	1.161309	0.483543	21.149993
11173	1.169344	0.491534	21.156668
11174	1.170012	0.501040	21.155389
11175	1.163749	0.510325	21.151684
11176	1.168025	0.522293	21.153719
11177	1.179148	0.539611	21.164297
11178	1.185359	0.555549	21.172051
11179	1.179915	0.567396	21.166879
11180	1.177431	0.575533	21.162993
11181	1.187353	0.585217	21.168869
11182	1.203771	0.600287	21.183643
11183	1.206308	0.609419	21.185470
11184	1.188612	0.614040	21.170943
11185	1.181689	0.619048	21.164935
11186	1.193786	0.632683	21.176568
11187	1.207959	0.649132	21.192895
11188	1.202580	0.664026	21.193337
11189	1.178151	0.671629	21.177951
11190	1.167721	0.688754	21.174232
11191	1.177260	0.713837	21.189586
11192	1.181990	0.741125	21.200815
11193	1.171685	0.759749	21.194887
11194	1.161152	0.777266	21.188278
11195	1.172559	0.795138	21.196838
11196	1.191888	0.817692	21.215800
11197	1.198650	0.829990	21.219735
11198	1.185260	0.836076	21.208329
11199	1.182163	0.846761	21.207227
11200	1.187621	0.857513	21.212828
11201	1.193203	0.868430	21.219224
11202	1.189162	0.879042	21.217614
11203	1.179496	0.889094	21.212150
11204	1.179417	0.904975	21.213524
11205	1.182742	0.920682	21.219372
11206	1.180338	0.932454	21.219014
11207	1.181490	0.943636	21.216370
11208	1.190256	0.954045	21.220840
11209	1.202078	0.966766	21.227787
11210	1.209899	0.978980	21.231487
11211	1.207291	0.990750	21.226275
11212	1.203374	1.000980	21.222725
11213	1.211830	1.010445	21.222462
11214	1.223769	1.019584	21.230743
11215	1.235494	1.028721	21.238990
11216	1.236535	1.034455	21.237906
11217	1.225402	1.035000	21.227932
11218	1.215232	1.027893	21.218347
11219	1.218971	1.017574	21.214596
11220	1.245746	1.018526	21.232753
11221	1.268087	1.018957	21.247587
11222	1.251944	1.010585	21.230575
11223	1.229720	0.999220	21.211982
11224	1.232548	0.997768	21.213735
11225	1.256030	1.000930	21.232761
11226	1.269641	1.001942	21.243997
11227	1.253257	0.996223	21.230596
11228	1.238632	0.989406	21.216783
11229	1.241828	0.987311	21.220268
11230	1.256731	0.986676	21.233105
11231	1.256916	0.978828	21.231368
11232	1.254994	0.968209	21.224933
11233	1.257977	0.962912	21.226822
11234	1.265857	0.959225	21.232747
11235	1.265542	0.955604	21.232775
11236	1.257016	0.949669	21.224447
11237	1.250147	0.944084	21.218279
11238	1.257432	0.939706	21.225431
11239	1.269895	0.938524	21.235201
11240	1.266404	0.931682	21.232869
11241	1.255784	0.924035	21.225300
11242	1.250157	0.920264	21.223480
11243	1.253933	0.917541	21.228734
11244	1.256890	0.913047	21.229718
11245	1.253628	0.911256	21.228716
11246	1.254441	0.912486	21.229039
11247	1.253414	0.909889	21.229238
11248	1.257020	0.913668	21.233185
11249	1.257613	0.913556	21.236466
11250	1.252703	0.910087	21.231478
11251	1.254601	0.909643	21.233362
11252	1.255068	0.908070	21.234028
11253	1.249526	0.900825	21.224638
11254	1.248290	0.893175	21.218687
11255	1.261281	0.885103	21.223039
11256	1.282052	0.882131	21.234936
11257	1.290790	0.876219	21.239651
11258	1.280427	0.864616	21.226642
11259	1.266576	0.854657	21.211738
11260	1.277487	0.852737	21.217406
11261	1.297114	0.851540	21.228491
11262	1.303942	0.846070	21.230102
11263	1.302701	0.842926	21.227531
11264	1.297343	0.837049	21.220003
11265	1.297623	0.834121	21.218803
11266	1.308876	0.832352	21.225297
11267	1.312235	0.827200	21.223186
11268	1.316033	0.822624	21.219059
11269	1.321836	0.819865	21.219746
11270	1.331563	0.817881	21.224868
11271	1.337004	0.813646	21.227721
11272	1.331280	0.808954	21.221189
11273	1.324423	0.803378	21.215018
11274	1.327800	0.803969	21.217369
11275	1.334946	0.807133	21.223851
11276	1.331161	0.809055	21.221888
11277	1.321355	0.807963	21.213519
11278	1.321821	0.807728	21.211188
11279	1.336104	0.813540	21.222644
11280	1.346497	0.815845	21.230082
11281	1.340791	0.814317	21.225109
11282	1.332560	0.813878	21.220087
11283	1.329392	0.817007	21.219628
11284	1.332607	0.821977	21.224580
11285	1.333768	0.826539	21.227293
11286	1.329035	0.830276	21.224560
11287	1.326557	0.836365	21.224588
11288	1.327558	0.840817	21.226514
11289	1.332145	0.843306	21.229145
11290	1.335052	0.842818	21.230785
11291	1.335180	0.841615	21.233350
11292	1.333873	0.840631	21.231702
11293	1.331208	0.839537	21.229470
11294	1.330709	0.839796	21.229365
11295	1.324504	0.839841	21.227329
11296	1.324100	0.842364	21.228938
11297	1.322819	0.844535	21.228851
11298	1.323721	0.846728	21.229063
11299	1.324787	0.849026	21.230064
11300	1.324858	0.853962	21.229394
11301	1.325693	0.857044	21.229454
11302	1.330669	0.862781	21.233730
11303	1.336062	0.869165	21.236741
11304	1.336384	0.869336	21.236351
11305	1.331141	0.868900	21.232087
11306	1.330387	0.871274	21.232868
11307	1.334361	0.874399	21.238557
11308	1.335395	0.873547	21.237997
11309	1.329920	0.873895	21.232791
11310	1.332857	0.870753	21.230777
11311	1.339660	0.871108	21.237610
11312	1.344538	0.871928	21.241339
11313	1.340008	0.870468	21.236903
11314	1.339382	0.872450	21.235744
11315	1.340681	0.873966	21.237688
11316	1.343920	0.876289	21.238989
11317	1.349913	0.878057	21.243112
11318	1.351381	0.879622	21.245094
11319	1.351775	0.880288	21.242612
11320	1.349993	0.878224	21.240247
11321	1.355736	0.882105	21.245259
11322	1.352316	0.881546	21.240461
11323	1.345920	0.879721	21.233820
11324	1.351369	0.879912	21.239321
11325	1.359016	0.881501	21.242880
11326	1.363192	0.882021	21.244950
11327	1.356450	0.877389	21.238645
11328	1.353358	0.875662	21.237680
11329	1.355024	0.873345	21.239790
11330	1.357198	0.873893	21.241597
11331	1.350092	0.870438	21.236292
11332	1.345363	0.870217	21.232902
11333	1.349008	0.871858	21.235938
11334	1.356913	0.873114	21.242431
11335	1.363847	0.875728	21.246163
11336	1.360057	0.876356	21.242361
11337	1.352836	0.874623	21.236001
11338	1.356179	0.875234	21.238351
11339	1.360882	0.876003	21.242045
11340	1.359686	0.871989	21.239613
11341	1.355370	0.871078	21.237942
11342	1.357331	0.868432	21.238169
11343	1.361207	0.869289	21.242147
11344	1.357762	0.867414	21.240354
11345	1.351717	0.865745	21.234539
11346	1.352461	0.868348	21.236687
11347	1.354682	0.872040	21.240067
11348	1.356022	0.872683	21.242160
11349	1.354284	0.873771	21.241356
11350	1.354585	0.876618	21.239777
11351	1.357518	0.879285	21.242986
11352	1.361434	0.881928	21.245932
11353	1.360733	0.883472	21.247615
11354	1.353880	0.882352	21.244042
11355	1.351565	0.881416	21.242633
11356	1.357556	0.884972	21.250577
11357	1.358027	0.883921	21.253970
11358	1.352848	0.881295	21.248039
11359	1.345631	0.879565	21.241675
11360	1.347908	0.878405	21.244538
11361	1.354149	0.878057	21.247782
11362	1.353641	0.877014	21.245850
11363	1.351462	0.875686	21.242500
11364	1.353715	0.878506	21.245999
11365	1.356669	0.879844	21.247381
11366	1.354026	0.881877	21.245944
11367	1.353576	0.881307	21.246739
11368	1.354103	0.880720	21.247282
11369	1.354344	0.880453	21.249735
11370	1.351362	0.879685	21.248688
11371	1.342166	0.873998	21.241392
11372	1.334856	0.871801	21.237145
11373	1.340382	0.869821	21.241725
11374	1.350937	0.872684	21.251959
11375	1.348048	0.872384	21.248779
11376	1.341102	0.869006	21.243533
11377	1.340768	0.869373	21.244216
11378	1.346423	0.868792	21.250664
11379	1.345607	0.869400	21.252459
11380	1.336354	0.863244	21.242417
11381	1.330197	0.857985	21.237873
11382	1.335266	0.855382	21.243648
11383	1.340907	0.854337	21.248117
11384	1.336068	0.849212	21.244152
11385	1.328626	0.845614	21.238009
11386	1.330922	0.843136	21.239070
11387	1.340768	0.842579	21.246837
11388	1.342557	0.841664	21.250848
11389	1.329142	0.839479	21.240920
11390	1.320332	0.835745	21.233434
11391	1.325124	0.838776	21.238852
11392	1.340015	0.844399	21.249294
11393	1.345179	0.848911	21.252550
11394	1.340804	0.847534	21.248179
11395	1.337069	0.848654	21.247111
11396	1.340613	0.852489	21.251136
11397	1.343433	0.856878	21.253299
11398	1.345898	0.860265	21.259623
11399	1.342850	0.859029	21.261375
11400	1.318798	0.851848	21.247864
11401	1.297452	0.843132	21.232549
11402	1.306203	0.846577	21.245334
11403	1.314948	0.849552	21.256107
11404	1.306123	0.849819	21.249286
11405	1.293678	0.847155	21.237131
11406	1.295221	0.853679	21.239711
11407	1.308682	0.860888	21.248519
11408	1.339445	0.881845	21.281023
11409	1.343684	0.893094	21.293717
11410	1.285718	0.885467	21.256634
11411	1.227329	0.868285	21.215478
11412	1.228150	0.872794	21.231846
11413	1.255605	0.884346	21.265239
11414	1.244261	0.880884	21.263407
11415	1.196110	0.868089	21.222195
11416	1.187879	0.866387	21.215316
11417	1.228327	0.877282	21.243255
11418	1.276694	0.893848	21.281501
11419	1.276981	0.893583	21.279134
11420	1.247463	0.883984	21.247611
11421	1.240297	0.876943	21.238746
11422	1.277256	0.884134	21.266369
11423	1.305089	0.885573	21.287910
11424	1.279394	0.872333	21.262941
11425	1.250557	0.854583	21.234572
11426	1.258553	0.850165	21.241397
11427	1.290600	0.850762	21.264403
11428	1.297907	0.844689	21.267639
11429	1.283206	0.831273	21.249389
11430	1.289263	0.825532	21.249325
11431	1.307176	0.821798	21.262208
11432	1.308107	0.814747	21.259366
11433	1.296647	0.802302	21.246640
11434	1.296282	0.794246	21.243293
11435	1.314237	0.787853	21.252513
11436	1.323458	0.783496	21.255226
11437	1.318092	0.773231	21.245015
11438	1.322134	0.768877	21.246469
11439	1.339383	0.766169	21.254695
11440	1.354047	0.761937	21.264120
11441	1.351924	0.745994	21.259919
11442	1.328261	0.727438	21.237588
11443	1.321830	0.710075	21.230205
11444	1.336023	0.702123	21.239956
11445	1.350838	0.687724	21.247012
11446	1.348931	0.671889	21.238339
11447	1.349964	0.656379	21.227249
11448	1.375577	0.655129	21.244000
11449	1.395602	0.648308	21.256344
11450	1.383507	0.637409	21.240937
11451	1.376345	0.618821	21.227178
11452	1.387183	0.608966	21.231469
11453	1.403144	0.598614	21.239727
11454	1.399200	0.584142	21.232320
11455	1.392450	0.569298	21.222943
11456	1.392206	0.559530	21.220817
11457	1.396758	0.547794	21.219731
11458	1.407832	0.539821	21.223890
11459	1.414810	0.530468	21.225614
11460	1.415855	0.521716	21.223876
11461	1.406899	0.510349	21.212139
11462	1.403060	0.500796	21.205371
11463	1.412179	0.497264	21.212629
11464	1.422498	0.495625	21.219665
11465	1.420224	0.493369	21.216428
11466	1.422328	0.495297	21.220099
11467	1.417219	0.490501	21.218042
11468	1.406630	0.478491	21.207123
11469	1.412950	0.473751	21.212572
11470	1.417269	0.465542	21.219125
11471	1.407834	0.454417	21.208502
11472	1.395168	0.442825	21.194403
11473	1.407308	0.442372	21.203247
11474	1.430846	0.446454	21.222579
11475	1.430008	0.444806	21.217836
11476	1.421837	0.437823	21.208440
11477	1.421903	0.435687	21.206294
11478	1.428343	0.431049	21.211836
11479	1.433076	0.426496	21.213028
11480	1.427223	0.416984	21.205647
11481	1.427346	0.409542	21.200996
11482	1.439889	0.405752	21.207192
11483	1.451252	0.400077	21.213813
11484	1.447132	0.392642	21.207519
11485	1.435041	0.383911	21.193819
11486	1.443197	0.384001	21.199034
11487	1.460718	0.382758	21.209881
11488	1.463497	0.378734	21.208057
11489	1.459554	0.371750	21.200000
11490	1.455958	0.364091	21.193016
11491	1.468345	0.361521	21.200963
11492	1.480156	0.358752	21.207152
11493	1.478707	0.353750	21.204787
11494	1.469760	0.345563	21.193894
11495	1.466945	0.337305	21.189372
11496	1.478842	0.334151	21.198618
11497	1.483574	0.329598	21.199805
11498	1.476669	0.320942	21.191910
11499	1.473527	0.315195	21.185402
11500	1.484982	0.313607	21.192906
11501	1.498392	0.314140	21.202180
11502	1.490227	0.311179	21.193595
