// General information: 
//  MT Manager version: 2019.0.1 
//  XDA version: 2019.0.1 build 2740 rev 84096 built on 2019-01-30
// Device information: 
//  DeviceId: 00B43859
//  ProductCode: MTW2-3A7G6
//  Firmware Version: 4.3.4
//  Hardware Version: 1.1.0
// Device settings: 
//  Filter Profile: human(46.1)
//  Option Flags: Orientation Smoother Disabled, AHS Disabled, ICC Disabled
// Coordinate system: ENU
PacketCounter	Roll	Pitch	Yaw
52856	0.094861	9.491566	1.463511
52857	-0.165563	9.140978	0.891431
52858	-0.423051	8.713262	0.459344
52859	-0.709680	8.280385	0.356582
52860	-0.919537	7.839313	0.591363
52861	-1.028238	7.401102	1.063459
52862	-1.095100	6.968963	1.719516
52863	-1.185250	6.528010	2.444437
52864	-1.289303	6.075513	3.095803
52865	-1.384307	5.624241	3.616740
52866	-1.475277	5.183788	4.043582
52867	-1.553052	4.756026	4.433765
52868	-1.619841	4.356588	4.788620
52869	-1.674146	3.994322	5.089996
52870	-1.717531	3.660892	5.333694
52871	-1.751866	3.354103	5.516754
52872	-1.773832	3.066485	5.631404
52873	-1.776435	2.796548	5.667881
52874	-1.754038	2.542889	5.647858
52875	-1.713325	2.298349	5.615022
52876	-1.655922	2.070445	5.614422
52877	-1.592837	1.864309	5.651551
52878	-1.531808	1.669483	5.716531
52879	-1.472821	1.486877	5.795514
52880	-1.421318	1.316269	5.886657
52881	-1.377375	1.154775	5.986970
52882	-1.338454	1.003879	6.082950
52883	-1.305862	0.865996	6.176613
52884	-1.282090	0.743182	6.264391
52885	-1.261596	0.635978	6.347303
52886	-1.239473	0.534880	6.404574
52887	-1.209925	0.436421	6.413452
52888	-1.176414	0.341375	6.392496
52889	-1.144609	0.251856	6.362447
52890	-1.108698	0.164885	6.335956
52891	-1.078983	0.076782	6.316517
52892	-1.055458	-0.009014	6.337066
52893	-1.033218	-0.085410	6.386277
52894	-1.014842	-0.162754	6.439547
52895	-0.992948	-0.242129	6.465063
52896	-0.969682	-0.325259	6.462299
52897	-0.943661	-0.409487	6.471426
52898	-0.921789	-0.486550	6.526277
52899	-0.898919	-0.559475	6.626717
52900	-0.879285	-0.629752	6.750125
52901	-0.859735	-0.697592	6.876858
52902	-0.838111	-0.764798	6.985543
52903	-0.811569	-0.834507	7.071536
52904	-0.782359	-0.899960	7.149461
52905	-0.749299	-0.961183	7.248772
52906	-0.715774	-1.013968	7.374302
52907	-0.679876	-1.057572	7.504424
52908	-0.643856	-1.092544	7.609388
52909	-0.601403	-1.117729	7.673497
52910	-0.554395	-1.136943	7.704744
52911	-0.502433	-1.148264	7.716090
52912	-0.443757	-1.151112	7.702581
52913	-0.379370	-1.154041	7.669151
52914	-0.311312	-1.158896	7.646005
52915	-0.250327	-1.156869	7.676445
52916	-0.199094	-1.146849	7.754836
52917	-0.154498	-1.140396	7.834674
52918	-0.109641	-1.133841	7.884205
52919	-0.075319	-1.122563	7.916923
52920	-0.051811	-1.104220	7.949692
52921	-0.033941	-1.077729	7.978403
52922	-0.026603	-1.044389	8.003202
52923	-0.021790	-1.000701	8.018226
52924	-0.021311	-0.949679	8.012886
52925	-0.022013	-0.893294	7.991751
52926	-0.023522	-0.831578	7.967170
52927	-0.024717	-0.763934	7.957837
52928	-0.026271	-0.693352	7.964240
52929	-0.025297	-0.619035	7.983739
52930	-0.020706	-0.541823	8.003954
52931	-0.013439	-0.460843	8.023486
52932	-0.000593	-0.374008	8.044930
52933	0.011090	-0.273489	8.066592
52934	0.022544	-0.160728	8.073961
52935	0.036435	-0.037310	8.053847
52936	0.054590	0.090763	8.006508
52937	0.078052	0.233009	7.947014
52938	0.108385	0.384780	7.887770
52939	0.143174	0.545664	7.827680
52940	0.185322	0.712154	7.780736
52941	0.231861	0.886220	7.740426
52942	0.282299	1.062775	7.705848
52943	0.335852	1.242123	7.670470
52944	0.389564	1.428751	7.656110
52945	0.445844	1.626582	7.675573
52946	0.502044	1.835086	7.713929
52947	0.555136	2.055756	7.744720
52948	0.612706	2.288574	7.752445
52949	0.672818	2.537154	7.736087
52950	0.734386	2.799686	7.687661
52951	0.807420	3.073282	7.618873
52952	0.896223	3.354345	7.535321
52953	1.009849	3.645693	7.433362
52954	1.144448	3.945775	7.302617
52955	1.305260	4.254274	7.128858
52956	1.478239	4.580233	6.921795
52957	1.668064	4.921795	6.707984
52958	1.874461	5.273586	6.498570
52959	2.086869	5.651119	6.301478
52960	2.319676	6.019327	6.160074
52961	2.574165	6.397796	6.040769
52962	2.841621	6.793485	5.916568
52963	3.126542	7.198246	5.753925
52964	3.427467	7.602756	5.533867
52965	3.754524	7.999832	5.261901
52966	4.107320	8.390680	4.949852
52967	4.492381	8.771333	4.621111
52968	4.905890	9.141682	4.297447
52969	5.343963	9.511275	4.023752
52970	5.815595	9.863113	3.865014
52971	6.302807	10.225314	3.822361
52972	6.862203	10.557359	3.942381
52973	7.434971	10.836492	4.207428
52974	7.936487	11.074534	4.336777
52975	8.391432	11.195128	4.279121
52976	8.756226	11.219341	4.004461
52977	9.014224	11.148610	3.512384
52978	9.112466	11.034783	2.698045
52979	9.058806	10.878489	1.589541
52980	8.983381	10.617078	0.387258
52981	8.970573	10.233927	-0.671591
52982	9.036340	9.745494	-1.422245
52983	9.183157	9.165431	-1.784091
52984	9.421832	8.491117	-1.729709
52985	9.715804	7.718086	-1.320316
52986	9.994049	6.879964	-0.688785
52987	10.185479	6.147398	-0.073722
52988	10.346240	5.485233	0.488685
52989	10.493285	4.886387	0.837425
52990	10.598575	4.358182	1.033793
52991	10.646654	3.947961	1.160144
52992	10.692108	3.575964	1.385964
52993	10.705383	3.224992	1.723505
52994	10.644533	2.898347	2.181248
52995	10.495648	2.632661	2.651096
52996	10.226674	2.463178	3.026019
52997	9.884235	2.421352	3.321273
52998	9.595222	2.558230	3.582817
52999	9.500511	2.759217	3.790487
53000	9.402019	2.989129	3.897523
53001	9.172305	3.023948	3.959514
53002	8.908991	2.635101	4.322667
53003	8.550543	2.253095	4.858120
53004	8.276904	2.058216	5.204122
53005	8.055091	2.024046	5.275479
53006	7.781954	2.067988	5.027327
53007	7.492770	2.093540	4.450863
53008	7.241087	2.125779	3.651788
53009	7.025655	2.172456	2.827730
53010	6.830725	2.183610	2.190871
53011	6.646814	2.169291	1.859742
53012	6.465550	2.152098	1.850634
53013	6.296219	2.133419	2.088364
53014	6.149091	2.105990	2.442207
53015	6.000881	2.081261	2.790607
53016	5.839686	2.047313	3.037453
53017	5.673096	2.006444	3.159535
53018	5.515115	1.956976	3.189105
53019	5.367300	1.895519	3.185057
53020	5.230914	1.827086	3.206461
53021	5.098699	1.753699	3.285727
53022	4.968461	1.679777	3.425139
53023	4.837811	1.610224	3.593932
53024	4.707741	1.547721	3.739852
53025	4.578628	1.500809	3.824904
53026	4.450379	1.468499	3.829012
53027	4.319292	1.443777	3.760069
53028	4.188597	1.424343	3.648593
53029	4.057426	1.408348	3.539957
53030	3.922442	1.392228	3.454972
53031	3.787384	1.371144	3.409671
53032	3.652812	1.340444	3.408107
53033	3.519017	1.301336	3.440250
53034	3.387326	1.250794	3.501730
53035	3.255007	1.192814	3.590861
53036	3.124242	1.127494	3.705407
53037	2.990020	1.060218	3.844641
53038	2.855402	0.995901	4.000893
53039	2.720827	0.935006	4.161885
53040	2.588872	0.877487	4.316417
53041	2.462999	0.825746	4.443398
53042	2.339219	0.780094	4.538615
53043	2.221218	0.741013	4.602543
53044	2.109849	0.708077	4.640661
53045	2.007923	0.678028	4.663168
53046	1.915215	0.651212	4.682557
53047	1.830883	0.629428	4.704775
53048	1.759092	0.607025	4.723391
53049	1.696618	0.583889	4.743320
53050	1.646970	0.561438	4.762105
53051	1.608617	0.539353	4.787878
53052	1.577295	0.520341	4.814122
53053	1.557396	0.499440	4.848702
53054	1.544952	0.481144	4.889703
53055	1.536697	0.462929	4.931234
53056	1.533961	0.447795	4.965978
53057	1.534888	0.434632	4.988703
53058	1.539705	0.420691	4.993236
53059	1.547744	0.405638	4.991770
53060	1.555498	0.393141	4.985274
53061	1.560003	0.384024	4.983858
53062	1.565002	0.378333	4.985806
53063	1.568272	0.370428	4.980511
53064	1.571573	0.360397	4.968896
53065	1.578155	0.349760	4.953430
53066	1.582235	0.338962	4.939732
53067	1.585027	0.329077	4.930768
53068	1.585686	0.320020	4.922932
53069	1.589876	0.309584	4.919059
53070	1.593776	0.296514	4.911657
53071	1.598052	0.283818	4.909138
53072	1.602462	0.271616	4.915071
53073	1.606933	0.259285	4.928681
53074	1.609037	0.248260	4.950522
53075	1.613665	0.238225	4.975815
53076	1.619204	0.227870	4.989487
53077	1.627404	0.215104	4.999651
53078	1.638018	0.202451	5.007588
53079	1.653892	0.187552	5.016535
53080	1.673477	0.170101	5.033710
53081	1.696219	0.153848	5.061494
53082	1.720988	0.140750	5.095866
53083	1.745105	0.129900	5.132455
53084	1.768243	0.116991	5.163576
53085	1.794461	0.106227	5.178579
53086	1.818661	0.098051	5.168295
53087	1.846815	0.086266	5.140365
53088	1.874143	0.077005	5.099315
53089	1.900002	0.065586	5.082036
53090	1.925704	0.059451	5.091575
53091	1.950512	0.052804	5.107486
53092	1.972593	0.042076	5.103016
53093	1.997886	0.024876	5.023881
53094	2.027007	0.014763	4.890735
53095	2.056580	0.001884	4.723390
53096	2.074343	-0.014480	4.555043
53097	2.089028	-0.033994	4.434928
53098	2.099839	-0.056254	4.361676
53099	2.110606	-0.093754	4.307619
53100	2.123011	-0.150599	4.248321
53101	2.130414	-0.209069	4.179276
53102	2.131236	-0.263937	4.109385
53103	2.124491	-0.301839	4.054998
53104	2.117884	-0.326798	4.000778
53105	2.116730	-0.345354	3.911923
53106	2.123409	-0.357733	3.776241
53107	2.138739	-0.370918	3.621300
53108	2.155889	-0.377526	3.498040
53109	2.172117	-0.375370	3.419227
53110	2.184753	-0.359915	3.375350
53111	2.194840	-0.339861	3.330097
53112	2.207400	-0.325705	3.278752
53113	2.223658	-0.307765	3.207685
53114	2.238583	-0.293397	3.129547
53115	2.257305	-0.286441	3.065606
53116	2.270069	-0.277091	3.031948
53117	2.282941	-0.268962	3.033946
53118	2.288976	-0.257073	3.056429
53119	2.290590	-0.242526	3.084691
53120	2.288457	-0.229015	3.115346
53121	2.291204	-0.224117	3.132789
53122	2.291607	-0.222900	3.126840
53123	2.298442	-0.223996	3.098774
53124	2.308796	-0.228487	3.060499
53125	2.325244	-0.228830	3.029244
53126	2.343263	-0.226713	3.008407
53127	2.365571	-0.226759	2.990339
53128	2.384674	-0.230228	2.966960
53129	2.408796	-0.228470	2.924495
53130	2.440602	-0.211556	2.851931
53131	2.477837	-0.182829	2.756272
53132	2.519879	-0.147254	2.632487
53133	2.571808	-0.105467	2.505820
53134	2.628724	-0.056559	2.403732
53135	2.687812	0.006674	2.321258
53136	2.748129	0.073316	2.240404
53137	2.812765	0.141907	2.148367
53138	2.886667	0.215367	2.031379
53139	2.963507	0.288093	1.913256
53140	3.045037	0.366269	1.814211
53141	3.134685	0.453507	1.729169
53142	3.232823	0.553690	1.650042
53143	3.341624	0.662968	1.568138
53144	3.466585	0.784553	1.476042
53145	3.604313	0.920687	1.366996
53146	3.759710	1.060259	1.251361
53147	3.937536	1.220253	1.124346
53148	4.143028	1.393063	0.988387
53149	4.385838	1.577434	0.859208
53150	4.666332	1.776606	0.734859
53151	4.988339	1.984232	0.635560
53152	5.358502	2.201024	0.570036
53153	5.769209	2.427182	0.525848
53154	6.213764	2.646698	0.506999
53155	6.694378	2.864888	0.509349
53156	7.208750	3.083400	0.501381
53157	7.756646	3.308941	0.481952
53158	8.340346	3.530436	0.444679
53159	8.950058	3.762149	0.373775
53160	9.578009	4.000775	0.263743
53161	10.213122	4.263356	0.095440
53162	10.869693	4.523168	-0.117713
53163	11.554032	4.815970	-0.384041
53164	12.256314	5.171082	-0.662180
53165	12.985821	5.574725	-0.960049
53166	13.712558	5.969631	-1.167974
53167	14.413259	6.325394	-1.203963
53168	15.082424	6.655455	-1.087501
53169	15.742924	6.968722	-0.860170
53170	16.410364	7.236892	-0.586884
53171	17.187231	7.413385	-0.295984
53172	18.142552	7.585988	-0.015417
53173	19.340009	7.781055	0.275045
53174	20.690930	7.985893	0.514571
53175	22.104234	8.222323	0.723859
53176	23.644175	8.435444	0.953073
53177	25.259964	8.718662	1.154024
53178	26.944339	9.070912	1.239604
53179	28.687783	9.533668	1.150334
53180	30.470205	10.122499	0.926345
53181	32.280963	10.816154	0.649363
53182	34.098220	11.597279	0.390893
53183	35.907125	12.434365	0.201166
53184	37.698620	13.236479	0.153741
53185	39.453492	13.942230	0.290497
53186	41.146985	14.544075	0.603176
53187	42.769602	15.026293	1.086290
53188	44.314061	15.358452	1.711194
53189	45.765176	15.559019	2.419173
53190	47.094962	15.635693	3.173599
53191	48.283633	15.642382	3.904858
53192	49.305187	15.627972	4.574182
53193	50.162179	15.600336	5.158079
53194	50.823204	15.608136	5.626347
53195	51.282982	15.649267	5.976879
53196	51.546914	15.681504	6.236476
53197	51.617073	15.715764	6.402046
53198	51.489601	15.730388	6.492274
53199	51.157039	15.744937	6.508638
53200	50.636146	15.732886	6.464517
53201	49.947684	15.634977	6.390179
53202	49.095278	15.431752	6.308039
53203	48.102310	15.082515	6.254266
53204	46.973452	14.595770	6.239140
53205	45.733236	13.976879	6.263593
53206	44.378835	13.261746	6.311090
53207	42.917575	12.515501	6.337596
53208	41.353675	11.793724	6.300251
53209	39.701036	11.130329	6.158538
53210	37.977619	10.533747	5.916523
53211	36.226314	10.014027	5.580615
53212	34.488086	9.549515	5.182758
53213	32.792594	9.096401	4.774541
53214	31.167214	8.615584	4.425169
53215	29.620679	8.058344	4.209297
53216	28.136417	7.434028	4.164960
53217	26.708051	6.825445	4.242995
53218	25.358280	6.232787	4.419083
53219	24.102478	5.661838	4.655255
53220	22.952266	5.150109	4.884646
53221	21.922356	4.697016	5.071155
53222	21.023747	4.309284	5.162274
53223	20.249555	3.963289	5.164638
53224	19.555121	3.691862	5.024811
53225	18.928189	3.481954	4.775380
53226	18.372938	3.282048	4.528446
53227	17.892354	3.093054	4.344991
53228	17.475449	2.945653	4.238407
53229	17.197885	2.758414	4.295916
53230	17.477452	1.972086	4.655262
53231	17.660951	1.626016	4.766639
53232	17.598022	2.220018	4.337774
53233	17.806430	2.923026	3.932435
53234	18.196671	3.184853	4.036625
53235	18.486248	3.261735	4.436790
53236	18.679978	3.245201	4.879409
53237	18.864420	3.210920	5.299304
53238	19.134360	3.124753	5.748885
53239	19.427982	3.099221	6.117772
53240	19.699724	3.114501	6.430935
53241	19.982201	3.035420	6.754577
53242	20.258473	2.898409	7.062196
53243	20.550468	2.754732	7.308869
53244	20.825999	2.675608	7.438718
53245	21.076729	2.634669	7.429515
53246	21.321826	2.508472	7.312386
53247	21.458810	2.383305	7.095713
53248	21.556464	2.347723	6.864373
53249	21.811470	2.424939	6.746595
53250	22.222677	2.490754	6.770549
53251	22.663489	2.471756	6.874324
53252	23.024754	2.398812	7.009673
53253	23.312999	2.259220	7.119103
53254	23.512077	2.109183	7.148087
53255	23.620448	1.979515	7.042031
53256	23.679756	1.856013	6.852950
53257	23.749576	1.775507	6.600237
53258	23.846932	1.759008	6.304337
53259	23.969809	1.730557	6.064360
53260	24.084729	1.626510	5.944864
53261	24.162480	1.462537	5.934287
53262	24.185843	1.289594	5.971534
53263	24.156676	1.111163	5.990440
53264	24.076095	0.920484	5.979694
53265	23.979899	0.716330	5.962469
53266	23.868900	0.541332	5.923593
53267	23.728802	0.379421	5.859565
53268	23.579713	0.214062	5.779312
53269	23.421739	0.074664	5.705200
53270	23.263386	-0.058418	5.640072
53271	23.083993	-0.181245	5.580471
53272	22.894106	-0.308506	5.542762
53273	22.692830	-0.421932	5.522940
53274	22.473704	-0.517233	5.517460
53275	22.239647	-0.619215	5.530787
53276	21.983245	-0.709887	5.534101
53277	21.726183	-0.780817	5.510753
53278	21.469598	-0.822867	5.444309
53279	21.198097	-0.846565	5.361912
53280	20.913187	-0.877782	5.290682
53281	20.608511	-0.877618	5.208209
53282	20.284396	-0.881022	5.145513
53283	19.954380	-0.894083	5.081440
53284	19.613085	-0.900316	5.013066
53285	19.273870	-0.898375	4.906964
53286	18.929976	-0.868168	4.718119
53287	18.575188	-0.816742	4.465613
53288	18.211380	-0.747509	4.157627
53289	17.851824	-0.686075	3.849061
53290	17.502679	-0.647915	3.572881
53291	17.153558	-0.660461	3.389728
53292	16.780954	-0.691454	3.295282
53293	16.377413	-0.729427	3.241805
53294	15.957595	-0.770030	3.206344
53295	15.540752	-0.804594	3.167096
53296	15.123625	-0.827871	3.102959
53297	14.718729	-0.850057	2.990727
53298	14.312347	-0.883166	2.850296
53299	13.895292	-0.926846	2.675636
53300	13.488208	-0.972009	2.479384
53301	13.094703	-1.010511	2.281091
53302	12.705120	-1.057292	2.115421
53303	12.310154	-1.123556	2.016452
53304	11.924534	-1.204104	1.971319
53305	11.548402	-1.285692	1.972729
53306	11.191892	-1.351367	2.004700
53307	10.846731	-1.399353	2.049913
53308	10.518635	-1.432920	2.041183
53309	10.210088	-1.464357	1.986310
53310	9.928740	-1.497302	1.902825
53311	9.683112	-1.536213	1.822080
53312	9.463323	-1.572651	1.810948
53313	9.286846	-1.593865	1.844846
53314	9.155575	-1.603139	1.911650
53315	9.045515	-1.610128	1.996025
53316	8.982317	-1.607413	2.072272
53317	8.945545	-1.586087	2.139802
53318	8.929786	-1.558709	2.176178
53319	8.929809	-1.525669	2.187323
53320	8.927323	-1.491992	2.214229
53321	8.932163	-1.454777	2.255476
53322	8.949582	-1.415007	2.317120
53323	8.963528	-1.384366	2.408682
53324	8.977244	-1.357058	2.495098
53325	8.990629	-1.322754	2.558989
53326	9.010506	-1.294027	2.614631
53327	9.062559	-1.248567	2.697846
53328	9.122996	-1.192910	2.810068
53329	9.170912	-1.142083	2.939219
53330	9.238019	-1.102237	3.096874
53331	9.302551	-1.028074	3.296723
53332	9.359193	-0.960613	3.468600
53333	9.395837	-0.897915	3.572897
53334	9.428627	-0.843482	3.644034
53335	9.448646	-0.782455	3.673490
53336	9.452177	-0.736613	3.677881
53337	9.438626	-0.703891	3.695401
53338	9.406950	-0.661846	3.736984
53339	9.357931	-0.627035	3.767095
53340	9.283540	-0.594241	3.749108
53341	9.195442	-0.568452	3.721254
53342	9.089347	-0.531048	3.708909
53343	8.976320	-0.493167	3.694455
53344	8.855785	-0.459286	3.664271
53345	8.729433	-0.424759	3.626027
53346	8.591866	-0.398755	3.589396
53347	8.460061	-0.386401	3.558472
53348	8.337825	-0.370125	3.554008
53349	8.224202	-0.350930	3.579150
53350	8.109589	-0.332672	3.621360
53351	8.002918	-0.317802	3.677406
53352	7.895871	-0.294471	3.736566
53353	7.789125	-0.271995	3.782798
53354	7.683279	-0.255653	3.814796
53355	7.581548	-0.239692	3.834629
53356	7.486468	-0.216612	3.853988
53357	7.396594	-0.190289	3.864689
53358	7.313953	-0.166730	3.870487
53359	7.240886	-0.139891	3.877462
53360	7.175958	-0.109638	3.884944
53361	7.117708	-0.083903	3.908814
53362	7.066706	-0.058334	3.956313
53363	7.026344	-0.025350	4.018803
53364	6.983516	0.004870	4.092417
53365	6.941411	0.030288	4.164099
53366	6.902610	0.055501	4.233350
53367	6.869509	0.081638	4.287118
53368	6.842802	0.105033	4.328896
53369	6.822405	0.129053	4.363356
53370	6.808198	0.149902	4.387717
53371	6.797046	0.167612	4.412155
53372	6.792106	0.183169	4.438055
53373	6.793632	0.200563	4.467268
53374	6.793966	0.214694	4.484292
53375	6.798891	0.229352	4.488661
53376	6.801488	0.242727	4.478313
53377	6.801888	0.260907	4.450715
53378	6.796678	0.276370	4.410463
53379	6.789125	0.297241	4.366359
53380	6.780917	0.314792	4.325358
53381	6.771006	0.337277	4.285518
53382	6.752317	0.354520	4.255063
53383	6.731325	0.369820	4.234497
53384	6.711937	0.380391	4.219927
53385	6.687138	0.392809	4.203899
53386	6.660689	0.398223	4.183454
53387	6.631137	0.405108	4.175998
53388	6.601697	0.413662	4.170421
53389	6.570132	0.420481	4.169751
53390	6.534034	0.431385	4.167038
53391	6.495445	0.444119	4.155149
53392	6.459922	0.452398	4.130252
53393	6.427743	0.463541	4.096383
53394	6.397195	0.477881	4.060050
53395	6.367874	0.492568	4.031862
53396	6.344822	0.508495	4.011394
53397	6.329677	0.522433	3.996208
53398	6.319779	0.537047	3.984345
53399	6.314732	0.551128	3.971708
53400	6.314421	0.567174	3.961754
53401	6.322565	0.582225	3.948345
53402	6.334750	0.599463	3.929468
53403	6.349144	0.616135	3.905336
53404	6.362387	0.631231	3.889952
53405	6.371296	0.648974	3.880627
53406	6.377168	0.667769	3.879654
53407	6.382258	0.688084	3.872680
53408	6.386074	0.710030	3.840951
53409	6.390047	0.732963	3.791988
53410	6.391041	0.754008	3.747312
53411	6.393163	0.774807	3.709538
53412	6.396701	0.796397	3.683726
53413	6.394362	0.818606	3.662048
53414	6.399221	0.835260	3.626600
53415	6.415093	0.852811	3.580572
53416	6.437529	0.868207	3.564594
53417	6.468230	0.886970	3.584290
53418	6.500614	0.911365	3.636010
53419	6.537398	0.941925	3.684073
53420	6.585704	0.982393	3.696871
53421	6.647897	1.036713	3.666290
53422	6.727455	1.099366	3.595679
53423	6.825996	1.170950	3.516357
53424	6.937494	1.249015	3.462974
53425	7.062712	1.331808	3.425183
53426	7.195858	1.418790	3.392511
53427	7.338294	1.510167	3.358358
53428	7.490789	1.600784	3.322848
53429	7.653033	1.691572	3.294664
53430	7.824717	1.785572	3.269508
53431	8.005928	1.881774	3.255450
53432	8.198643	1.979047	3.250167
53433	8.411966	2.075438	3.254513
53434	8.644220	2.173084	3.284241
53435	8.902027	2.281943	3.319475
53436	9.171810	2.387110	3.372257
53437	9.439700	2.494849	3.413110
53438	9.711282	2.593620	3.437519
53439	9.988540	2.686760	3.472710
53440	10.276047	2.782011	3.523171
53441	10.578069	2.881718	3.583318
53442	10.867890	2.978707	3.661912
53443	11.140948	3.084836	3.704111
53444	11.391558	3.183943	3.728587
53445	11.618737	3.280700	3.724669
53446	11.820460	3.366158	3.719381
53447	11.994565	3.446467	3.714947
53448	12.142791	3.528886	3.700728
53449	12.258317	3.603217	3.710324
53450	12.338206	3.674125	3.719960
53451	12.387790	3.723969	3.758029
53452	12.434081	3.764263	3.805730
53453	12.473080	3.836794	3.824178
53454	12.537489	3.901626	3.803409
53455	12.625791	3.995014	3.765961
53456	12.763223	4.091860	3.755212
53457	12.964076	4.189359	3.777837
53458	13.193657	4.327926	3.759223
53459	13.474603	4.422926	3.749583
53460	13.833511	4.502896	3.765894
53461	14.296080	4.598746	3.802362
53462	14.831309	4.715572	3.852329
53463	15.420297	4.881872	3.882893
53464	16.049050	5.078565	3.907714
53465	16.731701	5.306964	3.949217
53466	17.463445	5.584602	4.008887
53467	18.254905	5.896420	4.071265
53468	19.145915	6.208933	4.141061
53469	20.202262	6.532313	4.218481
53470	21.422664	6.932430	4.267945
53471	22.817818	7.391042	4.244260
53472	24.280079	7.925205	4.122016
53473	25.781338	8.517319	3.908892
53474	27.347247	9.090609	3.722179
53475	28.975150	9.678672	3.595906
53476	30.641080	10.325369	3.466327
53477	32.335996	11.049369	3.277372
53478	34.037088	11.783912	3.097660
53479	35.723311	12.508453	2.978291
53480	37.395905	13.195237	2.962998
53481	39.050857	13.818994	3.065546
53482	40.673780	14.352839	3.279535
53483	42.245133	14.764082	3.605315
53484	43.753811	15.030757	4.051927
53485	45.199751	15.170903	4.617053
53486	46.566901	15.178246	5.273409
53487	47.840393	15.065012	5.983446
53488	48.993557	14.880432	6.696672
53489	50.021103	14.635227	7.392929
53490	50.908023	14.319384	8.059326
53491	51.640720	13.980158	8.669081
53492	52.209319	13.667344	9.203539
53493	52.610551	13.382019	9.653023
53494	52.845944	13.127578	10.026521
53495	52.920176	12.930149	10.323917
53496	52.839867	12.777786	10.549125
53497	52.611637	12.667254	10.692669
53498	52.219792	12.577881	10.762485
53499	51.665669	12.509890	10.767500
53500	50.956040	12.433447	10.722564
53501	50.108087	12.340524	10.631628
53502	49.112256	12.242337	10.508273
53503	47.984119	12.135867	10.347668
53504	46.734495	12.031359	10.149455
53505	45.387113	11.927655	9.924606
53506	43.960828	11.835373	9.661653
53507	42.474112	11.770748	9.342831
53508	40.928554	11.713573	8.952971
53509	39.340406	11.653696	8.496425
53510	37.727090	11.570116	7.996465
53511	36.104330	11.456796	7.482889
53512	34.474453	11.383057	6.943366
53513	32.876536	11.296007	6.426297
53514	31.325370	11.142684	5.982781
53515	29.835095	10.928523	5.653861
53516	28.415945	10.664132	5.443517
53517	27.093899	10.338213	5.378527
53518	25.878473	9.934856	5.472794
53519	24.770674	9.437917	5.750933
53520	23.759222	8.865853	6.205137
53521	22.831603	8.256534	6.816866
53522	21.968419	7.670444	7.467208
53523	21.173858	7.073998	8.135947
53524	20.419024	6.546989	8.679940
53525	19.726149	6.106619	9.030568
53526	19.112082	5.739098	9.157790
53527	18.578209	5.457561	9.065762
53528	18.114367	5.263301	8.787470
53529	17.726522	5.139049	8.394968
53530	17.417623	5.033223	8.001359
53531	17.182666	4.926834	7.696469
53532	17.014374	4.819618	7.518894
53533	16.911230	4.715098	7.517982
53534	16.870174	4.619185	7.697055
53535	16.890184	4.521382	8.043311
53536	16.951937	4.402647	8.500416
53537	17.044901	4.268048	8.991555
53538	17.144892	4.140596	9.442941
53539	17.231227	4.053203	9.767275
53540	17.300215	4.026334	9.969539
53541	17.507406	3.801518	10.239394
53542	17.723676	3.565998	10.269569
53543	17.834894	3.478802	10.466795
53544	18.021604	3.673034	10.335865
53545	18.257426	3.921045	10.162949
53546	18.448646	4.051000	10.160009
53547	18.710594	4.014310	10.360039
53548	18.964861	3.982493	10.509595
53549	19.221398	4.000602	10.643823
53550	19.502461	4.028060	10.751916
53551	19.807832	3.984908	10.893729
53552	20.107675	3.881659	11.026318
53553	20.374110	3.770873	11.127070
53554	20.631584	3.629768	11.207181
53555	20.884892	3.448448	11.282723
53556	21.111177	3.267806	11.288690
53557	21.308541	3.096323	11.226166
53558	21.519720	2.932559	11.127615
53559	21.758127	2.779264	11.022451
53560	21.999197	2.639021	10.914479
53561	22.211259	2.526717	10.805543
53562	22.387189	2.378982	10.725959
53563	22.495980	2.206176	10.671587
53564	22.539439	2.000203	10.665748
53565	22.518723	1.757539	10.727816
53566	22.439129	1.512374	10.835722
53567	22.306169	1.278771	10.962111
53568	22.135879	1.040591	11.072023
53569	21.956532	0.820772	11.135451
53570	21.747501	0.673725	11.123482
53571	21.496929	0.548215	11.054899
53572	21.220711	0.433520	10.988186
53573	20.924233	0.310178	10.941557
53574	20.610811	0.161326	10.931547
53575	20.295729	-0.002831	10.970693
53576	19.972519	-0.176179	11.054995
53577	19.642183	-0.355492	11.153615
53578	19.302829	-0.529767	11.236299
53579	18.966342	-0.696889	11.293794
53580	18.627956	-0.853868	11.340550
53581	18.279722	-0.998386	11.364308
53582	17.921563	-1.137035	11.372455
53583	17.550702	-1.269178	11.378360
53584	17.178246	-1.398844	11.373128
53585	16.806749	-1.516000	11.358371
53586	16.432290	-1.637024	11.348014
53587	16.053125	-1.760239	11.329323
53588	15.671857	-1.878010	11.296652
53589	15.296298	-1.981844	11.217637
53590	14.929528	-2.084598	11.116791
53591	14.580935	-2.186634	10.952120
53592	14.235384	-2.279677	10.748016
53593	13.895174	-2.385301	10.540683
53594	13.559077	-2.502933	10.332303
53595	13.246150	-2.629797	10.141362
53596	12.914559	-2.753685	9.963476
53597	12.579078	-2.867584	9.778552
53598	12.249639	-2.964333	9.573026
53599	11.908046	-3.033434	9.320697
53600	11.599189	-3.123999	9.028635
53601	11.289636	-3.203718	8.732997
53602	10.965250	-3.254159	8.455824
53603	10.641363	-3.307420	8.261349
53604	10.297661	-3.351194	8.142074
53605	9.946889	-3.377795	8.056229
53606	9.594562	-3.386697	7.969733
53607	9.249167	-3.367180	7.819268
53608	8.931565	-3.352771	7.637889
53609	8.623086	-3.337080	7.450585
53610	8.335417	-3.320173	7.275826
53611	8.069433	-3.310486	7.121733
53612	7.797640	-3.297029	6.992665
53613	7.538578	-3.291619	6.890168
53614	7.304273	-3.288968	6.798307
53615	7.088705	-3.264885	6.698716
53616	6.903634	-3.232485	6.541401
53617	6.741389	-3.222822	6.383203
53618	6.583626	-3.218810	6.209308
53619	6.446134	-3.214127	6.064003
53620	6.333752	-3.211139	5.962458
53621	6.238584	-3.200677	5.884487
53622	6.166995	-3.186348	5.819686
53623	6.125024	-3.168337	5.762177
53624	6.094314	-3.139664	5.691579
53625	6.088258	-3.122361	5.608194
53626	6.101323	-3.101384	5.529379
53627	6.132080	-3.066578	5.449970
53628	6.161531	-3.044204	5.383514
53629	6.184130	-3.010161	5.314103
53630	6.203368	-2.973622	5.228162
53631	6.222126	-2.934887	5.152858
53632	6.252054	-2.896438	5.084985
53633	6.316804	-2.868986	5.006453
53634	6.424440	-2.849614	4.949176
53635	6.560670	-2.806087	4.931728
53636	6.653072	-2.734292	4.871240
53637	6.742737	-2.705977	4.789425
53638	6.832674	-2.652836	4.656667
53639	6.946530	-2.572160	4.493126
53640	7.050412	-2.476128	4.290364
53641	7.154947	-2.411932	4.067436
53642	7.247164	-2.345199	3.859545
53643	7.328704	-2.273175	3.663298
53644	7.391452	-2.214990	3.527837
53645	7.435419	-2.165090	3.416817
53646	7.469418	-2.114362	3.327876
53647	7.486304	-2.051047	3.212769
53648	7.503681	-1.975803	3.069421
53649	7.520786	-1.888553	2.904447
53650	7.549706	-1.807859	2.751792
53651	7.577232	-1.729351	2.624632
53652	7.616988	-1.670408	2.554552
53653	7.662776	-1.605160	2.506739
53654	7.711354	-1.546227	2.441705
53655	7.742648	-1.493859	2.376270
53656	7.745079	-1.453005	2.369796
53657	7.724307	-1.430631	2.422840
53658	7.683061	-1.445648	2.625955
53659	7.617697	-1.500083	2.987368
53660	7.527192	-1.563738	3.445000
53661	7.428030	-1.628525	3.985983
53662	7.336130	-1.662670	4.480622
53663	7.261019	-1.664181	4.867149
53664	7.191400	-1.649151	5.140646
53665	7.116249	-1.600963	5.274178
53666	7.058934	-1.526392	5.235139
53667	7.029451	-1.433096	5.031685
53668	7.025428	-1.343868	4.698312
53669	7.041521	-1.268256	4.322971
53670	7.059072	-1.206422	3.985408
53671	7.075890	-1.135611	3.710695
53672	7.095121	-1.051989	3.477664
53673	7.116972	-0.971342	3.288491
53674	7.160435	-0.954694	3.244830
53675	7.152486	-0.894674	3.293782
53676	7.134183	-0.813741	3.388259
53677	7.147844	-0.756512	3.417074
53678	7.137669	-0.669846	3.330101
53679	7.131898	-0.618235	3.173358
53680	7.113161	-0.557381	3.011390
53681	7.100750	-0.505936	2.903885
53682	7.088502	-0.467823	2.857428
53683	7.057074	-0.436158	2.869803
53684	7.024083	-0.404232	2.913060
53685	6.999739	-0.370227	2.985453
53686	6.974736	-0.329367	3.042998
53687	6.946322	-0.287221	3.069574
53688	6.915182	-0.251178	3.076461
53689	6.891893	-0.209163	3.063595
53690	6.874548	-0.157270	3.018306
53691	6.848659	-0.098731	2.958728
53692	6.816229	-0.045312	2.909050
53693	6.786501	0.010273	2.858129
53694	6.762802	0.074428	2.800925
53695	6.734988	0.130701	2.752447
53696	6.708933	0.179198	2.719062
53697	6.685292	0.231740	2.680972
53698	6.664814	0.283639	2.642237
53699	6.642552	0.323241	2.620191
53700	6.622648	0.359859	2.608887
53701	6.610166	0.393053	2.602139
53702	6.606067	0.424756	2.596142
53703	6.600099	0.455307	2.588226
53704	6.588334	0.485643	2.576696
53705	6.577569	0.512112	2.558549
53706	6.565201	0.534278	2.545084
53707	6.549599	0.551083	2.541378
53708	6.530340	0.571827	2.538836
53709	6.512221	0.589378	2.535067
53710	6.496922	0.601979	2.533219
53711	6.481372	0.612959	2.533604
53712	6.471388	0.625142	2.535335
53713	6.465242	0.640025	2.532100
53714	6.460535	0.648659	2.538370
53715	6.455919	0.656697	2.546242
53716	6.453870	0.662095	2.554786
53717	6.455520	0.666723	2.565316
53718	6.456161	0.668778	2.567907
53719	6.458589	0.669671	2.568017
53720	6.462435	0.673165	2.564343
53721	6.471460	0.677577	2.553189
53722	6.484019	0.679447	2.536717
53723	6.493162	0.681014	2.516389
53724	6.507482	0.685714	2.498045
53725	6.522197	0.687701	2.481618
53726	6.534122	0.693543	2.461325
53727	6.550377	0.700663	2.441755
53728	6.567832	0.709818	2.421251
53729	6.584943	0.719829	2.400744
53730	6.598749	0.732099	2.379853
53731	6.608899	0.743273	2.358895
53732	6.619995	0.755759	2.344918
53733	6.627125	0.766121	2.331503
53734	6.632493	0.774767	2.324700
53735	6.636673	0.784457	2.313763
53736	6.637250	0.792237	2.304013
53737	6.634535	0.803273	2.291677
53738	6.627640	0.813472	2.280827
53739	6.623487	0.825780	2.264656
53740	6.614854	0.836164	2.246476
53741	6.609125	0.846274	2.233438
53742	6.604695	0.858599	2.218501
53743	6.598963	0.868758	2.209580
53744	6.592131	0.879240	2.206005
53745	6.588084	0.889064	2.209477
53746	6.588676	0.897089	2.220313
53747	6.593571	0.906355	2.227763
53748	6.601601	0.917969	2.234626
53749	6.610696	0.932046	2.223772
53750	6.618154	0.944569	2.201141
53751	6.623779	0.956047	2.171512
53752	6.628047	0.970047	2.137710
53753	6.633013	0.982463	2.113451
53754	6.638491	0.991441	2.100603
53755	6.647801	1.003231	2.091019
53756	6.663465	1.015905	2.074562
53757	6.679497	1.031926	2.041628
53758	6.696027	1.047472	1.989323
53759	6.713113	1.067159	1.934175
53760	6.729090	1.087176	1.884370
53761	6.751550	1.103574	1.850268
53762	6.781090	1.120296	1.832806
53763	6.816098	1.136042	1.820549
53764	6.865148	1.151127	1.802842
53765	6.909981	1.182014	1.775541
53766	6.954818	1.220511	1.736806
53767	7.002882	1.262851	1.693384
53768	7.058668	1.307940	1.663480
53769	7.123411	1.354241	1.659525
53770	7.195088	1.403522	1.677361
53771	7.274739	1.463061	1.703673
53772	7.363939	1.525415	1.731503
53773	7.456266	1.590784	1.754343
53774	7.555459	1.662378	1.775507
53775	7.670259	1.739209	1.791950
53776	7.798066	1.821573	1.806198
53777	7.940755	1.906106	1.830049
53778	8.105531	1.992806	1.858900
53779	8.300832	2.081937	1.893192
53780	8.529385	2.173815	1.940329
53781	8.797334	2.266946	1.986345
53782	9.095504	2.357741	2.060626
53783	9.423550	2.460723	2.123139
53784	9.772823	2.559431	2.155242
53785	10.138617	2.661326	2.149709
53786	10.540177	2.769393	2.115044
53787	10.984730	2.888869	2.066380
53788	11.462857	3.020645	2.021619
53789	11.976856	3.152594	1.984614
53790	12.497831	3.293668	1.948253
53791	13.027588	3.441900	1.890895
53792	13.565562	3.599341	1.800745
53793	14.120719	3.768579	1.691183
53794	14.685293	3.956378	1.548275
53795	15.264688	4.155889	1.401402
53796	15.870401	4.370887	1.256945
53797	16.500218	4.624066	1.106938
53798	17.161661	4.898226	0.965725
53799	17.830396	5.215019	0.764005
53800	18.466464	5.565346	0.469974
53801	19.104827	5.884562	0.157022
53802	19.759351	6.179040	-0.090068
53803	20.461598	6.475642	-0.245911
53804	21.237090	6.761132	-0.386253
53805	22.169597	6.993130	-0.523999
53806	23.294563	7.235838	-0.697894
53807	24.629055	7.548109	-0.947316
53808	26.100912	7.953478	-1.318251
53809	27.659256	8.494287	-1.818560
53810	29.289240	9.084719	-2.308775
53811	30.979762	9.686885	-2.702172
53812	32.761151	10.266185	-2.978358
53813	34.628847	10.877260	-3.142382
53814	36.539303	11.565683	-3.243443
53815	38.480240	12.250195	-3.231948
53816	40.434806	12.881173	-3.084514
53817	42.411332	13.414867	-2.783455
53818	44.383382	13.856765	-2.343959
53819	46.321694	14.195953	-1.793271
53820	48.210155	14.377904	-1.142707
53821	50.034089	14.392539	-0.412094
53822	51.769295	14.238385	0.381901
53823	53.394835	13.939632	1.212958
53824	54.879876	13.541629	2.043627
53825	56.196409	13.106427	2.842367
53826	57.319092	12.638610	3.587080
53827	58.207636	12.227906	4.234716
53828	58.846802	11.868326	4.773799
53829	59.252991	11.563418	5.200402
53830	59.428166	11.300395	5.528675
53831	59.372325	11.074201	5.746732
53832	59.052860	10.908042	5.874167
53833	58.491499	10.784402	5.936113
53834	57.713122	10.643697	5.954588
53835	56.719789	10.473445	5.949639
53836	55.504349	10.250590	5.932120
53837	54.075960	10.021190	5.876741
53838	52.468237	9.740601	5.775419
53839	50.727702	9.413532	5.630521
53840	48.876296	9.088132	5.445663
53841	46.936327	8.779714	5.219173
53842	44.923554	8.544861	4.940238
53843	42.880908	8.367485	4.601543
53844	40.832709	8.236828	4.186543
53845	38.803517	8.125348	3.719222
53846	36.823049	7.993921	3.229232
53847	34.921490	7.824890	2.787484
53848	33.121477	7.652709	2.413096
53849	31.454717	7.430487	2.170894
53850	29.915649	7.163353	2.074214
53851	28.507207	6.844550	2.136480
53852	27.211756	6.496712	2.335849
53853	26.015479	6.164937	2.605911
53854	24.931029	5.855977	2.902161
53855	23.965371	5.564555	3.201344
53856	23.116807	5.319240	3.467199
53857	22.380481	5.162272	3.657412
53858	21.758240	5.083858	3.768627
53859	21.253941	5.019631	3.852111
53860	20.846266	4.967808	3.923436
53861	20.518299	4.932283	3.991311
53862	20.268137	4.886906	4.071777
53863	20.071198	4.818399	4.173083
53864	19.906837	4.719272	4.313633
53865	19.779476	4.578945	4.515227
53866	19.686853	4.419968	4.753176
53867	19.626683	4.264558	4.973242
53868	19.591225	4.104214	5.138213
53869	19.565017	3.941841	5.221057
53870	19.542167	3.784971	5.213456
53871	19.512372	3.635198	5.116917
53872	19.471097	3.498088	4.954084
53873	19.416648	3.381379	4.749298
53874	19.362431	3.268142	4.549423
53875	19.310359	3.169649	4.364911
53876	19.268940	3.071661	4.243487
53877	19.437612	2.699838	4.396527
53878	19.641945	2.352689	4.469869
53879	19.702584	2.558672	4.226087
53880	19.827827	2.931417	3.927603
53881	20.002788	3.136949	3.888489
53882	20.204924	3.112602	4.130134
53883	20.421566	2.956450	4.456143
53884	20.587714	2.881549	4.682835
53885	20.769756	2.828645	4.855801
53886	20.980227	2.690859	5.046635
53887	21.173069	2.533204	5.187057
53888	21.334499	2.484975	5.203719
53889	21.551481	2.480843	5.212727
53890	21.841252	2.459074	5.254034
53891	22.152415	2.438628	5.281942
53892	22.453507	2.382175	5.306913
53893	22.745555	2.280564	5.338731
53894	23.017592	2.169347	5.385210
53895	23.280142	2.063084	5.441165
53896	23.548915	1.965991	5.493153
53897	23.819176	1.882826	5.534201
53898	24.087703	1.811877	5.576804
53899	24.373600	1.726023	5.656229
53900	24.668657	1.651831	5.750703
53901	24.960446	1.592969	5.868593
53902	25.237473	1.532855	5.996804
53903	25.498222	1.477850	6.142499
53904	25.744292	1.427263	6.299598
53905	25.961525	1.386852	6.441609
53906	26.151652	1.391384	6.540398
53907	26.349479	1.440287	6.581820
53908	26.543012	1.526568	6.568608
53909	26.728037	1.604672	6.550211
53910	26.883475	1.675216	6.534027
53911	27.020600	1.732536	6.531185
53912	27.138346	1.759300	6.557719
53913	27.225881	1.780943	6.589420
53914	27.300074	1.777794	6.628783
53915	27.357187	1.746289	6.678574
53916	27.380944	1.719351	6.698688
53917	27.374189	1.697169	6.688991
53918	27.337013	1.671693	6.660717
53919	27.262860	1.644170	6.609553
53920	27.152996	1.611426	6.551626
53921	27.008089	1.538221	6.492373
53922	26.834653	1.453431	6.422213
53923	26.620558	1.383626	6.325594
53924	26.381813	1.310691	6.201136
53925	26.131884	1.219340	6.050953
53926	25.872331	1.107940	5.880990
53927	25.618571	0.964712	5.723853
53928	25.329079	0.885777	5.504452
53929	25.020480	0.855243	5.290994
53930	24.704475	0.807693	5.071481
53931	24.390143	0.775530	4.873550
53932	24.068456	0.721857	4.715128
53933	23.720506	0.682360	4.551160
53934	23.396256	0.633674	4.456367
53935	23.092711	0.616794	4.378072
53936	22.801730	0.589958	4.322209
53937	22.491705	0.546650	4.290328
53938	22.179973	0.498196	4.261032
53939	21.868070	0.466426	4.222811
53940	21.572952	0.451380	4.159260
53941	21.296028	0.423697	4.100915
53942	21.031800	0.400432	4.032467
53943	20.778562	0.366428	3.982846
53944	20.544591	0.310617	3.944930
53945	20.314363	0.247030	3.905550
53946	20.106819	0.179845	3.846404
53947	19.902549	0.137698	3.747245
53948	19.692594	0.084937	3.609429
53949	19.475853	0.023035	3.489442
53950	19.256712	-0.029682	3.390009
53951	19.039010	-0.080044	3.287608
53952	18.796076	-0.126878	3.207049
53953	18.535229	-0.167472	3.113569
53954	18.266173	-0.209673	3.012473
53955	17.986196	-0.241119	2.904161
53956	17.706157	-0.269377	2.798381
53957	17.416361	-0.299088	2.693494
53958	17.120998	-0.330927	2.578725
53959	16.852031	-0.348330	2.440163
53960	16.609403	-0.360419	2.272499
53961	16.378761	-0.392555	2.129323
53962	16.133692	-0.432507	2.032910
53963	15.896802	-0.483336	1.962905
53964	15.662764	-0.530784	1.922320
53965	15.430263	-0.565741	1.885310
53966	15.214177	-0.604364	1.824241
53967	15.011893	-0.637624	1.744081
53968	14.834883	-0.676259	1.652474
53969	14.692889	-0.706956	1.578175
53970	14.568048	-0.721397	1.539805
53971	14.472046	-0.733556	1.522127
53972	14.374707	-0.735311	1.509050
53973	14.284123	-0.730822	1.475688
53974	14.191375	-0.721011	1.417045
53975	14.151700	-0.715534	1.348999
53976	14.170350	-0.692145	1.323237
53977	14.213747	-0.621103	1.290135
53978	14.268325	-0.581184	1.313160
53979	14.276964	-0.531181	1.297342
53980	14.283121	-0.475716	1.317914
53981	14.312223	-0.398238	1.312277
53982	14.281720	-0.347172	1.322169
53983	14.180676	-0.337351	1.349628
53984	14.070737	-0.312310	1.393786
53985	13.986920	-0.258935	1.462331
53986	13.899658	-0.231421	1.578566
53987	13.779874	-0.226942	1.737287
53988	13.651401	-0.202324	1.892278
53989	13.541750	-0.139918	2.001046
53990	13.434960	-0.075673	2.055771
53991	13.305341	-0.032923	2.108836
53992	13.177053	0.002059	2.193286
53993	13.079508	0.064766	2.299770
53994	12.986717	0.133776	2.397537
53995	12.880951	0.180946	2.487889
53996	12.766938	0.228140	2.556508
53997	12.660544	0.294882	2.594744
53998	12.563564	0.366297	2.606218
53999	12.466830	0.424427	2.606679
54000	12.360173	0.482093	2.602947
54001	12.246573	0.551801	2.593925
54002	12.133530	0.619780	2.576809
54003	12.023331	0.682642	2.562780
54004	11.912275	0.735571	2.543500
54005	11.802801	0.782912	2.515575
54006	11.698891	0.824538	2.470104
54007	11.600673	0.865019	2.420295
54008	11.507775	0.903494	2.380584
54009	11.424645	0.934515	2.356306
54010	11.346161	0.967277	2.347796
54011	11.282228	1.003367	2.345899
54012	11.222193	1.036257	2.349389
54013	11.164153	1.073998	2.345432
54014	11.110762	1.111535	2.341888
54015	11.055041	1.155332	2.322715
54016	11.004705	1.203078	2.282732
54017	10.955096	1.250679	2.244666
54018	10.902259	1.298686	2.213833
54019	10.857780	1.343753	2.194942
54020	10.818279	1.385368	2.192953
54021	10.786797	1.425235	2.210656
54022	10.759261	1.461302	2.244051
54023	10.737758	1.499913	2.274627
54024	10.716720	1.533754	2.301407
54025	10.690138	1.563479	2.338369
54026	10.658505	1.587257	2.383058
54027	10.618383	1.612998	2.432704
54028	10.568669	1.640153	2.477926
54029	10.511732	1.664415	2.526298
54030	10.446135	1.684276	2.564941
54031	10.379446	1.700562	2.606012
54032	10.316262	1.719590	2.641280
54033	10.253234	1.736004	2.681597
54034	10.184146	1.750071	2.720343
54035	10.112443	1.768977	2.749225
54036	10.039968	1.792391	2.762133
54037	9.969142	1.813467	2.764863
54038	9.899067	1.833288	2.769314
54039	9.834566	1.854056	2.773504
54040	9.777448	1.871579	2.775351
54041	9.722574	1.888628	2.770745
54042	9.664867	1.905052	2.765544
54043	9.604218	1.914573	2.762613
54044	9.546093	1.919852	2.759430
54045	9.486668	1.923603	2.762677
54046	9.425717	1.925245	2.761864
54047	9.362057	1.924614	2.755745
54048	9.298981	1.922444	2.749275
54049	9.236554	1.923214	2.739647
54050	9.173224	1.915910	2.746585
54051	9.116928	1.903722	2.767855
54052	9.059269	1.888786	2.800440
54053	8.998243	1.885863	2.817418
54054	8.936753	1.885871	2.815699
54055	8.869047	1.882454	2.788399
54056	8.796739	1.880390	2.737404
54057	8.728547	1.874155	2.684217
54058	8.666969	1.864393	2.639811
54059	8.609707	1.852177	2.619619
54060	8.563413	1.834704	2.623627
54061	8.521685	1.816661	2.639035
54062	8.485433	1.801633	2.653353
54063	8.447477	1.788229	2.656419
54064	8.406431	1.777162	2.650938
54065	8.355967	1.769424	2.632092
54066	8.297684	1.763146	2.605980
54067	8.235816	1.756867	2.586475
54068	8.170933	1.752870	2.562189
54069	8.103330	1.745700	2.540716
54070	8.039766	1.735599	2.529052
54071	7.980160	1.722782	2.531089
54072	7.926346	1.707174	2.540006
54073	7.878713	1.693986	2.554491
54074	7.832285	1.678631	2.570120
54075	7.789463	1.667071	2.575392
54076	7.754190	1.653139	2.578643
54077	7.724840	1.644927	2.573156
54078	7.705268	1.639070	2.563631
54079	7.694408	1.639216	2.544576
54080	7.691214	1.640680	2.520154
54081	7.698570	1.644468	2.496082
54082	7.715956	1.650680	2.477052
54083	7.743253	1.656009	2.473125
54084	7.775135	1.657125	2.484200
54085	7.813863	1.662453	2.505156
54086	7.845829	1.670257	2.516527
54087	7.873151	1.678546	2.516770
54088	7.891246	1.684421	2.502052
54089	7.897768	1.688116	2.484035
54090	7.895477	1.693125	2.464538
54091	7.887423	1.695994	2.456048
54092	7.875341	1.697106	2.453721
54093	7.857265	1.696032	2.454096
54094	7.837784	1.693046	2.462513
54095	7.816482	1.689836	2.467958
54096	7.791831	1.687636	2.475451
54097	7.765838	1.683973	2.480242
54098	7.741159	1.678662	2.483484
54099	7.717902	1.675466	2.482542
54100	7.697168	1.668989	2.477264
54101	7.678112	1.664581	2.476317
54102	7.657769	1.658829	2.475668
54103	7.639158	1.655338	2.483337
54104	7.621373	1.651875	2.490518
54105	7.606302	1.648408	2.493409
54106	7.591631	1.642759	2.502593
54107	7.580193	1.642145	2.509979
54108	7.569072	1.639587	2.514948
54109	7.557712	1.639914	2.513415
54110	7.548775	1.642283	2.510176
54111	7.541617	1.641402	2.508639
54112	7.538419	1.641128	2.510555
54113	7.539481	1.639637	2.518909
54114	7.540615	1.634629	2.531784
54115	7.543316	1.631913	2.548099
54116	7.544291	1.626275	2.560110
54117	7.543845	1.619582	2.567457
54118	7.546242	1.612957	2.576498
54119	7.545648	1.608266	2.592786
54120	7.542967	1.605768	2.607991
54121	7.540935	1.602395	2.624605
54122	7.540582	1.598619	2.643493
54123	7.540470	1.592260	2.662309
54124	7.540077	1.590679	2.688327
54125	7.541855	1.587804	2.706534
54126	7.543779	1.582271	2.725032
54127	7.541600	1.578653	2.738450
54128	7.538546	1.572470	2.748672
54129	7.534859	1.566988	2.759203
54130	7.528342	1.561867	2.768760
54131	7.517585	1.557451	2.774841
54132	7.506592	1.556087	2.773830
54133	7.496967	1.556336	2.770399
54134	7.488088	1.556669	2.762586
54135	7.478704	1.554416	2.761360
54136	7.471065	1.548759	2.762178
54137	7.462271	1.544889	2.767626
54138	7.454072	1.541034	2.768906
54139	7.446189	1.537314	2.772444
54140	7.441910	1.533894	2.771287
54141	7.437100	1.524838	2.777324
54142	7.431721	1.520134	2.784006
54143	7.423349	1.518079	2.785010
54144	7.413956	1.513324	2.783039
54145	7.398440	1.508601	2.783387
54146	7.385388	1.506715	2.777640
54147	7.373794	1.503079	2.776719
54148	7.361092	1.495542	2.779419
54149	7.347182	1.489410	2.788672
54150	7.337531	1.482486	2.798141
54151	7.329888	1.476801	2.796880
54152	7.316694	1.467290	2.803354
54153	7.302786	1.462219	2.798601
54154	7.293211	1.452782	2.802138
54155	7.281188	1.446811	2.812665
54156	7.269026	1.444638	2.812113
54157	7.258968	1.440263	2.807998
54158	7.249832	1.435572	2.809979
