// General information: 
//  MT Manager version: 2021.4.0 
//  XDA version: 2021.4.0 build 6323 rev 112641 built on 2021-09-28
// Device information: 
//  DeviceId: 00B43773
//  ProductCode: MTW2-3A7G6
//  Firmware Version: 4.3.4
//  Hardware Version: 1.1.0
// Device settings: 
//  Filter Profile: human(46.1)
//  Option Flags: Orientation Smoother Disabled, Position/Velocity Smoother Disabled, Continuous Zero Rotation Update Disabled, AHS Disabled, ICC Disabled
// Coordinate system: ENU
PacketCounter	Roll	Pitch	Yaw
63682	0.089179	0.808686	-0.025716
63683	0.075785	0.815610	-0.028260
63684	0.062687	0.823630	-0.028850
63685	0.048988	0.829109	-0.030769
63686	0.040597	0.835111	-0.028271
63687	0.029678	0.838695	-0.031387
63688	0.018543	0.845137	-0.031216
63689	0.005682	0.848184	-0.032674
63690	-0.008368	0.854316	-0.032765
63691	-0.021450	0.859444	-0.032933
63692	-0.033953	0.866461	-0.033116
63693	-0.046905	0.872318	-0.035328
63694	-0.057265	0.879208	-0.035200
63695	-0.065138	0.884536	-0.034850
63696	-0.071989	0.890727	-0.034056
63697	-0.077945	0.892165	-0.032927
63698	-0.080704	0.895943	-0.032677
63699	-0.080443	0.895486	-0.030357
63700	-0.079022	0.893588	-0.024056
63701	-0.074243	0.886674	-0.016093
63702	-0.068909	0.880908	-0.009887
63703	-0.064003	0.874730	-0.003937
63704	-0.058057	0.869357	0.005902
63705	-0.053973	0.861959	0.009995
63706	-0.050310	0.856917	0.014836
63707	-0.045706	0.850858	0.019603
63708	-0.039602	0.845531	0.025763
63709	-0.032470	0.838532	0.030355
63710	-0.021311	0.833384	0.037089
63711	-0.007309	0.824924	0.042891
63712	0.012566	0.818601	0.045573
63713	0.032021	0.806463	0.049649
63714	0.054560	0.795236	0.053337
63715	0.078462	0.779827	0.056068
63716	0.104147	0.764996	0.061321
63717	0.131128	0.746720	0.067420
63718	0.158305	0.730411	0.076103
63719	0.188072	0.707956	0.081129
63720	0.220301	0.691830	0.090390
63721	0.254069	0.673066	0.094853
63722	0.287356	0.655830	0.101846
63723	0.322659	0.639295	0.109317
63724	0.359218	0.624584	0.114071
63725	0.395994	0.608209	0.119850
63726	0.435176	0.594670	0.125487
63727	0.471116	0.580447	0.126738
63728	0.503096	0.566165	0.129861
63729	0.529010	0.551323	0.134603
63730	0.552026	0.541413	0.138857
63731	0.571364	0.529314	0.143208
63732	0.590217	0.518743	0.149905
63733	0.606800	0.507698	0.156829
63734	0.620076	0.501714	0.162255
63735	0.627293	0.497488	0.165798
63736	0.632375	0.495617	0.170691
63737	0.633727	0.489361	0.174198
63738	0.635000	0.487655	0.175787
63739	0.637387	0.483992	0.176596
63740	0.640210	0.483170	0.178100
63741	0.639848	0.480028	0.176953
63742	0.641195	0.482083	0.178265
63743	0.642254	0.483719	0.175399
63744	0.641643	0.487356	0.175951
63745	0.638923	0.489840	0.171404
63746	0.635166	0.495699	0.167155
63747	0.628643	0.501214	0.162475
63748	0.619418	0.508661	0.155172
63749	0.609224	0.514964	0.148269
63750	0.596498	0.524497	0.143529
63751	0.583656	0.528983	0.134349
63752	0.572696	0.534091	0.127576
63753	0.564572	0.538920	0.121814
63754	0.554207	0.543710	0.117062
63755	0.544286	0.547571	0.111404
63756	0.535470	0.553244	0.106570
63757	0.526145	0.558429	0.101256
63758	0.519469	0.563974	0.096739
63759	0.515830	0.569019	0.094040
63760	0.512660	0.573866	0.090200
63761	0.508504	0.577692	0.087194
63762	0.506406	0.582824	0.084322
63763	0.501918	0.585152	0.081982
63764	0.494398	0.587188	0.079403
63765	0.486803	0.589396	0.079518
63766	0.475891	0.590517	0.077717
63767	0.468239	0.591295	0.074259
63768	0.460840	0.593108	0.076372
63769	0.453329	0.589851	0.073672
63770	0.444670	0.588535	0.072025
63771	0.436953	0.588516	0.070136
63772	0.430029	0.590236	0.069581
63773	0.423537	0.588967	0.066880
63774	0.415541	0.590404	0.065359
63775	0.407213	0.592920	0.063526
63776	0.397260	0.595940	0.061247
63777	0.390190	0.598499	0.060972
63778	0.382854	0.601992	0.057957
63779	0.376745	0.604328	0.055868
63780	0.370778	0.607947	0.054831
63781	0.365176	0.609193	0.052764
63782	0.358912	0.612970	0.050718
63783	0.352828	0.616082	0.050989
63784	0.345607	0.617962	0.049430
63785	0.340071	0.619987	0.049273
63786	0.333922	0.622152	0.048681
63787	0.326642	0.621864	0.049213
63788	0.319764	0.618907	0.052013
63789	0.317034	0.614501	0.054835
63790	0.313365	0.611003	0.057301
63791	0.313383	0.606814	0.063453
63792	0.313996	0.603756	0.068170
63793	0.312608	0.598740	0.071085
63794	0.310307	0.596066	0.077147
63795	0.308125	0.590600	0.083801
63796	0.304753	0.587643	0.088897
63797	0.301911	0.582277	0.094819
63798	0.297838	0.583342	0.101298
63799	0.292343	0.578634	0.103280
63800	0.285538	0.580146	0.107425
63801	0.277543	0.580901	0.111606
63802	0.269668	0.582131	0.114785
63803	0.262176	0.583429	0.117402
63804	0.254779	0.585259	0.119529
63805	0.246345	0.588396	0.122051
63806	0.236587	0.594979	0.124193
63807	0.225594	0.600078	0.124531
63808	0.211964	0.604458	0.126888
63809	0.198851	0.611067	0.130085
63810	0.184520	0.618075	0.130589
63811	0.173062	0.622590	0.131775
63812	0.162236	0.628897	0.132953
63813	0.150072	0.634350	0.133657
63814	0.140726	0.639177	0.138268
63815	0.131180	0.643642	0.137909
63816	0.122013	0.647823	0.137220
63817	0.113237	0.652619	0.139149
63818	0.105324	0.658541	0.138984
63819	0.100884	0.663300	0.139795
63820	0.095885	0.669531	0.139902
63821	0.092363	0.673904	0.140709
63822	0.094077	0.678882	0.141156
63823	0.092831	0.680094	0.140225
63824	0.095908	0.683798	0.139412
63825	0.097786	0.687396	0.139501
63826	0.100383	0.689802	0.138123
63827	0.102162	0.692663	0.135991
63828	0.103874	0.696941	0.134822
63829	0.104582	0.698900	0.130893
63830	0.105520	0.702737	0.129767
63831	0.107669	0.707156	0.127901
63832	0.107608	0.713776	0.123912
63833	0.106149	0.716539	0.121430
63834	0.103470	0.722694	0.118178
63835	0.101097	0.727554	0.114718
63836	0.097829	0.735425	0.112685
63837	0.096061	0.739031	0.110457
63838	0.092310	0.744903	0.106238
63839	0.092402	0.750160	0.105486
63840	0.090013	0.754758	0.100008
63841	0.090507	0.760654	0.098766
63842	0.090076	0.764366	0.095667
63843	0.088724	0.767200	0.092771
63844	0.086746	0.770732	0.091375
63845	0.084822	0.772965	0.089839
63846	0.082845	0.776497	0.088444
63847	0.083633	0.776945	0.086620
63848	0.082430	0.780919	0.085184
63849	0.084057	0.782684	0.083323
63850	0.086654	0.785796	0.083576
63851	0.088693	0.787263	0.084205
63852	0.091289	0.789674	0.082839
63853	0.093686	0.792456	0.080835
63854	0.095211	0.794584	0.078502
63855	0.096766	0.796094	0.077453
63856	0.098067	0.802149	0.073838
63857	0.102274	0.806207	0.072920
63858	0.105234	0.810832	0.069058
63859	0.110523	0.812641	0.065608
63860	0.115145	0.816538	0.063117
63861	0.120710	0.819371	0.061350
63862	0.126513	0.821238	0.059661
63863	0.132253	0.825693	0.055258
63864	0.139202	0.832319	0.055892
63865	0.143949	0.832638	0.053104
63866	0.148867	0.836380	0.051628
63867	0.152334	0.837988	0.050398
63868	0.154338	0.841419	0.048641
63869	0.154575	0.843557	0.047287
63870	0.156875	0.846832	0.046541
63871	0.156550	0.847958	0.044378
63872	0.157300	0.849648	0.042090
63873	0.158350	0.850476	0.040940
63874	0.158806	0.853025	0.039262
63875	0.160361	0.854634	0.038584
63876	0.162477	0.855752	0.036657
63877	0.164347	0.854838	0.036496
63878	0.164140	0.854628	0.034685
63879	0.166158	0.853126	0.037470
63880	0.171780	0.854241	0.037848
63881	0.175266	0.850643	0.035701
63882	0.180409	0.850458	0.035507
63883	0.184810	0.847143	0.035234
63884	0.191023	0.847243	0.036012
63885	0.196261	0.843583	0.036996
63886	0.201333	0.841024	0.040307
63887	0.208718	0.838550	0.043147
63888	0.211833	0.836180	0.042456
63889	0.217947	0.833736	0.044787
63890	0.219402	0.833496	0.045966
63891	0.218418	0.830960	0.046255
63892	0.216847	0.832024	0.045702
63893	0.214406	0.831645	0.043944
63894	0.211287	0.831125	0.041845
63895	0.208481	0.831513	0.039451
63896	0.204587	0.830550	0.037390
63897	0.201868	0.831056	0.036087
63898	0.199523	0.831678	0.035573
63899	0.198047	0.831559	0.034778
63900	0.194928	0.831739	0.034301
63901	0.193362	0.831628	0.033840
63902	0.193156	0.832820	0.035271
63903	0.192630	0.833959	0.032434
63904	0.194565	0.833620	0.030947
63905	0.194937	0.835698	0.031368
63906	0.196281	0.837075	0.031104
63907	0.197083	0.835961	0.029752
63908	0.196878	0.836453	0.029562
63909	0.198053	0.835884	0.030518
63910	0.195119	0.836823	0.027985
63911	0.193810	0.838298	0.028362
63912	0.191649	0.841080	0.029035
63913	0.188101	0.841151	0.024231
63914	0.185056	0.844407	0.021874
63915	0.181313	0.846169	0.020233
63916	0.176902	0.849999	0.017516
63917	0.171727	0.852247	0.014962
63918	0.167020	0.856935	0.012856
63919	0.162839	0.859465	0.010915
63920	0.158909	0.863196	0.005531
63921	0.155842	0.865366	0.004019
63922	0.152206	0.869639	0.001267
63923	0.147840	0.873731	-0.002372
63924	0.143612	0.879021	-0.005522
63925	0.139074	0.881952	-0.009316
63926	0.135325	0.887842	-0.013511
63927	0.133446	0.892424	-0.014030
63928	0.130471	0.898758	-0.018261
63929	0.127007	0.901708	-0.020540
63930	0.125987	0.907154	-0.022389
63931	0.123317	0.912234	-0.025652
63932	0.118793	0.918384	-0.028188
63933	0.114815	0.924814	-0.029405
63934	0.112429	0.930133	-0.033235
63935	0.108723	0.937082	-0.036306
63936	0.103199	0.947427	-0.038449
63937	0.097351	0.955381	-0.041461
63938	0.083157	0.969269	-0.043110
63939	0.062938	0.982287	-0.045387
63940	0.035614	0.998523	-0.046759
63941	-0.001605	1.011460	-0.047161
63942	-0.045448	1.030551	-0.044254
63943	-0.099921	1.052037	-0.035962
63944	-0.162047	1.076366	-0.031576
63945	-0.233074	1.103797	-0.021522
63946	-0.310926	1.130798	-0.014479
63947	-0.391855	1.157322	-0.007446
63948	-0.471349	1.185138	-0.001733
63949	-0.548450	1.210363	0.003637
63950	-0.622772	1.234680	0.006583
63951	-0.694137	1.259010	0.011322
63952	-0.763770	1.279211	0.012548
63953	-0.826631	1.299486	0.014406
63954	-0.883252	1.318932	0.013895
63955	-0.933837	1.338908	0.010289
63956	-0.984352	1.355964	0.004886
63957	-1.034317	1.368268	-0.005468
63958	-1.078331	1.378998	-0.018153
63959	-1.115544	1.386911	-0.034709
63960	-1.148506	1.399861	-0.046687
63961	-1.178050	1.410609	-0.060132
63962	-1.200448	1.423748	-0.073596
63963	-1.215086	1.437341	-0.089344
63964	-1.227870	1.449493	-0.102194
63965	-1.235761	1.460912	-0.117584
63966	-1.237860	1.472372	-0.128854
63967	-1.236983	1.482403	-0.142274
63968	-1.231306	1.492873	-0.152232
63969	-1.222329	1.500334	-0.166567
63970	-1.206443	1.508812	-0.175500
63971	-1.181488	1.512565	-0.185565
63972	-1.146132	1.515166	-0.191956
63973	-1.101237	1.514394	-0.198106
63974	-1.049019	1.510682	-0.201203
63975	-0.995166	1.503048	-0.198046
63976	-0.934924	1.495160	-0.196890
63977	-0.878369	1.480962	-0.189227
63978	-0.821812	1.458983	-0.172999
63979	-0.763860	1.428470	-0.150058
63980	-0.702166	1.391673	-0.116483
63981	-0.634429	1.337836	-0.058632
63982	-0.561977	1.281366	-0.001739
63983	-0.479623	1.226833	0.048190
63984	-0.392418	1.176322	0.081177
63985	-0.301089	1.130228	0.107963
63986	-0.210299	1.086306	0.126454
63987	-0.127200	1.046305	0.143462
63988	-0.049790	1.012012	0.154410
63989	0.022607	0.983429	0.161975
63990	0.087241	0.957750	0.165774
63991	0.147058	0.941433	0.171819
63992	0.199181	0.932411	0.174291
63993	0.251059	0.925754	0.174858
63994	0.297118	0.925476	0.173817
63995	0.339286	0.929818	0.167638
63996	0.381396	0.941460	0.156871
63997	0.420862	0.957897	0.144620
63998	0.459012	0.982179	0.125781
63999	0.495982	1.008248	0.107110
64000	0.525965	1.032009	0.091067
64001	0.551421	1.050323	0.081710
64002	0.575703	1.069925	0.076325
64003	0.600707	1.089049	0.071637
64004	0.623111	1.113351	0.063671
64005	0.640692	1.138701	0.056743
64006	0.658407	1.165068	0.045689
64007	0.670798	1.196410	0.039669
64008	0.679171	1.224251	0.030558
64009	0.683048	1.249245	0.019599
64010	0.688422	1.272295	0.008781
64011	0.695281	1.291565	-0.001397
64012	0.699616	1.309616	-0.009913
64013	0.704852	1.325595	-0.016151
64014	0.713280	1.341930	-0.023547
64015	0.738847	1.378814	-0.036349
64016	0.745087	1.400016	-0.047338
64017	0.747716	1.420330	-0.059785
64018	0.748482	1.443142	-0.073870
64019	0.750231	1.464004	-0.088496
64020	0.753599	1.485923	-0.106505
64021	0.763578	1.505766	-0.122772
64022	0.770975	1.524261	-0.134557
64023	0.785698	1.535188	-0.150888
64024	0.803426	1.548747	-0.163335
64025	0.821418	1.557169	-0.170618
64026	0.836877	1.566040	-0.176480
64027	0.847491	1.572969	-0.183398
64028	0.856162	1.579969	-0.187862
64029	0.863440	1.586679	-0.192703
64030	0.870379	1.591314	-0.196717
64031	0.876154	1.591683	-0.200090
64032	0.883322	1.592358	-0.202893
64033	0.882685	1.589878	-0.202342
64034	0.874909	1.586676	-0.204376
64035	0.861164	1.584318	-0.206706
64036	0.841079	1.585577	-0.213715
64037	0.812512	1.590305	-0.221514
64038	0.781855	1.599774	-0.230682
64039	0.748132	1.613492	-0.240531
64040	0.715006	1.638604	-0.252871
64041	0.684891	1.663908	-0.266673
64042	0.661519	1.694330	-0.281897
64043	0.648268	1.724297	-0.294925
64044	0.637684	1.752267	-0.302941
64045	0.629810	1.772135	-0.309054
64046	0.618193	1.785849	-0.312991
64047	0.605333	1.790526	-0.308831
64048	0.590800	1.788921	-0.301326
64049	0.572712	1.772506	-0.290977
64050	0.545077	1.731861	-0.281119
64051	0.469925	1.595498	-0.291518
64052	0.282992	1.237089	-0.371426
64053	-0.008404	0.631614	-0.493070
64054	-0.340105	-0.069179	-0.620190
64055	-0.663434	-0.773570	-0.738109
64056	-0.972008	-1.447308	-0.853564
64057	-1.344674	-2.031411	-1.038121
64058	-1.860198	-2.516972	-1.380320
64059	-2.443425	-3.045064	-1.852164
64060	-3.130819	-3.581418	-2.615087
64061	-3.921486	-4.130537	-3.619425
64062	-4.735442	-4.740542	-4.772004
64063	-5.536807	-5.445025	-6.028954
64064	-6.207715	-6.252544	-7.239523
64065	-6.702144	-7.132924	-8.220728
64066	-7.173365	-7.993653	-8.987431
64067	-7.805976	-8.850577	-9.431491
64068	-8.164125	-9.785815	-9.345475
64069	-8.351323	-10.810371	-8.891691
64070	-8.667699	-11.932065	-8.467761
64071	-9.130929	-13.132020	-8.200651
64072	-9.547761	-14.402006	-8.021247
64073	-9.871557	-15.706293	-7.848075
64074	-10.183938	-17.018511	-7.679950
64075	-10.587627	-18.335075	-7.517212
64076	-11.109368	-19.655019	-7.286049
64077	-11.754186	-20.952654	-6.895191
64078	-12.531405	-22.201783	-6.347103
64079	-13.418913	-23.386062	-5.657118
64080	-14.377270	-24.506661	-4.880350
64081	-15.318032	-25.565505	-4.414015
64082	-16.171626	-26.538867	-3.716835
64083	-16.874761	-27.426994	-3.443747
64084	-17.362967	-28.197958	-3.094907
64085	-17.590002	-28.896788	-3.157546
64086	-17.570328	-29.515858	-3.265163
64087	-17.323381	-30.077973	-3.734145
64088	-16.873574	-30.566533	-4.239210
64089	-16.246550	-30.956986	-4.979420
64090	-15.448039	-31.248574	-5.742942
64091	-14.460295	-31.443085	-6.726364
64092	-13.310405	-31.539429	-7.790362
64093	-11.963831	-31.514305	-9.078836
64094	-10.460368	-31.349093	-10.423487
64095	-8.833361	-31.029233	-11.884564
64096	-7.130807	-30.564901	-13.401221
64097	-5.376309	-29.972129	-14.918634
64098	-3.632178	-29.267266	-16.371769
64099	-1.943109	-28.452699	-17.734994
64100	-0.364556	-27.549425	-18.972164
64101	1.077742	-26.535936	-20.069757
64102	2.384178	-25.417910	-21.025406
64103	3.576840	-24.234854	-21.862646
64104	4.650839	-22.995923	-22.598801
64105	5.646158	-21.687694	-23.281514
64106	6.582605	-20.348962	-23.920336
64107	7.454173	-19.014006	-24.491755
64108	8.209937	-17.695847	-24.949457
64109	8.822861	-16.408759	-25.265681
64110	9.256990	-15.201713	-25.401991
64111	9.551599	-14.060154	-25.358023
64112	9.749616	-13.003429	-25.151102
64113	9.853726	-12.048963	-24.847361
64114	9.872705	-11.214507	-24.460088
64115	9.836232	-10.473191	-23.988706
64116	9.733418	-9.823142	-23.448088
64117	9.551937	-9.289644	-22.805677
64118	9.261835	-8.883909	-22.015572
64119	8.870043	-8.591459	-21.071338
64120	8.402208	-8.393642	-20.005531
64121	7.880479	-8.253930	-18.868825
64122	7.341922	-8.143076	-17.732579
64123	6.834410	-8.060219	-16.657310
64124	6.347100	-8.000560	-15.682465
64125	5.860022	-7.925544	-14.863696
64126	5.232026	-7.391563	-14.528354
64127	5.308759	-6.640455	-14.297661
64128	4.656291	-5.964589	-14.688504
64129	4.183897	-5.673005	-14.754628
64130	4.138555	-5.818896	-14.544599
64131	4.208932	-6.059551	-14.451539
64132	4.209495	-6.249085	-14.384218
64133	4.285157	-6.461026	-14.326860
64134	4.447078	-6.670960	-14.295251
64135	4.536480	-6.835908	-14.284996
64136	4.569806	-6.962120	-14.277409
64137	4.566794	-7.072212	-14.240429
64138	4.521405	-7.169930	-14.214275
64139	4.453944	-7.269223	-14.200929
64140	4.372847	-7.369921	-14.190118
64141	4.306900	-7.481313	-14.168495
64142	4.284591	-7.610829	-14.138926
64143	4.306714	-7.744800	-14.111329
64144	4.368551	-7.874457	-14.082145
64145	4.441263	-7.982416	-14.048092
64146	4.515844	-8.074765	-14.007493
64147	4.612127	-8.174153	-13.973373
64148	4.725886	-8.272183	-13.940228
64149	4.797588	-8.361924	-13.876565
64150	4.812959	-8.434959	-13.765329
64151	4.786658	-8.484455	-13.590066
64152	4.742577	-8.506872	-13.360588
64153	4.698221	-8.504496	-13.097746
64154	4.632545	-8.467482	-12.805606
64155	4.553316	-8.418321	-12.509543
64156	4.459041	-8.382342	-12.284775
64157	4.360179	-8.352929	-12.100476
64158	4.271578	-8.328315	-11.956507
64159	4.158291	-8.313706	-11.900113
64160	4.048263	-8.300385	-11.863191
64161	3.968701	-8.291200	-11.819291
64162	3.929740	-8.270947	-11.772850
64163	3.932541	-8.236179	-11.709603
64164	3.969660	-8.182672	-11.615378
64165	4.046857	-8.100317	-11.472140
64166	4.178566	-7.986449	-11.273696
64167	4.333465	-7.849315	-11.028035
64168	4.528181	-7.694523	-10.760179
64169	4.707380	-7.535934	-10.514503
64170	4.834458	-7.372853	-10.264851
64171	4.897662	-7.215855	-10.031147
64172	4.933300	-7.059787	-9.798981
64173	4.941467	-6.892422	-9.582380
64174	4.939764	-6.716915	-9.397317
64175	4.911868	-6.534030	-9.248293
64176	4.849436	-6.331671	-9.143472
64177	4.780314	-6.091745	-9.091718
64178	4.680210	-5.891001	-9.000381
64179	4.551260	-5.706670	-8.912214
64180	4.408598	-5.526073	-8.846223
64181	4.239473	-5.348465	-8.831995
64182	4.002637	-5.225284	-8.984726
64183	3.718496	-5.155812	-9.277314
64184	3.399358	-5.130500	-9.639448
64185	3.072375	-5.169900	-9.927274
64186	2.765187	-5.249295	-10.052134
64187	2.487839	-5.309064	-10.079824
64188	2.229090	-5.338936	-10.051843
64189	1.995077	-5.341970	-9.988371
64190	1.822082	-5.318517	-9.901692
64191	1.722044	-5.258723	-9.787071
64192	1.682735	-5.161149	-9.641125
64193	1.678107	-5.023413	-9.445890
64194	1.701543	-4.862147	-9.224148
64195	1.747096	-4.693725	-8.984287
64196	1.799824	-4.523431	-8.757330
64197	1.843668	-4.362200	-8.567056
64198	1.879974	-4.202071	-8.393302
64199	1.905201	-4.063034	-8.260961
64200	1.924894	-3.930967	-8.159884
64201	1.946941	-3.796368	-8.069528
64202	1.969665	-3.664589	-7.993638
64203	1.999374	-3.543563	-7.928241
64204	2.047260	-3.453636	-7.844010
64205	2.105005	-3.371147	-7.791831
64206	2.153102	-3.297522	-7.741558
64207	2.184787	-3.254336	-7.684248
64208	2.230877	-3.204283	-7.661877
64209	2.283068	-3.149454	-7.642670
64210	2.349135	-3.086034	-7.629276
64211	2.412718	-3.021875	-7.622378
64212	2.477314	-2.951659	-7.619601
64213	2.535271	-2.874599	-7.633480
64214	2.600164	-2.763077	-7.660589
64215	2.643140	-2.622525	-7.698799
64216	2.678561	-2.455628	-7.759193
64217	2.680480	-2.285630	-7.834372
64218	2.668863	-2.156870	-7.864820
64219	2.661082	-2.048704	-7.900921
64220	2.648757	-1.941262	-7.928702
64221	2.642581	-1.840265	-7.942427
64222	2.642496	-1.718154	-7.957597
64223	2.621622	-1.613536	-7.965665
64224	2.620318	-1.489948	-7.982933
64225	2.604539	-1.384896	-7.996262
64226	2.570762	-1.287244	-8.030092
64227	2.531244	-1.222993	-8.029605
64228	2.497602	-1.177146	-8.026612
64229	2.471232	-1.146608	-8.027828
64230	2.448132	-1.119617	-8.033629
64231	2.420567	-1.089375	-8.042734
64232	2.387241	-1.052249	-8.049407
64233	2.351344	-1.017369	-8.054990
64234	2.315549	-0.985118	-8.056369
64235	2.266709	-0.956347	-8.061369
64236	2.199188	-0.929528	-8.066048
64237	2.134443	-0.905485	-8.059157
64238	2.071877	-0.885728	-8.053322
64239	1.989511	-0.870705	-8.052608
64240	1.910350	-0.858412	-8.041947
64241	1.833498	-0.851176	-8.024307
64242	1.765516	-0.846330	-8.004625
64243	1.711100	-0.842268	-7.976611
64244	1.638112	-0.837409	-7.961929
64245	1.539532	-0.859645	-7.952896
64246	1.404211	-0.916615	-7.987839
64247	1.273114	-0.974604	-8.009455
64248	1.128006	-1.035878	-8.049188
64249	0.980912	-1.089549	-8.082392
64250	0.834127	-1.134818	-8.102897
64251	0.681380	-1.178189	-8.111472
64252	0.521190	-1.224795	-8.112829
64253	0.353714	-1.275894	-8.107423
64254	0.181462	-1.328015	-8.095829
64255	0.005371	-1.386154	-8.080789
64256	-0.174293	-1.447572	-8.054265
64257	-0.348486	-1.515805	-8.015769
64258	-0.510582	-1.580148	-7.965039
64259	-0.622474	-1.637409	-7.880150
64260	-0.695680	-1.686724	-7.743641
64261	-0.711585	-1.729272	-7.523131
64262	-0.673886	-1.765283	-7.212496
64263	-0.626637	-1.798285	-6.841014
64264	-0.533076	-1.823588	-6.380375
64265	-0.477446	-1.844459	-5.917886
64266	-0.426727	-1.859991	-5.469281
64267	-0.391644	-1.869308	-5.062290
64268	-0.363208	-1.868245	-4.715402
64269	-0.339693	-1.858270	-4.461809
64270	-0.315997	-1.839202	-4.319458
64271	-0.269801	-1.811381	-4.286911
64272	-0.107325	-1.765979	-4.251252
64273	0.106501	-1.703549	-4.213367
64274	0.350447	-1.626002	-4.178503
64275	0.606800	-1.539198	-4.148505
64276	0.842447	-1.448556	-4.132238
64277	1.033735	-1.360161	-4.131092
64278	1.190813	-1.275620	-4.133700
64279	1.322144	-1.197131	-4.144696
64280	1.428623	-1.124719	-4.158774
64281	1.509382	-1.055956	-4.174199
64282	1.577849	-0.991476	-4.190811
64283	1.641486	-0.931687	-4.209239
64284	1.706909	-0.872396	-4.229815
64285	1.777972	-0.794483	-4.254833
64286	1.822855	-0.731801	-4.277291
64287	1.858309	-0.673565	-4.292575
64288	1.891393	-0.621503	-4.304569
64289	1.922434	-0.575586	-4.313228
64290	1.944846	-0.534198	-4.320050
64291	1.954004	-0.498277	-4.327242
64292	1.955068	-0.466910	-4.335233
64293	1.950167	-0.438614	-4.341436
64294	1.941391	-0.410873	-4.352532
64295	1.936119	-0.384511	-4.360903
64296	1.929835	-0.361441	-4.372063
64297	1.922557	-0.339730	-4.388322
64298	1.914302	-0.318542	-4.404588
64299	1.907682	-0.298477	-4.422051
64300	1.897730	-0.279351	-4.442438
64301	1.883256	-0.264468	-4.462285
64302	1.870979	-0.249892	-4.480830
64303	1.859874	-0.237441	-4.495008
64304	1.849311	-0.224585	-4.509231
64305	1.840223	-0.210895	-4.519885
64306	1.831388	-0.200112	-4.525229
64307	1.821125	-0.192391	-4.520992
64308	1.815097	-0.187171	-4.516303
64309	1.810107	-0.182059	-4.513194
64310	1.808967	-0.177971	-4.507438
64311	1.803737	-0.176464	-4.505124
64312	1.797307	-0.169407	-4.502799
64313	1.784600	-0.164216	-4.502671
64314	1.772278	-0.160104	-4.502190
64315	1.758689	-0.153726	-4.503424
64316	1.747059	-0.148136	-4.505931
64317	1.736342	-0.144476	-4.505061
64318	1.727589	-0.141612	-4.505462
64319	1.719621	-0.139018	-4.503868
64320	1.715489	-0.137462	-4.499626
64321	1.715153	-0.137070	-4.496244
64322	1.712754	-0.133743	-4.494024
64323	1.707261	-0.132037	-4.492692
64324	1.698451	-0.128518	-4.491503
64325	1.687559	-0.122535	-4.490424
64326	1.676914	-0.115992	-4.490372
64327	1.664168	-0.110119	-4.488651
64328	1.651526	-0.105511	-4.482999
64329	1.639339	-0.099986	-4.479308
64330	1.621283	-0.090750	-4.478469
64331	1.598264	-0.079452	-4.478067
64332	1.577763	-0.066179	-4.478746
64333	1.556076	-0.051278	-4.482734
64334	1.534932	-0.033203	-4.483984
64335	1.514823	-0.018010	-4.489598
64336	1.495219	-0.002436	-4.495254
64337	1.479358	0.009498	-4.498400
64338	1.466697	0.021393	-4.499276
64339	1.454344	0.032734	-4.501717
64340	1.444304	0.045212	-4.503251
64341	1.432006	0.055899	-4.507282
64342	1.419066	0.067974	-4.509140
64343	1.405825	0.080508	-4.512946
64344	1.398072	0.094405	-4.514533
64345	1.389158	0.106152	-4.519239
64346	1.382834	0.118855	-4.522052
64347	1.376818	0.131011	-4.526431
64348	1.375121	0.145885	-4.530938
64349	1.374697	0.158035	-4.532675
64350	1.376169	0.166552	-4.538456
64351	1.381051	0.172285	-4.541125
64352	1.390976	0.174929	-4.540377
64353	1.402493	0.177482	-4.533096
64354	1.414813	0.176749	-4.529238
64355	1.426494	0.177330	-4.526722
64356	1.439115	0.179558	-4.523653
64357	1.449756	0.179845	-4.522103
64358	1.463752	0.181536	-4.518667
64359	1.479183	0.178548	-4.517235
64360	1.496541	0.178156	-4.512691
64361	1.510359	0.178678	-4.509818
64362	1.521994	0.179954	-4.509299
64363	1.530709	0.181137	-4.510075
64364	1.541357	0.181462	-4.512113
64365	1.551803	0.184417	-4.514901
64366	1.569885	0.185190	-4.519480
64367	1.589747	0.187052	-4.524062
64368	1.616433	0.186918	-4.528825
64369	1.639116	0.190204	-4.536031
64370	1.656403	0.194314	-4.540760
64371	1.667971	0.200069	-4.545922
64372	1.678974	0.202716	-4.550322
64373	1.686738	0.206117	-4.555414
64374	1.693519	0.208239	-4.562105
64375	1.694012	0.212670	-4.565056
64376	1.695606	0.212966	-4.572045
64377	1.695966	0.212474	-4.578986
64378	1.700888	0.214485	-4.585041
64379	1.708086	0.215112	-4.590331
64380	1.717189	0.214864	-4.596880
64381	1.728866	0.216201	-4.603444
64382	1.743600	0.212152	-4.607156
64383	1.759324	0.209398	-4.609267
64384	1.772778	0.208024	-4.612141
64385	1.788525	0.204916	-4.609694
64386	1.803891	0.199507	-4.608470
64387	1.821254	0.192903	-4.607465
64388	1.843981	0.185470	-4.605407
64389	1.869590	0.175655	-4.602205
64390	1.902505	0.167625	-4.601931
64391	1.939153	0.159825	-4.599316
64392	1.973019	0.156544	-4.596635
64393	1.996349	0.155408	-4.597076
64394	2.010514	0.155174	-4.598357
64395	2.018360	0.154465	-4.598705
64396	2.021295	0.154532	-4.599182
64397	2.020751	0.155552	-4.601343
64398	2.020250	0.158714	-4.605893
64399	2.018128	0.159434	-4.606443
64400	2.016865	0.162122	-4.610982
64401	2.014972	0.166825	-4.615266
64402	2.015662	0.171766	-4.619225
64403	2.015330	0.173624	-4.623363
64404	2.013119	0.178151	-4.627670
64405	2.009242	0.184402	-4.632695
64406	2.005170	0.188810	-4.636375
64407	2.001019	0.195245	-4.642384
64408	1.996597	0.200848	-4.650008
64409	1.990194	0.208641	-4.653189
64410	1.985323	0.216373	-4.657021
64411	1.980278	0.220485	-4.658080
64412	1.977338	0.227322	-4.659575
64413	1.973967	0.233871	-4.661037
64414	1.972943	0.240179	-4.664749
64415	1.972437	0.250943	-4.666022
64416	1.972175	0.257727	-4.669742
64417	1.970871	0.265237	-4.673804
64418	1.970143	0.274516	-4.678281
64419	1.969884	0.282324	-4.681366
64420	1.969918	0.292079	-4.685850
64421	1.968341	0.299777	-4.690893
64422	1.963187	0.307693	-4.695703
64423	1.958527	0.317292	-4.700872
64424	1.955100	0.326995	-4.707672
64425	1.950644	0.337431	-4.714815
64426	1.949762	0.348747	-4.725202
64427	1.946177	0.358362	-4.735533
64428	1.942168	0.368793	-4.748845
64429	1.936314	0.380137	-4.760901
64430	1.932372	0.393071	-4.777548
64431	1.929042	0.402879	-4.791438
64432	1.928873	0.411891	-4.804620
64433	1.927007	0.423305	-4.816928
64434	1.924844	0.433863	-4.830848
64435	1.922550	0.443972	-4.843753
64436	1.921276	0.453342	-4.856311
64437	1.921395	0.463218	-4.867867
64438	1.924912	0.475919	-4.877884
64439	1.925990	0.487112	-4.891412
64440	1.926366	0.495774	-4.902610
64441	1.924529	0.509990	-4.912100
64442	1.918376	0.520121	-4.921203
64443	1.911400	0.528685	-4.930879
64444	1.902625	0.538215	-4.939356
64445	1.896746	0.546428	-4.949643
64446	1.892926	0.557342	-4.960347
64447	1.889071	0.566802	-4.967089
64448	1.886570	0.577834	-4.975832
64449	1.884788	0.584735	-4.978876
64450	1.883917	0.585585	-4.981042
64451	1.882788	0.584517	-4.981819
64452	1.881661	0.585178	-4.980426
64453	1.880344	0.586428	-4.980975
64454	1.880940	0.588883	-4.981560
64455	1.881907	0.591567	-4.982124
64456	1.884225	0.595816	-4.984687
64457	1.886436	0.599637	-4.986241
64458	1.887176	0.603581	-4.987205
64459	1.889871	0.608062	-4.989745
64460	1.892894	0.613440	-4.990720
64461	1.895309	0.618104	-4.994241
64462	1.902844	0.626999	-4.993650
64463	1.907554	0.636256	-4.998918
64464	1.910305	0.644975	-5.002609
64465	1.911248	0.654634	-5.005053
64466	1.911805	0.664059	-5.007518
64467	1.912750	0.673723	-5.009959
64468	1.914412	0.685957	-5.014769
64469	1.916610	0.699920	-5.019931
64470	1.923555	0.722569	-5.037303
64471	1.928033	0.737972	-5.042464
64472	1.932625	0.753425	-5.044090
64473	1.935674	0.770016	-5.048025
64474	1.937509	0.786538	-5.050386
64475	1.938174	0.802995	-5.051128
64476	1.935815	0.818606	-5.051277
64477	1.928542	0.831114	-5.051392
64478	1.922426	0.840522	-5.051392
64479	1.912867	0.848435	-5.049772
64480	1.904075	0.854728	-5.045837
64481	1.893942	0.856683	-5.042719
64482	1.884908	0.856185	-5.037893
64483	1.877667	0.852248	-5.030941
64484	1.871855	0.845021	-5.022889
64485	1.870116	0.835795	-5.012715
64486	1.872044	0.818756	-5.002519
64487	1.879078	0.800021	-4.989220
64488	1.889628	0.778579	-4.972859
64489	1.900671	0.749787	-4.956191
64490	1.913894	0.715007	-4.936688
64491	1.928790	0.674678	-4.916271
64492	1.943439	0.628591	-4.894364
64493	1.957683	0.572852	-4.867217
64494	1.975975	0.507428	-4.837686
64495	1.991721	0.439118	-4.811290
64496	2.008676	0.359684	-4.779902
64497	2.020152	0.274187	-4.754796
64498	2.029267	0.182339	-4.730101
64499	2.028008	0.082437	-4.711002
64500	1.991615	-0.028864	-4.713922
64501	1.910035	-0.153907	-4.735118
64502	1.767661	-0.293907	-4.784473
64503	1.542781	-0.445025	-4.871153
64504	1.220346	-0.612158	-5.000540
64505	0.859518	-0.817363	-5.122450
64506	0.583020	-1.117051	-5.169045
64507	0.260772	-1.479964	-5.212373
64508	-0.088734	-1.933314	-5.220162
64509	-0.499738	-2.515017	-5.206787
64510	-1.016142	-3.352333	-5.229537
64511	-1.756535	-4.641202	-5.438719
64512	-2.693983	-6.304550	-5.796950
64513	-3.691537	-8.090447	-6.135086
64514	-4.576347	-9.707186	-6.359642
64515	-5.317222	-11.088693	-6.623133
64516	-5.969019	-12.238516	-7.053530
64517	-6.565933	-13.215974	-7.638901
64518	-7.229327	-14.055402	-8.354083
64519	-7.933954	-14.737539	-9.044875
64520	-8.865604	-15.246094	-9.557866
64521	-9.654920	-15.858731	-9.581298
64522	-10.162054	-16.605191	-9.166254
64523	-10.760044	-17.458360	-8.762060
64524	-11.506505	-18.283921	-8.549758
64525	-12.209379	-19.045899	-8.378208
64526	-12.735940	-19.772203	-8.135833
64527	-13.145361	-20.469348	-7.871631
64528	-13.510726	-21.136164	-7.685392
64529	-13.840907	-21.768360	-7.590991
64530	-14.128091	-22.353341	-7.536871
64531	-14.368078	-22.926431	-7.481026
64532	-14.575284	-23.472912	-7.383764
64533	-14.715481	-24.003920	-7.270544
64534	-14.770305	-24.534003	-7.204781
64535	-14.716848	-25.082435	-7.268784
64536	-14.495787	-25.675642	-7.521564
64537	-14.076634	-26.294620	-7.961913
64538	-13.438288	-26.915774	-8.576745
64539	-12.593144	-27.519724	-9.341631
64540	-11.554794	-28.072551	-10.227804
64541	-10.342828	-28.550755	-11.228562
64542	-8.964297	-28.907720	-12.364591
64543	-7.398795	-29.118674	-13.645458
64544	-5.655929	-29.174681	-15.093972
64545	-3.745491	-29.075758	-16.702293
64546	-1.717974	-28.815282	-18.414328
64547	0.361369	-28.381841	-20.146221
64548	2.396877	-27.791625	-21.797691
64549	4.310259	-27.054190	-23.294095
64550	6.035005	-26.182326	-24.590333
64551	7.535885	-25.212726	-25.648663
64552	8.784883	-24.177443	-26.439236
64553	9.774879	-23.115076	-26.954493
64554	10.514104	-22.051767	-27.189288
64555	11.024129	-21.010380	-27.178461
64556	11.319097	-19.984696	-26.985767
64557	11.465918	-18.938572	-26.705024
64558	11.546481	-17.861311	-26.429080
64559	11.639238	-16.741068	-26.243822
64560	11.774218	-15.580981	-26.209836
64561	11.947353	-14.412423	-26.324490
64562	12.108851	-13.279148	-26.511692
64563	12.213600	-12.220863	-26.692372
64564	12.206728	-11.294706	-26.759512
64565	12.054295	-10.542608	-26.630421
64566	11.735467	-9.949282	-26.284076
64567	11.289227	-9.489427	-25.754070
64568	10.761779	-9.105528	-25.128554
64569	10.239595	-8.774639	-24.546545
64570	9.795812	-8.530137	-24.040487
64571	9.192460	-8.123228	-23.814579
64572	8.775881	-7.197963	-23.844508
64573	8.791902	-6.443852	-23.668185
64574	7.992119	-5.716399	-23.642018
64575	7.300510	-5.269383	-23.678489
64576	6.918278	-5.243736	-23.618742
64577	6.849058	-5.485512	-23.386071
64578	6.805828	-5.778560	-23.244347
64579	6.877998	-6.117296	-23.175616
64580	6.957329	-6.425581	-23.140032
64581	6.956669	-6.649485	-23.197164
64582	6.948071	-6.808880	-23.285415
64583	6.958390	-6.917491	-23.400071
64584	6.965466	-6.992433	-23.502089
64585	6.950515	-7.053195	-23.504811
64586	6.803869	-7.076753	-23.514469
64587	6.592544	-7.109227	-23.532911
64588	6.425957	-7.184657	-23.536046
64589	6.349418	-7.291749	-23.519817
64590	6.354486	-7.411923	-23.491392
64591	6.398096	-7.528352	-23.451966
64592	6.458915	-7.632821	-23.401883
64593	6.541453	-7.713114	-23.343844
64594	6.631820	-7.774496	-23.296807
64595	6.724096	-7.825820	-23.261047
64596	6.797422	-7.882228	-23.216714
64597	6.823614	-7.919148	-23.160400
64598	6.793872	-7.955082	-23.089369
64599	6.755896	-7.979301	-22.985804
64600	6.703959	-7.999415	-22.841011
64601	6.677661	-8.006568	-22.641809
64602	6.682072	-7.980305	-22.385005
64603	6.695163	-7.915502	-22.059412
64604	6.718766	-7.830650	-21.683355
64605	6.729455	-7.741946	-21.370947
64606	6.709298	-7.665651	-21.124703
64607	6.670724	-7.608732	-20.914400
64608	6.630356	-7.543896	-20.709188
64609	6.562454	-7.465261	-20.496376
64610	6.475161	-7.381536	-20.266595
64611	6.411489	-7.296204	-20.036699
64612	6.364709	-7.196422	-19.817171
64613	6.266823	-7.123289	-19.702520
64614	6.136065	-7.062854	-19.642469
64615	6.012166	-7.026841	-19.607666
64616	5.898230	-6.990362	-19.568407
64617	5.751214	-6.948548	-19.518095
64618	5.588971	-6.903761	-19.473846
64619	5.428785	-6.854204	-19.435904
64620	5.268270	-6.791108	-19.386837
64621	5.075660	-6.753034	-19.425948
64622	4.844847	-6.740971	-19.568217
64623	4.595950	-6.734751	-19.711072
64624	4.343076	-6.742017	-19.828363
64625	4.092211	-6.757045	-19.927713
64626	3.844331	-6.766239	-19.990101
64627	3.602874	-6.753739	-20.017413
64628	3.369276	-6.720008	-20.027245
64629	3.115949	-6.688532	-20.065968
64630	2.828681	-6.683154	-20.153252
64631	2.453548	-6.771225	-20.340038
64632	2.025239	-6.899373	-20.519420
64633	1.605010	-7.012155	-20.629393
64634	1.229237	-7.098530	-20.676480
64635	0.875390	-7.150285	-20.657150
64636	0.550942	-7.169915	-20.576796
64637	0.262551	-7.168878	-20.475094
64638	0.013341	-7.137677	-20.363683
64639	-0.181850	-7.074853	-20.258652
64640	-0.278446	-6.952875	-20.160553
64641	-0.296588	-6.739151	-20.041294
64642	-0.279947	-6.446623	-19.903690
64643	-0.243947	-6.108761	-19.764113
64644	-0.194830	-5.744418	-19.610288
64645	-0.124324	-5.364322	-19.436199
64646	-0.032491	-4.978440	-19.243635
64647	0.057589	-4.605253	-19.020320
64648	0.146378	-4.243534	-18.794164
64649	0.226294	-3.900170	-18.571600
64650	0.290272	-3.579031	-18.362582
64651	0.346911	-3.282313	-18.174492
64652	0.416406	-2.992287	-18.010325
64653	0.476455	-2.757523	-17.897787
64654	0.552278	-2.542050	-17.814704
64655	0.637291	-2.350751	-17.757444
64656	0.722581	-2.183443	-17.721100
64657	0.798162	-2.059114	-17.682102
64658	0.878172	-1.967880	-17.627391
64659	0.978183	-1.873895	-17.553000
64660	1.041915	-1.830456	-17.515162
64661	1.140700	-1.794996	-17.443817
64662	1.190067	-1.792664	-17.386463
64663	1.250988	-1.803785	-17.344975
64664	1.352990	-1.816822	-17.298294
64665	1.422853	-1.814190	-17.257119
64666	1.473881	-1.824910	-17.218901
64667	1.514347	-1.830576	-17.200525
64668	1.532238	-1.832242	-17.188383
64669	1.538338	-1.827579	-17.177135
64670	1.554697	-1.823206	-17.169149
64671	1.585661	-1.820601	-17.161587
64672	1.592953	-1.817734	-17.162770
64673	1.586294	-1.812261	-17.160221
64674	1.604130	-1.806211	-17.156463
64675	1.634405	-1.807159	-17.148122
64676	1.651756	-1.808444	-17.137765
64677	1.660069	-1.802267	-17.141139
64678	1.682212	-1.793832	-17.141325
64679	1.716458	-1.781473	-17.146947
64680	1.759715	-1.739720	-17.158353
64681	1.780212	-1.710591	-17.171007
64682	1.807489	-1.679386	-17.192056
64683	1.844512	-1.648923	-17.212048
64684	1.881251	-1.621223	-17.229842
64685	1.902980	-1.596389	-17.239527
64686	1.923966	-1.570555	-17.247202
64687	1.943690	-1.549999	-17.253715
64688	1.958322	-1.530637	-17.260840
64689	1.972182	-1.513039	-17.261906
64690	1.990197	-1.496369	-17.266196
64691	2.018863	-1.480443	-17.270901
64692	2.055503	-1.464385	-17.277637
64693	2.089438	-1.447184	-17.284981
64694	2.119253	-1.427806	-17.292772
64695	2.152039	-1.410380	-17.299503
64696	2.189346	-1.398849	-17.300922
64697	2.217539	-1.388756	-17.299362
64698	2.243754	-1.380865	-17.296878
64699	2.273509	-1.378347	-17.290829
64700	2.302409	-1.373714	-17.285498
64701	2.319678	-1.366306	-17.281855
64702	2.333208	-1.358101	-17.275057
64703	2.343753	-1.353684	-17.264545
64704	2.356615	-1.355085	-17.255605
64705	2.372884	-1.353161	-17.247596
64706	2.394295	-1.354838	-17.241206
64707	2.416831	-1.355809	-17.233892
64708	2.441948	-1.358278	-17.228310
64709	2.463827	-1.359191	-17.225162
64710	2.486542	-1.360106	-17.221149
64711	2.508313	-1.361367	-17.220362
64712	2.534898	-1.363621	-17.218620
64713	2.560049	-1.366074	-17.215359
64714	2.584191	-1.370403	-17.210302
64715	2.604188	-1.376810	-17.201325
64716	2.621046	-1.385252	-17.190876
64717	2.631407	-1.392091	-17.182617
64718	2.641605	-1.396276	-17.175090
64719	2.651963	-1.401610	-17.167180
64720	2.661127	-1.406765	-17.156364
64721	2.670716	-1.410252	-17.144962
64722	2.678342	-1.410828	-17.137894
64723	2.682417	-1.407235	-17.130683
64724	2.685350	-1.404355	-17.124398
64725	2.685563	-1.400929	-17.114562
64726	2.685175	-1.398625	-17.103845
64727	2.683314	-1.391721	-17.099214
64728	2.684272	-1.381998	-17.096464
64729	2.683435	-1.369595	-17.096169
64730	2.680188	-1.355037	-17.099298
64731	2.672865	-1.338917	-17.103393
64732	2.665627	-1.318832	-17.107663
64733	2.659975	-1.295759	-17.112264
64734	2.656266	-1.272894	-17.116569
64735	2.652193	-1.250764	-17.122298
64736	2.648318	-1.227345	-17.125131
64737	2.644402	-1.204247	-17.132669
64738	2.641988	-1.180607	-17.139344
64739	2.637204	-1.159020	-17.145057
64740	2.632829	-1.137591	-17.153173
64741	2.622384	-1.117422	-17.159528
64742	2.615615	-1.098967	-17.168178
64743	2.605874	-1.078235	-17.174538
64744	2.600368	-1.062649	-17.180692
64745	2.595044	-1.045169	-17.187162
64746	2.592968	-1.031681	-17.194668
64747	2.591353	-1.018010	-17.201241
64748	2.595377	-1.005357	-17.208308
64749	2.600421	-0.995946	-17.211941
64750	2.619443	-0.975173	-17.219873
64751	2.633236	-0.960798	-17.222302
64752	2.647022	-0.950378	-17.225530
64753	2.660566	-0.943350	-17.227126
64754	2.672372	-0.940303	-17.226589
64755	2.681915	-0.935924	-17.223423
64756	2.687895	-0.932245	-17.222423
64757	2.690948	-0.927171	-17.222971
64758	2.693822	-0.924004	-17.223204
64759	2.694595	-0.918540	-17.222620
64760	2.693914	-0.912106	-17.224213
64761	2.691080	-0.907639	-17.230504
64762	2.687009	-0.899999	-17.234579
64763	2.682713	-0.894237	-17.237374
64764	2.678609	-0.888731	-17.236926
64765	2.675854	-0.884534	-17.236671
64766	2.674478	-0.881682	-17.237572
64767	2.670154	-0.878051	-17.235845
64768	2.666326	-0.872746	-17.234494
64769	2.663023	-0.868139	-17.236044
64770	2.661480	-0.863224	-17.235823
64771	2.658607	-0.857855	-17.238279
64772	2.654940	-0.853099	-17.238393
64773	2.648222	-0.849414	-17.237906
64774	2.642597	-0.846877	-17.239478
64775	2.633482	-0.843147	-17.240231
64776	2.621157	-0.838473	-17.240224
64777	2.604241	-0.831788	-17.243011
64778	2.579471	-0.824621	-17.248982
64779	2.548549	-0.816009	-17.256276
64780	2.517981	-0.806079	-17.266310
64781	2.487800	-0.796291	-17.277780
64782	2.461514	-0.785433	-17.291317
64783	2.436318	-0.774161	-17.306293
64784	2.411606	-0.764257	-17.320952
64785	2.388635	-0.750966	-17.333568
64786	2.362324	-0.737088	-17.347790
64787	2.330453	-0.723071	-17.365360
64788	2.297208	-0.709271	-17.382389
64789	2.265292	-0.694354	-17.396125
64790	2.236692	-0.681604	-17.408867
64791	2.215948	-0.667807	-17.418780
64792	2.195164	-0.659521	-17.429140
64793	2.175426	-0.649907	-17.437114
64794	2.156453	-0.641868	-17.443867
64795	2.136031	-0.635835	-17.451143
64796	2.119755	-0.631066	-17.455061
64797	2.104590	-0.628894	-17.459728
64798	2.093276	-0.624763	-17.462635
64799	2.084511	-0.626652	-17.465258
64800	2.080453	-0.625068	-17.467935
64801	2.076637	-0.626078	-17.469894
64802	2.073868	-0.628879	-17.469728
64803	2.069904	-0.630845	-17.469878
64804	2.065288	-0.634005	-17.469143
64805	2.060355	-0.637841	-17.469842
64806	2.056167	-0.640243	-17.470013
64807	2.052545	-0.646344	-17.472390
64808	2.052756	-0.647470	-17.473703
64809	2.050929	-0.650787	-17.473171
64810	2.049579	-0.653986	-17.472665
64811	2.046898	-0.658816	-17.470318
64812	2.047244	-0.662613	-17.468571
64813	2.044285	-0.667243	-17.467126
64814	2.041516	-0.670043	-17.466958
64815	2.037569	-0.673514	-17.466757
64816	2.033542	-0.676471	-17.468388
64817	2.025769	-0.677988	-17.470108
64818	2.020857	-0.677919	-17.470968
64819	2.016459	-0.677606	-17.470903
64820	2.013938	-0.676064	-17.470875
64821	2.011671	-0.677106	-17.470129
64822	2.010312	-0.678790	-17.469969
64823	2.011705	-0.679714	-17.466189
64824	2.012147	-0.680127	-17.462772
64825	2.010748	-0.681164	-17.463494
64826	2.010637	-0.681177	-17.461882
64827	2.008215	-0.681656	-17.459675
64828	2.006409	-0.681071	-17.459303
64829	2.004682	-0.679477	-17.457449
64830	2.009514	-0.677102	-17.455524
64831	2.014051	-0.676903	-17.454686
64832	2.021891	-0.677395	-17.453198
64833	2.028397	-0.677993	-17.450216
64834	2.034237	-0.679802	-17.446349
64835	2.036909	-0.683589	-17.440072
64836	2.040872	-0.687872	-17.431114
64837	2.043222	-0.690544	-17.421912
64838	2.046891	-0.691600	-17.414551
64839	2.048300	-0.694028	-17.410422
64840	2.050687	-0.690698	-17.405904
64841	2.054348	-0.687468	-17.404292
64842	2.058193	-0.683936	-17.403609
64843	2.061740	-0.681060	-17.404363
64844	2.065746	-0.678085	-17.405141
64845	2.070703	-0.674092	-17.405902
64846	2.074969	-0.668287	-17.406470
64847	2.075237	-0.662340	-17.407686
64848	2.075400	-0.654378	-17.411080
64849	2.073521	-0.644046	-17.413670
64850	2.072400	-0.631696	-17.419903
64851	2.067714	-0.618447	-17.427690
64852	2.060316	-0.603186	-17.433257
64853	2.051321	-0.586312	-17.438581
64854	2.042207	-0.567418	-17.446081
64855	2.031939	-0.549185	-17.453553
64856	2.018715	-0.528133	-17.463881
64857	2.004616	-0.507942	-17.473278
64858	1.989388	-0.488206	-17.481233
64859	1.972894	-0.469486	-17.491526
64860	1.958098	-0.450504	-17.500041
64861	1.943741	-0.434653	-17.509305
64862	1.931799	-0.419500	-17.516448
64863	1.920127	-0.405403	-17.523223
64864	1.908032	-0.391207	-17.528558
64865	1.891832	-0.377226	-17.536914
64866	1.874782	-0.363906	-17.542925
64867	1.857999	-0.350123	-17.548916
64868	1.838811	-0.335445	-17.555613
64869	1.816650	-0.323295	-17.561377
64870	1.793381	-0.311010	-17.569868
64871	1.770646	-0.300570	-17.572920
64872	1.751170	-0.289318	-17.575658
64873	1.733834	-0.280272	-17.578247
64874	1.719491	-0.271734	-17.581077
64875	1.705708	-0.264441	-17.582639
64876	1.693500	-0.257258	-17.584783
64877	1.680848	-0.248648	-17.587253
64878	1.669186	-0.240345	-17.587939
64879	1.657807	-0.233087	-17.588260
64880	1.647176	-0.226863	-17.591523
64881	1.638635	-0.220401	-17.591160
64882	1.632373	-0.213494	-17.591382
64883	1.626819	-0.206874	-17.592143
64884	1.622415	-0.201126	-17.592580
64885	1.619433	-0.196621	-17.593213
64886	1.619993	-0.191513	-17.592626
64887	1.617484	-0.192316	-17.592776
64888	1.613941	-0.186571	-17.594676
64889	1.608134	-0.182780	-17.595646
64890	1.600633	-0.179067	-17.596976
64891	1.588275	-0.172155	-17.598199
64892	1.571950	-0.166434	-17.598315
64893	1.552789	-0.159236	-17.600000
64894	1.531220	-0.152673	-17.602042
64895	1.505926	-0.143697	-17.600367
64896	1.473873	-0.130776	-17.592776
64897	1.433233	-0.119686	-17.589443
64898	1.386447	-0.105379	-17.586379
64899	1.335712	-0.089376	-17.584323
64900	1.283247	-0.073440	-17.582621
64901	1.226681	-0.055237	-17.580466
64902	1.174910	-0.037196	-17.579110
64903	1.121488	-0.019385	-17.579535
64904	1.071295	-0.002288	-17.579291
64905	1.024002	0.011661	-17.578546
64906	0.981939	0.024670	-17.579158
64907	0.943017	0.038883	-17.579426
64908	0.908044	0.051412	-17.578679
64909	0.879632	0.064518	-17.579274
64910	0.854030	0.076144	-17.578295
64911	0.834406	0.088165	-17.576291
64912	0.820848	0.100166	-17.573293
64913	0.810184	0.111090	-17.574322
64914	0.803298	0.123927	-17.573588
64915	0.797713	0.138178	-17.576117
64916	0.794376	0.152848	-17.579230
64917	0.792910	0.167026	-17.583446
64918	0.793362	0.185808	-17.586034
64919	0.794427	0.202412	-17.591171
64920	0.795375	0.214923	-17.597069
64921	0.800993	0.228611	-17.599915
64922	0.810004	0.242511	-17.603900
64923	0.820305	0.255747	-17.606617
64924	0.834294	0.267483	-17.609214
64925	0.847178	0.277077	-17.611433
64926	0.860757	0.286547	-17.612762
64927	0.878366	0.291135	-17.613795
64928	0.896925	0.298440	-17.613735
64929	0.918217	0.303734	-17.615883
64930	0.941487	0.307551	-17.614985
64931	0.968183	0.309348	-17.612126
64932	1.000262	0.310560	-17.608244
64933	1.037898	0.308392	-17.601706
64934	1.079092	0.303765	-17.593234
64935	1.121718	0.295824	-17.580432
64936	1.156647	0.281246	-17.578894
64937	1.214154	0.289972	-17.564765
64938	1.249781	0.269664	-17.549671
64939	1.274421	0.240939	-17.534568
64940	1.297745	0.210169	-17.512043
64941	1.313905	0.170552	-17.487907
64942	1.319292	0.123928	-17.461759
64943	1.308270	0.069766	-17.431872
64944	1.269656	0.002841	-17.407251
64945	1.183357	-0.098885	-17.378828
64946	1.043967	-0.235910	-17.346386
64947	0.849035	-0.416100	-17.300450
64948	0.599937	-0.643681	-17.240605
64949	0.200036	-0.985242	-17.211252
64950	-0.422778	-1.574106	-17.273904
64951	-1.140515	-2.457879	-17.441167
64952	-1.938187	-3.680187	-17.667120
64953	-2.913244	-5.138389	-17.963579
64954	-3.865300	-6.471696	-18.249712
64955	-4.702302	-7.513202	-18.572480
64956	-5.480888	-8.341857	-19.008221
64957	-6.232104	-9.111584	-19.528603
64958	-6.923765	-9.872865	-19.962215
64959	-7.537991	-10.532858	-20.230372
64960	-8.308578	-11.120132	-20.289381
64961	-8.830020	-11.843515	-19.900012
64962	-8.908765	-12.670153	-19.161252
64963	-8.989103	-13.592478	-18.570579
64964	-9.162799	-14.582924	-18.320835
64965	-9.258325	-15.614010	-18.229953
64966	-9.223652	-16.692943	-18.156983
64967	-9.175689	-17.818869	-18.108207
64968	-9.202280	-18.980014	-18.097091
64969	-9.300232	-20.163486	-18.062249
64970	-9.456107	-21.349688	-17.923353
64971	-9.689225	-22.542400	-17.698345
64972	-10.031744	-23.693071	-17.388677
64973	-10.465379	-24.811046	-17.011899
64974	-10.966805	-25.870288	-16.543087
64975	-11.496087	-26.876464	-16.049425
64976	-12.015622	-27.809284	-15.587142
64977	-12.458331	-28.633791	-15.191400
64978	-12.758593	-29.382927	-14.900637
64979	-12.876516	-30.030261	-14.705848
64980	-12.782379	-30.584827	-14.648612
64981	-12.465621	-31.051199	-14.781737
64982	-11.915131	-31.417351	-15.120872
64983	-11.148677	-31.663437	-15.633165
64984	-10.169232	-31.790040	-16.284295
64985	-9.005448	-31.799737	-17.067212
64986	-7.697310	-31.687760	-17.955547
64987	-6.269054	-31.421873	-18.895380
64988	-4.771356	-30.999960	-19.830666
64989	-3.251345	-30.421943	-20.725697
64990	-1.749890	-29.722245	-21.549043
64991	-0.289549	-28.905879	-22.281550
64992	1.100894	-27.980526	-22.927620
64993	2.405389	-26.956771	-23.483156
64994	3.612652	-25.836972	-23.949201
64995	4.715065	-24.639211	-24.325509
64996	5.694528	-23.376358	-24.599710
64997	6.575692	-22.056633	-24.798026
64998	7.374674	-20.712440	-24.952521
64999	8.118772	-19.346354	-25.123312
65000	8.834330	-17.974760	-25.337255
65001	9.513564	-16.608669	-25.594196
65002	10.115022	-15.290366	-25.837840
65003	10.605712	-14.025430	-26.024002
65004	10.979831	-12.853399	-26.125694
65005	11.218465	-11.803179	-26.139931
65006	11.329424	-10.871629	-26.071715
65007	11.336678	-10.034072	-25.959991
65008	11.280307	-9.298673	-25.837596
65009	11.183262	-8.672402	-25.712876
65010	11.042852	-8.133680	-25.594890
65011	10.861447	-7.654599	-25.490379
65012	10.648277	-7.233271	-25.411562
65013	10.405371	-6.897194	-25.383496
65014	10.085700	-6.648130	-25.279428
65015	9.532076	-6.148286	-25.362615
65016	8.709129	-5.342305	-25.956952
65017	7.844762	-4.750976	-26.436997
65018	7.060010	-4.528829	-26.413625
65019	7.002723	-4.803524	-25.988056
65020	6.927939	-5.021941	-25.691219
65021	6.843497	-5.178264	-25.643324
65022	6.906667	-5.418955	-25.652823
65023	6.979275	-5.638550	-25.633573
65024	6.981793	-5.823356	-25.611135
65025	6.917278	-5.990282	-25.648376
65026	6.787195	-6.139402	-25.725805
65027	6.603759	-6.261894	-25.787065
65028	6.423340	-6.376001	-25.826549
65029	6.266543	-6.516104	-25.864968
65030	6.116144	-6.673954	-25.877473
65031	5.971786	-6.837855	-25.863856
65032	5.828333	-6.998500	-25.837784
65033	5.686977	-7.149026	-25.801057
65034	5.538855	-7.281523	-25.752271
65035	5.380941	-7.397649	-25.686692
65036	5.219574	-7.499627	-25.609366
65037	5.059518	-7.594711	-25.521753
65038	4.891044	-7.676985	-25.428315
65039	4.724552	-7.744127	-25.337260
65040	4.569898	-7.791017	-25.248704
65041	4.434635	-7.826706	-25.179017
65042	4.335313	-7.858527	-25.128569
65043	4.259273	-7.890649	-25.090237
65044	4.197771	-7.913069	-25.075585
65045	4.133290	-7.924254	-25.080100
65046	4.073481	-7.919165	-25.104969
65047	4.042909	-7.905177	-25.127828
65048	4.036674	-7.874141	-25.143664
65049	4.036477	-7.826090	-25.142950
65050	4.085773	-7.771706	-25.097348
65051	4.196188	-7.716027	-24.992033
65052	4.376001	-7.643016	-24.824030
65053	4.623892	-7.531448	-24.586500
65054	4.887598	-7.377621	-24.334843
65055	5.134806	-7.194676	-24.085745
65056	5.294513	-7.006163	-23.833947
65057	5.398472	-6.861407	-23.663899
65058	5.451606	-6.738692	-23.555330
65059	5.466787	-6.625104	-23.479260
65060	5.512055	-6.510948	-23.372838
65061	5.536000	-6.378374	-23.204223
65062	5.539271	-6.214460	-22.960547
65063	5.571352	-6.030587	-22.656226
65064	5.595539	-5.825989	-22.295583
65065	5.585081	-5.663194	-22.064998
65066	5.537182	-5.534124	-21.941426
65067	5.406891	-5.448113	-21.956258
65068	5.199549	-5.393106	-22.035577
65069	4.940364	-5.355423	-22.111396
65070	4.667932	-5.320418	-22.159416
65071	4.397952	-5.270039	-22.205267
65072	4.117348	-5.199580	-22.253939
65073	3.816933	-5.099894	-22.278791
65074	3.546549	-4.948689	-22.196880
65075	3.374534	-4.725577	-21.959368
65076	3.301867	-4.441599	-21.632833
65077	3.283316	-4.128715	-21.263798
65078	3.279482	-3.827990	-20.914201
65079	3.213359	-3.613874	-20.713633
65080	3.094555	-3.456534	-20.636319
65081	2.953821	-3.308852	-20.587475
65082	2.788759	-3.203445	-20.602597
65083	2.591451	-3.119532	-20.633261
65084	2.381075	-3.043427	-20.658826
65085	2.182816	-2.966411	-20.684866
65086	1.991178	-2.889530	-20.708277
65087	1.810544	-2.807218	-20.705569
65088	1.656316	-2.733604	-20.647303
65089	1.521172	-2.684977	-20.589571
65090	1.395265	-2.635338	-20.521057
65091	1.286257	-2.581279	-20.440328
65092	1.201926	-2.515995	-20.343939
65093	1.146423	-2.427440	-20.234646
65094	1.107628	-2.366193	-20.138647
65095	1.073744	-2.305063	-20.044869
65096	1.056900	-2.243304	-19.950131
65097	1.062935	-2.200861	-19.891761
65098	1.012253	-2.210658	-19.849629
65099	0.950805	-2.243211	-19.856547
65100	0.859760	-2.264670	-19.880528
65101	0.777144	-2.279412	-19.891772
65102	0.724601	-2.296567	-19.902459
65103	0.695358	-2.323302	-19.910169
65104	0.679176	-2.345091	-19.921903
65105	0.661141	-2.358991	-19.941295
65106	0.644430	-2.373771	-19.960383
65107	0.624864	-2.386380	-19.976314
65108	0.612169	-2.393607	-19.998968
65109	0.610490	-2.393957	-20.013391
65110	0.632677	-2.376173	-19.996474
65111	0.675576	-2.348848	-19.975203
65112	0.726121	-2.315078	-19.949530
65113	0.781150	-2.277968	-19.925355
65114	0.838331	-2.231954	-19.899806
65115	0.886944	-2.177398	-19.871061
65116	0.933322	-2.118636	-19.841313
65117	0.979202	-2.051223	-19.797461
65118	1.025647	-1.989080	-19.765921
65119	1.071810	-1.923825	-19.731741
65120	1.104687	-1.876587	-19.700415
65121	1.111749	-1.877902	-19.688360
65122	1.117617	-1.889066	-19.684745
65123	1.121754	-1.900106	-19.680524
65124	1.126368	-1.909930	-19.679032
65125	1.133250	-1.920567	-19.676852
65126	1.144705	-1.928708	-19.673014
65127	1.157113	-1.933297	-19.671323
65128	1.168826	-1.945012	-19.668214
65129	1.177296	-1.971840	-19.666810
65130	1.185411	-2.000498	-19.665965
65131	1.197319	-2.026352	-19.666619
65132	1.204088	-2.055881	-19.672203
65133	1.197186	-2.105730	-19.686396
65134	1.188434	-2.152495	-19.702523
65135	1.186938	-2.195382	-19.713410
65136	1.190748	-2.236725	-19.722302
65137	1.195229	-2.276071	-19.727410
65138	1.201504	-2.308454	-19.727572
65139	1.205085	-2.334320	-19.724763
65140	1.204951	-2.354136	-19.721705
65141	1.204882	-2.367035	-19.717727
65142	1.199928	-2.370332	-19.711318
65143	1.196502	-2.371972	-19.704924
65144	1.192617	-2.367547	-19.698551
65145	1.197472	-2.359373	-19.693110
65146	1.205693	-2.350401	-19.687429
65147	1.217726	-2.341991	-19.684870
65148	1.222306	-2.336904	-19.686084
65149	1.221172	-2.334109	-19.688370
65150	1.216341	-2.330146	-19.691663
65151	1.209246	-2.327504	-19.698096
65152	1.207456	-2.324844	-19.702187
65153	1.207593	-2.321522	-19.700379
65154	1.211151	-2.313690	-19.694385
65155	1.212097	-2.305728	-19.686318
65156	1.210269	-2.294720	-19.678743
65157	1.206472	-2.283366	-19.671447
65158	1.197118	-2.271229	-19.664570
65159	1.182326	-2.261574	-19.657881
65160	1.168516	-2.247747	-19.650529
65161	1.155147	-2.238461	-19.643520
65162	1.141919	-2.228043	-19.633669
65163	1.131853	-2.216876	-19.624951
65164	1.123291	-2.205313	-19.615402
65165	1.109181	-2.190181	-19.607478
65166	1.094687	-2.176899	-19.600109
65167	1.078007	-2.161193	-19.591941
65168	1.063753	-2.143210	-19.582426
65169	1.053710	-2.128640	-19.572095
65170	1.048496	-2.113319	-19.558859
65171	1.046248	-2.096697	-19.545312
65172	1.046227	-2.080630	-19.530587
65173	1.043732	-2.060426	-19.516310
65174	1.035387	-2.037732	-19.503706
65175	1.024867	-2.012605	-19.490303
65176	1.016705	-1.988942	-19.479497
65177	1.010560	-1.964343	-19.469253
65178	1.005968	-1.935733	-19.463019
65179	0.999635	-1.903922	-19.456893
65180	0.991841	-1.868294	-19.453626
65181	0.982267	-1.831332	-19.452445
65182	0.968905	-1.791933	-19.446163
65183	0.958052	-1.762137	-19.443519
65184	0.944112	-1.737624	-19.438677
65185	0.926721	-1.717847	-19.431585
65186	0.911672	-1.699550	-19.427088
65187	0.897705	-1.682193	-19.423672
65188	0.882185	-1.666523	-19.420247
65189	0.866303	-1.649900	-19.418588
65190	0.855015	-1.633859	-19.414538
65191	0.842835	-1.616474	-19.414040
65192	0.835947	-1.599107	-19.411163
65193	0.826023	-1.579063	-19.412509
65194	0.814377	-1.561666	-19.412045
65195	0.804731	-1.548462	-19.406935
65196	0.793499	-1.547215	-19.391403
65197	0.781067	-1.548042	-19.375465
65198	0.773009	-1.545643	-19.362873
65199	0.765142	-1.544194	-19.349903
65200	0.759034	-1.540824	-19.342024
65201	0.754655	-1.539712	-19.337218
65202	0.751466	-1.539911	-19.334439
65203	0.748196	-1.540865	-19.332177
65204	0.748039	-1.542391	-19.330183
65205	0.746118	-1.544093	-19.329929
65206	0.746683	-1.546568	-19.327591
65207	0.748297	-1.548471	-19.326693
65208	0.750951	-1.549251	-19.324399
65209	0.752233	-1.551324	-19.326731
65210	0.757339	-1.550015	-19.327723
65211	0.762990	-1.550994	-19.324752
65212	0.768455	-1.551029	-19.322157
65213	0.773385	-1.551059	-19.319528
65214	0.781468	-1.549790	-19.315188
65215	0.785483	-1.548311	-19.311458
65216	0.794288	-1.547992	-19.306773
65217	0.798541	-1.545195	-19.302506
65218	0.801408	-1.543143	-19.300031
65219	0.802784	-1.541455	-19.298403
65220	0.805845	-1.539962	-19.297372
65221	0.809794	-1.538849	-19.295977
65222	0.813457	-1.535641	-19.297652
65223	0.821013	-1.532625	-19.300104
65224	0.829629	-1.530004	-19.300801
65225	0.836964	-1.524912	-19.302163
65226	0.842453	-1.519811	-19.304767
65227	0.849122	-1.516797	-19.305759
65228	0.854103	-1.514564	-19.302963
65229	0.857430	-1.513647	-19.299216
65230	0.864960	-1.510472	-19.297007
65231	0.873576	-1.508229	-19.295879
65232	0.883637	-1.507505	-19.295883
65233	0.895303	-1.503195	-19.293907
65234	0.906705	-1.498310	-19.294641
65235	0.919193	-1.494352	-19.296456
65236	0.935258	-1.488340	-19.297451
65237	0.952476	-1.482893	-19.297186
65238	0.970613	-1.478573	-19.299839
65239	0.989366	-1.469517	-19.301739
65240	1.008675	-1.461989	-19.303312
65241	1.025534	-1.455181	-19.306615
65242	1.044436	-1.449926	-19.306923
65243	1.063101	-1.446368	-19.305951
65244	1.083209	-1.444329	-19.306109
65245	1.104641	-1.441892	-19.306803
65246	1.129508	-1.439879	-19.304520
65247	1.154541	-1.437280	-19.302210
65248	1.174455	-1.434680	-19.300909
65249	1.195470	-1.429608	-19.299046
65250	1.216971	-1.426426	-19.299199
65251	1.232802	-1.422083	-19.298865
65252	1.245691	-1.417204	-19.296880
65253	1.260854	-1.414946	-19.296186
65254	1.274370	-1.409854	-19.296543
65255	1.285806	-1.406836	-19.295060
65256	1.299179	-1.404224	-19.293271
65257	1.314746	-1.394770	-19.292518
65258	1.330176	-1.384033	-19.289792
65259	1.343087	-1.384428	-19.287271
65260	1.354133	-1.384834	-19.286002
65261	1.364236	-1.385980	-19.283804
65262	1.373211	-1.384697	-19.280869
65263	1.383727	-1.388463	-19.281216
65264	1.397101	-1.385848	-19.279414
65265	1.409223	-1.385642	-19.279570
65266	1.421399	-1.384712	-19.279201
65267	1.433761	-1.383188	-19.278807
65268	1.443194	-1.382657	-19.276421
65269	1.448734	-1.386098	-19.271295
65270	1.452111	-1.387835	-19.268662
65271	1.456183	-1.387857	-19.264562
65272	1.459278	-1.392782	-19.264474
65273	1.463502	-1.395224	-19.263817
65274	1.469621	-1.396562	-19.263199
65275	1.474015	-1.398037	-19.264335
65276	1.477755	-1.399358	-19.264942
65277	1.482627	-1.398197	-19.264980
65278	1.488150	-1.399485	-19.268490
65279	1.493455	-1.397556	-19.269426
65280	1.493586	-1.394123	-19.271735
65281	1.494902	-1.391242	-19.272784
65282	1.495924	-1.387792	-19.276544
65283	1.496690	-1.382992	-19.279725
65284	1.500284	-1.380108	-19.283705
65285	1.508311	-1.376255	-19.286995
65286	1.513229	-1.372585	-19.293322
65287	1.520771	-1.366460	-19.296400
65288	1.530225	-1.360751	-19.299167
65289	1.538393	-1.354404	-19.304585
65290	1.544628	-1.351732	-19.306440
65291	1.549022	-1.348292	-19.306262
65292	1.551792	-1.345071	-19.306445
65293	1.553574	-1.342934	-19.308045
65294	1.555791	-1.337793	-19.310358
65295	1.558270	-1.335085	-19.311960
65296	1.559764	-1.328993	-19.314612
65297	1.559840	-1.324752	-19.317784
65298	1.560637	-1.319227	-19.320433
65299	1.560925	-1.312147	-19.323396
65300	1.560302	-1.306238	-19.326381
65301	1.558460	-1.302730	-19.331335
65302	1.556418	-1.296438	-19.334657
65303	1.556425	-1.292541	-19.340169
65304	1.557335	-1.283005	-19.345288
65305	1.555924	-1.278725	-19.351136
65306	1.555177	-1.270124	-19.357143
65307	1.554409	-1.262235	-19.363676
65308	1.554620	-1.253265	-19.368790
65309	1.556063	-1.246360	-19.372302
65310	1.569495	-1.224789	-19.384248
65311	1.576657	-1.217543	-19.384401
65312	1.580037	-1.209186	-19.385597
65313	1.585251	-1.201154	-19.387874
65314	1.590287	-1.191859	-19.388175
65315	1.594111	-1.184962	-19.390448
65316	1.595834	-1.177540	-19.392531
65317	1.596126	-1.170445	-19.395481
65318	1.596860	-1.161870	-19.398796
65319	1.599268	-1.154587	-19.401405
65320	1.601254	-1.147364	-19.402591
65321	1.602700	-1.140447	-19.406092
65322	1.604156	-1.132821	-19.409064
65323	1.606006	-1.123612	-19.413795
65324	1.608350	-1.115964	-19.418211
65325	1.609934	-1.106552	-19.423835
65326	1.615453	-1.099521	-19.424334
65327	1.618088	-1.096102	-19.421237
65328	1.622664	-1.096149	-19.417147
65329	1.627736	-1.095786	-19.412137
65330	1.633731	-1.096216	-19.407705
65331	1.638997	-1.096401	-19.404143
65332	1.643070	-1.097567	-19.401501
65333	1.648961	-1.097528	-19.400274
65334	1.656011	-1.096964	-19.399074
65335	1.660817	-1.094597	-19.401765
65336	1.665195	-1.092295	-19.403031
65337	1.670669	-1.087835	-19.406052
65338	1.678288	-1.084003	-19.407865
65339	1.685712	-1.080329	-19.408761
65340	1.692370	-1.076864	-19.411466
65341	1.698862	-1.075077	-19.412916
65342	1.704880	-1.075225	-19.414948
65343	1.712499	-1.072093	-19.417285
65344	1.720747	-1.069840	-19.414626
65345	1.727799	-1.069977	-19.413954
65346	1.736742	-1.067154	-19.411291
65347	1.746578	-1.065010	-19.410599
65348	1.756870	-1.062913	-19.409934
65349	1.767570	-1.059223	-19.411026
65350	1.778264	-1.054830	-19.411584
65351	1.788700	-1.050936	-19.413564
65352	1.800449	-1.045542	-19.417346
65353	1.812249	-1.038981	-19.419647
65354	1.823345	-1.032288	-19.421422
65355	1.834980	-1.026705	-19.421943
65356	1.847524	-1.021915	-19.423035
65357	1.859858	-1.015757	-19.423547
65358	1.877536	-1.007173	-19.423707
65359	1.893541	-0.998703	-19.425625
65360	1.910523	-0.990687	-19.425780
65361	1.930684	-0.982176	-19.429329
65362	1.949150	-0.972375	-19.433586
65363	1.966948	-0.960453	-19.436692
65364	1.981197	-0.947637	-19.439960
65365	1.994074	-0.936663	-19.443774
65366	2.006959	-0.926508	-19.446714
65367	2.020131	-0.917257	-19.449299
65368	2.034067	-0.906090	-19.455452
65369	2.046988	-0.893241	-19.457227
65370	2.058025	-0.878256	-19.464722
65371	2.062091	-0.868465	-19.466697
65372	2.067043	-0.859471	-19.469244
65373	2.071331	-0.851745	-19.472334
65374	2.073501	-0.845037	-19.474913
65375	2.073989	-0.836914	-19.479596
65376	2.076824	-0.828109	-19.482494
65377	2.080875	-0.821699	-19.486136
65378	2.083472	-0.814212	-19.489596
65379	2.086797	-0.806851	-19.493582
65380	2.091213	-0.797440	-19.497904
65381	2.094023	-0.786277	-19.501997
65382	2.100744	-0.777215	-19.507407
65383	2.103065	-0.763775	-19.511255
65384	2.109676	-0.748297	-19.524434
65385	2.111226	-0.735764	-19.530637
65386	2.111536	-0.724220	-19.537767
65387	2.109656	-0.712684	-19.541995
65388	2.107923	-0.700994	-19.547140
