// General information: 
//  MT Manager version: 2021.4.0 
//  XDA version: 2021.4.0 build 6323 rev 112641 built on 2021-09-28
// Device information: 
//  DeviceId: 00B43856
//  ProductCode: MTW2-3A7G6
//  Firmware Version: 4.3.4
//  Hardware Version: 1.1.0
// Device settings: 
//  Filter Profile: human(46.1)
//  Option Flags: Orientation Smoother Disabled, Position/Velocity Smoother Disabled, Continuous Zero Rotation Update Disabled, AHS Disabled, ICC Disabled
// Coordinate system: ENU
PacketCounter	Roll	Pitch	Yaw
63682	-0.316515	1.168202	-0.545302
63683	-0.330393	1.185119	-0.537810
63684	-0.342698	1.197445	-0.539916
63685	-0.350166	1.213407	-0.530469
63686	-0.358630	1.225468	-0.537209
63687	-0.364598	1.239722	-0.534188
63688	-0.373507	1.251016	-0.546697
63689	-0.384725	1.263635	-0.549764
63690	-0.400771	1.269104	-0.562404
63691	-0.416756	1.277460	-0.564397
63692	-0.431544	1.284896	-0.576062
63693	-0.443508	1.297015	-0.570728
63694	-0.459323	1.301967	-0.567269
63695	-0.476006	1.309590	-0.550894
63696	-0.495447	1.309081	-0.546127
63697	-0.507932	1.312187	-0.530074
63698	-0.517095	1.314390	-0.526065
63699	-0.526871	1.320635	-0.517845
63700	-0.537984	1.318682	-0.521452
63701	-0.554020	1.319600	-0.526164
63702	-0.571481	1.315978	-0.552029
63703	-0.593405	1.313679	-0.572200
63704	-0.617945	1.303457	-0.604597
63705	-0.640510	1.300089	-0.627254
63706	-0.658966	1.296023	-0.657710
63707	-0.667388	1.300807	-0.661858
63708	-0.667987	1.307388	-0.652008
63709	-0.662990	1.320142	-0.612387
63710	-0.653320	1.332576	-0.572560
63711	-0.634481	1.355815	-0.515641
63712	-0.615973	1.379672	-0.467569
63713	-0.604162	1.405336	-0.411540
63714	-0.591699	1.426000	-0.364253
63715	-0.574916	1.448641	-0.303173
63716	-0.559354	1.467235	-0.245704
63717	-0.539187	1.490600	-0.172446
63718	-0.518970	1.508079	-0.095880
63719	-0.489612	1.526624	0.002544
63720	-0.453707	1.536318	0.112383
63721	-0.412968	1.543298	0.241940
63722	-0.362593	1.542863	0.368245
63723	-0.298817	1.543627	0.509336
63724	-0.236190	1.538727	0.628080
63725	-0.175047	1.539317	0.738617
63726	-0.115822	1.541495	0.815122
63727	-0.067702	1.549099	0.875263
63728	-0.034199	1.554224	0.899430
63729	-0.011763	1.561814	0.910561
63730	0.005045	1.571404	0.891522
63731	0.024542	1.591716	0.871319
63732	0.043407	1.614106	0.834093
63733	0.061212	1.640746	0.797843
63734	0.068765	1.659671	0.740151
63735	0.064705	1.670601	0.683227
63736	0.061859	1.675552	0.618190
63737	0.077054	1.685529	0.580807
63738	0.097113	1.687547	0.553972
63739	0.116927	1.686502	0.550837
63740	0.130294	1.678013	0.547989
63741	0.139972	1.670952	0.553727
63742	0.142965	1.662019	0.543506
63743	0.142245	1.652805	0.542735
63744	0.133050	1.636099	0.530831
63745	0.128075	1.623245	0.530718
63746	0.120244	1.601793	0.524193
63747	0.108532	1.580093	0.523775
63748	0.092417	1.555071	0.511270
63749	0.080077	1.537596	0.501579
63750	0.069179	1.524038	0.483815
63751	0.069525	1.517496	0.476164
63752	0.068309	1.506874	0.466631
63753	0.072031	1.500708	0.481107
63754	0.076382	1.496289	0.498039
63755	0.085290	1.499178	0.533415
63756	0.086612	1.503052	0.565602
63757	0.089407	1.510909	0.611166
63758	0.097991	1.519297	0.656850
63759	0.115769	1.529028	0.719623
63760	0.132433	1.529566	0.780261
63761	0.148174	1.531410	0.849202
63762	0.160925	1.532103	0.917172
63763	0.174359	1.539942	0.995285
63764	0.183614	1.551323	1.060897
63765	0.186455	1.564689	1.124523
63766	0.180093	1.574246	1.157755
63767	0.167381	1.580037	1.176503
63768	0.149844	1.575086	1.165015
63769	0.127365	1.564323	1.147308
63770	0.099444	1.552028	1.098147
63771	0.066783	1.546160	1.039025
63772	0.029598	1.546909	0.948545
63773	-0.006170	1.558091	0.853608
63774	-0.038269	1.574023	0.738594
63775	-0.068042	1.596451	0.632004
63776	-0.097273	1.621478	0.523537
63777	-0.126163	1.650790	0.428292
63778	-0.153339	1.678456	0.340733
63779	-0.177840	1.707764	0.281026
63780	-0.203585	1.738154	0.236747
63781	-0.225827	1.773964	0.220598
63782	-0.250744	1.808891	0.218544
63783	-0.271067	1.848623	0.241589
63784	-0.294470	1.880224	0.281991
63785	-0.311335	1.913676	0.344120
63786	-0.327908	1.943916	0.410291
63787	-0.334246	1.974071	0.495703
63788	-0.336707	1.999259	0.583684
63789	-0.333900	2.022989	0.673650
63790	-0.328007	2.042386	0.741546
63791	-0.321565	2.066621	0.796859
63792	-0.313043	2.086064	0.817901
63793	-0.305936	2.106410	0.815767
63794	-0.304487	2.121723	0.779600
63795	-0.306244	2.137319	0.724747
63796	-0.313130	2.148646	0.642644
63797	-0.324479	2.162776	0.550827
63798	-0.343221	2.176511	0.444324
63799	-0.365996	2.196320	0.339196
63800	-0.384654	2.215820	0.231437
63801	-0.400499	2.241379	0.138931
63802	-0.415813	2.264287	0.051187
63803	-0.427586	2.288788	-0.020266
63804	-0.437964	2.309612	-0.089454
63805	-0.453530	2.327590	-0.139163
63806	-0.472246	2.335487	-0.181078
63807	-0.494590	2.337139	-0.203044
63808	-0.509350	2.338432	-0.217457
63809	-0.514271	2.346582	-0.209991
63810	-0.509889	2.357583	-0.199774
63811	-0.501926	2.372407	-0.177643
63812	-0.497569	2.384872	-0.162453
63813	-0.495004	2.397655	-0.149352
63814	-0.494966	2.408071	-0.148925
63815	-0.497780	2.413025	-0.148942
63816	-0.498202	2.416616	-0.159487
63817	-0.500534	2.417873	-0.170114
63818	-0.500802	2.415980	-0.196857
63819	-0.500284	2.415770	-0.223569
63820	-0.503220	2.413653	-0.265393
63821	-0.503655	2.414220	-0.306712
63822	-0.508215	2.409977	-0.357493
63823	-0.512894	2.406898	-0.398189
63824	-0.517320	2.400359	-0.435443
63825	-0.517739	2.392936	-0.459564
63826	-0.516660	2.384382	-0.481655
63827	-0.513966	2.373995	-0.484889
63828	-0.510057	2.363735	-0.487931
63829	-0.502379	2.357043	-0.472235
63830	-0.494400	2.352404	-0.458596
63831	-0.484700	2.351344	-0.431819
63832	-0.477454	2.347442	-0.408410
63833	-0.472053	2.346010	-0.380509
63834	-0.465019	2.346335	-0.361205
63835	-0.453984	2.349353	-0.332724
63836	-0.442539	2.351073	-0.311847
63837	-0.428179	2.353760	-0.284909
63838	-0.415202	2.356268	-0.264556
63839	-0.405607	2.356722	-0.243942
63840	-0.398581	2.355792	-0.233559
63841	-0.393105	2.354559	-0.223648
63842	-0.390933	2.347877	-0.220342
63843	-0.389156	2.341065	-0.213766
63844	-0.389769	2.329509	-0.215504
63845	-0.386066	2.319052	-0.215261
63846	-0.382788	2.308910	-0.220527
63847	-0.376831	2.301486	-0.224819
63848	-0.368654	2.293565	-0.230505
63849	-0.359446	2.290357	-0.232033
63850	-0.349148	2.284687	-0.238323
63851	-0.338516	2.276997	-0.235869
63852	-0.329739	2.265444	-0.241167
63853	-0.318752	2.256634	-0.237720
63854	-0.308279	2.244739	-0.242692
63855	-0.303377	2.236657	-0.243400
63856	-0.300805	2.223826	-0.251911
63857	-0.300651	2.214026	-0.252067
63858	-0.300324	2.202375	-0.259632
63859	-0.295905	2.194196	-0.257112
63860	-0.289542	2.185106	-0.259965
63861	-0.278950	2.178676	-0.253721
63862	-0.265074	2.170761	-0.247712
63863	-0.249335	2.164151	-0.237952
63864	-0.232987	2.152610	-0.232847
63865	-0.215661	2.141954	-0.220262
63866	-0.204822	2.127261	-0.213296
63867	-0.199802	2.112341	-0.205096
63868	-0.198678	2.096652	-0.206655
63869	-0.196979	2.085610	-0.210358
63870	-0.195533	2.076268	-0.228106
63871	-0.195316	2.073283	-0.245220
63872	-0.195708	2.069366	-0.268555
63873	-0.199566	2.067713	-0.285898
63874	-0.201343	2.064785	-0.305511
63875	-0.204497	2.061369	-0.313990
63876	-0.210544	2.053972	-0.325249
63877	-0.211942	2.045427	-0.321884
63878	-0.210581	2.034253	-0.322919
63879	-0.205869	2.024192	-0.312332
63880	-0.199621	2.017202	-0.308933
63881	-0.192637	2.010178	-0.302876
63882	-0.184762	2.000008	-0.306490
63883	-0.178190	1.988349	-0.301526
63884	-0.171664	1.972452	-0.303190
63885	-0.166435	1.956716	-0.299951
63886	-0.160231	1.940290	-0.302172
63887	-0.149936	1.925920	-0.301574
63888	-0.145590	1.911004	-0.308901
63889	-0.135826	1.897310	-0.308154
63890	-0.129181	1.886178	-0.312986
63891	-0.123926	1.876978	-0.312729
63892	-0.121370	1.871624	-0.320357
63893	-0.118868	1.870634	-0.324957
63894	-0.118090	1.875804	-0.330367
63895	-0.116668	1.883955	-0.333825
63896	-0.118415	1.888647	-0.340221
63897	-0.127544	1.889435	-0.339504
63898	-0.142788	1.882988	-0.342755
63899	-0.160298	1.874955	-0.338685
63900	-0.175682	1.864160	-0.338867
63901	-0.182976	1.854502	-0.327560
63902	-0.185674	1.844803	-0.324237
63903	-0.183561	1.836079	-0.313621
63904	-0.182318	1.824342	-0.306459
63905	-0.182632	1.810879	-0.293977
63906	-0.182600	1.795310	-0.285572
63907	-0.183264	1.782972	-0.274082
63908	-0.186885	1.769177	-0.266584
63909	-0.195959	1.755823	-0.250904
63910	-0.206017	1.740527	-0.236045
63911	-0.211189	1.729605	-0.208732
63912	-0.211434	1.720980	-0.182509
63913	-0.211144	1.716527	-0.149866
63914	-0.213781	1.711380	-0.124451
63915	-0.218806	1.706694	-0.094172
63916	-0.229259	1.699090	-0.069355
63917	-0.240772	1.690264	-0.034359
63918	-0.256210	1.673726	0.003410
63919	-0.270463	1.653704	0.051267
63920	-0.283204	1.631894	0.090381
63921	-0.289089	1.616157	0.134570
63922	-0.294940	1.602671	0.169121
63923	-0.299037	1.590931	0.198992
63924	-0.305335	1.577093	0.214751
63925	-0.312588	1.564720	0.228421
63926	-0.318364	1.549332	0.227447
63927	-0.326804	1.537672	0.225755
63928	-0.336961	1.526768	0.212341
63929	-0.346264	1.514409	0.206224
63930	-0.361582	1.497330	0.195176
63931	-0.379784	1.474863	0.191863
63932	-0.397337	1.453104	0.186445
63933	-0.412191	1.434515	0.191844
63934	-0.427143	1.415373	0.192672
63935	-0.443935	1.396402	0.206980
63936	-0.465413	1.374899	0.223758
63937	-0.490162	1.354812	0.249001
63938	-0.532248	1.328722	0.277040
63939	-0.596928	1.288635	0.323543
63940	-0.676545	1.235986	0.379924
63941	-0.761947	1.183398	0.457169
63942	-0.839399	1.131067	0.549115
63943	-0.912813	1.077154	0.653456
63944	-0.991270	1.015040	0.757785
63945	-1.063747	0.954033	0.863801
63946	-1.120676	0.894840	0.960910
63947	-1.160616	0.843200	1.060614
63948	-1.195666	0.786978	1.145566
63949	-1.228552	0.727899	1.225168
63950	-1.267491	0.667937	1.276640
63951	-1.309679	0.608247	1.305665
63952	-1.349296	0.550788	1.300640
63953	-1.389746	0.491338	1.272655
63954	-1.438387	0.421630	1.223621
63955	-1.497747	0.343692	1.158541
63956	-1.561677	0.257870	1.072673
63957	-1.630750	0.166294	0.979237
63958	-1.706436	0.066992	0.871156
63959	-1.791789	-0.039706	0.761859
63960	-1.877468	-0.148691	0.646594
63961	-1.958429	-0.262762	0.537741
63962	-2.036085	-0.382689	0.426532
63963	-2.106226	-0.510775	0.324848
63964	-2.169427	-0.644251	0.223792
63965	-2.224385	-0.782503	0.122569
63966	-2.275022	-0.923971	0.015316
63967	-2.318500	-1.074601	-0.098963
63968	-2.366923	-1.231641	-0.236617
63969	-2.406543	-1.396572	-0.394030
63970	-2.440901	-1.570738	-0.583028
63971	-2.467431	-1.756592	-0.794724
63972	-2.487647	-1.957471	-1.031634
63973	-2.501759	-2.176037	-1.290168
63974	-2.509273	-2.408339	-1.573218
63975	-2.509971	-2.657615	-1.865467
63976	-2.517364	-2.927287	-2.181624
63977	-2.531234	-3.222847	-2.512492
63978	-2.551934	-3.541646	-2.869061
63979	-2.575583	-3.864595	-3.238920
63980	-2.616982	-4.192921	-3.620666
63981	-2.676263	-4.534720	-4.011323
63982	-2.765345	-4.882091	-4.440723
63983	-2.871684	-5.218938	-4.905696
63984	-2.974299	-5.539031	-5.385907
63985	-3.045053	-5.839210	-5.846305
63986	-3.095907	-6.122622	-6.286754
63987	-3.136122	-6.393268	-6.693431
63988	-3.179264	-6.646142	-7.059925
63989	-3.208596	-6.878670	-7.355097
63990	-3.211668	-7.076037	-7.575527
63991	-3.173611	-7.226883	-7.705108
63992	-3.116621	-7.345471	-7.749483
63993	-3.075513	-7.452246	-7.710759
63994	-3.073287	-7.564023	-7.622588
63995	-3.089792	-7.664939	-7.518276
63996	-3.120737	-7.754051	-7.411312
63997	-3.164321	-7.835311	-7.286835
63998	-3.205335	-7.870366	-7.173937
63999	-3.221834	-7.854387	-7.067769
64000	-3.245168	-7.802333	-6.969603
64001	-3.288585	-7.742711	-6.894628
64002	-3.364383	-7.693940	-6.851508
64003	-3.450495	-7.626634	-6.836784
64004	-3.538101	-7.537096	-6.847557
64005	-3.619448	-7.435996	-6.861170
64006	-3.697996	-7.337526	-6.889350
64007	-3.770314	-7.240481	-6.916862
64008	-3.830530	-7.143350	-6.948147
64009	-3.877055	-7.041982	-6.974036
64010	-3.915886	-6.948391	-6.986067
64011	-3.947431	-6.863680	-6.977378
64012	-3.988120	-6.790763	-6.965101
64013	-4.025152	-6.722376	-6.951407
64014	-4.065804	-6.649192	-6.954521
64015	-4.108811	-6.571587	-6.969416
64016	-4.157260	-6.499450	-7.003506
64017	-4.202605	-6.424719	-7.047579
64018	-4.238244	-6.344640	-7.094739
64019	-4.261119	-6.261289	-7.130238
64020	-4.271608	-6.179894	-7.155098
64021	-4.274064	-6.100826	-7.165754
64022	-4.282599	-6.022106	-7.171120
64023	-4.301839	-5.946304	-7.165706
64024	-4.334044	-5.871018	-7.152984
64025	-4.363228	-5.800837	-7.124956
64026	-4.394247	-5.732822	-7.094206
64027	-4.416564	-5.664993	-7.052883
64028	-4.426616	-5.603850	-7.011844
64029	-4.434134	-5.549363	-6.969709
64030	-4.445180	-5.499310	-6.939942
64031	-4.458033	-5.448156	-6.918541
64032	-4.460252	-5.389891	-6.907014
64033	-4.459139	-5.327651	-6.893077
64034	-4.463124	-5.268862	-6.882748
64035	-4.472283	-5.211083	-6.867477
64036	-4.482149	-5.148639	-6.857810
64037	-4.478316	-5.069220	-6.847712
64038	-4.470046	-4.990662	-6.839611
64039	-4.456645	-4.916356	-6.820792
64040	-4.442139	-4.853742	-6.812237
64041	-4.418367	-4.791394	-6.807917
64042	-4.388037	-4.733976	-6.821157
64043	-4.361362	-4.683197	-6.848911
64044	-4.341330	-4.645524	-6.911340
64045	-4.323961	-4.627837	-7.007218
64046	-4.314266	-4.638140	-7.151702
64047	-4.313453	-4.680515	-7.357982
64048	-4.326980	-4.769459	-7.646371
64049	-4.352683	-4.908362	-8.018081
64050	-4.393504	-5.102495	-8.494826
64051	-4.435763	-5.347635	-9.079325
64052	-4.471359	-5.643434	-9.791125
64053	-4.478691	-5.978198	-10.625975
64054	-4.444865	-6.338445	-11.592015
64055	-4.331440	-6.710094	-12.685744
64056	-4.120497	-7.075881	-13.886679
64057	-3.805651	-7.433440	-15.125270
64058	-3.407132	-7.840850	-16.295222
64059	-2.930361	-8.290626	-17.260041
64060	-2.358515	-8.809554	-17.947262
64061	-1.676116	-9.428945	-18.289813
64062	-0.913653	-10.135093	-18.363471
64063	-0.106672	-10.841490	-18.310393
64064	0.696461	-11.616825	-18.265018
64065	1.481753	-12.440064	-18.221621
64066	2.225376	-13.350742	-18.206245
64067	2.971544	-14.310736	-18.237893
64068	3.755983	-15.293061	-18.376532
64069	4.549532	-16.314846	-18.648813
64070	5.356025	-17.383688	-19.052501
64071	6.254185	-18.448737	-19.637309
64072	7.243062	-19.508967	-20.396715
64073	8.334457	-20.497589	-21.247136
64074	9.565667	-21.456872	-22.068873
64075	10.955676	-22.289978	-22.840836
64076	12.343677	-23.061247	-23.561176
64077	13.662370	-23.863283	-24.169645
64078	14.923828	-24.770361	-24.792483
64079	16.146750	-25.699730	-25.445556
64080	17.378386	-26.622302	-26.198070
64081	18.622408	-27.531621	-27.018521
64082	19.867679	-28.416073	-27.874604
64083	21.057022	-29.283536	-28.680505
64084	22.181759	-30.150035	-29.434933
64085	23.239374	-31.011362	-30.149718
64086	24.251385	-31.847693	-30.877782
64087	25.201809	-32.677953	-31.590023
64088	26.108683	-33.479920	-32.284057
64089	26.942864	-34.230261	-32.933914
64090	27.678474	-34.984408	-33.508599
64091	28.321753	-35.779234	-33.990217
64092	28.880877	-36.607141	-34.392295
64093	29.366537	-37.447056	-34.720364
64094	29.778848	-38.279155	-34.982566
64095	30.074732	-39.073807	-35.148463
64096	30.272923	-39.789757	-35.231564
64097	30.395661	-40.406272	-35.225122
64098	30.410626	-40.976634	-35.119787
64099	30.300254	-41.526505	-34.942126
64100	30.080162	-42.061498	-34.678694
64101	29.773332	-42.556679	-34.317513
64102	29.392275	-43.038843	-33.874242
64103	28.947581	-43.512284	-33.375818
64104	28.412363	-43.983526	-32.781008
64105	27.819019	-44.395345	-32.147821
64106	27.182286	-44.721942	-31.484560
64107	26.517692	-44.963523	-30.799241
64108	25.828729	-45.136427	-30.123351
64109	25.152023	-45.242234	-29.489551
64110	24.502318	-45.282231	-28.883390
64111	23.909554	-45.271864	-28.353950
64112	23.353442	-45.209453	-27.868379
64113	22.880993	-45.072420	-27.489647
64114	22.454910	-44.868541	-27.183794
64115	22.038914	-44.635609	-26.905786
64116	21.632562	-44.380268	-26.638035
64117	21.248800	-44.092745	-26.394386
64118	20.874656	-43.792659	-26.187154
64119	20.505199	-43.494030	-25.995671
64120	20.117525	-43.195039	-25.822561
64121	19.706432	-42.883265	-25.631380
64122	19.265980	-42.560666	-25.401604
64123	18.830882	-42.211581	-25.161182
64124	18.408546	-41.820434	-24.916940
64125	17.995757	-41.411071	-24.681338
64126	17.603316	-40.982728	-24.453630
64127	17.249126	-40.548635	-24.237439
64128	17.036845	-40.142769	-24.150073
64129	17.248297	-39.782471	-24.310856
64130	18.132259	-39.411535	-24.763663
64131	19.640421	-38.796464	-25.414021
64132	20.838772	-38.121345	-25.760831
64133	21.045250	-38.129725	-25.795715
64134	20.644767	-38.562250	-25.616667
64135	20.266162	-38.922953	-25.350414
64136	20.111748	-39.125165	-25.182558
64137	20.032642	-39.222415	-25.040282
64138	20.012015	-39.238319	-24.958765
64139	20.076032	-39.151963	-24.921736
64140	20.347039	-38.914752	-25.129098
64141	20.699180	-38.511302	-25.561000
64142	21.052988	-38.027873	-26.026702
64143	21.356796	-37.520647	-26.399591
64144	21.603439	-36.904106	-26.697923
64145	21.728512	-36.248485	-26.946730
64146	21.683750	-35.728173	-27.028823
64147	21.509062	-35.491089	-26.929662
64148	21.296318	-35.498320	-26.690573
64149	21.092281	-35.497162	-26.387219
64150	20.810097	-35.385049	-25.986961
64151	20.476420	-35.114884	-25.527290
64152	20.025322	-34.764994	-24.985100
64153	19.544235	-34.313747	-24.431457
64154	19.052855	-33.771529	-23.868651
64155	18.577404	-33.142587	-23.344339
64156	18.107398	-32.499351	-22.830146
64157	17.644179	-31.839907	-22.324828
64158	17.166379	-31.166434	-21.810899
64159	16.672817	-30.512617	-21.271596
64160	16.181383	-29.900696	-20.686641
64161	15.704767	-29.334198	-20.075902
64162	15.233611	-28.800580	-19.427723
64163	14.756976	-28.271741	-18.722450
64164	14.263891	-27.748701	-17.977338
64165	13.770825	-27.238465	-17.179732
64166	13.273451	-26.755324	-16.359114
64167	12.800622	-26.273890	-15.542855
64168	12.333612	-25.783856	-14.751280
64169	11.893153	-25.289127	-13.989340
64170	11.492901	-24.783681	-13.260660
64171	11.155831	-24.273755	-12.593713
64172	10.883463	-23.746280	-12.059812
64173	10.671434	-23.196829	-11.652533
64174	10.495263	-22.601376	-11.401495
64175	10.332581	-21.983251	-11.288980
64176	10.164495	-21.367965	-11.295995
64177	9.979813	-20.748390	-11.392513
64178	9.767371	-20.123273	-11.510092
64179	9.505810	-19.527638	-11.596708
64180	9.186607	-18.974284	-11.645671
64181	8.819802	-18.468721	-11.617110
64182	8.410288	-18.033372	-11.499689
64183	7.962053	-17.677208	-11.298112
64184	7.488797	-17.395881	-11.023533
64185	7.008843	-17.171699	-10.717750
64186	6.557744	-16.983644	-10.370613
64187	6.167544	-16.791069	-10.050890
64188	5.783293	-16.597672	-9.762504
64189	5.375975	-16.377317	-9.493446
64190	4.996990	-16.113311	-9.221081
64191	4.615172	-15.829636	-8.995836
64192	4.245335	-15.511299	-8.836558
64193	3.911145	-15.147020	-8.773921
64194	3.599407	-14.763577	-8.805120
64195	3.325128	-14.357137	-8.945920
64196	3.094707	-13.905285	-9.208437
64197	2.896222	-13.414520	-9.577552
64198	2.726032	-12.893255	-9.996546
64199	2.566461	-12.383456	-10.449522
64200	2.387464	-11.911721	-10.919205
64201	2.195509	-11.478774	-11.363253
64202	1.971449	-11.104784	-11.766264
64203	1.724657	-10.786866	-12.091962
64204	1.470206	-10.533767	-12.340784
64205	1.208532	-10.332666	-12.513096
64206	0.945368	-10.171926	-12.591639
64207	0.679534	-10.063712	-12.578690
64208	0.395651	-10.004537	-12.377882
64209	0.127370	-9.930946	-11.971099
64210	-0.186679	-9.866281	-11.413044
64211	-0.532418	-9.825296	-10.763639
64212	-0.852837	-9.818327	-10.095212
64213	-1.091995	-9.834076	-9.416943
64214	-1.244292	-9.846307	-8.747277
64215	-1.319034	-9.821935	-8.138143
64216	-1.340815	-9.755221	-7.687226
64217	-1.354851	-9.671604	-7.471522
64218	-1.380146	-9.532452	-7.461079
64219	-1.391647	-9.314367	-7.593780
64220	-1.377532	-9.021717	-7.815098
64221	-1.395846	-8.700690	-8.146074
64222	-1.477420	-8.376058	-8.586195
64223	-1.603615	-8.045067	-9.093809
64224	-1.752644	-7.716973	-9.600236
64225	-1.919906	-7.389200	-10.075528
64226	-2.117798	-7.080458	-10.468716
64227	-2.367021	-6.817913	-10.763454
64228	-2.629398	-6.622060	-10.943934
64229	-2.842314	-6.494189	-10.983547
64230	-3.012130	-6.421157	-10.908150
64231	-3.161384	-6.392296	-10.753107
64232	-3.304220	-6.368117	-10.551066
64233	-3.435261	-6.333818	-10.332461
64234	-3.533751	-6.275782	-10.105660
64235	-3.584228	-6.203461	-9.877472
64236	-3.596553	-6.134773	-9.658872
64237	-3.599760	-6.076777	-9.462311
64238	-3.611252	-6.029754	-9.286959
64239	-3.619061	-5.985019	-9.120015
64240	-3.621070	-5.938300	-8.937853
64241	-3.604644	-5.874759	-8.725209
64242	-3.568950	-5.819172	-8.471610
64243	-3.518479	-5.784262	-8.190221
64244	-3.476885	-5.760924	-7.905852
64245	-3.456561	-5.751200	-7.640150
64246	-3.433834	-5.734711	-7.396813
64247	-3.390039	-5.705851	-7.189561
64248	-3.339718	-5.653992	-7.028721
64249	-3.307983	-5.600516	-6.928899
64250	-3.295710	-5.557375	-6.890898
64251	-3.279566	-5.518662	-6.922380
64252	-3.248399	-5.475273	-7.017550
64253	-3.196637	-5.429218	-7.161258
64254	-3.116936	-5.385900	-7.324947
64255	-3.015065	-5.360598	-7.488234
64256	-2.879037	-5.337282	-7.634459
64257	-2.696361	-5.299827	-7.743465
64258	-2.505182	-5.261744	-7.806684
64259	-2.347431	-5.248011	-7.813607
64260	-2.249452	-5.273281	-7.766536
64261	-2.184696	-5.324280	-7.662286
64262	-2.133300	-5.390367	-7.503778
64263	-2.084616	-5.462554	-7.304935
64264	-2.032303	-5.528108	-7.097590
64265	-1.964675	-5.562673	-6.910104
64266	-1.902942	-5.572613	-6.751358
64267	-1.896785	-5.594100	-6.593520
64268	-1.961737	-5.643165	-6.404772
64269	-2.070738	-5.694850	-6.184890
64270	-2.164268	-5.705704	-5.944816
64271	-2.208676	-5.668011	-5.693623
64272	-2.225617	-5.607834	-5.441499
64273	-2.228943	-5.526995	-5.229334
64274	-2.229139	-5.433739	-5.105400
64275	-2.238667	-5.346898	-5.101266
64276	-2.251219	-5.264272	-5.230387
64277	-2.260932	-5.172858	-5.486336
64278	-2.272073	-5.055048	-5.848037
64279	-2.307622	-4.918276	-6.295430
64280	-2.396092	-4.775139	-6.806830
64281	-2.506474	-4.628380	-7.348828
64282	-2.615681	-4.479209	-7.881924
64283	-2.701177	-4.322897	-8.366193
64284	-2.771319	-4.160969	-8.777789
64285	-2.829406	-3.999924	-9.092421
64286	-2.877345	-3.853336	-9.296860
64287	-2.908602	-3.724514	-9.385447
64288	-2.910595	-3.606721	-9.370328
64289	-2.892962	-3.493528	-9.261909
64290	-2.859859	-3.376893	-9.078242
64291	-2.810190	-3.251428	-8.839567
64292	-2.748618	-3.126645	-8.552968
64293	-2.681671	-3.020713	-8.230770
64294	-2.620979	-2.939721	-7.885313
64295	-2.569508	-2.885407	-7.531747
64296	-2.527692	-2.846187	-7.185179
64297	-2.492307	-2.804059	-6.849624
64298	-2.449204	-2.754735	-6.526542
64299	-2.407862	-2.703089	-6.214648
64300	-2.373973	-2.652640	-5.915138
64301	-2.338367	-2.607042	-5.628275
64302	-2.303295	-2.566211	-5.352709
64303	-2.278078	-2.530052	-5.108413
64304	-2.246845	-2.492970	-4.907523
64305	-2.228454	-2.451918	-4.751400
64306	-2.217275	-2.407219	-4.642349
64307	-2.206425	-2.366432	-4.579067
64308	-2.188123	-2.318137	-4.550278
64309	-2.160784	-2.259340	-4.544143
64310	-2.148534	-2.198445	-4.548191
64311	-2.132508	-2.145283	-4.554038
64312	-2.087052	-2.094040	-4.557078
64313	-2.085223	-2.055358	-4.550884
64314	-2.090350	-2.029777	-4.534216
64315	-1.983317	-1.991805	-4.490497
64316	-1.932289	-1.935546	-4.505570
64317	-1.935819	-1.902081	-4.480455
64318	-1.888245	-1.862343	-4.455454
64319	-1.816246	-1.815155	-4.423194
64320	-1.753422	-1.772846	-4.384530
64321	-1.707531	-1.748075	-4.334295
64322	-1.678197	-1.745669	-4.263783
64323	-1.658045	-1.760405	-4.174895
64324	-1.639177	-1.780841	-4.067901
64325	-1.618612	-1.802699	-3.951109
64326	-1.590760	-1.814179	-3.830487
64327	-1.558568	-1.808827	-3.725312
64328	-1.528017	-1.795664	-3.637689
64329	-1.508440	-1.781133	-3.568418
64330	-1.509088	-1.775652	-3.509147
64331	-1.523781	-1.780423	-3.453464
64332	-1.543717	-1.788100	-3.395555
64333	-1.553346	-1.789864	-3.324368
64334	-1.542988	-1.784824	-3.238394
64335	-1.515565	-1.772411	-3.136783
64336	-1.476581	-1.758162	-3.024299
64337	-1.417010	-1.735709	-2.918276
64338	-1.358479	-1.708347	-2.819925
64339	-1.320183	-1.686515	-2.732555
64340	-1.282054	-1.672210	-2.655359
64341	-1.257834	-1.666535	-2.587939
64342	-1.245449	-1.670595	-2.526745
64343	-1.227940	-1.677100	-2.465041
64344	-1.217463	-1.679689	-2.407016
64345	-1.202862	-1.677057	-2.360662
64346	-1.188460	-1.661021	-2.325462
64347	-1.169934	-1.641468	-2.304590
64348	-1.154111	-1.622233	-2.293674
64349	-1.135742	-1.600170	-2.289493
64350	-1.109414	-1.581349	-2.299979
64351	-1.082890	-1.572005	-2.306648
64352	-1.052256	-1.566429	-2.299017
64353	-1.032190	-1.568727	-2.287460
64354	-1.017981	-1.578377	-2.266028
64355	-1.006478	-1.595713	-2.233831
64356	-0.994029	-1.617740	-2.189597
64357	-0.976183	-1.638880	-2.143516
64358	-0.955569	-1.652973	-2.095565
64359	-0.932786	-1.655327	-2.054406
64360	-0.906979	-1.642943	-2.019258
64361	-0.883325	-1.626909	-1.990635
64362	-0.859615	-1.608315	-1.964981
64363	-0.841183	-1.590893	-1.940788
64364	-0.826884	-1.574779	-1.917058
64365	-0.808185	-1.555236	-1.891326
64366	-0.782434	-1.527875	-1.861986
64367	-0.746112	-1.497908	-1.830569
64368	-0.708815	-1.459757	-1.798461
64369	-0.667951	-1.416424	-1.769938
64370	-0.620194	-1.367883	-1.742152
64371	-0.568185	-1.325705	-1.710015
64372	-0.518644	-1.292527	-1.669422
64373	-0.474726	-1.275165	-1.617597
64374	-0.440731	-1.269535	-1.551599
64375	-0.415111	-1.274261	-1.472759
64376	-0.385019	-1.280926	-1.382936
64377	-0.343634	-1.283457	-1.284838
64378	-0.293939	-1.276022	-1.175225
64379	-0.237579	-1.260834	-1.064236
64380	-0.178822	-1.238627	-0.958876
64381	-0.128214	-1.220333	-0.861915
64382	-0.089898	-1.209446	-0.782133
64383	-0.055961	-1.210104	-0.723253
64384	-0.032605	-1.221376	-0.690651
64385	-0.011175	-1.240254	-0.672943
64386	0.002785	-1.266387	-0.670824
64387	0.006282	-1.300744	-0.694916
64388	0.004189	-1.331794	-0.739608
64389	0.008638	-1.352398	-0.804420
64390	0.029333	-1.361089	-0.882112
64391	0.048058	-1.374098	-0.965251
64392	0.060054	-1.396023	-1.044812
64393	0.066829	-1.428296	-1.119920
64394	0.067593	-1.465591	-1.181661
64395	0.062614	-1.505581	-1.229925
64396	0.057113	-1.541734	-1.255054
64397	0.060448	-1.568224	-1.255818
64398	0.076847	-1.577283	-1.240699
64399	0.105763	-1.574911	-1.206020
64400	0.140089	-1.576341	-1.163637
64401	0.166546	-1.588459	-1.124137
64402	0.178079	-1.610457	-1.089714
64403	0.189063	-1.631501	-1.059147
64404	0.200321	-1.649026	-1.034720
64405	0.204225	-1.671918	-1.010208
64406	0.197241	-1.701582	-0.994942
64407	0.190138	-1.727832	-0.992732
64408	0.182530	-1.752942	-1.003628
64409	0.170820	-1.779714	-1.024202
64410	0.158925	-1.809606	-1.052801
64411	0.138717	-1.848489	-1.093867
64412	0.113728	-1.894992	-1.148865
64413	0.089203	-1.940124	-1.216920
64414	0.061489	-1.983407	-1.295030
64415	0.028529	-2.029329	-1.383890
64416	-0.008865	-2.078752	-1.484231
64417	-0.046884	-2.125507	-1.597396
64418	-0.085978	-2.169663	-1.722430
64419	-0.125163	-2.212995	-1.855530
64420	-0.165897	-2.256162	-1.996269
64421	-0.210528	-2.304127	-2.144315
64422	-0.260527	-2.352542	-2.286395
64423	-0.314889	-2.406495	-2.424034
64424	-0.370692	-2.457364	-2.562033
64425	-0.421784	-2.502467	-2.693547
64426	-0.471310	-2.544885	-2.813337
64427	-0.521540	-2.586571	-2.933081
64428	-0.571068	-2.622642	-3.056577
64429	-0.620966	-2.659292	-3.188553
64430	-0.672761	-2.700267	-3.335941
64431	-0.734151	-2.749754	-3.499931
64432	-0.795851	-2.801099	-3.679608
64433	-0.859663	-2.861783	-3.866652
64434	-0.923828	-2.921273	-4.052574
64435	-0.982351	-2.982253	-4.221735
64436	-1.038790	-3.045621	-4.370182
64437	-1.093418	-3.108992	-4.506126
64438	-1.145568	-3.170534	-4.632856
64439	-1.193398	-3.225007	-4.753964
64440	-1.242651	-3.277348	-4.871591
64441	-1.298520	-3.324829	-4.987735
64442	-1.355585	-3.368363	-5.096994
64443	-1.407378	-3.408503	-5.200705
64444	-1.459862	-3.449065	-5.296992
64445	-1.515250	-3.488149	-5.388469
64446	-1.568309	-3.527426	-5.488457
64447	-1.614603	-3.560735	-5.599478
64448	-1.657930	-3.588672	-5.720311
64449	-1.712644	-3.621755	-5.850212
64450	-1.771904	-3.650408	-5.983072
64451	-1.828069	-3.672607	-6.110964
64452	-1.877849	-3.685204	-6.227978
64453	-1.922647	-3.693796	-6.331805
64454	-1.968195	-3.703078	-6.421468
64455	-2.012584	-3.713666	-6.504103
64456	-2.059925	-3.727482	-6.585587
64457	-2.106405	-3.738702	-6.663270
64458	-2.151985	-3.746906	-6.736930
64459	-2.196302	-3.755370	-6.808420
64460	-2.237727	-3.762255	-6.877615
64461	-2.275227	-3.768351	-6.949906
64462	-2.306873	-3.772035	-7.017682
64463	-2.324758	-3.773667	-7.081970
64464	-2.342656	-3.780970	-7.144280
64465	-2.354375	-3.789745	-7.205630
64466	-2.358719	-3.796955	-7.263859
64467	-2.362585	-3.805955	-7.314592
64468	-2.370872	-3.818339	-7.353016
64469	-2.389989	-3.838583	-7.384982
64470	-2.408539	-3.864871	-7.417039
64471	-2.429459	-3.893068	-7.446840
64472	-2.444173	-3.916850	-7.475351
64473	-2.456991	-3.944327	-7.509169
64474	-2.473884	-3.978569	-7.553097
64475	-2.492092	-4.021156	-7.610590
64476	-2.509510	-4.074260	-7.685725
64477	-2.521760	-4.138842	-7.783684
64478	-2.530703	-4.208249	-7.899523
64479	-2.539981	-4.290066	-8.040059
64480	-2.560112	-4.383768	-8.201896
64481	-2.585133	-4.489533	-8.381382
64482	-2.605381	-4.604175	-8.572064
64483	-2.618577	-4.730216	-8.773751
64484	-2.630807	-4.871814	-8.988566
64485	-2.646022	-5.036952	-9.222525
64486	-2.680778	-5.231326	-9.488574
64487	-2.701574	-5.450884	-9.775908
64488	-2.696494	-5.677615	-10.102037
64489	-2.670439	-5.905278	-10.456021
64490	-2.617135	-6.143540	-10.814620
64491	-2.543091	-6.396954	-11.153026
64492	-2.446998	-6.667604	-11.443795
64493	-2.325763	-6.944957	-11.672099
64494	-2.192421	-7.228037	-11.831649
64495	-2.058505	-7.524394	-11.914727
64496	-1.910642	-7.831971	-11.922987
64497	-1.737141	-8.153235	-11.861563
64498	-1.543434	-8.485794	-11.743897
64499	-1.349861	-8.821188	-11.582688
64500	-1.157503	-9.168199	-11.390511
64501	-0.961316	-9.523522	-11.174498
64502	-0.758819	-9.878128	-10.942234
64503	-0.550081	-10.243488	-10.720971
64504	-0.341334	-10.623186	-10.546289
64505	-0.138152	-11.009718	-10.450000
64506	0.064632	-11.403328	-10.443760
64507	0.294820	-11.801039	-10.535657
64508	0.553064	-12.224154	-10.730538
64509	0.847517	-12.667417	-11.031603
64510	1.196901	-13.122367	-11.450518
64511	1.615744	-13.590733	-11.953317
64512	2.116662	-14.083034	-12.514437
64513	2.727758	-14.589196	-13.138574
64514	3.449968	-15.083227	-13.841513
64515	4.221223	-15.572641	-14.603228
64516	5.003829	-16.075793	-15.401527
64517	5.786262	-16.597843	-16.232948
64518	6.552603	-17.160796	-17.084498
64519	7.312933	-17.751649	-17.926905
64520	8.079662	-18.359482	-18.796576
64521	8.868814	-19.034855	-19.642728
64522	9.657111	-19.825392	-20.401428
64523	10.492068	-20.688471	-21.048876
64524	11.403040	-21.575413	-21.591727
64525	12.338663	-22.500711	-22.080746
64526	13.300427	-23.464489	-22.538663
64527	14.270851	-24.442642	-22.966245
64528	15.282704	-25.377239	-23.410999
64529	16.307916	-26.311601	-23.879052
64530	17.313267	-27.209637	-24.444411
64531	18.290836	-28.024456	-25.114508
64532	19.251046	-28.811673	-25.841884
64533	20.213679	-29.632087	-26.595437
64534	21.203790	-30.457703	-27.347001
64535	22.210253	-31.246052	-28.098172
64536	23.186620	-32.001707	-28.831055
64537	24.107826	-32.746776	-29.518367
64538	24.940442	-33.517234	-30.130976
64539	25.709293	-34.284241	-30.691519
64540	26.413036	-35.010796	-31.225224
64541	27.033904	-35.727189	-31.693039
64542	27.581723	-36.472262	-32.079025
64543	28.041610	-37.235705	-32.371854
64544	28.439429	-38.016608	-32.591764
64545	28.739126	-38.798625	-32.718389
64546	28.901748	-39.558343	-32.732831
64547	28.925185	-40.269148	-32.653498
64548	28.810195	-40.931790	-32.465472
64549	28.566008	-41.557661	-32.167017
64550	28.204563	-42.154269	-31.765405
64551	27.731563	-42.727733	-31.257710
64552	27.160238	-43.241061	-30.659057
64553	26.497241	-43.706553	-29.964799
64554	25.759721	-44.116631	-29.204684
64555	24.942168	-44.499392	-28.375969
64556	24.086381	-44.840260	-27.519985
64557	23.194630	-45.148981	-26.666349
64558	22.286659	-45.396595	-25.838563
64559	21.424396	-45.549439	-25.091933
64560	20.639674	-45.594724	-24.465573
64561	19.914626	-45.559771	-23.939581
64562	19.246430	-45.470384	-23.496812
64563	18.654004	-45.336368	-23.150197
64564	18.127125	-45.169700	-22.897394
64565	17.683408	-44.975217	-22.768413
64566	17.335971	-44.753038	-22.772242
64567	17.080468	-44.501757	-22.902548
64568	16.865693	-44.232459	-23.115411
64569	16.698575	-43.918472	-23.397207
64570	16.561732	-43.523473	-23.729151
64571	16.415588	-43.069649	-24.095702
64572	16.231535	-42.611562	-24.480082
64573	16.116370	-42.148631	-24.952783
64574	16.203607	-41.662434	-25.575788
64575	16.605759	-41.135412	-26.346806
64576	17.332908	-40.573432	-27.163487
64577	18.266535	-40.038268	-27.899631
64578	19.109426	-39.673334	-28.403669
64579	19.570457	-39.588497	-28.713577
64580	19.649599	-39.638130	-28.863718
64581	19.561172	-39.667180	-28.937173
64582	19.454242	-39.624636	-28.972722
64583	19.368994	-39.493790	-29.013874
64584	19.311250	-39.306613	-29.051163
64585	19.309576	-39.102238	-29.104658
64586	19.425745	-38.820989	-29.268816
64587	19.717374	-38.414460	-29.651249
64588	20.149308	-37.908893	-30.180983
64589	20.619513	-37.348292	-30.766041
64590	21.113409	-36.701640	-31.370634
64591	21.594102	-35.992729	-31.835330
64592	21.846386	-35.328771	-32.038789
64593	21.753625	-34.862243	-31.941417
64594	21.429927	-34.768215	-31.594849
64595	21.027722	-34.933894	-31.124505
64596	20.636569	-35.133268	-30.603265
64597	20.209481	-35.265316	-29.966008
64598	19.757746	-35.301196	-29.250762
64599	19.319188	-35.220582	-28.539865
64600	18.902318	-34.970156	-27.875257
64601	18.566272	-34.591409	-27.354061
64602	18.212406	-34.067062	-26.895883
64603	17.800089	-33.383368	-26.477670
64604	17.414034	-32.593179	-26.139625
64605	17.044646	-31.797940	-25.825012
64606	16.690315	-31.023922	-25.504679
64607	16.336350	-30.292581	-25.188573
64608	15.964639	-29.601080	-24.816927
64609	15.558868	-28.902143	-24.372529
64610	15.122962	-28.198485	-23.890399
64611	14.650889	-27.553720	-23.366460
64612	14.151614	-26.955740	-22.781645
64613	13.652172	-26.373686	-22.166855
64614	13.179715	-25.830398	-21.574277
64615	12.756818	-25.342856	-21.018630
64616	12.371087	-24.864782	-20.481551
64617	12.008246	-24.364505	-19.970705
64618	11.660735	-23.853159	-19.482962
64619	11.334520	-23.334279	-19.042898
64620	11.018318	-22.813339	-18.634709
64621	10.687687	-22.267536	-18.278436
64622	10.354750	-21.676413	-17.999440
64623	10.029533	-21.061423	-17.797966
64624	9.709593	-20.428885	-17.682768
64625	9.402997	-19.804207	-17.606107
64626	9.099049	-19.219056	-17.531627
64627	8.771054	-18.694474	-17.450241
64628	8.444186	-18.193463	-17.360877
64629	8.119377	-17.695269	-17.277091
64630	7.777423	-17.201118	-17.181085
64631	7.415339	-16.717394	-17.064982
64632	7.042353	-16.251835	-16.928966
64633	6.657191	-15.829062	-16.743009
64634	6.266077	-15.429115	-16.539855
64635	5.881463	-15.045804	-16.381399
64636	5.504717	-14.659145	-16.268895
64637	5.143041	-14.268970	-16.223508
64638	4.804826	-13.855701	-16.243113
64639	4.471225	-13.429499	-16.310966
64640	4.131850	-12.987972	-16.395650
64641	3.801979	-12.534343	-16.530760
64642	3.481866	-12.095935	-16.732221
64643	3.175850	-11.654955	-16.975531
64644	2.854955	-11.184749	-17.266351
64645	2.532436	-10.678133	-17.598115
64646	2.198367	-10.145394	-17.969110
64647	1.862226	-9.603271	-18.357899
64648	1.507818	-9.088558	-18.723310
64649	1.130668	-8.624496	-19.071321
64650	0.750809	-8.216231	-19.417409
64651	0.385600	-7.843918	-19.716439
64652	0.016430	-7.471358	-19.984739
64653	-0.336524	-7.144776	-20.183729
64654	-0.638565	-6.868351	-20.298218
64655	-0.879027	-6.628370	-20.337855
64656	-1.081467	-6.423495	-20.331170
64657	-1.272508	-6.263225	-20.290354
64658	-1.451119	-6.138723	-20.232979
64659	-1.619642	-6.017426	-20.193754
64660	-1.791597	-5.891586	-20.203651
64661	-1.962636	-5.729115	-20.212892
64662	-2.117833	-5.565817	-20.178393
64663	-2.244788	-5.436703	-20.079386
64664	-2.330673	-5.336555	-19.879075
64665	-2.363873	-5.179924	-19.583154
64666	-2.388306	-5.012184	-19.268194
64667	-2.404482	-4.917684	-19.008550
64668	-2.379446	-4.874297	-18.828294
64669	-2.357634	-4.846847	-18.731031
64670	-2.372743	-4.811219	-18.720343
64671	-2.406256	-4.762920	-18.805391
64672	-2.452305	-4.698949	-18.982344
64673	-2.497531	-4.623546	-19.219014
64674	-2.537758	-4.549155	-19.468367
64675	-2.572678	-4.480595	-19.716782
64676	-2.630592	-4.397021	-19.993979
64677	-2.739532	-4.306292	-20.308475
64678	-2.886472	-4.199699	-20.613748
64679	-3.039867	-4.078607	-20.865145
64680	-3.171500	-3.941063	-21.032790
64681	-3.276976	-3.802686	-21.112043
64682	-3.361775	-3.687112	-21.097417
64683	-3.438940	-3.597935	-20.998109
64684	-3.513813	-3.521330	-20.848593
64685	-3.588188	-3.444836	-20.667697
64686	-3.669549	-3.369583	-20.459857
64687	-3.750069	-3.289118	-20.235403
64688	-3.815954	-3.201403	-20.005270
64689	-3.863194	-3.121130	-19.785229
64690	-3.899833	-3.049866	-19.575574
64691	-3.931974	-2.983302	-19.390482
64692	-3.963223	-2.911311	-19.237580
64693	-3.985017	-2.830216	-19.118219
64694	-3.995419	-2.744240	-19.009527
64695	-3.995231	-2.665471	-18.904408
64696	-3.997818	-2.596141	-18.806403
64697	-4.011395	-2.539618	-18.723392
64698	-4.027121	-2.484776	-18.665862
64699	-4.046267	-2.426189	-18.637923
64700	-4.077962	-2.364849	-18.628835
64701	-4.116724	-2.298924	-18.636296
64702	-4.157471	-2.225044	-18.659766
64703	-4.190528	-2.157172	-18.693592
64704	-4.220043	-2.086184	-18.731338
64705	-4.254721	-2.022061	-18.772534
64706	-4.303927	-1.975526	-18.820812
64707	-4.349918	-1.942404	-18.878789
64708	-4.380245	-1.922551	-18.932918
64709	-4.395984	-1.916226	-18.973555
64710	-4.397574	-1.921710	-18.985631
64711	-4.388002	-1.939006	-18.979140
64712	-4.372397	-1.954292	-18.940485
64713	-4.355352	-1.963782	-18.874875
64714	-4.331785	-1.963502	-18.780924
64715	-4.299700	-1.958804	-18.660937
64716	-4.258387	-1.953210	-18.512974
64717	-4.204632	-1.952645	-18.331040
64718	-4.149865	-1.963368	-18.106334
64719	-4.098104	-1.982013	-17.853888
64720	-4.049838	-2.001671	-17.583114
64721	-3.999503	-2.018024	-17.298896
64722	-3.956712	-2.031496	-17.003078
64723	-3.928548	-2.045997	-16.693218
64724	-3.895505	-2.053611	-16.378086
64725	-3.854293	-2.048616	-16.063703
64726	-3.818451	-2.027753	-15.756558
64727	-3.792256	-1.996688	-15.462832
64728	-3.773708	-1.948698	-15.195648
64729	-3.765553	-1.886072	-14.964485
64730	-3.773583	-1.824997	-14.774659
64731	-3.792271	-1.773509	-14.624879
64732	-3.807142	-1.721593	-14.515189
64733	-3.811296	-1.672586	-14.433240
64734	-3.793731	-1.625229	-14.371974
64735	-3.774500	-1.565119	-14.310249
64736	-3.763477	-1.505226	-14.234808
64737	-3.742904	-1.446805	-14.145275
64738	-3.737857	-1.378141	-14.037796
64739	-3.741552	-1.312775	-13.909631
64740	-3.731953	-1.268163	-13.766814
64741	-3.664059	-1.212132	-13.629133
64742	-3.640766	-1.155663	-13.487736
64743	-3.628111	-1.107915	-13.367327
64744	-3.602535	-1.059505	-13.277601
64745	-3.562052	-1.002607	-13.199181
64746	-3.506271	-0.946739	-13.114481
64747	-3.442336	-0.897519	-12.984083
64748	-3.369906	-0.856085	-12.811290
64749	-3.312507	-0.827860	-12.600736
64750	-3.242150	-0.794376	-12.359869
64751	-3.159461	-0.750290	-12.109173
64752	-3.075355	-0.700026	-11.862767
64753	-2.997001	-0.654462	-11.633497
64754	-2.932135	-0.604510	-11.427649
64755	-2.887283	-0.553539	-11.250955
64756	-2.860782	-0.498335	-11.099350
64757	-2.844890	-0.439662	-10.975691
64758	-2.833209	-0.372691	-10.869571
64759	-2.820219	-0.293131	-10.774038
64760	-2.802861	-0.192668	-10.680634
64761	-2.786090	-0.080788	-10.610281
64762	-2.778203	0.033293	-10.564103
64763	-2.767342	0.152129	-10.529886
64764	-2.748545	0.282182	-10.503583
64765	-2.733591	0.402236	-10.488695
64766	-2.736312	0.494225	-10.475783
64767	-2.720990	0.601525	-10.447297
64768	-2.692851	0.704546	-10.409848
64769	-2.677750	0.771682	-10.362048
64770	-2.653083	0.824319	-10.276988
64771	-2.602842	0.894631	-10.182780
64772	-2.546625	0.966173	-10.079422
64773	-2.499183	1.025440	-9.957803
64774	-2.448690	1.071588	-9.809916
64775	-2.397184	1.110321	-9.642054
64776	-2.345083	1.148411	-9.463410
64777	-2.301034	1.184547	-9.285033
64778	-2.275590	1.220701	-9.113903
64779	-2.260951	1.259933	-8.953273
64780	-2.241020	1.314222	-8.812474
64781	-2.220419	1.386839	-8.697212
64782	-2.200675	1.472203	-8.604587
64783	-2.167370	1.558594	-8.532624
64784	-2.145164	1.635038	-8.490038
64785	-2.158438	1.695313	-8.467845
64786	-2.179617	1.745471	-8.462888
64787	-2.220961	1.795019	-8.463029
64788	-2.263823	1.843925	-8.458366
64789	-2.296932	1.898544	-8.445369
64790	-2.312550	1.962109	-8.427399
64791	-2.313280	2.031295	-8.406153
64792	-2.313829	2.095339	-8.380111
64793	-2.308411	2.144326	-8.342852
64794	-2.297494	2.182680	-8.284710
64795	-2.270700	2.215270	-8.208303
64796	-2.234312	2.248411	-8.108553
64797	-2.170268	2.280554	-8.001140
64798	-2.115664	2.306935	-7.878909
64799	-2.062801	2.323405	-7.754648
64800	-2.008375	2.333707	-7.640633
64801	-1.954080	2.345465	-7.539642
64802	-1.904538	2.361328	-7.468150
64803	-1.871279	2.370086	-7.403513
64804	-1.835321	2.379820	-7.358448
64805	-1.811448	2.390812	-7.329051
64806	-1.792236	2.398082	-7.307609
64807	-1.771841	2.407255	-7.300795
64808	-1.746274	2.423626	-7.310612
64809	-1.732355	2.443881	-7.335681
64810	-1.723807	2.457419	-7.381635
64811	-1.711063	2.469595	-7.446912
64812	-1.707814	2.473812	-7.519467
64813	-1.716746	2.469665	-7.612189
64814	-1.740641	2.452990	-7.713122
64815	-1.765748	2.431919	-7.817986
64816	-1.797251	2.416225	-7.916800
64817	-1.812120	2.401862	-8.004552
64818	-1.823040	2.396759	-8.075620
64819	-1.826262	2.392436	-8.126931
64820	-1.829443	2.388266	-8.162532
64821	-1.828916	2.383724	-8.187183
64822	-1.820777	2.378724	-8.200169
64823	-1.809997	2.367620	-8.201949
64824	-1.796750	2.354128	-8.197382
64825	-1.781189	2.334842	-8.188346
64826	-1.766335	2.314711	-8.175806
64827	-1.746247	2.294675	-8.157901
64828	-1.720891	2.274291	-8.132227
64829	-1.692923	2.252018	-8.106677
64830	-1.663382	2.235007	-8.084298
64831	-1.635294	2.219086	-8.073334
64832	-1.609684	2.203514	-8.073807
64833	-1.591973	2.184149	-8.084205
64834	-1.581590	2.161526	-8.099580
64835	-1.570136	2.139896	-8.117695
64836	-1.556974	2.124802	-8.134319
64837	-1.539927	2.110660	-8.144208
64838	-1.521048	2.099771	-8.153198
64839	-1.497733	2.094192	-8.161127
64840	-1.475161	2.086138	-8.173019
64841	-1.451416	2.078648	-8.185722
64842	-1.427191	2.071102	-8.198448
64843	-1.404207	2.060901	-8.212396
64844	-1.384903	2.048118	-8.226205
64845	-1.369029	2.027410	-8.237623
64846	-1.351860	2.001469	-8.244830
64847	-1.338132	1.969563	-8.239246
64848	-1.318420	1.944492	-8.214732
64849	-1.290469	1.926669	-8.179334
64850	-1.263861	1.916366	-8.134386
64851	-1.246873	1.905108	-8.088463
64852	-1.233036	1.894699	-8.040274
64853	-1.219404	1.889048	-7.990795
64854	-1.205511	1.889416	-7.943025
64855	-1.191706	1.889664	-7.897334
64856	-1.189554	1.886993	-7.849953
64857	-1.198203	1.866275	-7.794798
64858	-1.214731	1.836991	-7.731076
64859	-1.223336	1.810377	-7.657719
64860	-1.214006	1.797044	-7.573292
64861	-1.191708	1.792400	-7.481191
64862	-1.161293	1.790269	-7.383145
64863	-1.136333	1.785898	-7.283522
64864	-1.115158	1.776324	-7.188194
64865	-1.097151	1.770782	-7.098068
64866	-1.085503	1.766856	-7.014967
64867	-1.077384	1.766818	-6.937811
64868	-1.081214	1.761354	-6.868207
64869	-1.094300	1.749054	-6.804628
64870	-1.103999	1.738303	-6.747309
64871	-1.108485	1.729051	-6.698450
64872	-1.101111	1.728696	-6.651777
64873	-1.088062	1.727441	-6.607568
64874	-1.073671	1.725874	-6.564713
64875	-1.060202	1.720165	-6.520122
64876	-1.044276	1.712661	-6.472315
64877	-1.025846	1.706676	-6.424014
64878	-1.006406	1.700170	-6.377740
64879	-0.988293	1.692052	-6.335823
64880	-0.974850	1.684827	-6.301528
64881	-0.959801	1.678467	-6.280785
64882	-0.948181	1.674585	-6.274209
64883	-0.939707	1.669019	-6.277845
64884	-0.933209	1.661009	-6.289844
64885	-0.928239	1.647927	-6.307493
64886	-0.932113	1.631717	-6.330578
64887	-0.935470	1.618433	-6.361077
64888	-0.941108	1.604656	-6.399253
64889	-0.952378	1.596678	-6.444428
64890	-0.972137	1.584860	-6.491199
64891	-1.004600	1.568312	-6.536861
64892	-1.039445	1.553095	-6.575647
64893	-1.069871	1.546920	-6.605097
64894	-1.100225	1.547822	-6.618879
64895	-1.134586	1.547333	-6.615456
64896	-1.176817	1.538799	-6.591173
64897	-1.230271	1.517284	-6.542094
64898	-1.275837	1.494724	-6.469982
64899	-1.305571	1.474520	-6.378996
64900	-1.328633	1.449654	-6.277649
64901	-1.349714	1.425371	-6.173427
64902	-1.361131	1.405918	-6.068028
64903	-1.359796	1.396343	-5.974329
64904	-1.356846	1.386589	-5.895636
64905	-1.359119	1.369088	-5.828400
64906	-1.378243	1.329982	-5.780811
64907	-1.412901	1.277607	-5.760994
64908	-1.445646	1.219669	-5.766208
64909	-1.471829	1.164778	-5.796015
64910	-1.488548	1.118363	-5.853950
64911	-1.504968	1.069100	-5.943620
64912	-1.526732	1.011078	-6.065389
64913	-1.557466	0.939999	-6.224135
64914	-1.596859	0.861534	-6.418485
64915	-1.642737	0.772315	-6.642325
64916	-1.690783	0.670435	-6.887483
64917	-1.746528	0.555616	-7.154311
64918	-1.802987	0.435128	-7.442879
64919	-1.860278	0.317199	-7.750365
64920	-1.914306	0.197737	-8.073199
64921	-1.964423	0.073429	-8.402470
64922	-2.019882	-0.056249	-8.733282
64923	-2.082328	-0.196177	-9.068680
64924	-2.136264	-0.343569	-9.406418
64925	-2.187819	-0.505882	-9.755007
64926	-2.265322	-0.701689	-10.115726
64927	-2.356038	-0.924545	-10.492746
64928	-2.439466	-1.158034	-10.906303
64929	-2.526624	-1.408761	-11.359557
64930	-2.630832	-1.679267	-11.846531
64931	-2.739974	-1.959329	-12.358085
64932	-2.850004	-2.250753	-12.885372
64933	-2.962329	-2.554906	-13.431294
64934	-3.067395	-2.860103	-14.001412
64935	-3.146083	-3.162351	-14.585118
64936	-3.221056	-3.470311	-15.177173
64937	-3.297155	-3.789330	-15.765525
64938	-3.358990	-4.114850	-16.340631
64939	-3.400312	-4.439760	-16.892038
64940	-3.376959	-4.750839	-17.408471
64941	-3.332124	-5.030484	-17.890628
64942	-3.276191	-5.323076	-18.309056
64943	-3.227160	-5.639285	-18.678356
64944	-3.179340	-5.956718	-19.000604
64945	-3.095085	-6.277384	-19.297635
64946	-2.965135	-6.588610	-19.576977
64947	-2.793648	-6.903950	-19.826979
64948	-2.584360	-7.263531	-20.046555
64949	-2.328920	-7.669081	-20.220835
64950	-2.010113	-8.112020	-20.327951
64951	-1.610227	-8.581577	-20.375986
64952	-1.123646	-9.091079	-20.399228
64953	-0.560502	-9.671676	-20.445858
64954	0.079801	-10.339943	-20.532080
64955	0.746412	-11.044393	-20.650338
64956	1.450194	-11.743136	-20.792446
64957	2.187076	-12.476345	-20.970870
64958	2.914992	-13.237851	-21.241417
64959	3.594056	-14.036926	-21.716132
64960	4.271186	-14.899364	-22.369659
64961	5.002538	-15.722528	-23.166277
64962	5.751162	-16.552037	-24.039806
64963	6.590252	-17.359922	-24.985584
64964	7.489140	-18.204062	-26.002315
64965	8.405488	-19.032036	-26.991236
64966	9.357091	-19.761615	-27.901418
64967	10.338940	-20.413144	-28.672468
64968	11.351049	-21.145745	-29.256068
64969	12.339588	-22.045779	-29.686509
64970	13.324199	-22.983310	-30.118610
64971	14.323094	-23.869286	-30.587807
64972	15.375264	-24.645423	-31.177718
64973	16.434195	-25.413802	-31.800996
64974	17.491295	-26.223460	-32.446445
64975	18.527173	-27.080987	-33.093836
64976	19.562174	-27.950076	-33.731439
64977	20.572182	-28.813108	-34.323548
64978	21.542625	-29.669101	-34.862423
64979	22.466035	-30.512725	-35.369988
64980	23.316007	-31.365670	-35.822637
64981	24.063004	-32.216329	-36.206677
64982	24.747695	-33.057125	-36.518898
64983	25.379317	-33.902556	-36.760302
64984	25.949631	-34.771522	-36.909567
64985	26.448745	-35.641739	-37.001807
64986	26.865973	-36.484646	-37.011795
64987	27.183134	-37.303877	-36.931959
64988	27.405395	-38.122740	-36.775353
64989	27.514990	-38.906975	-36.528697
64990	27.558243	-39.614136	-36.228447
64991	27.537930	-40.237730	-35.847558
64992	27.422905	-40.780301	-35.419233
64993	27.197418	-41.261252	-34.899244
64994	26.887318	-41.693345	-34.316517
64995	26.506613	-42.088976	-33.695668
64996	26.045723	-42.457404	-33.017734
64997	25.546425	-42.787045	-32.325775
64998	25.048060	-43.036058	-31.647007
64999	24.556173	-43.186012	-30.994857
65000	24.035421	-43.273309	-30.348325
65001	23.505042	-43.323931	-29.747779
65002	22.966631	-43.354588	-29.148448
65003	22.418071	-43.382083	-28.566740
65004	21.913728	-43.423211	-28.065341
65005	21.447519	-43.453109	-27.623319
65006	21.023083	-43.459377	-27.249537
65007	20.615724	-43.438444	-26.915424
65008	20.207389	-43.410099	-26.600653
65009	19.829307	-43.346737	-26.308548
65010	19.479119	-43.235460	-26.070293
65011	19.132964	-43.105002	-25.865073
65012	18.795325	-42.966922	-25.685468
65013	18.497858	-42.785492	-25.532384
65014	18.220527	-42.569059	-25.418855
65015	17.937471	-42.327420	-25.343251
65016	17.698042	-42.052279	-25.345899
65017	17.647708	-41.762721	-25.565719
65018	18.100453	-41.505701	-26.167740
65019	19.179584	-41.106959	-27.039805
65020	20.083096	-40.682122	-27.608380
65021	20.170427	-40.749118	-27.754876
65022	19.927500	-41.036001	-27.810461
65023	19.851039	-41.148986	-27.900000
65024	19.862774	-41.076682	-27.887284
65025	19.764850	-40.986809	-27.743495
65026	19.717362	-40.835891	-27.892990
65027	19.877967	-40.552153	-28.491714
65028	20.222620	-40.222746	-29.266292
65029	20.818716	-39.886712	-30.135534
65030	21.591504	-39.368297	-31.197016
65031	22.327113	-38.588033	-32.309639
65032	22.878125	-37.597218	-33.213465
65033	23.207290	-36.564560	-33.872436
65034	23.245000	-35.831127	-34.216733
65035	23.101353	-35.483877	-34.289911
65036	22.746317	-35.407721	-34.043978
65037	22.317119	-35.419508	-33.611012
65038	21.853303	-35.437798	-33.016012
65039	21.389912	-35.416560	-32.332715
65040	20.893911	-35.338966	-31.601253
65041	20.364015	-35.147215	-30.886678
65042	19.821091	-34.818930	-30.228145
65043	19.275817	-34.353395	-29.609338
65044	18.760562	-33.766569	-29.043047
65045	18.261687	-33.092255	-28.506749
65046	17.784397	-32.368418	-28.024043
65047	17.349161	-31.647813	-27.549804
65048	16.946991	-30.946409	-27.046412
65049	16.549632	-30.264120	-26.539159
65050	16.162481	-29.609595	-26.018471
65051	15.805980	-28.960817	-25.479983
65052	15.435722	-28.299086	-24.882667
65053	15.061437	-27.631532	-24.207688
65054	14.673252	-26.975521	-23.478024
65055	14.309331	-26.396453	-22.715486
65056	13.939585	-25.847077	-21.949350
65057	13.544481	-25.305509	-21.205002
65058	13.121420	-24.756066	-20.489448
65059	12.709348	-24.196202	-19.834061
65060	12.314566	-23.665453	-19.202892
65061	11.923699	-23.127642	-18.615820
65062	11.550930	-22.576863	-18.081186
65063	11.161976	-22.026735	-17.601349
65064	10.750933	-21.482610	-17.204406
65065	10.346675	-20.957452	-16.878817
65066	9.947288	-20.447806	-16.587605
65067	9.571379	-19.949659	-16.324236
65068	9.198007	-19.461082	-16.078616
65069	8.818112	-18.965421	-15.871880
65070	8.438108	-18.430814	-15.721140
65071	8.039635	-17.857116	-15.611637
65072	7.655005	-17.251358	-15.517648
65073	7.261257	-16.668416	-15.421864
65074	6.826669	-16.117141	-15.346586
65075	6.392447	-15.586489	-15.302072
65076	5.934504	-15.020953	-15.284142
65077	5.464110	-14.442913	-15.293346
65078	4.986236	-13.879728	-15.382524
65079	4.517170	-13.322542	-15.512764
65080	4.066867	-12.762223	-15.703670
65081	3.605152	-12.218097	-15.922800
65082	3.132974	-11.661399	-16.179971
65083	2.679366	-11.074412	-16.515459
65084	2.218126	-10.482014	-16.876148
65085	1.753450	-9.921087	-17.197286
65086	1.301729	-9.399497	-17.458050
65087	0.852039	-8.933457	-17.638962
65088	0.407088	-8.552195	-17.736996
65089	-0.002748	-8.240092	-17.773866
65090	-0.380110	-7.988844	-17.772343
65091	-0.732048	-7.804895	-17.722592
65092	-1.037499	-7.662594	-17.638257
65093	-1.296378	-7.543533	-17.519705
65094	-1.524254	-7.425540	-17.366222
65095	-1.713081	-7.323722	-17.197098
65096	-1.873081	-7.232122	-17.032631
65097	-2.047499	-7.121445	-16.933075
65098	-2.254492	-7.016242	-16.896670
65099	-2.464531	-6.936189	-16.883592
65100	-2.647356	-6.845724	-16.844589
65101	-2.812768	-6.710334	-16.760856
65102	-2.947755	-6.545216	-16.657520
65103	-2.976325	-6.362586	-16.529363
65104	-2.881250	-6.195824	-16.439635
65105	-2.741564	-6.081389	-16.469708
65106	-2.619330	-5.974189	-16.664799
65107	-2.564630	-5.853408	-16.983080
65108	-2.569464	-5.733869	-17.331547
65109	-2.596688	-5.638868	-17.639974
65110	-2.588838	-5.562846	-17.854615
65111	-2.535871	-5.493431	-17.968893
65112	-2.506800	-5.417105	-18.080789
65113	-2.533963	-5.351458	-18.262201
65114	-2.585934	-5.260447	-18.533106
65115	-2.647187	-5.141876	-18.850419
65116	-2.725114	-5.012452	-19.138671
65117	-2.816568	-4.888113	-19.343830
65118	-2.890032	-4.775519	-19.430876
65119	-2.958550	-4.690869	-19.399830
65120	-3.049133	-4.643911	-19.289639
65121	-3.136150	-4.613608	-19.098553
65122	-3.188941	-4.579952	-18.833832
65123	-3.223677	-4.556198	-18.496828
65124	-3.235171	-4.546386	-18.116477
65125	-3.215115	-4.541284	-17.733644
65126	-3.172859	-4.539896	-17.376295
65127	-3.122611	-4.539509	-17.054021
65128	-3.066666	-4.543346	-16.761117
65129	-3.004638	-4.565751	-16.489139
65130	-2.927142	-4.601945	-16.256067
65131	-2.847871	-4.640813	-16.083415
65132	-2.778735	-4.672883	-15.979194
65133	-2.728742	-4.682265	-15.938274
65134	-2.678880	-4.656511	-15.936658
65135	-2.635829	-4.626493	-15.940359
65136	-2.607000	-4.599054	-15.953158
65137	-2.591563	-4.569304	-15.963287
65138	-2.581774	-4.536444	-15.954148
65139	-2.582825	-4.504076	-15.908027
65140	-2.585917	-4.468137	-15.834872
65141	-2.587875	-4.418760	-15.752123
65142	-2.606823	-4.358601	-15.677454
65143	-2.652818	-4.296856	-15.633658
65144	-2.709231	-4.236253	-15.610497
65145	-2.751257	-4.172657	-15.580208
65146	-2.763105	-4.103661	-15.542342
65147	-2.757423	-4.037740	-15.495847
65148	-2.749982	-3.983729	-15.436770
65149	-2.740105	-3.933567	-15.380197
65150	-2.712609	-3.879260	-15.320575
65151	-2.679157	-3.822046	-15.250871
65152	-2.631217	-3.755137	-15.150982
65153	-2.554315	-3.680189	-15.011182
65154	-2.476446	-3.603492	-14.848129
65155	-2.407867	-3.537758	-14.667956
65156	-2.348573	-3.479757	-14.476629
65157	-2.288262	-3.433699	-14.264148
65158	-2.219078	-3.383265	-14.029531
65159	-2.134897	-3.325007	-13.765777
65160	-2.045865	-3.254791	-13.466824
65161	-1.941443	-3.166000	-13.143153
65162	-1.830666	-3.075448	-12.799501
65163	-1.718585	-2.980334	-12.459782
65164	-1.619915	-2.883913	-12.144320
65165	-1.533362	-2.796670	-11.851553
65166	-1.498003	-2.735388	-11.569533
65167	-1.478639	-2.685691	-11.322576
65168	-1.455851	-2.636877	-11.109066
65169	-1.413046	-2.567816	-10.938260
65170	-1.358260	-2.483044	-10.833265
65171	-1.306461	-2.389645	-10.798186
65172	-1.264260	-2.298706	-10.826674
65173	-1.232192	-2.205560	-10.898499
65174	-1.203701	-2.107611	-11.005316
65175	-1.181478	-2.010148	-11.129411
65176	-1.154149	-1.906562	-11.261193
65177	-1.120605	-1.794177	-11.396942
65178	-1.086315	-1.673767	-11.529226
65179	-1.053520	-1.548017	-11.650282
65180	-1.030087	-1.424391	-11.754616
65181	-1.032786	-1.319589	-11.832152
65182	-1.055168	-1.227384	-11.875805
65183	-1.076318	-1.138343	-11.880714
65184	-1.065281	-1.037376	-11.843695
65185	-1.032425	-0.940565	-11.762162
65186	-0.989572	-0.854640	-11.639472
65187	-0.944516	-0.776213	-11.482451
65188	-0.902174	-0.704510	-11.285085
65189	-0.864078	-0.643600	-11.054067
65190	-0.845366	-0.596732	-10.808119
65191	-0.832295	-0.561162	-10.563218
65192	-0.814477	-0.532395	-10.326028
65193	-0.799978	-0.506321	-10.110074
65194	-0.786492	-0.485644	-9.917683
65195	-0.777680	-0.467420	-9.761254
65196	-0.772435	-0.440499	-9.645175
65197	-0.766829	-0.404481	-9.569508
65198	-0.769263	-0.364536	-9.526012
65199	-0.792865	-0.335479	-9.514348
65200	-0.823246	-0.306313	-9.529260
65201	-0.842702	-0.276920	-9.565195
65202	-0.842390	-0.243886	-9.605985
65203	-0.838406	-0.216926	-9.644899
65204	-0.844820	-0.195169	-9.678674
65205	-0.851754	-0.168244	-9.712987
65206	-0.843106	-0.128679	-9.740926
65207	-0.824331	-0.081854	-9.750273
65208	-0.806155	-0.041792	-9.733606
65209	-0.798285	-0.016102	-9.698630
65210	-0.795646	0.000432	-9.653545
65211	-0.798834	0.011803	-9.610317
65212	-0.799244	0.025047	-9.572145
65213	-0.801365	0.036148	-9.542693
65214	-0.810797	0.044106	-9.523969
65215	-0.829194	0.054316	-9.509523
65216	-0.842976	0.070203	-9.494670
65217	-0.853894	0.087911	-9.469926
65218	-0.876020	0.099371	-9.438644
65219	-0.903946	0.105152	-9.402502
65220	-0.929262	0.114325	-9.363886
65221	-0.943944	0.128560	-9.319970
65222	-0.951183	0.154222	-9.269860
65223	-0.956644	0.180610	-9.214035
65224	-0.966404	0.204676	-9.161714
65225	-0.977358	0.232966	-9.118119
65226	-0.985292	0.262476	-9.085335
65227	-0.993539	0.284868	-9.065107
65228	-1.009398	0.301297	-9.063786
65229	-1.023381	0.322213	-9.084935
65230	-1.032359	0.356202	-9.119119
65231	-1.036837	0.397645	-9.155253
65232	-1.038832	0.441719	-9.195471
65233	-1.042071	0.481001	-9.228077
65234	-1.042394	0.514169	-9.257228
65235	-1.038247	0.542202	-9.281097
65236	-1.026622	0.573330	-9.298737
65237	-1.008025	0.609199	-9.308497
65238	-0.985936	0.647757	-9.310302
65239	-0.970856	0.686608	-9.311277
65240	-0.951559	0.727219	-9.312137
65241	-0.921714	0.774498	-9.304879
65242	-0.897096	0.815554	-9.289784
65243	-0.879863	0.848337	-9.265064
65244	-0.857840	0.883141	-9.226129
65245	-0.824914	0.929993	-9.171191
65246	-0.785529	0.987999	-9.099901
65247	-0.736836	1.054758	-9.019160
65248	-0.698016	1.112014	-8.925398
65249	-0.663681	1.161388	-8.818453
65250	-0.621333	1.208136	-8.697073
65251	-0.571755	1.260486	-8.565951
65252	-0.519763	1.319164	-8.432455
65253	-0.469031	1.383779	-8.304873
65254	-0.423611	1.451866	-8.184826
65255	-0.375493	1.517728	-8.062806
65256	-0.331539	1.578233	-7.946910
65257	-0.299535	1.637244	-7.843276
65258	-0.268807	1.694002	-7.752107
65259	-0.242603	1.744745	-7.671966
65260	-0.219636	1.790431	-7.595561
65261	-0.199592	1.830942	-7.528077
65262	-0.178986	1.865917	-7.467773
65263	-0.164167	1.899631	-7.422357
65264	-0.151954	1.929966	-7.388824
65265	-0.144608	1.956747	-7.367463
65266	-0.139547	1.984673	-7.351872
65267	-0.132017	2.015263	-7.348228
65268	-0.126634	2.043388	-7.353897
65269	-0.123187	2.063616	-7.363867
65270	-0.124411	2.076584	-7.369178
65271	-0.129182	2.091087	-7.375245
65272	-0.127167	2.117771	-7.377490
65273	-0.113692	2.154270	-7.376830
65274	-0.093738	2.196824	-7.363909
65275	-0.076307	2.233961	-7.344723
65276	-0.068581	2.263258	-7.321668
65277	-0.068400	2.283402	-7.298609
65278	-0.077428	2.298118	-7.278860
65279	-0.085728	2.312056	-7.268090
65280	-0.087881	2.328803	-7.268607
65281	-0.089059	2.345378	-7.266733
65282	-0.091293	2.356507	-7.259943
65283	-0.099662	2.361777	-7.252131
65284	-0.106463	2.367440	-7.243919
65285	-0.104805	2.381673	-7.233347
65286	-0.094384	2.398702	-7.221664
65287	-0.087308	2.413570	-7.209487
65288	-0.091355	2.423062	-7.206606
65289	-0.101867	2.426404	-7.211198
65290	-0.117372	2.423571	-7.224593
65291	-0.132453	2.419758	-7.242973
65292	-0.148711	2.416871	-7.262785
65293	-0.162060	2.416518	-7.284125
65294	-0.169604	2.421837	-7.302497
65295	-0.172520	2.428818	-7.318191
65296	-0.178359	2.436219	-7.334575
65297	-0.184048	2.449875	-7.348863
65298	-0.195582	2.462276	-7.362506
65299	-0.214250	2.471431	-7.374987
65300	-0.238218	2.475682	-7.384758
65301	-0.266177	2.477502	-7.390865
65302	-0.287031	2.482771	-7.390460
65303	-0.293583	2.492670	-7.380981
65304	-0.292713	2.503233	-7.366760
65305	-0.287489	2.509141	-7.349108
65306	-0.287920	2.513009	-7.331780
65307	-0.289535	2.516596	-7.314038
65308	-0.285449	2.526247	-7.295243
65309	-0.278812	2.537026	-7.273833
65310	-0.278033	2.542076	-7.257101
65311	-0.287336	2.539181	-7.248128
65312	-0.300153	2.533031	-7.249814
65313	-0.316456	2.520729	-7.258240
65314	-0.337469	2.508533	-7.276204
65315	-0.350600	2.504343	-7.291504
65316	-0.353260	2.506464	-7.296172
65317	-0.355405	2.509035	-7.293488
65318	-0.362330	2.512150	-7.285009
65319	-0.369550	2.512800	-7.278180
65320	-0.376397	2.524471	-7.279226
65321	-0.389943	2.537066	-7.288353
65322	-0.404181	2.544034	-7.299431
65323	-0.416521	2.545719	-7.307957
65324	-0.428509	2.543607	-7.313281
65325	-0.436044	2.536434	-7.313233
65326	-0.443600	2.527078	-7.312840
65327	-0.450179	2.513047	-7.310565
65328	-0.461871	2.493315	-7.306561
65329	-0.467935	2.477236	-7.299480
65330	-0.466967	2.466317	-7.292756
65331	-0.464603	2.456664	-7.282967
65332	-0.458355	2.447053	-7.268894
65333	-0.451820	2.437070	-7.249222
65334	-0.441008	2.425579	-7.227139
65335	-0.434945	2.411507	-7.198239
65336	-0.430267	2.397746	-7.169652
65337	-0.422793	2.386949	-7.139729
65338	-0.415846	2.375981	-7.114271
65339	-0.406697	2.367371	-7.087162
65340	-0.397911	2.357717	-7.060701
65341	-0.387329	2.346226	-7.035812
65342	-0.375315	2.332528	-7.010268
65343	-0.365834	2.319429	-6.982873
65344	-0.357071	2.306809	-6.954186
65345	-0.342313	2.296334	-6.924375
65346	-0.329068	2.286656	-6.896825
65347	-0.320377	2.275201	-6.877926
65348	-0.318677	2.262593	-6.875251
65349	-0.321018	2.249316	-6.888203
65350	-0.331580	2.237000	-6.916072
65351	-0.341512	2.227648	-6.954162
65352	-0.352171	2.218703	-7.003428
65353	-0.358894	2.208440	-7.054217
65354	-0.370081	2.195755	-7.108671
65355	-0.381403	2.184706	-7.162322
65356	-0.383386	2.176988	-7.215171
65357	-0.382561	2.170870	-7.266497
65358	-0.379360	2.162867	-7.319502
65359	-0.377182	2.158880	-7.374451
65360	-0.375335	2.150793	-7.435566
65361	-0.377048	2.141630	-7.492277
65362	-0.371437	2.136268	-7.538821
65363	-0.362749	2.129857	-7.573130
65364	-0.354774	2.119115	-7.597039
65365	-0.348589	2.106213	-7.615329
65366	-0.343149	2.092066	-7.630271
65367	-0.336379	2.084313	-7.648341
65368	-0.331916	2.080088	-7.672506
65369	-0.332262	2.077268	-7.700660
65370	-0.330858	2.078362	-7.736565
65371	-0.333655	2.075127	-7.775193
65372	-0.342968	2.068945	-7.822333
65373	-0.351847	2.060603	-7.874304
65374	-0.359638	2.055493	-7.929048
65375	-0.360622	2.049712	-7.978683
65376	-0.359653	2.042106	-8.023142
65377	-0.354374	2.034867	-8.060769
65378	-0.347372	2.028752	-8.096214
65379	-0.342666	2.023782	-8.130960
65380	-0.339570	2.019970	-8.169848
65381	-0.332233	2.017893	-8.206891
65382	-0.325497	2.016808	-8.243922
65383	-0.320983	2.009764	-8.280298
65384	-0.326327	1.998171	-8.317082
65385	-0.335402	1.987565	-8.348614
65386	-0.337810	1.981529	-8.374784
65387	-0.334099	1.975849	-8.392772
65388	-0.328935	1.969027	-8.405503
