// General information: 
//  MT Manager version: 2021.4.0 
//  XDA version: 2021.4.0 build 6323 rev 112641 built on 2021-09-28
// Device information: 
//  DeviceId: 00B43859
//  ProductCode: MTW2-3A7G6
//  Firmware Version: 4.3.4
//  Hardware Version: 1.1.0
// Device settings: 
//  Filter Profile: human(46.1)
//  Option Flags: Orientation Smoother Disabled, Position/Velocity Smoother Disabled, Continuous Zero Rotation Update Disabled, AHS Disabled, ICC Disabled
// Coordinate system: ENU
PacketCounter	Roll	Pitch	Yaw
63682	1.871187	0.115200	-1.857390
63683	1.885084	0.120299	-1.884142
63684	1.896045	0.126995	-1.915741
63685	1.903966	0.129874	-1.945279
63686	1.911681	0.135025	-1.970765
63687	1.920462	0.135647	-1.988360
63688	1.923405	0.140428	-2.000994
63689	1.923089	0.135997	-2.014385
63690	1.924996	0.130002	-2.026087
63691	1.926120	0.120782	-2.032651
63692	1.926509	0.115963	-2.037614
63693	1.925447	0.112653	-2.045726
63694	1.923709	0.110310	-2.058947
63695	1.921863	0.104525	-2.072660
63696	1.920636	0.098901	-2.086953
63697	1.918285	0.092038	-2.101867
63698	1.915947	0.086686	-2.115937
63699	1.913699	0.080235	-2.126600
63700	1.910804	0.077200	-2.135246
63701	1.907530	0.076289	-2.139226
63702	1.904045	0.077262	-2.139087
63703	1.896445	0.077007	-2.137620
63704	1.886424	0.080892	-2.127782
63705	1.873170	0.081708	-2.112864
63706	1.856444	0.082933	-2.095794
63707	1.838706	0.085650	-2.072175
63708	1.817247	0.093489	-2.049140
63709	1.791631	0.103239	-2.030402
63710	1.764982	0.113220	-2.017678
63711	1.738723	0.122587	-2.009488
63712	1.709545	0.131608	-2.000880
63713	1.680083	0.139430	-1.994687
63714	1.649984	0.149967	-1.985770
63715	1.616185	0.158943	-1.961932
63716	1.581721	0.170763	-1.919107
63717	1.544245	0.179799	-1.854984
63718	1.505113	0.189522	-1.774098
63719	1.465000	0.200431	-1.679462
63720	1.423516	0.214393	-1.584393
63721	1.381854	0.221954	-1.498398
63722	1.339814	0.232888	-1.420704
63723	1.300249	0.242980	-1.349161
63724	1.260133	0.256134	-1.290645
63725	1.220883	0.272939	-1.240903
63726	1.181809	0.290805	-1.197356
63727	1.141762	0.303846	-1.164777
63728	1.104738	0.316717	-1.140537
63729	1.071194	0.324382	-1.111957
63730	1.038605	0.334257	-1.079895
63731	1.008595	0.342475	-1.043946
63732	0.979927	0.354290	-1.007925
63733	0.953587	0.368439	-0.978320
63734	0.933515	0.377630	-0.956763
63735	0.913739	0.385159	-0.942171
63736	0.898729	0.392266	-0.938863
63737	0.887122	0.393478	-0.949995
63738	0.875524	0.393585	-0.972126
63739	0.868157	0.391333	-0.999509
63740	0.864945	0.387384	-1.024120
63741	0.865121	0.383543	-1.045519
63742	0.872525	0.379882	-1.059219
63743	0.883406	0.371675	-1.067316
63744	0.901307	0.366365	-1.069644
63745	0.918856	0.355471	-1.073941
63746	0.939935	0.345657	-1.079810
63747	0.962248	0.334363	-1.087783
63748	0.989498	0.325361	-1.101638
63749	1.017652	0.316354	-1.119544
63750	1.048609	0.308210	-1.141591
63751	1.081127	0.298746	-1.160768
63752	1.115518	0.294880	-1.173454
63753	1.148433	0.293730	-1.183080
63754	1.181136	0.295613	-1.187903
63755	1.212849	0.294391	-1.189458
63756	1.243492	0.294483	-1.188379
63757	1.270569	0.298131	-1.187471
63758	1.299614	0.299139	-1.184111
63759	1.328386	0.301854	-1.177344
63760	1.357665	0.305788	-1.170541
63761	1.384093	0.306864	-1.158700
63762	1.410467	0.309804	-1.145130
63763	1.434561	0.312793	-1.133745
63764	1.458980	0.317025	-1.131143
63765	1.480530	0.318076	-1.135528
63766	1.501763	0.321960	-1.143217
63767	1.525894	0.325435	-1.147704
63768	1.548962	0.330372	-1.149874
63769	1.572369	0.334329	-1.149801
63770	1.596661	0.339006	-1.143936
63771	1.621121	0.343637	-1.132424
63772	1.645073	0.352572	-1.121595
63773	1.666925	0.358129	-1.118817
63774	1.687488	0.365491	-1.118371
63775	1.707811	0.370120	-1.124498
63776	1.727397	0.371538	-1.136591
63777	1.747762	0.370690	-1.155869
63778	1.769818	0.377356	-1.178016
63779	1.792328	0.383425	-1.204707
63780	1.816315	0.392363	-1.229488
63781	1.843930	0.405461	-1.250348
63782	1.873360	0.419205	-1.263463
63783	1.904141	0.431275	-1.269764
63784	1.933723	0.445750	-1.266904
63785	1.961559	0.459925	-1.259547
63786	1.987658	0.473753	-1.244045
63787	2.009984	0.488138	-1.223448
63788	2.029227	0.502426	-1.206697
63789	2.047657	0.510739	-1.192144
63790	2.062605	0.521642	-1.183918
63791	2.073224	0.529911	-1.182822
63792	2.081700	0.539252	-1.190834
63793	2.085830	0.541936	-1.205184
63794	2.089446	0.547832	-1.227373
63795	2.088752	0.549682	-1.263872
63796	2.086092	0.552144	-1.312723
63797	2.076694	0.552865	-1.364811
63798	2.069109	0.553966	-1.421228
63799	2.060140	0.554997	-1.476490
63800	2.054357	0.556845	-1.523584
63801	2.050224	0.558740	-1.567725
63802	2.047873	0.563090	-1.608776
63803	2.046335	0.565910	-1.649028
63804	2.043230	0.570349	-1.688664
63805	2.039021	0.575144	-1.725811
63806	2.033218	0.575717	-1.764754
63807	2.025496	0.575182	-1.803621
63808	2.016502	0.573475	-1.844158
63809	2.010487	0.572821	-1.881497
63810	2.004578	0.575504	-1.913829
63811	1.997435	0.578211	-1.940148
63812	1.990928	0.580304	-1.962258
63813	1.984502	0.580823	-1.977496
63814	1.980498	0.582659	-1.987343
63815	1.973597	0.584634	-1.997204
63816	1.968622	0.583640	-2.009089
63817	1.960989	0.583049	-2.015828
63818	1.951611	0.580768	-2.029627
63819	1.939443	0.577458	-2.050497
63820	1.927114	0.570992	-2.076304
63821	1.912815	0.563301	-2.102533
63822	1.901784	0.555872	-2.119755
63823	1.891793	0.549880	-2.128063
63824	1.883951	0.542816	-2.134986
63825	1.875989	0.539132	-2.137273
63826	1.872748	0.537992	-2.135477
63827	1.869446	0.536027	-2.127685
63828	1.869145	0.537378	-2.117240
63829	1.868136	0.535986	-2.106504
63830	1.867484	0.535811	-2.100607
63831	1.865049	0.532922	-2.093017
63832	1.863704	0.532146	-2.085153
63833	1.863590	0.533601	-2.080154
63834	1.866330	0.537887	-2.076933
63835	1.867921	0.541288	-2.072081
63836	1.871020	0.547098	-2.064310
63837	1.871190	0.551527	-2.059037
63838	1.875739	0.555183	-2.053651
63839	1.879425	0.560332	-2.053998
63840	1.882155	0.562918	-2.054129
63841	1.883477	0.564272	-2.053009
63842	1.886978	0.565801	-2.050203
63843	1.889865	0.564008	-2.045328
63844	1.893677	0.561013	-2.043682
63845	1.894799	0.559384	-2.045779
63846	1.896808	0.557970	-2.050651
63847	1.900742	0.556728	-2.050878
63848	1.906237	0.559815	-2.050168
63849	1.910088	0.558319	-2.046595
63850	1.912803	0.558253	-2.045725
63851	1.916090	0.557450	-2.047831
63852	1.919054	0.557168	-2.054026
63853	1.921837	0.555628	-2.062042
63854	1.926726	0.558359	-2.063172
63855	1.930574	0.556985	-2.059666
63856	1.937258	0.555481	-2.053277
63857	1.938568	0.554916	-2.043186
63858	1.941636	0.552768	-2.032412
63859	1.945222	0.549601	-2.020039
63860	1.948457	0.546037	-2.008169
63861	1.951460	0.541898	-1.998165
63862	1.955025	0.536457	-1.988457
63863	1.954777	0.533493	-1.981279
63864	1.960855	0.532577	-1.981087
63865	1.961325	0.530396	-1.980154
63866	1.961774	0.526536	-1.981188
63867	1.957709	0.524648	-1.987267
63868	1.956506	0.521913	-1.998073
63869	1.952996	0.518876	-2.006550
63870	1.951471	0.517061	-2.010841
63871	1.951800	0.515623	-2.011225
63872	1.954511	0.512900	-2.009357
63873	1.953152	0.510400	-2.006432
63874	1.951999	0.509156	-2.001820
63875	1.949431	0.505021	-1.998270
63876	1.945577	0.500871	-1.997300
63877	1.940459	0.495961	-2.001782
63878	1.936583	0.491061	-2.008520
63879	1.928155	0.482070	-2.014517
63880	1.925174	0.479758	-2.015419
63881	1.922179	0.476419	-2.013311
63882	1.920850	0.473937	-2.008796
63883	1.920000	0.468945	-1.999869
63884	1.917380	0.464555	-1.990866
63885	1.914216	0.456423	-1.983534
63886	1.908812	0.449831	-1.978717
63887	1.906140	0.443945	-1.975422
63888	1.901091	0.440780	-1.974770
63889	1.898094	0.433216	-1.974650
63890	1.895793	0.428848	-1.976518
63891	1.894833	0.427516	-1.980863
63892	1.895650	0.427074	-1.986064
63893	1.898757	0.426413	-1.990058
63894	1.901756	0.426867	-1.988556
63895	1.903640	0.428691	-1.984946
63896	1.910261	0.428831	-1.983484
63897	1.916044	0.429212	-1.982100
63898	1.922902	0.429130	-1.987703
63899	1.928405	0.427620	-1.995437
63900	1.935773	0.426900	-2.003106
63901	1.939039	0.424024	-2.008281
63902	1.942871	0.419308	-2.010001
63903	1.943004	0.414138	-2.009241
63904	1.942970	0.410908	-2.008211
63905	1.942002	0.403315	-2.005822
63906	1.941875	0.398138	-2.004338
63907	1.940807	0.394012	-2.004388
63908	1.941462	0.391380	-2.005328
63909	1.939183	0.388185	-2.005721
63910	1.937844	0.384946	-2.008912
63911	1.938520	0.381040	-2.012017
63912	1.938395	0.379464	-2.015891
63913	1.940131	0.378627	-2.015897
63914	1.942106	0.378654	-2.013620
63915	1.947117	0.378207	-2.006824
63916	1.954324	0.379210	-1.992020
63917	1.960908	0.375671	-1.975024
63918	1.967584	0.372950	-1.960505
63919	1.971524	0.368450	-1.948269
63920	1.978003	0.362781	-1.937199
63921	1.982270	0.357281	-1.926747
63922	1.987088	0.351782	-1.921090
63923	1.991695	0.345580	-1.921476
63924	1.998020	0.339114	-1.926373
63925	2.003180	0.332536	-1.933058
63926	2.005269	0.326033	-1.939743
63927	2.010703	0.319848	-1.944960
63928	2.017123	0.312674	-1.949312
63929	2.022479	0.308754	-1.947367
63930	2.027908	0.304559	-1.944234
63931	2.034861	0.300416	-1.938043
63932	2.040200	0.294272	-1.934458
63933	2.040038	0.285989	-1.933567
63934	2.044409	0.277009	-1.932008
63935	2.046108	0.266583	-1.932289
63936	2.047098	0.256752	-1.933389
63937	2.045050	0.248181	-1.938259
63938	2.043417	0.238343	-1.947793
63939	2.040177	0.227501	-1.963415
63940	2.036614	0.218254	-1.983356
63941	2.028600	0.203838	-2.012729
63942	2.015742	0.182480	-2.046206
63943	1.999080	0.160613	-2.074757
63944	1.984133	0.137188	-2.098499
63945	1.964365	0.111162	-2.130291
63946	1.939144	0.083303	-2.181837
63947	1.910994	0.046229	-2.238430
63948	1.882899	0.003202	-2.294090
63949	1.858493	-0.038844	-2.348054
63950	1.833236	-0.081682	-2.399061
63951	1.811532	-0.121917	-2.446577
63952	1.787822	-0.169885	-2.495134
63953	1.767372	-0.223894	-2.540744
63954	1.752356	-0.276093	-2.579831
63955	1.739055	-0.333072	-2.621457
63956	1.730576	-0.393159	-2.665028
63957	1.723462	-0.457696	-2.713377
63958	1.719756	-0.525989	-2.759231
63959	1.718470	-0.597519	-2.801065
63960	1.723419	-0.671952	-2.837055
63961	1.732011	-0.746723	-2.866503
63962	1.743676	-0.823213	-2.888098
63963	1.754135	-0.904198	-2.910133
63964	1.768467	-0.988019	-2.929147
63965	1.781481	-1.072758	-2.951187
63966	1.790864	-1.161534	-2.973532
63967	1.794752	-1.259731	-3.001791
63968	1.797140	-1.357938	-3.020485
63969	1.794296	-1.458340	-3.033909
63970	1.787679	-1.558228	-3.041435
63971	1.773164	-1.659933	-3.048786
63972	1.752508	-1.762510	-3.049259
63973	1.723798	-1.862452	-3.039102
63974	1.693667	-1.963450	-3.017767
63975	1.658197	-2.068488	-3.000796
63976	1.613960	-2.180213	-2.986958
63977	1.560738	-2.294531	-2.987200
63978	1.496686	-2.408992	-2.990846
63979	1.417641	-2.522614	-2.995872
63980	1.330714	-2.637962	-2.985028
63981	1.238961	-2.747116	-2.938684
63982	1.148416	-2.857452	-2.832639
63983	1.050383	-2.972847	-2.684916
63984	0.947942	-3.089100	-2.487350
63985	0.835774	-3.208633	-2.252700
63986	0.712988	-3.326047	-1.987248
63987	0.586200	-3.443730	-1.722592
63988	0.456533	-3.562492	-1.468602
63989	0.325754	-3.682988	-1.235723
63990	0.210771	-3.800962	-1.008432
63991	0.112155	-3.911315	-0.812794
63992	0.029496	-4.029510	-0.648546
63993	-0.032256	-4.146331	-0.533822
63994	-0.077716	-4.264213	-0.458506
63995	-0.104795	-4.376081	-0.426843
63996	-0.104919	-4.481634	-0.421280
63997	-0.085423	-4.585924	-0.443348
63998	-0.051877	-4.683734	-0.474495
63999	-0.007300	-4.772163	-0.509093
64000	0.055004	-4.846155	-0.539288
64001	0.124268	-4.909673	-0.563924
64002	0.202619	-4.962159	-0.562687
64003	0.284174	-5.001598	-0.541813
64004	0.373754	-5.032055	-0.508586
64005	0.465607	-5.056593	-0.473892
64006	0.566629	-5.073805	-0.435917
64007	0.664017	-5.086187	-0.395055
64008	0.759086	-5.095808	-0.359511
64009	0.854327	-5.106215	-0.340583
64010	0.947400	-5.116198	-0.347625
64011	1.034727	-5.126920	-0.392124
64012	1.122964	-5.133411	-0.470511
64013	1.208285	-5.137073	-0.564450
64014	1.295838	-5.142180	-0.672922
64015	1.381176	-5.155493	-0.800091
64016	1.457945	-5.166081	-0.955276
64017	1.526322	-5.168649	-1.129987
64018	1.595533	-5.160115	-1.306339
64019	1.662703	-5.148982	-1.464315
64020	1.736598	-5.136138	-1.608430
64021	1.814242	-5.123200	-1.739468
64022	1.893191	-5.102477	-1.832144
64023	1.966955	-5.065122	-1.867149
64024	2.038677	-5.016133	-1.853682
64025	2.100058	-4.976107	-1.821631
64026	2.150062	-4.950910	-1.803439
64027	2.192241	-4.931365	-1.808030
64028	2.237373	-4.909572	-1.819995
64029	2.286360	-4.893383	-1.830908
64030	2.330274	-4.885640	-1.834427
64031	2.377196	-4.873734	-1.833867
64032	2.425884	-4.850566	-1.842647
64033	2.477140	-4.819917	-1.854511
64034	2.521274	-4.795298	-1.857640
64035	2.548419	-4.780210	-1.852759
64036	2.573800	-4.766331	-1.852663
64037	2.596125	-4.749180	-1.856597
64038	2.617528	-4.729909	-1.876568
64039	2.633590	-4.716985	-1.910472
64040	2.648849	-4.717467	-1.946818
64041	2.661786	-4.722968	-1.991433
64042	2.667195	-4.733479	-2.046785
64043	2.651002	-4.748460	-2.107873
64044	2.611452	-4.758524	-2.153591
64045	2.540903	-4.762175	-2.179057
64046	2.452349	-4.758117	-2.170486
64047	2.324560	-4.740769	-2.124490
64048	2.137444	-4.723960	-2.091672
64049	1.884518	-4.716120	-2.126317
64050	1.588680	-4.714800	-2.223109
64051	1.257910	-4.726480	-2.355330
64052	0.883133	-4.747210	-2.469625
64053	0.451569	-4.772603	-2.523552
64054	-0.034183	-4.820327	-2.516992
64055	-0.571375	-4.893401	-2.525583
64056	-1.175602	-4.987122	-2.589417
64057	-1.869554	-5.057977	-2.675559
64058	-2.649329	-5.100270	-2.795744
64059	-3.475024	-5.098116	-2.991704
64060	-4.293359	-5.043280	-3.230164
64061	-5.089965	-4.908549	-3.458144
64062	-5.885905	-4.674875	-3.638787
64063	-6.698689	-4.415806	-3.826922
64064	-7.544412	-4.198345	-4.124186
64065	-8.422092	-4.028843	-4.552179
64066	-9.355322	-3.854958	-4.992888
64067	-10.361551	-3.685398	-5.357085
64068	-11.461856	-3.528516	-5.605970
64069	-12.619781	-3.322790	-5.660007
64070	-13.800834	-3.003156	-5.467379
64071	-14.984972	-2.617489	-5.142081
64072	-16.174109	-2.191306	-4.741629
64073	-17.346810	-1.703836	-4.278450
64074	-18.509515	-1.152784	-3.815421
64075	-19.672243	-0.566545	-3.399743
64076	-20.863899	0.013615	-3.076612
64077	-22.086584	0.530742	-2.866433
64078	-23.355692	0.967087	-2.745247
64079	-24.661863	1.311065	-2.684153
64080	-25.980673	1.590684	-2.622909
64081	-27.285869	1.869987	-2.504776
64082	-28.557611	2.224016	-2.317966
64083	-29.760786	2.702311	-2.065937
64084	-30.890217	3.320686	-1.781269
64085	-31.922464	4.022738	-1.521391
64086	-32.855275	4.720931	-1.331586
64087	-33.671780	5.304511	-1.242811
64088	-34.371688	5.720994	-1.244997
64089	-34.956857	5.923274	-1.338533
64090	-35.440317	5.899019	-1.522191
64091	-35.841651	5.619287	-1.798487
64092	-36.173431	5.065154	-2.166867
64093	-36.420266	4.278910	-2.601845
64094	-36.564802	3.334782	-3.087379
64095	-36.594415	2.292412	-3.603934
64096	-36.501854	1.177224	-4.146588
64097	-36.291836	-0.019816	-4.701940
64098	-35.963788	-1.316834	-5.259455
64099	-35.517516	-2.697595	-5.796185
64100	-34.960680	-4.039310	-6.270624
64101	-34.322078	-5.320728	-6.691099
64102	-33.603046	-6.523591	-7.062522
64103	-32.810641	-7.643799	-7.389762
64104	-31.941452	-8.739332	-7.709286
64105	-30.983241	-9.818593	-8.025647
64106	-29.969116	-10.854247	-8.329622
64107	-28.925748	-11.898013	-8.654252
64108	-27.862897	-12.995489	-9.008184
64109	-26.805151	-14.079061	-9.336830
64110	-25.773707	-15.075950	-9.616805
64111	-24.785741	-16.012058	-9.869180
64112	-23.846614	-16.850726	-10.060193
64113	-22.978467	-17.555053	-10.161414
64114	-22.187361	-18.131491	-10.170858
64115	-21.490562	-18.573176	-10.051497
64116	-20.888371	-18.837293	-9.787450
64117	-20.384656	-18.910022	-9.357264
64118	-19.957028	-18.849930	-8.809158
64119	-19.594760	-18.710301	-8.140761
64120	-19.286976	-18.490870	-7.353368
64121	-19.009463	-18.195110	-6.477766
64122	-18.734198	-17.823847	-5.536761
64123	-18.468993	-17.368834	-4.530774
64124	-18.207178	-16.878290	-3.562730
64125	-17.942007	-16.395980	-2.703121
64126	-17.695047	-15.920005	-1.886826
64127	-17.443334	-15.535254	-1.208518
64128	-16.996256	-15.324442	-0.920422
64129	-16.469170	-15.343753	-0.566556
64130	-16.167574	-15.799156	-0.575787
64131	-16.112027	-16.381487	-1.359775
64132	-16.445252	-16.942245	-2.505388
64133	-17.040433	-17.024956	-3.191869
64134	-17.621979	-16.244787	-3.260145
64135	-18.133901	-15.364330	-3.377028
64136	-18.600303	-14.795669	-3.488187
64137	-18.935915	-14.396424	-3.675569
64138	-19.087283	-14.223948	-3.958408
64139	-19.051732	-14.188386	-4.116732
64140	-18.878731	-14.163898	-4.128136
64141	-18.656383	-14.095191	-3.972358
64142	-18.438343	-13.938447	-3.684327
64143	-18.268371	-13.684077	-3.333376
64144	-18.173879	-13.340185	-3.022758
64145	-18.172112	-12.937214	-2.820392
64146	-18.217129	-12.539140	-2.757750
64147	-18.271645	-12.154681	-2.724943
64148	-18.329696	-11.794966	-2.781036
64149	-18.337739	-11.499000	-2.940907
64150	-18.291577	-11.236870	-3.055927
64151	-18.194231	-11.005083	-3.124015
64152	-18.027392	-10.780618	-3.164120
64153	-17.823933	-10.538026	-3.149609
64154	-17.600942	-10.260571	-3.100130
64155	-17.339134	-9.948057	-2.939633
64156	-17.026713	-9.596292	-2.670980
64157	-16.652460	-9.219098	-2.352612
64158	-16.252470	-8.792938	-1.944066
64159	-15.852153	-8.344831	-1.509105
64160	-15.436760	-7.933898	-1.108579
64161	-15.005239	-7.500651	-0.651693
64162	-14.567361	-7.063011	-0.178068
64163	-14.142804	-6.656253	0.252328
64164	-13.713018	-6.306550	0.644845
64165	-13.276347	-6.005453	1.042488
64166	-12.817931	-5.709680	1.483970
64167	-12.346262	-5.371203	2.021928
64168	-11.865939	-5.029235	2.564260
64169	-11.391019	-4.730092	3.124000
64170	-10.933624	-4.416116	3.698665
64171	-10.509408	-4.110355	4.208859
64172	-10.116988	-3.850954	4.586048
64173	-9.736814	-3.614754	4.843187
64174	-9.377403	-3.406676	5.015690
64175	-9.023804	-3.232268	5.083160
64176	-8.664397	-3.088616	5.084251
64177	-8.291642	-2.954317	5.067796
64178	-7.909210	-2.828874	5.040729
64179	-7.524893	-2.702166	5.030706
64180	-7.141910	-2.548783	5.028680
64181	-6.767606	-2.377036	5.058884
64182	-6.412181	-2.198900	5.097573
64183	-6.075488	-2.022762	5.124185
64184	-5.758745	-1.860052	5.073012
64185	-5.461770	-1.739873	4.942755
64186	-5.173180	-1.642926	4.761815
64187	-4.894424	-1.567806	4.464180
64188	-4.615043	-1.527109	4.108018
64189	-4.334219	-1.476582	3.769424
64190	-4.065304	-1.428230	3.547393
64191	-3.805064	-1.356656	3.449111
64192	-3.564494	-1.302128	3.364790
64193	-3.335109	-1.243362	3.303528
64194	-3.109520	-1.177593	3.259936
64195	-2.891764	-1.124771	3.204492
64196	-2.685904	-1.094109	3.104589
64197	-2.489643	-1.065660	2.950887
64198	-2.289057	-1.037957	2.775546
64199	-2.083012	-1.022359	2.587356
64200	-1.878215	-1.019777	2.391191
64201	-1.676969	-1.010547	2.196091
64202	-1.491929	-0.993355	1.996840
64203	-1.331171	-0.957435	1.785931
64204	-1.189464	-0.911199	1.609287
64205	-1.075200	-0.862306	1.461961
64206	-0.969080	-0.817991	1.320652
64207	-0.866971	-0.796537	1.267047
64208	-0.770986	-0.835180	1.228126
64209	-0.686442	-0.885032	1.252999
64210	-0.624099	-0.882825	1.302414
64211	-0.579977	-0.848580	1.334261
64212	-0.532189	-0.802360	1.361394
64213	-0.487875	-0.780239	1.345074
64214	-0.455762	-0.781339	1.242112
64215	-0.415550	-0.784628	1.070173
64216	-0.355372	-0.797356	0.829898
64217	-0.281933	-0.834658	0.521731
64218	-0.190368	-0.897459	0.175033
64219	-0.092516	-0.957109	-0.182989
64220	0.014569	-1.005147	-0.530205
64221	0.128241	-1.048609	-0.839051
64222	0.260420	-1.084643	-1.105028
64223	0.387838	-1.100384	-1.337388
64224	0.516365	-1.102263	-1.558461
64225	0.642866	-1.108962	-1.769485
64226	0.773778	-1.122108	-1.935331
64227	0.903115	-1.140589	-2.062049
64228	1.034776	-1.139892	-2.165843
64229	1.162806	-1.129868	-2.265056
64230	1.290130	-1.121504	-2.339281
64231	1.406687	-1.120242	-2.406340
64232	1.503045	-1.088585	-2.496932
64233	1.561141	-1.030370	-2.607360
64234	1.612353	-0.973484	-2.727747
64235	1.677977	-0.924156	-2.819416
64236	1.758573	-0.892256	-2.901496
64237	1.843225	-0.865809	-2.965274
64238	1.918120	-0.831660	-3.003296
64239	1.980307	-0.800352	-3.014288
64240	2.026275	-0.774450	-2.991808
64241	2.066280	-0.736149	-2.946058
64242	2.098557	-0.687006	-2.853033
64243	2.124606	-0.647681	-2.743172
64244	2.149069	-0.624555	-2.647743
64245	2.164710	-0.595397	-2.548771
64246	2.172750	-0.566917	-2.437386
64247	2.165917	-0.536215	-2.347741
64248	2.156284	-0.506757	-2.288125
64249	2.140424	-0.484002	-2.197418
64250	2.105563	-0.467358	-2.070265
64251	2.068650	-0.443412	-1.935083
64252	2.028538	-0.424735	-1.731440
64253	1.970312	-0.409324	-1.412304
64254	1.891778	-0.383439	-1.028633
64255	1.811056	-0.346032	-0.614621
64256	1.724577	-0.309594	-0.150792
64257	1.639403	-0.275389	0.308920
64258	1.548392	-0.257596	0.709638
64259	1.457734	-0.244917	1.071537
64260	1.363516	-0.246220	1.418255
64261	1.270400	-0.257833	1.687658
64262	1.178088	-0.279760	1.899070
64263	1.089548	-0.326635	2.083715
64264	1.009760	-0.378883	2.293175
64265	0.948796	-0.438612	2.561699
64266	0.905904	-0.498103	2.897949
64267	0.885399	-0.534107	3.364825
64268	0.880946	-0.538379	3.905636
64269	0.901555	-0.513274	4.435087
64270	0.947142	-0.473641	4.885692
64271	1.009471	-0.416967	5.187695
64272	1.093105	-0.352873	5.293480
64273	1.177729	-0.299498	5.161724
64274	1.254113	-0.277702	4.740321
64275	1.309826	-0.281043	4.086519
64276	1.360279	-0.310902	3.281114
64277	1.412722	-0.347904	2.415152
64278	1.462688	-0.392773	1.609805
64279	1.521804	-0.424953	0.929315
64280	1.587343	-0.436236	0.411390
64281	1.656117	-0.426986	0.082756
64282	1.728993	-0.394398	-0.089621
64283	1.804002	-0.347128	-0.125642
64284	1.877785	-0.294303	-0.108935
64285	1.945863	-0.246863	-0.093570
64286	2.020695	-0.209416	-0.107816
64287	2.092094	-0.179838	-0.176568
64288	2.162177	-0.156534	-0.324796
64289	2.227954	-0.130923	-0.537882
64290	2.290729	-0.116265	-0.788343
64291	2.352023	-0.099537	-1.031348
64292	2.405494	-0.085815	-1.230770
64293	2.447955	-0.073842	-1.382934
64294	2.482944	-0.060383	-1.483531
64295	2.516911	-0.046366	-1.537339
64296	2.553633	-0.033026	-1.552050
64297	2.584810	-0.023238	-1.557803
64298	2.609680	-0.012010	-1.588268
64299	2.633371	0.006157	-1.630025
64300	2.652485	0.028741	-1.699733
64301	2.666916	0.046301	-1.801681
64302	2.674262	0.058782	-1.925003
64303	2.674998	0.064354	-2.063760
64304	2.669612	0.067543	-2.200163
64305	2.665148	0.072323	-2.325174
64306	2.661453	0.076117	-2.438834
64307	2.663529	0.083371	-2.519542
64308	2.665605	0.096914	-2.566987
64309	2.667077	0.115579	-2.589649
64310	2.667253	0.141501	-2.609338
64311	2.667794	0.171442	-2.642200
64312	2.666698	0.193682	-2.690724
64313	2.663551	0.211968	-2.749542
64314	2.659717	0.227350	-2.811607
64315	2.650465	0.240655	-2.868442
64316	2.640064	0.248335	-2.914020
64317	2.629217	0.253631	-2.939414
64318	2.620033	0.255756	-2.953225
64319	2.607978	0.253370	-2.953599
64320	2.594967	0.250986	-2.951145
64321	2.577264	0.250069	-2.950268
64322	2.561109	0.243666	-2.963537
64323	2.542952	0.234485	-2.995269
64324	2.527249	0.223593	-3.043504
64325	2.508152	0.215317	-3.097282
64326	2.492456	0.207045	-3.146526
64327	2.476436	0.204984	-3.177973
64328	2.466443	0.198861	-3.191766
64329	2.460518	0.196785	-3.192665
64330	2.458459	0.194320	-3.194914
64331	2.457087	0.195922	-3.202101
64332	2.459262	0.199273	-3.212287
64333	2.464426	0.203451	-3.226900
64334	2.465250	0.207222	-3.248899
64335	2.467164	0.213751	-3.266478
64336	2.467368	0.219955	-3.272177
64337	2.465256	0.220325	-3.265945
64338	2.465066	0.222920	-3.252771
64339	2.463670	0.221000	-3.243706
64340	2.464346	0.212005	-3.235628
64341	2.461294	0.203385	-3.237076
64342	2.460734	0.193027	-3.255037
64343	2.454757	0.186873	-3.285016
64344	2.450589	0.177502	-3.314286
64345	2.448540	0.165197	-3.345619
64346	2.449555	0.153293	-3.377424
64347	2.453443	0.144492	-3.407051
64348	2.461232	0.134819	-3.430421
64349	2.467578	0.123368	-3.448029
64350	2.478977	0.114013	-3.449128
64351	2.490663	0.107152	-3.436754
64352	2.499558	0.097756	-3.415040
64353	2.506737	0.088937	-3.393026
64354	2.510283	0.076035	-3.386524
64355	2.506428	0.062348	-3.396572
64356	2.503842	0.049175	-3.412469
64357	2.500952	0.037053	-3.431487
64358	2.505475	0.022683	-3.448276
64359	2.509320	0.012579	-3.455057
64360	2.516302	0.003658	-3.454608
64361	2.521989	-0.002673	-3.456940
64362	2.528191	-0.009885	-3.470842
64363	2.535076	-0.015863	-3.484859
64364	2.545705	-0.022220	-3.489366
64365	2.556348	-0.026424	-3.484839
64366	2.575647	-0.032553	-3.466834
64367	2.594498	-0.032628	-3.427214
64368	2.611018	-0.025350	-3.372302
64369	2.623657	-0.019391	-3.319372
64370	2.637630	-0.017100	-3.278442
64371	2.651843	-0.020575	-3.248402
64372	2.661838	-0.029400	-3.231333
64373	2.662121	-0.040144	-3.233637
64374	2.654767	-0.048980	-3.246257
64375	2.646190	-0.061173	-3.271152
64376	2.638447	-0.071580	-3.288303
64377	2.630801	-0.085172	-3.283529
64378	2.622374	-0.092544	-3.261979
64379	2.614822	-0.093487	-3.230507
64380	2.610497	-0.091976	-3.191717
64381	2.605456	-0.094083	-3.141083
64382	2.597334	-0.098349	-3.096967
64383	2.591008	-0.097834	-3.062411
64384	2.582811	-0.101164	-3.022654
64385	2.574370	-0.110267	-2.980284
64386	2.566061	-0.113795	-2.925844
64387	2.553752	-0.115900	-2.863520
64388	2.539659	-0.124069	-2.802601
64389	2.522472	-0.134908	-2.756060
64390	2.506500	-0.152521	-2.712877
64391	2.490503	-0.168295	-2.665121
64392	2.476064	-0.182879	-2.603446
64393	2.466246	-0.195546	-2.527279
64394	2.459479	-0.206136	-2.459117
64395	2.448654	-0.219164	-2.426815
64396	2.428820	-0.234908	-2.429248
64397	2.409931	-0.247295	-2.446947
64398	2.391426	-0.258771	-2.472853
64399	2.379110	-0.270869	-2.504614
64400	2.371651	-0.282990	-2.538563
64401	2.370448	-0.299081	-2.565935
64402	2.371402	-0.312411	-2.585753
64403	2.375887	-0.326480	-2.596871
64404	2.382648	-0.342689	-2.606019
64405	2.390718	-0.360824	-2.620140
64406	2.400326	-0.380519	-2.638492
64407	2.412756	-0.402396	-2.664718
64408	2.425151	-0.429281	-2.695158
64409	2.437099	-0.451559	-2.734090
64410	2.450760	-0.476104	-2.776695
64411	2.465042	-0.498981	-2.816168
64412	2.481800	-0.524689	-2.853143
64413	2.500971	-0.554579	-2.894921
64414	2.515255	-0.581748	-2.939177
64415	2.529782	-0.613450	-2.983362
64416	2.547302	-0.642269	-3.025256
64417	2.560731	-0.667740	-3.059675
64418	2.578659	-0.695660	-3.085636
64419	2.595966	-0.725536	-3.107320
64420	2.611521	-0.754119	-3.132856
64421	2.626196	-0.781850	-3.167146
64422	2.645878	-0.805851	-3.200776
64423	2.665137	-0.830105	-3.237640
64424	2.682060	-0.849719	-3.277299
64425	2.700075	-0.871816	-3.322598
64426	2.714849	-0.892131	-3.372707
64427	2.730662	-0.913639	-3.417478
64428	2.745990	-0.932736	-3.447200
64429	2.758298	-0.948799	-3.469636
64430	2.769119	-0.969277	-3.478151
64431	2.778911	-0.991784	-3.479780
64432	2.783185	-1.009166	-3.478343
64433	2.789979	-1.025329	-3.475422
64434	2.797243	-1.040735	-3.476985
64435	2.803535	-1.056572	-3.487442
64436	2.809431	-1.072583	-3.504699
64437	2.812665	-1.090050	-3.528007
64438	2.820690	-1.108709	-3.553608
64439	2.825910	-1.125165	-3.590568
64440	2.832710	-1.143402	-3.627968
64441	2.839241	-1.155207	-3.662326
64442	2.848428	-1.170089	-3.701195
64443	2.855881	-1.184713	-3.735948
64444	2.868171	-1.195993	-3.762407
64445	2.882787	-1.199255	-3.770274
64446	2.896569	-1.200419	-3.767455
64447	2.909351	-1.199726	-3.758567
64448	2.921982	-1.206292	-3.757916
64449	2.936204	-1.213342	-3.766062
64450	2.952526	-1.221623	-3.784833
64451	2.968388	-1.229253	-3.811113
64452	2.988876	-1.238381	-3.844233
64453	3.013286	-1.245790	-3.879506
64454	3.037178	-1.254256	-3.906293
64455	3.059229	-1.257013	-3.922669
64456	3.083050	-1.259436	-3.931682
64457	3.110803	-1.262102	-3.942257
64458	3.140957	-1.260143	-3.944575
64459	3.167444	-1.257314	-3.944952
64460	3.193994	-1.252034	-3.943628
64461	3.219035	-1.252442	-3.947610
64462	3.235189	-1.255542	-3.964591
64463	3.250444	-1.264038	-3.985104
64464	3.259306	-1.274853	-4.003165
64465	3.265594	-1.288130	-4.023007
64466	3.271783	-1.300165	-4.041246
64467	3.272687	-1.316139	-4.057574
64468	3.270583	-1.333563	-4.068804
64469	3.265691	-1.350247	-4.079318
64470	3.258591	-1.369116	-4.097878
64471	3.249317	-1.386929	-4.114050
64472	3.239063	-1.408118	-4.134047
64473	3.220337	-1.430869	-4.154674
64474	3.202355	-1.459731	-4.185157
64475	3.176475	-1.487668	-4.227235
64476	3.145331	-1.514008	-4.283857
64477	3.104239	-1.548092	-4.360650
64478	3.056647	-1.592678	-4.441378
64479	2.996557	-1.633069	-4.505583
64480	2.930689	-1.674639	-4.549450
64481	2.849727	-1.717891	-4.575998
64482	2.758588	-1.757458	-4.588537
64483	2.649641	-1.803293	-4.591115
64484	2.522769	-1.850301	-4.595575
64485	2.379005	-1.903797	-4.612194
64486	2.217851	-1.964504	-4.631492
64487	2.043197	-2.030445	-4.644799
64488	1.853941	-2.094089	-4.658223
64489	1.647660	-2.160872	-4.661944
64490	1.428354	-2.233275	-4.646503
64491	1.194886	-2.300274	-4.610629
64492	0.949693	-2.366727	-4.564751
64493	0.690761	-2.428469	-4.509976
64494	0.419395	-2.485350	-4.448557
64495	0.136849	-2.535956	-4.383333
64496	-0.150333	-2.580230	-4.314949
64497	-0.443025	-2.626295	-4.255607
64498	-0.742321	-2.671910	-4.218785
64499	-1.048855	-2.717458	-4.201685
64500	-1.360087	-2.749604	-4.187982
64501	-1.671891	-2.772658	-4.190803
64502	-1.998585	-2.792020	-4.204669
64503	-2.332520	-2.809065	-4.214716
64504	-2.682528	-2.830393	-4.209456
64505	-3.049261	-2.850666	-4.208185
64506	-3.469903	-2.869740	-4.228695
64507	-3.962646	-2.868191	-4.281884
64508	-4.518230	-2.851780	-4.354926
64509	-5.114367	-2.827937	-4.453510
64510	-5.727450	-2.804055	-4.591544
64511	-6.345304	-2.789085	-4.770775
64512	-6.962043	-2.775149	-4.976601
64513	-7.549535	-2.789628	-5.146100
64514	-8.078250	-2.826939	-5.261516
64515	-8.535961	-2.890605	-5.280584
64516	-8.949401	-2.902007	-5.095774
64517	-9.337627	-2.795992	-4.714637
64518	-9.732157	-2.602174	-4.199437
64519	-10.155930	-2.368954	-3.638629
64520	-10.643919	-2.124890	-3.083999
64521	-11.236513	-1.859742	-2.642523
64522	-11.931371	-1.554654	-2.400010
64523	-12.693139	-1.210949	-2.332423
64524	-13.518294	-0.940537	-2.397592
64525	-14.373377	-0.797924	-2.551695
64526	-15.242565	-0.702173	-2.690658
64527	-16.155493	-0.586939	-2.815871
64528	-17.151410	-0.456815	-2.929855
64529	-18.231382	-0.302322	-3.063809
64530	-19.386156	-0.101033	-3.177608
64531	-20.582055	0.144435	-3.266908
64532	-21.807224	0.421484	-3.306038
64533	-23.049927	0.717039	-3.291405
64534	-24.305915	1.033160	-3.236241
64535	-25.552837	1.385023	-3.139352
64536	-26.787950	1.767123	-3.041898
64537	-27.981305	2.155468	-2.971233
64538	-29.126533	2.497536	-2.969617
64539	-30.218706	2.740729	-3.030806
64540	-31.268486	2.787496	-3.188206
64541	-32.255215	2.552595	-3.449426
64542	-33.139996	2.066201	-3.777192
64543	-33.903648	1.364226	-4.159415
64544	-34.544648	0.442921	-4.604432
64545	-35.060649	-0.688865	-5.116509
64546	-35.449533	-2.030276	-5.697835
64547	-35.701918	-3.555567	-6.337644
64548	-35.804120	-5.176572	-6.983903
64549	-35.761093	-6.838915	-7.614531
64550	-35.573562	-8.501235	-8.216099
64551	-35.258739	-10.104380	-8.753548
64552	-34.829385	-11.655677	-9.233755
64553	-34.279155	-13.123652	-9.633157
64554	-33.620037	-14.477477	-9.938298
64555	-32.858831	-15.680445	-10.129009
64556	-32.016730	-16.678718	-10.171110
64557	-31.093033	-17.478569	-10.099595
64558	-30.104043	-18.040412	-9.923155
64559	-29.072475	-18.420351	-9.704405
64560	-27.998785	-18.696185	-9.510466
64561	-26.918469	-18.941913	-9.383662
64562	-25.857840	-19.241763	-9.396810
64563	-24.844227	-19.613390	-9.558134
64564	-23.930695	-20.042031	-9.891106
64565	-23.129943	-20.524980	-10.403549
64566	-22.429241	-21.008426	-10.984809
64567	-21.807952	-21.428307	-11.513384
64568	-21.231453	-21.717944	-11.916072
64569	-20.685658	-21.775986	-12.076749
64570	-20.184434	-21.595279	-12.018101
64571	-19.710678	-21.257678	-11.805148
64572	-19.302824	-20.833942	-11.383487
64573	-18.939754	-20.409272	-10.900998
64574	-18.535904	-19.923497	-10.360623
64575	-18.403794	-19.362803	-9.567030
64576	-18.353743	-19.127864	-9.311824
64577	-18.263502	-19.359655	-9.584368
64578	-18.397897	-19.453620	-9.665597
64579	-18.673171	-19.008833	-9.453534
64580	-18.976576	-18.074549	-9.049072
64581	-19.389546	-17.057243	-8.742307
64582	-19.853797	-16.183402	-8.763677
64583	-20.269056	-15.590230	-9.168987
64584	-20.571617	-15.367964	-9.780539
64585	-20.677063	-15.363810	-10.431947
64586	-20.601417	-15.486489	-10.959687
64587	-20.363784	-15.768647	-11.289684
64588	-20.044600	-16.120687	-11.402705
64589	-19.764365	-16.343253	-11.324261
64590	-19.550051	-16.280365	-11.080843
64591	-19.401741	-15.936756	-10.763430
64592	-19.352922	-15.401489	-10.418643
64593	-19.409216	-14.770877	-10.076120
64594	-19.530611	-14.128936	-9.824287
64595	-19.658438	-13.507825	-9.608208
64596	-19.723935	-12.861425	-9.345147
64597	-19.686095	-12.233775	-9.085493
64598	-19.560976	-11.712060	-8.860740
64599	-19.359567	-11.255931	-8.636941
64600	-19.059429	-10.829637	-8.454046
64601	-18.711543	-10.424046	-8.255748
64602	-18.355073	-10.032888	-8.072327
64603	-18.000219	-9.713300	-7.949038
64604	-17.619421	-9.353285	-7.753844
64605	-17.214576	-8.931311	-7.516441
64606	-16.763808	-8.503984	-7.317489
64607	-16.242433	-8.057042	-7.029810
64608	-15.675380	-7.601170	-6.677350
64609	-15.087576	-7.143085	-6.292109
64610	-14.483137	-6.648784	-5.843205
64611	-13.875700	-6.116607	-5.353759
64612	-13.277226	-5.619047	-4.883557
64613	-12.715218	-5.148686	-4.428391
64614	-12.169305	-4.729176	-4.028062
64615	-11.587156	-4.391808	-3.719661
64616	-11.002889	-4.140873	-3.473140
64617	-10.463647	-3.967565	-3.308727
64618	-9.961829	-3.803816	-3.232480
64619	-9.499310	-3.644699	-3.280054
64620	-9.074438	-3.488834	-3.391250
64621	-8.674365	-3.335161	-3.574183
64622	-8.266869	-3.195685	-3.762609
64623	-7.858583	-3.050276	-3.876210
64624	-7.452419	-2.884691	-3.917139
64625	-7.041491	-2.703282	-3.911744
64626	-6.622342	-2.498830	-3.821676
64627	-6.218491	-2.270615	-3.683583
64628	-5.834088	-2.040502	-3.558487
64629	-5.471972	-1.831812	-3.473147
64630	-5.131759	-1.655981	-3.483974
64631	-4.810202	-1.513621	-3.600116
64632	-4.507355	-1.435033	-3.773612
64633	-4.241309	-1.360360	-4.011497
64634	-4.006859	-1.299011	-4.397032
64635	-3.783126	-1.256206	-4.857955
64636	-3.555483	-1.219405	-5.357629
64637	-3.331669	-1.199836	-5.915198
64638	-3.099862	-1.184339	-6.461632
64639	-2.847894	-1.182165	-6.856358
64640	-2.603752	-1.136960	-6.882292
64641	-2.365448	-1.022297	-6.961847
64642	-2.138789	-0.973340	-7.170242
64643	-1.898763	-0.923819	-7.359338
64644	-1.664793	-0.860649	-7.611490
64645	-1.451468	-0.805239	-7.884009
64646	-1.246420	-0.736204	-8.160709
64647	-1.039847	-0.677872	-8.427380
64648	-0.827876	-0.631876	-8.675232
64649	-0.613125	-0.571651	-8.888055
64650	-0.405621	-0.497335	-9.048734
64651	-0.218054	-0.415208	-9.170208
64652	-0.049259	-0.350051	-9.191655
64653	0.106793	-0.253131	-9.132230
64654	0.252416	-0.149167	-9.063363
64655	0.385851	-0.060197	-9.040151
64656	0.505941	0.031517	-9.061869
64657	0.597012	0.122407	-9.124945
64658	0.654897	0.207192	-9.238913
64659	0.687495	0.298791	-9.374411
64660	0.698879	0.386443	-9.503625
64661	0.700525	0.445373	-9.654850
64662	0.699537	0.470507	-9.769363
64663	0.696956	0.459261	-9.717303
64664	0.710350	0.472883	-9.625111
64665	0.705899	0.510980	-9.579815
64666	0.704484	0.587244	-9.507332
64667	0.706820	0.663008	-9.463057
64668	0.694307	0.653055	-9.459004
64669	0.665221	0.653815	-9.473750
64670	0.628328	0.671871	-9.560811
64671	0.585754	0.674244	-9.713197
64672	0.537878	0.644728	-9.892973
64673	0.474306	0.593065	-10.135536
64674	0.399494	0.568437	-10.420995
64675	0.326875	0.546258	-10.704810
64676	0.277619	0.505790	-10.916911
64677	0.248683	0.471389	-11.058035
64678	0.230094	0.464630	-11.164218
64679	0.224509	0.483122	-11.212822
64680	0.238479	0.474356	-11.185691
64681	0.269567	0.445055	-11.089070
64682	0.301633	0.447027	-10.982024
64683	0.334501	0.467171	-10.890726
64684	0.378040	0.482281	-10.798090
64685	0.428554	0.487885	-10.743106
64686	0.468669	0.500502	-10.748981
64687	0.495675	0.522775	-10.804322
64688	0.521388	0.541914	-10.887451
64689	0.550692	0.556532	-10.964045
64690	0.582276	0.561814	-11.020601
64691	0.613826	0.571372	-11.058544
64692	0.653779	0.582032	-11.056193
64693	0.695706	0.594359	-11.023711
64694	0.731056	0.615843	-10.978408
64695	0.760146	0.638194	-10.936212
64696	0.782266	0.660887	-10.911505
64697	0.804226	0.669412	-10.901000
64698	0.824819	0.674127	-10.887816
64699	0.840521	0.686058	-10.886581
64700	0.860636	0.698462	-10.897638
64701	0.875863	0.706230	-10.906080
64702	0.891094	0.712278	-10.903112
64703	0.897163	0.725853	-10.888265
64704	0.902624	0.739165	-10.864335
64705	0.904969	0.737717	-10.830497
64706	0.908028	0.733147	-10.786762
64707	0.901678	0.729566	-10.748649
64708	0.887425	0.727801	-10.726503
64709	0.864176	0.720068	-10.716199
64710	0.837065	0.711988	-10.720308
64711	0.802564	0.707744	-10.732197
64712	0.769870	0.706829	-10.748044
64713	0.733201	0.703826	-10.767659
64714	0.698962	0.695534	-10.783598
64715	0.662889	0.688304	-10.792124
64716	0.630735	0.685094	-10.797393
64717	0.605300	0.683753	-10.795767
64718	0.587665	0.682253	-10.781147
64719	0.570973	0.683792	-10.758333
64720	0.558395	0.690694	-10.736054
64721	0.552312	0.694188	-10.728125
64722	0.552995	0.695302	-10.744632
64723	0.558417	0.690262	-10.780996
64724	0.566336	0.679946	-10.843582
64725	0.576654	0.659454	-10.925113
64726	0.598877	0.640290	-11.010340
64727	0.630477	0.631401	-11.088798
64728	0.666988	0.617776	-11.177422
64729	0.704835	0.609887	-11.269256
64730	0.748381	0.604773	-11.369728
64731	0.791892	0.594889	-11.476888
64732	0.835908	0.581743	-11.588727
64733	0.882931	0.573151	-11.693394
64734	0.932002	0.564339	-11.780015
64735	0.980031	0.556314	-11.855627
64736	1.023345	0.545236	-11.927791
64737	1.063614	0.536213	-12.000517
64738	1.101774	0.527005	-12.078458
64739	1.132227	0.516656	-12.173295
64740	1.158310	0.502812	-12.276858
64741	1.176656	0.490599	-12.379980
64742	1.191115	0.478901	-12.477074
64743	1.205626	0.456420	-12.571680
64744	1.220647	0.433335	-12.648573
64745	1.235179	0.416679	-12.690091
64746	1.244168	0.401385	-12.694682
64747	1.249502	0.395080	-12.693560
64748	1.251284	0.396264	-12.689273
64749	1.254907	0.401316	-12.668057
64750	1.259576	0.408633	-12.622102
64751	1.263668	0.422532	-12.545815
64752	1.272497	0.438063	-12.476764
64753	1.279448	0.446458	-12.435094
64754	1.292123	0.453012	-12.396633
64755	1.305206	0.462647	-12.351133
64756	1.318639	0.479523	-12.297597
64757	1.335166	0.503292	-12.258991
64758	1.355963	0.522035	-12.237446
64759	1.376999	0.540460	-12.226825
64760	1.405328	0.553783	-12.226937
64761	1.432125	0.573998	-12.231437
64762	1.458756	0.595703	-12.247195
64763	1.485713	0.616425	-12.273307
64764	1.513629	0.632467	-12.301755
64765	1.537187	0.647442	-12.326192
64766	1.564901	0.662168	-12.350849
64767	1.582087	0.677244	-12.380248
64768	1.592150	0.688735	-12.418445
64769	1.597627	0.701250	-12.458182
64770	1.598332	0.710023	-12.493882
64771	1.594931	0.718514	-12.533849
64772	1.587004	0.726075	-12.582386
64773	1.574351	0.734040	-12.633104
64774	1.559358	0.736305	-12.697608
64775	1.537455	0.733384	-12.780690
64776	1.514838	0.730681	-12.872455
64777	1.486913	0.728682	-12.977696
64778	1.460496	0.725852	-13.092796
64779	1.442521	0.728872	-13.199252
64780	1.436626	0.738710	-13.259551
64781	1.440965	0.756982	-13.268209
64782	1.448357	0.777317	-13.253829
64783	1.457873	0.796658	-13.239372
64784	1.468038	0.818467	-13.228678
64785	1.477999	0.839369	-13.230759
64786	1.483581	0.861539	-13.254671
64787	1.488221	0.881707	-13.293816
64788	1.493200	0.899236	-13.333138
64789	1.497314	0.914770	-13.360352
64790	1.505006	0.930533	-13.371731
64791	1.515856	0.943449	-13.365551
64792	1.525984	0.958796	-13.350113
64793	1.528879	0.970388	-13.332102
64794	1.526370	0.978829	-13.330244
64795	1.515472	0.983392	-13.338939
64796	1.500783	0.983626	-13.353385
64797	1.483960	0.985838	-13.378759
64798	1.472173	0.991526	-13.405610
64799	1.455581	1.002218	-13.412726
64800	1.437937	1.016664	-13.411721
64801	1.416242	1.032217	-13.392642
64802	1.398614	1.048107	-13.369290
64803	1.383994	1.062936	-13.347330
64804	1.370210	1.071831	-13.327756
64805	1.354874	1.079289	-13.312428
64806	1.342447	1.088025	-13.296978
64807	1.334761	1.097973	-13.285710
64808	1.327804	1.103926	-13.277327
64809	1.321410	1.112451	-13.270241
64810	1.315131	1.118588	-13.277275
64811	1.308423	1.123260	-13.297717
64812	1.305074	1.126443	-13.311916
64813	1.302557	1.130674	-13.317371
64814	1.300894	1.139163	-13.325907
64815	1.297426	1.139889	-13.338992
64816	1.299548	1.145843	-13.351670
64817	1.300740	1.150010	-13.357289
64818	1.301692	1.150814	-13.355996
64819	1.305162	1.152398	-13.348882
64820	1.310670	1.153573	-13.344729
64821	1.317067	1.157224	-13.340675
64822	1.328158	1.159231	-13.334496
64823	1.336399	1.162498	-13.328314
64824	1.339487	1.166581	-13.319653
64825	1.342635	1.168250	-13.313735
64826	1.347978	1.169552	-13.314632
64827	1.350330	1.167769	-13.320197
64828	1.352916	1.167051	-13.321886
64829	1.358314	1.170056	-13.308098
64830	1.365429	1.177395	-13.276558
64831	1.376883	1.188337	-13.237510
64832	1.384714	1.196207	-13.207999
64833	1.390966	1.198358	-13.191255
64834	1.397154	1.198617	-13.180290
64835	1.404883	1.199910	-13.167094
64836	1.413503	1.202266	-13.156534
64837	1.420223	1.204542	-13.151345
64838	1.431049	1.207865	-13.146302
64839	1.437966	1.211459	-13.144906
64840	1.449479	1.211770	-13.154833
64841	1.458391	1.210732	-13.163688
64842	1.466413	1.207216	-13.172443
64843	1.474526	1.201831	-13.179455
64844	1.479814	1.196116	-13.180101
64845	1.488205	1.193132	-13.181947
64846	1.491323	1.189348	-13.194754
64847	1.497349	1.183412	-13.217911
64848	1.502169	1.181555	-13.246902
64849	1.507864	1.176433	-13.275695
64850	1.512701	1.174576	-13.304690
64851	1.522095	1.173872	-13.333998
64852	1.534683	1.177025	-13.366936
64853	1.544450	1.177680	-13.403904
64854	1.552902	1.172163	-13.442172
64855	1.557800	1.166605	-13.473972
64856	1.567404	1.158886	-13.508156
64857	1.570242	1.151130	-13.538398
64858	1.572683	1.139437	-13.562333
64859	1.574878	1.125019	-13.572397
64860	1.583008	1.115962	-13.558564
64861	1.592744	1.109535	-13.529052
64862	1.600867	1.105300	-13.502204
64863	1.606692	1.103522	-13.477945
64864	1.614942	1.103988	-13.464233
64865	1.619772	1.104105	-13.461285
64866	1.624980	1.099803	-13.466932
64867	1.627441	1.094798	-13.472062
64868	1.632600	1.094245	-13.473660
64869	1.636216	1.093293	-13.470521
64870	1.639315	1.090168	-13.452705
64871	1.643715	1.084716	-13.424543
64872	1.650578	1.076136	-13.393213
64873	1.654060	1.067740	-13.368174
64874	1.659296	1.062317	-13.351598
64875	1.662103	1.055740	-13.346644
64876	1.664958	1.046113	-13.351452
64877	1.665912	1.036395	-13.361671
64878	1.665380	1.026924	-13.374008
64879	1.666691	1.017843	-13.387423
64880	1.669707	1.013282	-13.391973
64881	1.677805	1.009622	-13.390650
64882	1.686331	1.007634	-13.384796
64883	1.693118	1.004880	-13.383720
64884	1.699702	1.000941	-13.389020
64885	1.706126	0.998457	-13.398073
64886	1.713810	0.992694	-13.417100
64887	1.718793	0.988196	-13.439981
64888	1.721350	0.986784	-13.468456
64889	1.726539	0.983629	-13.495119
64890	1.732711	0.983188	-13.510956
64891	1.738530	0.981921	-13.513401
64892	1.745849	0.978157	-13.502926
64893	1.752724	0.976999	-13.488438
64894	1.758651	0.977141	-13.469785
64895	1.761296	0.976257	-13.461371
64896	1.763726	0.974409	-13.468183
64897	1.762495	0.969587	-13.482061
64898	1.758584	0.965289	-13.497808
64899	1.750371	0.958010	-13.514013
64900	1.740576	0.948490	-13.532581
64901	1.725180	0.938118	-13.551920
64902	1.713906	0.923140	-13.571104
64903	1.702829	0.908754	-13.588404
64904	1.696441	0.892233	-13.608114
64905	1.687551	0.870345	-13.621934
64906	1.680328	0.846198	-13.635513
64907	1.672942	0.822394	-13.661802
64908	1.669081	0.795731	-13.708106
64909	1.669718	0.764774	-13.768404
64910	1.665546	0.731805	-13.847449
64911	1.654305	0.694877	-13.946159
64912	1.645633	0.655019	-14.055733
64913	1.638600	0.614352	-14.167650
64914	1.633968	0.570543	-14.277654
64915	1.627888	0.525092	-14.383024
64916	1.621140	0.479456	-14.479227
64917	1.613505	0.433152	-14.559352
64918	1.612627	0.383983	-14.625851
64919	1.608698	0.339699	-14.679298
64920	1.602248	0.289299	-14.729931
64921	1.593608	0.234907	-14.778399
64922	1.585071	0.176563	-14.828299
64923	1.570471	0.115751	-14.885923
64924	1.552751	0.049733	-14.952494
64925	1.525829	-0.018269	-15.024666
64926	1.494438	-0.084981	-15.101360
64927	1.459762	-0.155409	-15.180588
64928	1.419043	-0.228833	-15.261035
64929	1.370581	-0.302144	-15.336987
64930	1.314309	-0.376970	-15.411147
64931	1.245382	-0.451497	-15.480457
64932	1.168825	-0.528271	-15.547174
64933	1.081898	-0.610783	-15.615541
64934	0.986191	-0.701713	-15.686330
64935	0.873663	-0.799180	-15.760095
64936	0.740366	-0.901287	-15.839101
64937	0.602417	-1.006405	-15.918183
64938	0.452691	-1.108222	-15.990740
64939	0.288398	-1.205836	-16.047397
64940	0.110330	-1.303052	-16.085038
64941	-0.084927	-1.387303	-16.096273
64942	-0.301120	-1.462819	-16.090939
64943	-0.538002	-1.536676	-16.080834
64944	-0.805295	-1.611091	-16.069286
64945	-1.106324	-1.685577	-16.052313
64946	-1.458686	-1.758575	-16.034803
64947	-1.856080	-1.827333	-16.015228
64948	-2.306106	-1.890766	-15.998304
64949	-2.819623	-1.942799	-16.009975
64950	-3.392075	-1.994620	-16.046764
64951	-4.023471	-2.033322	-16.115876
64952	-4.712578	-2.061621	-16.168645
64953	-5.426721	-2.089956	-16.188249
64954	-6.142882	-2.141475	-16.152729
64955	-6.866014	-2.220425	-16.055651
64956	-7.597296	-2.287002	-15.852441
64957	-8.318810	-2.322486	-15.527955
64958	-9.051830	-2.332489	-15.059298
64959	-9.817728	-2.309625	-14.450958
64960	-10.660466	-2.202544	-13.743844
64961	-11.607436	-1.976021	-12.953711
64962	-12.662967	-1.623341	-12.142407
64963	-13.770365	-1.164516	-11.392246
64964	-14.920303	-0.704516	-10.781047
64965	-16.085071	-0.328806	-10.334462
64966	-17.238541	-0.013330	-9.995046
64967	-18.388427	0.286748	-9.748327
64968	-19.577822	0.557233	-9.616628
64969	-20.803162	0.786099	-9.611736
64970	-22.059716	0.963834	-9.700949
64971	-23.349048	1.091478	-9.859657
64972	-24.656525	1.182375	-10.023971
64973	-25.955498	1.269017	-10.130284
64974	-27.222195	1.412764	-10.126072
64975	-28.441112	1.650959	-9.989056
64976	-29.605154	2.023964	-9.731759
64977	-30.694677	2.523751	-9.387455
64978	-31.703647	3.123354	-8.999459
64979	-32.618164	3.756828	-8.599526
64980	-33.440087	4.343626	-8.233348
64981	-34.153379	4.814899	-7.944576
64982	-34.751254	5.151578	-7.723781
64983	-35.253061	5.282990	-7.589046
64984	-35.689723	5.107728	-7.559412
64985	-36.070670	4.599444	-7.627058
64986	-36.381580	3.792898	-7.769195
64987	-36.613552	2.736549	-7.957454
64988	-36.753448	1.495524	-8.160601
64989	-36.778403	0.126737	-8.353125
64990	-36.676634	-1.303818	-8.506167
64991	-36.456853	-2.816018	-8.634153
64992	-36.101456	-4.325028	-8.702202
64993	-35.623692	-5.779486	-8.713442
64994	-35.013271	-7.113313	-8.664624
64995	-34.291183	-8.323815	-8.560782
64996	-33.476187	-9.457545	-8.438869
64997	-32.584533	-10.522399	-8.306325
64998	-31.638453	-11.519621	-8.178032
64999	-30.643571	-12.479554	-8.094939
65000	-29.613705	-13.421761	-8.068106
65001	-28.577829	-14.348344	-8.112311
65002	-27.575431	-15.299493	-8.270211
65003	-26.602778	-16.284117	-8.550578
65004	-25.672652	-17.217691	-8.902123
65005	-24.812005	-18.080737	-9.314349
65006	-24.002221	-18.875657	-9.773980
65007	-23.252347	-19.540437	-10.196635
65008	-22.556457	-20.050820	-10.572052
65009	-21.899429	-20.393393	-10.885685
65010	-21.294159	-20.581726	-11.109436
65011	-20.738020	-20.626935	-11.244659
65012	-20.235698	-20.501005	-11.269364
65013	-19.802058	-20.253536	-11.214599
65014	-19.422617	-19.968614	-11.146556
65015	-19.100354	-19.664137	-11.007078
65016	-18.809410	-19.342976	-10.811851
65017	-18.417704	-19.105895	-10.522900
65018	-18.001933	-19.604548	-10.257206
65019	-18.128056	-20.014544	-9.778338
65020	-18.436233	-19.774010	-9.874258
65021	-18.880918	-19.455035	-10.139728
65022	-19.249121	-18.473989	-9.779501
65023	-19.459570	-17.111082	-9.338825
65024	-19.630586	-16.243444	-9.151036
65025	-19.849464	-15.625451	-9.089025
65026	-20.016672	-15.148284	-9.387351
65027	-20.085996	-14.996425	-9.815824
65028	-20.004187	-15.046529	-10.217722
65029	-19.726215	-15.096234	-10.558438
65030	-19.325239	-15.188767	-10.837795
65031	-18.956455	-15.235023	-10.977968
65032	-18.683644	-15.110640	-11.019429
65033	-18.512585	-14.824097	-10.987291
65034	-18.409662	-14.384477	-10.872327
65035	-18.334748	-13.844932	-10.729320
65036	-18.251554	-13.261596	-10.545630
65037	-18.144646	-12.665072	-10.354951
65038	-17.998071	-12.108505	-10.194507
65039	-17.805256	-11.580692	-9.996607
65040	-17.564582	-11.080158	-9.788315
65041	-17.264745	-10.646392	-9.607313
65042	-16.927807	-10.213439	-9.368607
65043	-16.560631	-9.818557	-9.164771
65044	-16.179268	-9.499815	-8.980740
65045	-15.790662	-9.171346	-8.746145
65046	-15.371589	-8.808948	-8.482029
65047	-14.950475	-8.431370	-8.131977
65048	-14.500546	-8.044095	-7.788448
65049	-14.035374	-7.648982	-7.396377
65050	-13.557283	-7.228469	-6.915984
65051	-13.038602	-6.743963	-6.357344
65052	-12.492286	-6.257294	-5.733851
65053	-11.920258	-5.844588	-5.119591
65054	-11.313686	-5.480818	-4.500125
65055	-10.734816	-5.183702	-3.927930
65056	-10.175860	-4.919004	-3.452786
65057	-9.658536	-4.677794	-3.102863
65058	-9.163795	-4.428643	-2.854466
65059	-8.677541	-4.243812	-2.750630
65060	-8.149439	-4.169129	-2.715270
65061	-7.608989	-4.106129	-2.734442
65062	-7.103661	-4.027484	-2.742413
65063	-6.612871	-3.858109	-2.713113
65064	-6.127942	-3.650064	-2.647095
65065	-5.652155	-3.433894	-2.495041
65066	-5.182945	-3.159760	-2.317034
65067	-4.721220	-2.856787	-2.094917
65068	-4.292131	-2.598293	-1.857641
65069	-3.869956	-2.349324	-1.631731
65070	-3.474417	-2.150958	-1.469695
65071	-3.100534	-1.994248	-1.405002
65072	-2.727292	-1.888682	-1.449516
65073	-2.359560	-1.817515	-1.623959
65074	-1.984137	-1.782726	-1.971467
65075	-1.608339	-1.756527	-2.305772
65076	-1.234907	-1.689067	-2.637609
65077	-0.868314	-1.609749	-2.928351
65078	-0.513542	-1.532203	-3.181621
65079	-0.150121	-1.453669	-3.455123
65080	0.220200	-1.396803	-3.721937
65081	0.583994	-1.331391	-3.951775
65082	0.942192	-1.252475	-4.192807
65083	1.295125	-1.186452	-4.423453
65084	1.639637	-1.105627	-4.605602
65085	1.971022	-1.006459	-4.780299
65086	2.294540	-0.912813	-4.938695
65087	2.602334	-0.817117	-5.079299
65088	2.898442	-0.689691	-5.202352
65089	3.168400	-0.551952	-5.419070
65090	3.412424	-0.409226	-5.672778
65091	3.608449	-0.266194	-5.953273
65092	3.773789	-0.119180	-6.308484
65093	3.910499	0.017631	-6.693643
65094	4.021834	0.134168	-7.076967
65095	4.105350	0.237412	-7.478703
65096	4.168935	0.325910	-7.896188
65097	4.226773	0.428403	-8.253455
65098	4.266529	0.503944	-8.533834
65099	4.268204	0.515441	-8.795716
65100	4.235498	0.473052	-8.960076
65101	4.159566	0.464271	-9.055892
65102	4.070485	0.544655	-9.061694
65103	4.019760	0.621098	-9.106853
65104	4.034302	0.595767	-9.279201
65105	4.044634	0.492984	-9.494777
65106	3.984867	0.372026	-9.739664
65107	3.882252	0.308601	-9.970319
65108	3.764553	0.283427	-10.203760
65109	3.678180	0.286235	-10.336699
65110	3.610232	0.288809	-10.383098
65111	3.553172	0.276225	-10.478597
65112	3.498044	0.257126	-10.594151
65113	3.452604	0.238973	-10.685035
65114	3.422832	0.238000	-10.787188
65115	3.397860	0.245952	-10.894298
65116	3.373801	0.252151	-10.965928
65117	3.367078	0.263250	-10.987609
65118	3.377961	0.267711	-10.972959
65119	3.401825	0.264950	-10.920362
65120	3.427904	0.271341	-10.820280
65121	3.441030	0.285612	-10.676965
65122	3.428279	0.299121	-10.537846
65123	3.401999	0.301926	-10.439855
65124	3.363952	0.291397	-10.385481
65125	3.321367	0.269030	-10.378889
65126	3.263384	0.236033	-10.435280
65127	3.196292	0.193407	-10.540693
65128	3.120776	0.148931	-10.660762
65129	3.034594	0.103556	-10.777654
65130	2.943033	0.054457	-10.895313
65131	2.851534	0.005762	-11.004541
65132	2.759159	-0.037956	-11.094571
65133	2.664854	-0.076027	-11.162611
65134	2.567492	-0.107909	-11.211546
65135	2.476423	-0.135559	-11.248245
65136	2.402679	-0.159904	-11.270933
65137	2.346556	-0.182999	-11.307292
65138	2.313522	-0.205831	-11.356769
65139	2.288884	-0.223003	-11.414915
65140	2.258015	-0.232899	-11.488311
65141	2.221504	-0.237804	-11.579831
65142	2.183707	-0.235374	-11.681402
65143	2.143782	-0.227962	-11.781546
65144	2.104470	-0.226055	-11.882133
65145	2.069887	-0.226615	-11.971264
65146	2.036626	-0.231191	-12.046247
65147	2.003454	-0.232684	-12.111520
65148	1.967881	-0.227454	-12.177077
65149	1.924914	-0.216448	-12.257125
65150	1.879036	-0.200458	-12.343187
65151	1.827749	-0.190223	-12.436592
65152	1.773973	-0.182118	-12.539693
65153	1.728874	-0.173797	-12.644254
65154	1.687125	-0.165146	-12.747027
65155	1.648767	-0.152732	-12.844704
65156	1.613850	-0.132920	-12.940885
65157	1.577120	-0.110930	-13.028270
65158	1.547130	-0.090166	-13.093742
65159	1.522329	-0.071291	-13.140838
65160	1.502425	-0.047296	-13.174806
65161	1.481951	-0.027342	-13.182108
65162	1.462742	-0.004258	-13.164038
65163	1.446870	0.029196	-13.148183
65164	1.427247	0.062286	-13.151833
65165	1.404882	0.093113	-13.178572
65166	1.379402	0.118406	-13.232885
65167	1.346344	0.141058	-13.311707
65168	1.312873	0.156044	-13.397166
65169	1.280813	0.167409	-13.468512
65170	1.253016	0.184059	-13.526568
65171	1.225910	0.207050	-13.585798
65172	1.194987	0.240890	-13.646139
65173	1.158107	0.279778	-13.708703
65174	1.123933	0.306566	-13.780127
65175	1.086515	0.325689	-13.853096
65176	1.056826	0.338017	-13.917992
65177	1.026279	0.353720	-13.980656
65178	0.994813	0.370148	-14.047511
65179	0.960345	0.389796	-14.123754
65180	0.928340	0.410159	-14.205634
65181	0.891001	0.428971	-14.287637
65182	0.857927	0.450013	-14.364797
65183	0.828227	0.469736	-14.429469
65184	0.797899	0.488109	-14.479998
65185	0.772599	0.500419	-14.516709
65186	0.751246	0.515668	-14.536352
65187	0.732721	0.540628	-14.540992
65188	0.708897	0.566469	-14.543046
65189	0.681099	0.587373	-14.545035
65190	0.655583	0.605192	-14.540019
65191	0.630243	0.623696	-14.529308
65192	0.602092	0.642631	-14.520449
65193	0.575841	0.658777	-14.517287
65194	0.546449	0.668402	-14.525746
65195	0.513838	0.674865	-14.527219
65196	0.482281	0.681649	-14.512956
65197	0.449969	0.690586	-14.487612
65198	0.423061	0.698438	-14.466119
65199	0.398433	0.702799	-14.444687
65200	0.374315	0.709519	-14.430920
65201	0.350730	0.713078	-14.423167
65202	0.331227	0.715761	-14.415115
65203	0.313982	0.718162	-14.411459
65204	0.295434	0.720672	-14.408745
65205	0.277046	0.725843	-14.404717
65206	0.258059	0.730992	-14.399250
65207	0.238677	0.736989	-14.394323
65208	0.224334	0.741916	-14.394433
65209	0.210896	0.738498	-14.403386
65210	0.200530	0.735647	-14.415572
65211	0.191965	0.733244	-14.425002
65212	0.187497	0.728666	-14.434178
65213	0.179542	0.722950	-14.445787
65214	0.176390	0.714934	-14.454760
65215	0.172590	0.710379	-14.456462
65216	0.175056	0.709656	-14.450550
65217	0.180753	0.707192	-14.445495
65218	0.187845	0.704968	-14.445202
65219	0.194294	0.701707	-14.446101
65220	0.202713	0.697321	-14.445564
65221	0.212586	0.697266	-14.443333
65222	0.227686	0.698682	-14.437151
65223	0.243435	0.694349	-14.432005
65224	0.256341	0.692973	-14.424766
65225	0.269181	0.694916	-14.429548
65226	0.276897	0.692555	-14.448555
65227	0.281827	0.686988	-14.475987
65228	0.289742	0.678197	-14.502937
65229	0.297572	0.668272	-14.524837
65230	0.308111	0.662842	-14.547183
65231	0.317935	0.658317	-14.562339
65232	0.325210	0.650306	-14.574429
65233	0.331555	0.643237	-14.584382
65234	0.337107	0.631070	-14.598130
65235	0.341378	0.618634	-14.610976
65236	0.344418	0.606290	-14.624769
65237	0.347395	0.598570	-14.637769
65238	0.346800	0.599046	-14.638096
65239	0.345746	0.597833	-14.639043
65240	0.341878	0.585475	-14.655012
65241	0.335926	0.572994	-14.668598
65242	0.333078	0.561741	-14.668176
65243	0.329094	0.554033	-14.657807
65244	0.323504	0.548423	-14.632273
65245	0.316325	0.546447	-14.594125
65246	0.312666	0.544980	-14.549121
65247	0.307554	0.540714	-14.508360
65248	0.300703	0.536623	-14.478639
65249	0.291067	0.531874	-14.466165
65250	0.283175	0.525401	-14.452872
65251	0.276780	0.516223	-14.433679
65252	0.268717	0.503394	-14.416745
65253	0.257371	0.497038	-14.405831
65254	0.243731	0.496102	-14.399247
65255	0.237038	0.490793	-14.393881
65256	0.228317	0.480623	-14.392003
65257	0.220685	0.474192	-14.394107
65258	0.212841	0.470252	-14.393492
65259	0.205781	0.469475	-14.393616
65260	0.200132	0.468323	-14.394068
65261	0.195975	0.463153	-14.401431
65262	0.183032	0.456922	-14.418169
65263	0.172362	0.449737	-14.434877
65264	0.161104	0.439991	-14.450227
65265	0.150131	0.429668	-14.463774
65266	0.139880	0.419087	-14.480029
65267	0.125992	0.406720	-14.499316
65268	0.110838	0.395745	-14.519494
65269	0.096852	0.384669	-14.534876
65270	0.082642	0.374814	-14.547581
65271	0.070823	0.365285	-14.551306
65272	0.056667	0.361237	-14.546596
65273	0.048011	0.355003	-14.539490
65274	0.041934	0.349472	-14.532962
65275	0.033053	0.343263	-14.530904
65276	0.024479	0.336223	-14.537216
65277	0.015372	0.330031	-14.540205
65278	0.004347	0.326019	-14.541990
65279	-0.001714	0.319271	-14.543185
65280	-0.006739	0.307108	-14.546060
65281	-0.016127	0.301610	-14.545761
65282	-0.023587	0.296314	-14.543986
65283	-0.033111	0.288297	-14.539910
65284	-0.040363	0.279148	-14.533206
65285	-0.042980	0.269869	-14.527025
65286	-0.047116	0.259472	-14.526863
65287	-0.053629	0.247631	-14.538312
65288	-0.057305	0.235130	-14.558105
65289	-0.065417	0.226090	-14.579277
65290	-0.071281	0.216531	-14.602263
65291	-0.075473	0.206145	-14.618693
65292	-0.079585	0.196290	-14.635734
65293	-0.082891	0.187666	-14.649132
65294	-0.085073	0.181969	-14.659495
65295	-0.085243	0.175381	-14.662114
65296	-0.084823	0.167335	-14.663621
65297	-0.084639	0.164525	-14.664935
65298	-0.082431	0.158672	-14.673191
65299	-0.082033	0.152552	-14.686783
65300	-0.077432	0.146922	-14.691155
65301	-0.071259	0.142431	-14.680600
65302	-0.068128	0.143584	-14.663984
65303	-0.062722	0.138624	-14.647511
65304	-0.057896	0.136270	-14.629510
65305	-0.049739	0.134024	-14.607879
65306	-0.044257	0.130891	-14.591979
65307	-0.043850	0.125492	-14.588331
65308	-0.040950	0.118240	-14.594254
65309	-0.036254	0.111377	-14.597456
65310	-0.030603	0.108124	-14.598189
65311	-0.028886	0.105026	-14.598614
65312	-0.029490	0.103548	-14.603488
65313	-0.029807	0.097611	-14.606674
65314	-0.027233	0.092423	-14.596503
65315	-0.024837	0.085431	-14.581910
65316	-0.023007	0.078422	-14.578631
65317	-0.019935	0.070576	-14.578922
65318	-0.020022	0.061966	-14.582238
65319	-0.020744	0.055423	-14.591135
65320	-0.018874	0.048339	-14.600627
65321	-0.016713	0.041911	-14.608245
65322	-0.014316	0.034099	-14.615977
65323	-0.012805	0.027164	-14.621628
65324	-0.010357	0.017445	-14.624968
65325	-0.009130	0.009944	-14.627246
65326	-0.006632	-0.000402	-14.626153
65327	-0.008529	-0.009212	-14.622054
65328	-0.007156	-0.016123	-14.616109
65329	-0.006945	-0.025291	-14.604827
65330	-0.007302	-0.035027	-14.587698
65331	-0.008816	-0.043167	-14.565150
65332	-0.010422	-0.050707	-14.539348
65333	-0.013097	-0.056067	-14.516380
65334	-0.014396	-0.065607	-14.493909
65335	-0.018297	-0.073982	-14.475270
65336	-0.019642	-0.085460	-14.457314
65337	-0.020480	-0.091837	-14.436692
65338	-0.019593	-0.097310	-14.415275
65339	-0.018391	-0.104699	-14.392190
65340	-0.013048	-0.110978	-14.364259
65341	-0.004160	-0.117859	-14.332282
65342	-0.000383	-0.121958	-14.309632
65343	0.007586	-0.124936	-14.297664
65344	0.016711	-0.130765	-14.291081
65345	0.027734	-0.136924	-14.289968
65346	0.041034	-0.142974	-14.299111
65347	0.053347	-0.150740	-14.314961
65348	0.067598	-0.159553	-14.329538
65349	0.081489	-0.166953	-14.340199
65350	0.100793	-0.174093	-14.341958
65351	0.117100	-0.177384	-14.335708
65352	0.136350	-0.182561	-14.329099
65353	0.153716	-0.187345	-14.319469
65354	0.172856	-0.192495	-14.309007
65355	0.189592	-0.195228	-14.297118
65356	0.208273	-0.196445	-14.283858
65357	0.226009	-0.197458	-14.272941
65358	0.245462	-0.200773	-14.265688
65359	0.262981	-0.200475	-14.259712
65360	0.281443	-0.205531	-14.251634
65361	0.296672	-0.206702	-14.240790
65362	0.312325	-0.204811	-14.229214
65363	0.330398	-0.203988	-14.221508
65364	0.349817	-0.205404	-14.218650
65365	0.366228	-0.208131	-14.220938
65366	0.380289	-0.209191	-14.227567
65367	0.395361	-0.213607	-14.242592
65368	0.410306	-0.216772	-14.259089
65369	0.427144	-0.220238	-14.268321
65370	0.444224	-0.222508	-14.277669
65371	0.458820	-0.225579	-14.290415
65372	0.471746	-0.228991	-14.307052
65373	0.482601	-0.233324	-14.328477
65374	0.492648	-0.239391	-14.345122
65375	0.501644	-0.245880	-14.358453
65376	0.509695	-0.250914	-14.367539
65377	0.517175	-0.255197	-14.373286
65378	0.524271	-0.258767	-14.383355
65379	0.528813	-0.265714	-14.398013
65380	0.532859	-0.273843	-14.413855
65381	0.534313	-0.278888	-14.433952
65382	0.540331	-0.285471	-14.455980
65383	0.544129	-0.293514	-14.478243
65384	0.545091	-0.297209	-14.491869
65385	0.544922	-0.301962	-14.501459
65386	0.542745	-0.309548	-14.509960
65387	0.542332	-0.315526	-14.518482
65388	0.543908	-0.322539	-14.529190
