// General information: 
//  MT Manager version: 2021.4.0 
//  XDA version: 2021.4.0 build 6323 rev 112641 built on 2021-09-28
// Device information: 
//  DeviceId: 00B43773
//  ProductCode: MTW2-3A7G6
//  Firmware Version: 4.3.4
//  Hardware Version: 1.1.0
// Device settings: 
//  Filter Profile: human(46.1)
//  Option Flags: Orientation Smoother Disabled, Position/Velocity Smoother Disabled, Continuous Zero Rotation Update Disabled, AHS Disabled, ICC Disabled
// Coordinate system: ENU
PacketCounter	Roll	Pitch	Yaw
51354	0.588583	2.220733	-0.222541
51355	0.589263	2.223188	-0.226681
51356	0.589203	2.225125	-0.228187
51357	0.590428	2.227030	-0.224771
51358	0.588797	2.227502	-0.226463
51359	0.587724	2.228050	-0.228453
51360	0.586914	2.226474	-0.229683
51361	0.587446	2.227567	-0.226557
51362	0.588581	2.229212	-0.227739
51363	0.590259	2.230790	-0.228365
51364	0.590833	2.229801	-0.229341
51365	0.592817	2.229820	-0.221113
51366	0.590759	2.229567	-0.221543
51367	0.591269	2.227657	-0.219250
51368	0.589398	2.228282	-0.219748
51369	0.586398	2.229205	-0.220730
51370	0.583414	2.232827	-0.222518
51371	0.581337	2.238209	-0.222014
51372	0.580163	2.243143	-0.224811
51373	0.579970	2.244962	-0.230916
51374	0.579615	2.248084	-0.230103
51375	0.580547	2.247800	-0.230225
51376	0.581120	2.246812	-0.231201
51377	0.583290	2.246877	-0.237600
51378	0.584394	2.244788	-0.238943
51379	0.585132	2.244566	-0.242709
51380	0.584646	2.245543	-0.246101
51381	0.586941	2.246718	-0.250288
51382	0.585416	2.245129	-0.254233
51383	0.584172	2.249354	-0.250153
51384	0.583362	2.247778	-0.251386
51385	0.582198	2.250947	-0.252575
51386	0.578412	2.252086	-0.252966
51387	0.575737	2.252978	-0.252379
51388	0.573304	2.250968	-0.252674
51389	0.568149	2.247597	-0.255613
51390	0.565663	2.246618	-0.254783
51391	0.563671	2.245343	-0.259555
51392	0.558980	2.245826	-0.259443
51393	0.554586	2.245827	-0.262556
51394	0.547798	2.245708	-0.265413
51395	0.541500	2.244306	-0.268087
51396	0.535297	2.242055	-0.272434
51397	0.529882	2.241076	-0.286371
51398	0.524530	2.240511	-0.290097
51399	0.517787	2.241433	-0.292140
51400	0.512994	2.243504	-0.296074
51401	0.509097	2.246536	-0.296614
51402	0.506404	2.248972	-0.300727
51403	0.501625	2.250069	-0.305965
51404	0.496454	2.250619	-0.306615
51405	0.490416	2.244447	-0.314167
51406	0.481443	2.232752	-0.317318
51407	0.468105	2.216468	-0.322369
51408	0.450184	2.191696	-0.332321
51409	0.429447	2.161256	-0.336080
51410	0.403057	2.123576	-0.348905
51411	0.373866	2.079778	-0.365756
51412	0.340587	2.030656	-0.381242
51413	0.306579	1.979704	-0.395978
51414	0.275331	1.936746	-0.409198
51415	0.245997	1.901301	-0.414723
51416	0.217759	1.867863	-0.427174
51417	0.194239	1.838046	-0.434710
51418	0.171500	1.811723	-0.444863
51419	0.153263	1.793586	-0.452659
51420	0.137013	1.781713	-0.458719
51421	0.120025	1.762272	-0.467079
51422	0.092202	1.726061	-0.477730
51423	0.056141	1.672320	-0.485516
51424	0.014266	1.605925	-0.500508
51425	-0.030854	1.533084	-0.524692
51426	-0.076680	1.462077	-0.540541
51427	-0.119542	1.404551	-0.547554
51428	-0.163018	1.354475	-0.561767
51429	-0.200272	1.313331	-0.573203
51430	-0.232885	1.279309	-0.583809
51431	-0.258731	1.255568	-0.594407
51432	-0.280908	1.240610	-0.600045
51433	-0.296340	1.232234	-0.605244
51434	-0.309170	1.230829	-0.608629
51435	-0.320274	1.232710	-0.611518
51436	-0.327632	1.238424	-0.612684
51437	-0.330930	1.244731	-0.617815
51438	-0.334333	1.251335	-0.618179
51439	-0.335250	1.260153	-0.616872
51440	-0.337859	1.273212	-0.615383
51441	-0.338997	1.289765	-0.610654
51442	-0.338641	1.308609	-0.608625
51443	-0.337776	1.329257	-0.605216
51444	-0.335178	1.354112	-0.602206
51445	-0.334529	1.377497	-0.597254
51446	-0.331764	1.399501	-0.594451
51447	-0.330760	1.422777	-0.591452
51448	-0.326364	1.445213	-0.589596
51449	-0.323497	1.470112	-0.583380
51450	-0.320027	1.496410	-0.582905
51451	-0.315207	1.522666	-0.577493
51452	-0.308070	1.550799	-0.577035
51453	-0.297616	1.578374	-0.572241
51454	-0.285762	1.606396	-0.569367
51455	-0.272004	1.631910	-0.570061
51456	-0.255986	1.657187	-0.564540
51457	-0.241797	1.681165	-0.558197
51458	-0.227879	1.706078	-0.552477
51459	-0.215455	1.725729	-0.548054
51460	-0.207774	1.736275	-0.544413
51461	-0.206189	1.736274	-0.539069
51462	-0.206476	1.729853	-0.540761
51463	-0.209432	1.725135	-0.540088
51464	-0.209534	1.719592	-0.541854
51465	-0.210345	1.715188	-0.541507
51466	-0.209007	1.713184	-0.540861
51467	-0.207530	1.711987	-0.542288
51468	-0.204914	1.712391	-0.542300
51469	-0.204482	1.712368	-0.543987
51470	-0.199949	1.712260	-0.544111
51471	-0.199583	1.714314	-0.543710
51472	-0.196308	1.715531	-0.543038
51473	-0.192017	1.719386	-0.537453
51474	-0.188909	1.723460	-0.536570
51475	-0.186585	1.727885	-0.532218
51476	-0.183067	1.732930	-0.529456
51477	-0.181631	1.738185	-0.531049
51478	-0.177249	1.748655	-0.527540
51479	-0.174425	1.759831	-0.527443
51480	-0.169423	1.771898	-0.525274
51481	-0.165981	1.788990	-0.521457
51482	-0.161249	1.805735	-0.519982
51483	-0.157024	1.824645	-0.513896
51484	-0.151262	1.843962	-0.511882
51485	-0.144942	1.864129	-0.507084
51486	-0.141159	1.884997	-0.503840
51487	-0.135333	1.907013	-0.501136
51488	-0.126519	1.926568	-0.497776
51489	-0.119758	1.948220	-0.497382
51490	-0.111768	1.969823	-0.494491
51491	-0.104677	1.992263	-0.491903
51492	-0.096502	2.014746	-0.489081
51493	-0.087974	2.036909	-0.485618
51494	-0.080044	2.059552	-0.481597
51495	-0.072411	2.080442	-0.474543
51496	-0.063804	2.103651	-0.472975
51497	-0.055240	2.128313	-0.463953
51498	-0.045450	2.151485	-0.458904
51499	-0.034336	2.174235	-0.454420
51500	-0.022997	2.195138	-0.449322
51501	-0.011517	2.214132	-0.440870
51502	-0.001927	2.232690	-0.435876
51503	0.010232	2.251410	-0.429707
51504	0.020069	2.269811	-0.425900
51505	0.029671	2.283663	-0.418250
51506	0.038769	2.298549	-0.414149
51507	0.048132	2.311477	-0.409443
51508	0.058058	2.324315	-0.404864
51509	0.065614	2.336713	-0.398783
51510	0.074587	2.349686	-0.395723
51511	0.082828	2.359338	-0.389240
51512	0.089223	2.372013	-0.386768
51513	0.097619	2.383827	-0.385433
51514	0.105375	2.393350	-0.382843
51515	0.112405	2.400728	-0.383581
51516	0.119558	2.408403	-0.382801
51517	0.123591	2.415045	-0.381226
51518	0.128691	2.421564	-0.378250
51519	0.133955	2.426937	-0.378351
51520	0.140367	2.431095	-0.377285
51521	0.146143	2.435091	-0.376045
51522	0.152556	2.439249	-0.374978
51523	0.160909	2.443517	-0.375536
51524	0.168333	2.446505	-0.374066
51525	0.174425	2.449640	-0.372309
51526	0.182035	2.453507	-0.370909
51527	0.191425	2.453276	-0.365043
51528	0.200289	2.455817	-0.364431
51529	0.210476	2.457621	-0.364934
51530	0.223222	2.458341	-0.362492
51531	0.236023	2.458951	-0.357223
51532	0.248234	2.460774	-0.354421
51533	0.263120	2.462960	-0.347150
51534	0.275631	2.463593	-0.346662
51535	0.286873	2.466367	-0.344359
51536	0.299724	2.465259	-0.341014
51537	0.311326	2.465285	-0.335929
51538	0.320773	2.465930	-0.333652
51539	0.329724	2.466703	-0.329253
51540	0.336592	2.467049	-0.327570
51541	0.340980	2.467429	-0.319086
51542	0.345027	2.467632	-0.316806
51543	0.347048	2.467991	-0.314301
51544	0.349528	2.466726	-0.312216
51545	0.353060	2.464810	-0.310086
51546	0.355306	2.463460	-0.309955
51547	0.357304	2.462136	-0.308274
51548	0.360085	2.459683	-0.308503
51549	0.362181	2.459310	-0.307113
51550	0.362569	2.457440	-0.308008
51551	0.364952	2.456216	-0.304838
51552	0.365525	2.455226	-0.305802
51553	0.366274	2.455420	-0.299562
51554	0.366361	2.454737	-0.298141
51555	0.365832	2.454327	-0.293656
51556	0.366162	2.453491	-0.293427
51557	0.367607	2.451081	-0.294979
51558	0.369319	2.450833	-0.294487
51559	0.370365	2.448004	-0.292755
51560	0.370452	2.447321	-0.291335
51561	0.370967	2.444978	-0.283501
51562	0.371239	2.445175	-0.282149
51563	0.370690	2.444143	-0.274673
51564	0.367664	2.444266	-0.273488
51565	0.363285	2.443477	-0.276425
51566	0.358342	2.444114	-0.275142
51567	0.348462	2.444888	-0.273437
51568	0.337748	2.443328	-0.272018
51569	0.324617	2.443659	-0.264889
51570	0.311940	2.443410	-0.265396
51571	0.300155	2.443039	-0.263025
51572	0.286758	2.443013	-0.263102
51573	0.275620	2.443426	-0.260176
51574	0.261687	2.444505	-0.259895
51575	0.251882	2.444182	-0.261756
51576	0.242978	2.443939	-0.261333
51577	0.237261	2.443039	-0.257591
51578	0.231900	2.442714	-0.258192
51579	0.227389	2.442478	-0.251891
51580	0.226383	2.440262	-0.249896
51581	0.229371	2.437071	-0.246061
51582	0.232974	2.428512	-0.237644
51583	0.237546	2.423320	-0.228168
51584	0.244957	2.418265	-0.221816
51585	0.251295	2.415064	-0.213790
51586	0.259263	2.412647	-0.207648
51587	0.267738	2.409084	-0.200716
51588	0.275764	2.405631	-0.195698
51589	0.282523	2.404618	-0.185528
51590	0.288961	2.404234	-0.182575
51591	0.294535	2.404868	-0.181733
51592	0.298679	2.407537	-0.183563
51593	0.304940	2.409550	-0.186614
51594	0.310941	2.412739	-0.187416
51595	0.318450	2.415485	-0.189421
51596	0.325647	2.418382	-0.189890
51597	0.329915	2.419099	-0.189946
51598	0.337734	2.419302	-0.186729
51599	0.343340	2.419006	-0.185388
51600	0.349709	2.415674	-0.184613
51601	0.356804	2.415858	-0.181758
51602	0.363917	2.416046	-0.181257
51603	0.370914	2.415049	-0.182100
51604	0.379654	2.415671	-0.182526
51605	0.389613	2.413743	-0.183579
51606	0.403940	2.415681	-0.184068
51607	0.421731	2.412592	-0.185879
51608	0.441722	2.410276	-0.185690
51609	0.469958	2.407036	-0.182832
51610	0.506122	2.402293	-0.182790
51611	0.543520	2.399840	-0.184404
51612	0.578407	2.400970	-0.185436
51613	0.606943	2.403623	-0.184569
51614	0.630045	2.408796	-0.185847
51615	0.649907	2.410851	-0.186434
51616	0.664415	2.413680	-0.186990
51617	0.676490	2.416456	-0.182589
51618	0.686693	2.420386	-0.183712
51619	0.697257	2.422341	-0.183267
51620	0.710637	2.428406	-0.181966
51621	0.716073	2.431940	-0.178616
51622	0.722301	2.435216	-0.177457
51623	0.724811	2.440517	-0.173356
51624	0.725123	2.444226	-0.174988
51625	0.725053	2.449449	-0.172162
51626	0.717414	2.456166	-0.174238
51627	0.706852	2.461546	-0.176928
51628	0.693813	2.467822	-0.179017
51629	0.677803	2.474059	-0.180217
51630	0.657508	2.479378	-0.183351
51631	0.639993	2.488961	-0.179862
51632	0.617685	2.500602	-0.180492
51633	0.595409	2.510150	-0.184236
51634	0.572310	2.519072	-0.186630
51635	0.549990	2.528381	-0.191577
51636	0.525938	2.537445	-0.195507
51637	0.502831	2.547063	-0.198639
51638	0.485142	2.556193	-0.204181
51639	0.467670	2.567837	-0.209910
51640	0.452125	2.576534	-0.213596
51641	0.435063	2.586351	-0.219499
51642	0.420665	2.595553	-0.224876
51643	0.406879	2.603629	-0.228037
51644	0.393781	2.610706	-0.232184
51645	0.383816	2.616646	-0.240205
51646	0.372402	2.623124	-0.246401
51647	0.362758	2.628320	-0.247706
51648	0.353921	2.635094	-0.253298
51649	0.344469	2.642087	-0.254622
51650	0.337303	2.648499	-0.259115
51651	0.332089	2.656236	-0.264394
51652	0.327069	2.662217	-0.267022
51653	0.319838	2.666945	-0.269183
51654	0.313846	2.669317	-0.273495
51655	0.307667	2.674104	-0.272528
51656	0.302038	2.674253	-0.280277
51657	0.293978	2.673251	-0.283803
51658	0.285804	2.672544	-0.286989
51659	0.279638	2.670498	-0.290558
51660	0.274626	2.668188	-0.291471
51661	0.272117	2.665459	-0.287084
51662	0.271027	2.656541	-0.287423
51663	0.271517	2.648055	-0.287637
51664	0.275889	2.638542	-0.289075
51665	0.280680	2.629145	-0.286574
51666	0.288363	2.615402	-0.282816
51667	0.300019	2.600792	-0.275792
51668	0.313540	2.583910	-0.268261
51669	0.330526	2.563521	-0.255673
51670	0.350729	2.536901	-0.242036
51671	0.374783	2.507054	-0.228718
51672	0.398658	2.469431	-0.211489
51673	0.424159	2.422876	-0.189670
51674	0.452647	2.365590	-0.168788
51675	0.480226	2.297227	-0.144508
51676	0.507076	2.213387	-0.121943
51677	0.531205	2.111403	-0.098992
51678	0.542812	1.991057	-0.081921
51679	0.529010	1.849786	-0.069540
51680	0.461169	1.681831	-0.087319
51681	0.319520	1.491523	-0.126641
51682	0.065087	1.265687	-0.235957
51683	-0.335677	1.009279	-0.426243
51684	-0.856939	0.693609	-0.667309
51685	-1.203788	0.227796	-0.727699
51686	-1.674858	-0.353747	-0.818445
51687	-2.162294	-1.099084	-0.838346
51688	-2.701872	-2.032529	-0.820032
51689	-3.260257	-3.216331	-0.719244
51690	-3.875102	-4.696733	-0.584972
51691	-4.556814	-6.460306	-0.464455
51692	-5.217492	-8.490783	-0.412415
51693	-5.816096	-10.728598	-0.457141
51694	-6.288386	-12.963591	-0.638184
51695	-6.528042	-14.865865	-0.909725
51696	-6.645339	-16.350154	-1.415532
51697	-6.667711	-17.482183	-2.104831
51698	-6.773619	-18.296241	-3.012584
51699	-6.522923	-18.914557	-3.899453
51700	-5.910880	-19.511714	-4.713522
51701	-5.185646	-20.222243	-5.736109
51702	-4.413499	-20.901194	-7.024290
51703	-3.508457	-21.416883	-8.372337
51704	-2.437306	-21.780211	-9.656693
51705	-1.279548	-22.047518	-10.899636
51706	-0.104514	-22.264736	-12.148307
51707	1.045566	-22.397498	-13.414605
51708	2.167433	-22.432760	-14.698553
51709	3.277546	-22.369274	-15.931010
51710	4.353951	-22.256994	-17.106794
51711	5.360785	-22.092211	-18.248664
51712	6.290272	-21.894947	-19.322350
51713	7.137681	-21.693402	-20.266349
51714	7.869832	-21.523000	-21.052606
51715	8.419900	-21.382673	-21.629049
51716	8.745991	-21.247226	-22.000864
51717	8.889354	-21.075651	-22.160691
51718	8.870494	-20.849203	-22.101781
51719	8.705450	-20.548686	-21.915797
51720	8.434628	-20.180363	-21.656590
51721	8.094950	-19.744353	-21.333603
51722	7.690947	-19.218183	-20.981870
51723	7.235907	-18.589452	-20.627372
51724	6.742217	-17.874155	-20.262410
51725	6.205529	-17.078207	-19.846561
51726	5.606951	-16.208369	-19.369005
51727	4.944314	-15.281365	-18.809014
51728	4.226893	-14.316091	-18.163317
51729	3.466696	-13.324453	-17.450791
51730	2.689502	-12.318480	-16.704360
51731	1.919173	-11.307813	-16.133304
51732	1.180782	-10.292055	-15.361520
51733	0.516476	-9.269180	-14.778544
51734	-0.080657	-8.228121	-14.056355
51735	-0.638995	-7.144091	-13.377973
51736	-1.149441	-6.014211	-12.749012
51737	-1.591075	-4.888764	-12.104525
51738	-1.992741	-3.806830	-11.440745
51739	-2.379395	-2.785487	-10.763127
51740	-2.723728	-1.832188	-10.056518
51741	-3.043691	-0.939760	-9.348504
51742	-3.324775	-0.128023	-8.652855
51743	-3.534608	0.599150	-7.942396
51744	-3.693131	1.221099	-7.245284
51745	-3.811295	1.746869	-6.577908
51746	-3.816070	2.214588	-5.933591
51747	-3.717322	2.628661	-5.338736
51748	-3.567217	2.971132	-4.826278
51749	-3.399837	3.202186	-4.404901
51750	-3.217991	3.368293	-4.033642
51751	-3.036250	3.473609	-3.670222
51752	-2.824427	3.551084	-3.296527
51753	-2.579010	3.596597	-2.906796
51754	-2.299157	3.584974	-2.491129
51755	-2.019150	3.473229	-2.059444
51756	-1.746263	3.269306	-1.634388
51757	-1.545741	2.931059	-1.273685
51758	-1.434764	2.554145	-0.962470
51759	-1.422046	2.179914	-0.690556
51760	-1.499640	1.789348	-0.414033
51761	-1.591650	1.418826	-0.105949
51762	-1.639159	1.082678	0.226089
51763	-1.655136	0.780858	0.527145
51764	-1.692184	0.494832	0.747808
51765	-1.770794	0.197620	0.870430
51766	-1.860521	-0.113219	0.926640
51767	-0.881731	0.028317	1.658003
51768	-0.041827	0.455074	2.129135
51769	0.235216	0.350530	2.240089
51770	0.301108	0.043669	2.158927
51771	0.052537	-0.207803	2.167620
51772	-0.164360	-0.473416	2.083309
51773	-0.317410	-0.679044	2.106349
51774	-0.358109	-0.832912	2.164065
51775	-0.329229	-0.966802	2.220351
51776	-0.280691	-1.096068	2.276367
51777	-0.294874	-1.307095	2.285321
51778	-0.360164	-1.559322	2.256393
51779	-0.424240	-1.797122	2.236888
51780	-0.504398	-2.068443	2.192002
51781	-0.602478	-2.353634	2.141244
51782	-0.673211	-2.621817	2.108866
51783	-0.719812	-2.878452	2.098136
51784	-0.718907	-3.123223	2.101913
51785	-0.687560	-3.361720	2.118690
51786	-0.624439	-3.613595	2.138404
51787	-0.510383	-3.879207	2.155093
51788	-0.352391	-4.149765	2.157173
51789	-0.161903	-4.422075	2.142474
51790	0.066428	-4.683758	2.136319
51791	0.297775	-4.919704	2.150812
51792	0.516572	-5.106883	2.190219
51793	0.716833	-5.250637	2.250167
51794	0.919138	-5.363226	2.315478
51795	1.136957	-5.441110	2.387172
51796	1.350863	-5.479165	2.475919
51797	1.543724	-5.486036	2.574858
51798	1.716345	-5.497724	2.631150
51799	1.880870	-5.493685	2.660728
51800	2.040274	-5.465518	2.678596
51801	2.207186	-5.430597	2.689357
51802	2.341263	-5.438829	2.619268
51803	2.443212	-5.485478	2.472980
51804	2.501672	-5.573158	2.259513
51805	2.501110	-5.725553	1.975603
51806	2.456447	-5.908991	1.689071
51807	2.417962	-6.070247	1.443665
51808	2.361395	-6.199177	1.236420
51809	2.259986	-6.307709	1.058996
51810	2.113074	-6.388537	0.906556
51811	1.961720	-6.426454	0.793042
51812	1.827308	-6.426925	0.717556
51813	1.695035	-6.403613	0.679085
51814	1.547727	-6.365538	0.676891
51815	1.374514	-6.329186	0.710401
51816	1.168231	-6.313659	0.756100
51817	0.919297	-6.305156	0.817771
51818	0.635802	-6.287977	0.895478
51819	0.332870	-6.265085	0.990311
51820	0.011806	-6.241905	1.088290
51821	-0.309351	-6.227415	1.183505
51822	-0.630352	-6.222736	1.258066
51823	-0.950349	-6.227373	1.313417
51824	-1.257915	-6.237192	1.362737
51825	-1.535743	-6.250531	1.408260
51826	-1.751668	-6.275589	1.434859
51827	-1.886456	-6.301811	1.486659
51828	-1.942492	-6.307982	1.553292
51829	-1.928874	-6.290898	1.621561
51830	-1.836949	-6.244758	1.702458
51831	-1.687588	-6.146339	1.808994
51832	-1.500162	-5.986899	1.935233
51833	-1.303109	-5.763525	2.077274
51834	-1.109252	-5.495725	2.219710
51835	-0.920158	-5.193376	2.361979
51836	-0.733887	-4.870258	2.510462
51837	-0.543983	-4.528170	2.668010
51838	-0.362764	-4.177468	2.831869
51839	-0.194082	-3.863305	2.981224
51840	-0.022985	-3.565581	3.117303
51841	0.161377	-3.277713	3.249747
51842	0.335484	-3.061666	3.337350
51843	0.491413	-2.908410	3.384737
51844	0.618243	-2.824234	3.385727
51845	0.724334	-2.782146	3.363914
51846	0.826459	-2.744409	3.341289
51847	0.928829	-2.709219	3.324309
51848	1.022771	-2.670845	3.316783
51849	1.095273	-2.650535	3.308589
51850	1.144096	-2.652093	3.300932
51851	1.164330	-2.669544	3.293981
51852	1.168827	-2.686821	3.289500
51853	1.160892	-2.694782	3.287046
51854	1.146571	-2.693992	3.289166
51855	1.130056	-2.681220	3.294432
51856	1.120913	-2.661952	3.302905
51857	1.113370	-2.633652	3.315046
51858	1.102291	-2.594022	3.326213
51859	1.079149	-2.551308	3.330625
51860	1.062641	-2.497519	3.332983
51861	1.053882	-2.428523	3.331770
51862	1.040889	-2.321611	3.332951
51863	1.040807	-2.182819	3.337750
51864	1.082138	-2.064467	3.343767
51865	1.115379	-1.968499	3.342815
51866	1.148351	-1.901640	3.337899
51867	1.131500	-1.842053	3.326542
51868	1.098419	-1.779346	3.317030
51869	1.053748	-1.740252	3.295300
51870	0.996026	-1.710090	3.277650
51871	0.932063	-1.678844	3.263670
51872	0.846094	-1.630545	3.252844
51873	0.767354	-1.571717	3.250460
51874	0.699862	-1.518267	3.244088
51875	0.660884	-1.469697	3.235582
51876	0.646402	-1.421586	3.229829
51877	0.633532	-1.353174	3.227486
51878	0.644749	-1.266302	3.228521
51879	0.663460	-1.183635	3.256200
51880	0.711687	-1.114121	3.287011
51881	0.767407	-1.042611	3.325726
51882	0.801893	-0.951059	3.372440
51883	0.836021	-0.833365	3.430388
51884	0.855388	-0.739789	3.481217
51885	0.874861	-0.663747	3.523571
51886	0.899061	-0.585459	3.563454
51887	0.914127	-0.509373	3.600351
51888	0.921780	-0.443564	3.631784
51889	0.929044	-0.384420	3.660853
51890	0.935917	-0.342553	3.681848
51891	0.942154	-0.304581	3.698786
51892	0.948277	-0.266432	3.716906
51893	0.947636	-0.244465	3.730558
51894	0.940753	-0.229140	3.742347
51895	0.928361	-0.218736	3.754858
51896	0.916634	-0.207618	3.766097
51897	0.904855	-0.193563	3.779538
51898	0.896761	-0.181871	3.787684
51899	0.885609	-0.174196	3.793156
51900	0.875238	-0.169706	3.795979
51901	0.865214	-0.169534	3.793112
51902	0.856358	-0.169778	3.788591
51903	0.847000	-0.165183	3.784643
51904	0.840263	-0.163323	3.779045
51905	0.836085	-0.152522	3.778652
51906	0.840537	-0.136000	3.789012
51907	0.860039	-0.097403	3.804403
51908	0.879941	-0.063389	3.822376
51909	0.904366	-0.022062	3.844311
51910	0.936221	0.025420	3.864542
51911	0.976728	0.093782	3.885351
51912	1.005382	0.143470	3.909719
51913	1.032104	0.194851	3.937321
51914	1.059777	0.245405	3.956270
51915	1.091027	0.299459	3.974379
51916	1.127761	0.363121	3.991202
51917	1.150537	0.414679	4.003882
51918	1.170033	0.462571	4.016243
51919	1.184652	0.506787	4.022894
51920	1.197702	0.546669	4.027149
51921	1.209682	0.586717	4.029911
51922	1.222647	0.628103	4.028217
51923	1.249869	0.684668	4.023497
51924	1.267614	0.722653	4.020844
51925	1.280766	0.759990	4.016617
51926	1.293949	0.798050	4.008428
51927	1.301541	0.835875	4.000284
51928	1.302259	0.875726	3.990201
51929	1.299901	0.918403	3.980989
51930	1.300444	0.955098	3.978938
51931	1.297807	0.978091	3.983698
51932	1.291176	0.994003	3.990285
51933	1.282136	1.004853	3.995725
51934	1.270522	1.013605	3.999492
51935	1.258589	1.023062	3.999311
51936	1.244988	1.030248	3.998973
51937	1.232564	1.034772	3.993565
51938	1.220942	1.041125	3.989975
51939	1.210549	1.046180	3.987536
51940	1.199147	1.053404	3.983883
51941	1.185176	1.062331	3.980720
51942	1.169491	1.070024	3.978531
51943	1.156848	1.071849	3.974057
51944	1.141511	1.071029	3.973060
51945	1.120289	1.055192	3.975225
51946	1.065812	0.972702	3.957701
51947	0.995747	0.855692	3.932211
51948	0.860574	0.618270	3.869038
51949	0.604593	0.133508	3.770695
51950	0.326379	-0.347352	3.692994
51951	0.074000	-0.725875	3.639827
51952	-0.131194	-0.991827	3.609625
51953	-0.285919	-1.170499	3.581605
51954	-0.421333	-1.302823	3.559881
51955	-0.529056	-1.389049	3.539163
51956	-0.613992	-1.439786	3.519624
51957	-0.679979	-1.469945	3.501334
51958	-0.725755	-1.486113	3.487318
51959	-0.754450	-1.487570	3.476227
51960	-0.760191	-1.486980	3.471100
51961	-0.754812	-1.478396	3.467935
51962	-0.740081	-1.463884	3.467819
51963	-0.717680	-1.443240	3.468549
51964	-0.693113	-1.420211	3.471283
51965	-0.666012	-1.393262	3.474712
51966	-0.638948	-1.367171	3.478211
51967	-0.620451	-1.351915	3.478908
51968	-0.604424	-1.343428	3.478706
51969	-0.592669	-1.329983	3.478186
51970	-0.576701	-1.316838	3.477297
51971	-0.556369	-1.299309	3.478086
51972	-0.532398	-1.278105	3.479089
51973	-0.505385	-1.254100	3.480431
51974	-0.474522	-1.229164	3.483726
51975	-0.440409	-1.204172	3.489098
51976	-0.404642	-1.179684	3.493575
51977	-0.368986	-1.152239	3.500254
51978	-0.334304	-1.122654	3.505715
51979	-0.298851	-1.090263	3.514882
51980	-0.259902	-1.054301	3.522346
51981	-0.217315	-1.011889	3.531078
51982	-0.165341	-0.957744	3.545346
51983	-0.105818	-0.891365	3.566109
51984	-0.039890	-0.811575	3.590270
51985	0.029143	-0.720989	3.621463
51986	0.097104	-0.626171	3.653778
51987	0.164460	-0.534908	3.687251
51988	0.225364	-0.444682	3.717502
51989	0.278598	-0.360010	3.743703
51990	0.307119	-0.304383	3.757988
51991	0.323942	-0.264482	3.766712
51992	0.339177	-0.231524	3.775973
51993	0.352449	-0.200062	3.783137
51994	0.364456	-0.171724	3.792943
51995	0.370371	-0.156613	3.803232
51996	0.373744	-0.149065	3.814548
51997	0.375374	-0.142143	3.823695
51998	0.380427	-0.134234	3.834069
51999	0.382785	-0.127565	3.842778
52000	0.383051	-0.121274	3.849704
52001	0.383914	-0.116274	3.855093
52002	0.385635	-0.110490	3.861144
52003	0.387449	-0.104876	3.866028
52004	0.388949	-0.098143	3.871257
52005	0.389532	-0.091153	3.876948
52006	0.386791	-0.083162	3.881663
52007	0.378625	-0.078520	3.883087
52008	0.370592	-0.069204	3.883829
52009	0.358796	-0.059655	3.885655
52010	0.348866	-0.047932	3.885623
52011	0.339861	-0.035496	3.887054
52012	0.334560	-0.022249	3.888523
52013	0.331638	-0.006980	3.889694
52014	0.331753	0.008311	3.890218
52015	0.333682	0.027790	3.891937
52016	0.336308	0.047961	3.892373
52017	0.338353	0.065355	3.891846
52018	0.343883	0.084511	3.890539
52019	0.350390	0.101519	3.890470
52020	0.357643	0.117763	3.895094
52021	0.364200	0.135135	3.900114
52022	0.375805	0.154895	3.906559
52023	0.389282	0.177800	3.913084
52024	0.400999	0.204154	3.919939
52025	0.410350	0.224416	3.924588
52026	0.417386	0.243433	3.927515
52027	0.423112	0.259928	3.929913
52028	0.425739	0.278294	3.931256
52029	0.429121	0.297282	3.932124
52030	0.429237	0.312588	3.932656
52031	0.430273	0.332249	3.932881
52032	0.432899	0.352440	3.933337
52033	0.438123	0.368246	3.937001
52034	0.441423	0.381947	3.941706
52035	0.447097	0.395854	3.947018
52036	0.453917	0.408549	3.952694
52037	0.462438	0.420662	3.958288
52038	0.468534	0.433612	3.964400
52039	0.479457	0.444012	3.969522
52040	0.487677	0.455420	3.976349
52041	0.499215	0.469473	3.982404
52042	0.513019	0.484837	3.989380
52043	0.524725	0.504445	3.994725
52044	0.547288	0.538546	3.998045
52045	0.564021	0.566100	4.004155
52046	0.576652	0.587268	4.008164
52047	0.586624	0.606166	4.009372
52048	0.598632	0.630972	4.008911
52049	0.608832	0.645276	4.012722
52050	0.614881	0.650584	4.017317
52051	0.618388	0.654754	4.022180
52052	0.620475	0.657508	4.026814
52053	0.620518	0.661646	4.029575
52054	0.619418	0.662373	4.031803
52055	0.617787	0.667973	4.034607
52056	0.616906	0.673216	4.034998
52057	0.614601	0.679851	4.036220
52058	0.615338	0.688321	4.035922
52059	0.614754	0.696099	4.034204
52060	0.617213	0.705712	4.030966
52061	0.616849	0.716184	4.028296
52062	0.619523	0.730316	4.023222
52063	0.620425	0.745661	4.015082
52064	0.623922	0.759279	4.006438
52065	0.625086	0.778102	3.995336
52066	0.627073	0.795097	3.987797
52067	0.628189	0.809495	3.980480
52068	0.628727	0.825177	3.974690
52069	0.628840	0.840002	3.968993
52070	0.630494	0.856392	3.964657
52071	0.633235	0.866726	3.960199
52072	0.631873	0.881177	3.955397
52073	0.633835	0.892809	3.952496
52074	0.636720	0.904174	3.949135
52075	0.637734	0.915189	3.946729
52076	0.636384	0.924169	3.944585
52077	0.635061	0.932208	3.943293
52078	0.635437	0.938684	3.939985
52079	0.633839	0.946895	3.939882
52080	0.633041	0.953708	3.936244
52081	0.630867	0.960870	3.932307
52082	0.630518	0.967601	3.929428
52083	0.630463	0.975045	3.925327
52084	0.630830	0.983348	3.921132
52085	0.629650	0.990086	3.915575
52086	0.631914	0.997800	3.911280
52087	0.630948	1.007236	3.904773
52088	0.633379	1.016865	3.901541
52089	0.634751	1.027455	3.894808
52090	0.636554	1.037079	3.888868
52091	0.637657	1.046017	3.884211
52092	0.640189	1.053563	3.878728
52093	0.641792	1.061376	3.873706
52094	0.643503	1.069436	3.871791
52095	0.644397	1.073853	3.868971
52096	0.646855	1.076182	3.869285
52097	0.648223	1.075039	3.869884
52098	0.649301	1.073179	3.871702
52099	0.649680	1.070635	3.874805
52100	0.650669	1.067208	3.880647
52101	0.652576	1.064505	3.887980
52102	0.653328	1.063859	3.892113
52103	0.653211	1.060614	3.896468
52104	0.656141	1.057381	3.900199
52105	0.655795	1.055090	3.903731
52106	0.656872	1.053230	3.905549
52107	0.659089	1.052965	3.908793
52108	0.662233	1.052430	3.911576
52109	0.665218	1.052694	3.912381
52110	0.666973	1.049797	3.915781
52111	0.668746	1.047788	3.919152
52112	0.670631	1.044196	3.926512
52113	0.671914	1.039660	3.932020
52114	0.676192	1.036177	3.938031
52115	0.678139	1.034256	3.943350
52116	0.678667	1.032738	3.947545
52117	0.679492	1.030110	3.951406
52118	0.677111	1.024564	3.952873
52119	0.672008	1.017793	3.952648
52120	0.667162	1.009963	3.951264
52121	0.662228	1.005107	3.952104
52122	0.658942	1.001553	3.951167
52123	0.656570	0.998721	3.951722
52124	0.656076	0.996237	3.951322
52125	0.655545	0.995685	3.952019
52126	0.654495	0.995370	3.953112
52127	0.652615	0.995066	3.951529
52128	0.652739	0.994414	3.952953
52129	0.653651	0.995181	3.951908
52130	0.655392	0.995936	3.953537
52131	0.656203	0.996964	3.955631
52132	0.658166	0.998591	3.957198
52133	0.660426	0.999109	3.958431
52134	0.662157	1.003517	3.958291
52135	0.664802	1.008649	3.959641
52136	0.665423	1.008698	3.959813
52137	0.666731	1.010424	3.960651
52138	0.666849	1.011599	3.961189
52139	0.667485	1.012538	3.961332
52140	0.668106	1.012587	3.961504
52141	0.669018	1.013354	3.960457
52142	0.669807	1.015318	3.961693
52143	0.670222	1.015385	3.961902
52144	0.669890	1.016643	3.961680
52145	0.668857	1.017216	3.962736
52146	0.669251	1.018220	3.962086
52147	0.671959	1.018655	3.964081
52148	0.673033	1.016795	3.965898
52149	0.674352	1.014870	3.968508
52150	0.673755	1.012645	3.971245
52151	0.672784	1.008524	3.972951
52152	0.671964	1.005428	3.975750
52153	0.668139	1.004934	3.976277
52154	0.667089	1.004620	3.977369
52155	0.666332	1.005025	3.977238
52156	0.664828	1.006621	3.976684
52157	0.663795	1.007198	3.977750
52158	0.662290	1.008794	3.977196
52159	0.661258	1.009372	3.978259
52160	0.658633	1.010262	3.976247
52161	0.656977	1.010833	3.974603
52162	0.656696	1.012876	3.972369
52163	0.654039	1.013873	3.972340
52164	0.649535	1.008046	3.973964
52165	0.642365	0.999956	3.972768
52166	0.634398	0.992271	3.973156
52167	0.625606	0.984603	3.970877
52168	0.619365	0.976238	3.969222
52169	0.615257	0.970873	3.966499
52170	0.611468	0.968446	3.965927
52171	0.610044	0.966242	3.966000
52172	0.607877	0.963395	3.966521
52173	0.603157	0.961242	3.966417
52174	0.603500	0.961463	3.967779
52175	0.603027	0.958046	3.968238
52176	0.598462	0.955091	3.970107
52177	0.596257	0.954182	3.971731
52178	0.596378	0.953531	3.973156
52179	0.595792	0.954029	3.974981
52180	0.594962	0.954588	3.976012
52181	0.595323	0.955703	3.977345
52182	0.594325	0.954346	3.977312
52183	0.594684	0.955462	3.978654
52184	0.592903	0.957230	3.979289
52185	0.592143	0.957639	3.979172
52186	0.591313	0.958197	3.980203
52187	0.591447	0.960266	3.980711
52188	0.591342	0.960570	3.981314
52189	0.589806	0.960449	3.983627
52190	0.588247	0.963089	3.984200
52191	0.588665	0.963163	3.984402
52192	0.586884	0.964932	3.985037
52193	0.586015	0.969255	3.986269
52194	0.583953	0.973022	3.987206
52195	0.581742	0.975766	3.987044
52196	0.580854	0.979196	3.988314
52197	0.578418	0.982902	3.987348
52198	0.575956	0.989362	3.984625
52199	0.573516	0.993068	3.983678
52200	0.572289	0.994493	3.981935
52201	0.571303	0.997687	3.980102
52202	0.568843	1.002320	3.978266
52203	0.565005	1.007311	3.976133
52204	0.560199	1.012619	3.973628
52205	0.555635	1.019695	3.971023
52206	0.549483	1.025251	3.966234
52207	0.545689	1.031030	3.962132
52208	0.541208	1.036948	3.956425
52209	0.535295	1.044272	3.951548
52210	0.531701	1.053680	3.945588
52211	0.526048	1.064483	3.937756
52212	0.516084	1.074876	3.931373
52213	0.504013	1.087709	3.924228
52214	0.489794	1.101195	3.916375
52215	0.466767	1.114259	3.905170
52216	0.438864	1.122213	3.893399
52217	0.406877	1.127984	3.886746
52218	0.362771	1.115590	3.877567
52219	0.312561	1.097245	3.865239
52220	0.257852	1.078386	3.852429
52221	0.197137	1.058343	3.837748
52222	0.129903	1.044142	3.823164
52223	0.050384	1.018162	3.803415
52224	-0.034029	0.990703	3.781361
52225	-0.120099	0.965597	3.759409
52226	-0.204087	0.946756	3.740800
52227	-0.280969	0.936275	3.724767
52228	-0.353887	0.931487	3.712052
52229	-0.421783	0.933728	3.700969
52230	-0.485628	0.935537	3.687624
52231	-0.546784	0.928663	3.671151
52232	-0.603569	0.923365	3.655440
52233	-0.656366	0.921503	3.639618
52234	-0.708140	0.919068	3.620243
52235	-0.756944	0.916890	3.604333
52236	-0.799336	0.916863	3.592045
52237	-0.834880	0.918132	3.587092
52238	-0.862359	0.921917	3.584969
52239	-0.886072	0.926464	3.583757
52240	-0.900316	0.934067	3.585613
52241	-0.911362	0.944983	3.582720
52242	-0.923322	0.953326	3.579257
52243	-0.929996	0.959013	3.575586
52244	-0.935078	0.967056	3.571298
52245	-0.939379	0.974677	3.565544
52246	-0.940426	0.980588	3.561923
52247	-0.936773	0.989712	3.557870
52248	-0.928549	0.997233	3.551176
52249	-0.912289	1.000627	3.547836
52250	-0.894076	1.001475	3.543308
52251	-0.872831	1.003335	3.540038
52252	-0.849475	1.004597	3.536723
52253	-0.824086	1.007341	3.536352
52254	-0.795889	1.012838	3.533621
52255	-0.772227	1.011175	3.530882
52256	-0.749607	1.003212	3.527444
52257	-0.727208	0.997106	3.523174
52258	-0.707012	0.992690	3.519259
52259	-0.685414	0.989735	3.515653
52260	-0.665488	0.983687	3.513826
52261	-0.641531	0.980045	3.510809
52262	-0.616963	0.973722	3.511449
52263	-0.588140	0.968847	3.511707
52264	-0.552553	0.961270	3.515246
52265	-0.515839	0.955313	3.520151
52266	-0.476343	0.947713	3.526573
52267	-0.436883	0.938436	3.535895
52268	-0.397819	0.926887	3.550448
52269	-0.363142	0.913770	3.564252
52270	-0.339444	0.899550	3.581140
52271	-0.321361	0.885143	3.598022
52272	-0.308717	0.865944	3.616721
52273	-0.303189	0.840857	3.641109
52274	-0.292079	0.806059	3.671881
52275	-0.277202	0.762962	3.708128
52276	-0.269868	0.700602	3.746344
52277	-0.280723	0.611453	3.780789
52278	-0.330796	0.491078	3.804917
52279	-0.467583	0.240941	3.794775
52280	-0.795526	-0.274680	3.702343
52281	-1.433889	-0.967851	3.437461
52282	-2.082423	-1.873871	3.227715
52283	-2.715282	-2.981679	3.053025
52284	-3.455902	-4.038321	2.871053
52285	-4.209785	-5.009989	2.598707
52286	-5.004649	-5.938846	2.155724
52287	-5.769623	-6.894905	1.540845
52288	-6.357490	-7.977330	0.870390
52289	-6.670824	-9.122802	0.280162
52290	-6.834015	-10.273736	-0.397079
52291	-7.042759	-11.450410	-1.341469
52292	-6.761417	-12.671749	-2.206105
52293	-5.981094	-13.919339	-2.974145
52294	-5.090720	-15.252520	-4.022340
52295	-4.122419	-16.624595	-5.376432
52296	-2.934365	-17.990719	-6.844669
52297	-1.541496	-19.336986	-8.348372
52298	-0.076820	-20.635683	-9.912292
52299	1.389490	-21.860114	-11.513052
52300	2.866394	-22.994064	-13.079112
52301	4.371535	-24.048764	-14.557932
52302	5.862829	-25.023273	-15.961388
52303	7.278319	-25.893696	-17.337579
52304	8.622347	-26.652347	-18.658359
52305	9.899502	-27.320345	-19.871984
52306	11.072057	-27.858546	-20.982975
52307	12.125585	-28.272366	-22.011677
52308	13.067936	-28.604936	-22.913135
52309	13.787095	-28.754029	-23.556948
52310	14.472496	-29.079936	-23.589590
52311	14.894328	-29.403199	-24.070532
52312	15.257090	-29.415990	-24.550314
52313	15.450354	-29.204251	-25.187876
52314	15.273942	-28.706569	-25.266418
52315	15.123887	-28.707738	-25.200673
52316	14.798822	-28.430091	-25.032840
52317	14.370819	-27.865611	-24.734940
52318	13.823487	-27.254392	-24.368653
52319	13.134850	-26.566064	-24.099798
52320	12.417720	-25.722833	-23.689591
52321	11.682412	-24.757160	-23.287237
52322	10.881122	-23.746440	-22.788106
52323	10.026168	-22.686807	-22.322837
52324	9.105861	-21.551886	-21.740382
52325	8.117984	-20.364979	-21.228292
52326	7.075752	-19.144073	-20.622116
52327	6.020948	-17.918601	-20.043945
52328	4.963550	-16.712012	-19.323960
52329	3.937516	-15.547489	-18.639712
52330	2.996774	-14.432110	-17.852977
52331	2.158500	-13.348826	-17.086189
52332	1.442950	-12.315012	-16.395961
52333	0.866503	-11.351121	-15.741905
52334	0.364094	-10.446721	-15.082258
52335	-0.128152	-9.617087	-14.354171
52336	-0.614591	-8.873921	-13.507810
52337	-1.091966	-8.217202	-12.601005
52338	-1.524974	-7.660041	-11.654990
52339	-1.924717	-7.179288	-10.705183
52340	-2.288902	-6.763842	-9.782278
52341	-2.613803	-6.403039	-8.895527
52342	-2.912789	-6.074389	-8.066977
52343	-3.182662	-5.758060	-7.303940
52344	-3.424741	-5.451000	-6.603609
52345	-3.654867	-5.160755	-5.954995
52346	-3.879766	-4.882280	-5.356168
52347	-4.092950	-4.604171	-4.790764
52348	-4.297015	-4.329042	-4.310407
52349	-4.326527	-4.107459	-3.919265
52350	-3.411121	-4.329814	-3.551192
52351	-2.314300	-4.614514	-3.290671
52352	-1.620944	-4.765700	-3.030234
52353	-1.395338	-4.898578	-2.891418
52354	-1.403259	-5.019370	-2.975682
52355	-1.553388	-5.137269	-3.132045
52356	-1.711213	-5.297871	-3.199873
52357	-1.772692	-5.475602	-3.192336
52358	-1.667156	-5.643709	-3.145641
52359	-1.434600	-5.796632	-3.078303
52360	-1.182520	-5.965826	-3.036869
52361	-0.973017	-6.134176	-2.999451
52362	-0.835906	-6.278178	-2.957430
52363	-0.767976	-6.404122	-2.923808
52364	-0.753094	-6.533885	-2.914570
52365	-0.766222	-6.672012	-2.913534
52366	-0.747556	-6.846123	-2.911419
52367	-0.685917	-7.066571	-2.911942
52368	-0.587622	-7.267871	-2.925426
52369	-0.479849	-7.435205	-2.949694
52370	-0.382845	-7.593198	-2.971097
52371	-0.262217	-7.743177	-2.995246
52372	-0.136054	-7.879963	-3.049995
52373	-0.012582	-7.996238	-3.091711
52374	0.115968	-8.090600	-3.110055
52375	0.258908	-8.179951	-3.099035
52376	0.392545	-8.233727	-3.078651
52377	0.492242	-8.278258	-3.047851
52378	0.531340	-8.327307	-3.036718
52379	0.487600	-8.364008	-3.022898
52380	0.393451	-8.401509	-3.012112
52381	0.264099	-8.445278	-3.025082
52382	0.108490	-8.487903	-3.030377
52383	-0.067656	-8.512269	-3.019192
52384	-0.263658	-8.531994	-2.992417
52385	-0.470498	-8.541594	-2.961564
52386	-0.668425	-8.537019	-2.919835
52387	-0.853384	-8.511172	-2.866816
52388	-1.027970	-8.466620	-2.798834
52389	-1.189287	-8.416723	-2.727351
52390	-1.332242	-8.357369	-2.659968
52391	-1.454908	-8.283555	-2.591089
52392	-1.552024	-8.197753	-2.512921
52393	-1.621388	-8.091873	-2.413018
52394	-1.647376	-7.951908	-2.271560
52395	-1.620937	-7.767752	-2.075131
52396	-1.522558	-7.522806	-1.820478
52397	-1.360330	-7.214494	-1.554320
52398	-1.173762	-6.859431	-1.263042
52399	-1.012289	-6.540105	-0.997243
52400	-0.919356	-6.344966	-0.885021
52401	-0.856797	-6.206162	-0.831994
52402	-0.820109	-6.079392	-0.805144
52403	-0.833735	-5.986341	-0.823874
52404	-0.880682	-5.929917	-0.863727
52405	-0.933675	-5.888188	-0.894899
52406	-0.990160	-5.854189	-0.917296
52407	-1.043642	-5.843271	-0.939732
52408	-1.095286	-5.831358	-0.954189
52409	-1.134045	-5.813113	-0.958451
52410	-1.170327	-5.798441	-0.951351
52411	-1.203242	-5.784937	-0.931627
52412	-1.229340	-5.766447	-0.908710
52413	-1.251960	-5.737575	-0.880665
52414	-1.270437	-5.712820	-0.859092
52415	-1.287725	-5.712522	-0.853280
52416	-1.304459	-5.707064	-0.853373
52417	-1.316713	-5.688697	-0.847840
52418	-1.344593	-5.676479	-0.845937
52419	-1.404973	-5.674813	-0.852905
52420	-1.485809	-5.658146	-0.855800
52421	-1.565573	-5.623878	-0.851888
52422	-1.626385	-5.576716	-0.844831
52423	-1.672536	-5.511898	-0.832177
52424	-1.708064	-5.431101	-0.817215
52425	-1.745609	-5.335005	-0.801664
52426	-1.793338	-5.218458	-0.786137
52427	-1.838441	-5.079320	-0.767615
52428	-1.871933	-4.925844	-0.740520
52429	-1.893749	-4.769560	-0.707561
52430	-1.909614	-4.608850	-0.670893
52431	-1.911529	-4.455873	-0.637953
52432	-1.913066	-4.323503	-0.622742
52433	-1.921551	-4.188266	-0.605505
52434	-1.928825	-4.052952	-0.584859
52435	-1.927477	-3.910321	-0.558221
52436	-1.913717	-3.755498	-0.524283
52437	-1.888807	-3.590123	-0.481624
52438	-1.877633	-3.470979	-0.451350
52439	-1.884890	-3.382176	-0.433530
52440	-1.900806	-3.292803	-0.416497
52441	-1.908707	-3.201807	-0.397251
52442	-1.911548	-3.103357	-0.373532
52443	-1.903390	-2.996395	-0.344042
52444	-1.882219	-2.878378	-0.307508
52445	-1.848478	-2.741410	-0.256627
52446	-1.791869	-2.578241	-0.196692
52447	-1.714952	-2.394033	-0.128593
52448	-1.618053	-2.199020	-0.056074
52449	-1.512674	-1.994097	0.019213
52450	-1.414454	-1.780943	0.101547
52451	-1.300356	-1.536061	0.206595
52452	-1.208499	-1.319031	0.290663
52453	-1.107228	-1.065926	0.393396
52454	-1.026212	-0.836945	0.482060
52455	-0.937245	-0.610304	0.569405
52456	-0.859569	-0.418993	0.639861
52457	-0.759192	-0.218885	0.714263
52458	-0.667734	-0.013651	0.783387
52459	-0.593472	0.161218	0.845699
52460	-0.543170	0.300518	0.877527
52461	-0.456224	0.460637	0.927395
52462	-0.423213	0.564625	0.947130
52463	-0.408230	0.644772	0.969557
52464	-0.388050	0.704165	0.997367
52465	-0.353424	0.754301	1.020565
52466	-0.276807	0.836581	1.055754
52467	-0.224829	0.873688	1.071740
52468	-0.182529	0.894900	1.075187
52469	-0.134760	0.910443	1.075115
52470	-0.085246	0.922548	1.072038
52471	-0.036258	0.933787	1.069035
52472	0.009790	0.943192	1.066739
52473	0.056813	0.951587	1.068759
52474	0.103427	0.952808	1.072836
52475	0.145371	0.944051	1.077767
52476	0.183679	0.936644	1.085990
52477	0.221993	0.927246	1.093914
52478	0.260916	0.915517	1.096442
52479	0.265045	0.864870	1.072236
52480	0.238814	0.782501	1.032863
52481	0.201875	0.690863	0.992758
52482	0.172100	0.605232	0.959388
52483	0.154043	0.529896	0.934142
52484	0.144456	0.462970	0.914969
52485	0.139013	0.405337	0.898909
52486	0.134971	0.353209	0.885592
52487	0.108086	0.269262	0.861886
52488	0.073278	0.184543	0.833679
52489	0.041552	0.111339	0.809331
52490	0.012610	0.036463	0.784554
52491	-0.033867	-0.057789	0.747227
52492	-0.100379	-0.174345	0.696990
52493	-0.186554	-0.312539	0.633469
52494	-0.274692	-0.445377	0.570733
52495	-0.347037	-0.557011	0.514361
52496	-0.401265	-0.644808	0.469442
52497	-0.439768	-0.718770	0.432394
52498	-0.460805	-0.781835	0.406389
52499	-0.470626	-0.833716	0.385541
52500	-0.467339	-0.872846	0.371166
52501	-0.453130	-0.902450	0.364013
52502	-0.425418	-0.924929	0.364830
52503	-0.393909	-0.942732	0.368591
52504	-0.365472	-0.955460	0.378538
52505	-0.333742	-0.964228	0.392699
52506	-0.297016	-0.968351	0.412477
52507	-0.255895	-0.962237	0.437177
52508	-0.214341	-0.945736	0.464346
52509	-0.176805	-0.917726	0.494251
52510	-0.140411	-0.877816	0.528636
52511	-0.102538	-0.826743	0.569714
52512	-0.063632	-0.765260	0.616015
52513	-0.021729	-0.698984	0.663805
52514	0.019682	-0.631461	0.713180
52515	0.058487	-0.560365	0.764138
52516	0.099704	-0.485312	0.813170
52517	0.139529	-0.407321	0.859026
52518	0.182327	-0.326810	0.897511
52519	0.223439	-0.243519	0.928925
52520	0.267718	-0.153867	0.955103
52521	0.310206	-0.065160	0.974045
52522	0.348830	0.025195	0.985357
52523	0.382421	0.113892	0.993211
52524	0.406544	0.189326	0.999738
52525	0.432313	0.269504	1.000408
52526	0.447000	0.332337	1.002410
52527	0.458427	0.395828	1.001049
52528	0.472783	0.455575	0.996982
52529	0.486688	0.510809	0.994778
52530	0.501217	0.556303	0.988778
52531	0.514778	0.593610	0.983695
52532	0.528460	0.625234	0.977365
52533	0.544175	0.656263	0.971735
52534	0.558748	0.682955	0.965641
52535	0.572559	0.702337	0.960398
52536	0.583819	0.716322	0.961512
52537	0.590330	0.728802	0.962995
52538	0.596955	0.740372	0.964523
52539	0.602287	0.753166	0.965667
52540	0.606199	0.764409	0.964625
52541	0.608412	0.775120	0.963320
52542	0.611177	0.782202	0.965723
52543	0.609845	0.781155	0.970785
52544	0.608337	0.779351	0.977079
52545	0.604957	0.779087	0.985364
52546	0.603699	0.778965	0.989584
52547	0.601391	0.779111	0.994243
52548	0.598712	0.780262	0.997297
52549	0.596741	0.781056	0.998757
52550	0.599269	0.781670	1.001927
52551	0.600704	0.784394	1.004652
52552	0.601474	0.785637	1.009856
52553	0.603712	0.781812	1.016828
52554	0.600928	0.771296	1.028398
52555	0.597100	0.763694	1.037511
52556	0.591725	0.757406	1.044675
52557	0.584778	0.755145	1.049744
52558	0.577945	0.751969	1.054856
52559	0.571894	0.752190	1.058556
52560	0.570557	0.748319	1.062597
52561	0.566025	0.748869	1.063436
52562	0.559659	0.750891	1.063514
52563	0.548262	0.754213	1.062245
52564	0.538361	0.757181	1.061298
52565	0.528064	0.756437	1.060191
52566	0.516868	0.750380	1.059433
52567	0.501893	0.741639	1.059446
52568	0.491632	0.728801	1.059804
52569	0.477969	0.712085	1.058622
52570	0.465680	0.697885	1.058003
52571	0.452068	0.681968	1.054814
52572	0.436548	0.663768	1.050689
52573	0.420050	0.649598	1.047188
52574	0.407651	0.640905	1.043916
52575	0.393183	0.635519	1.039797
52576	0.374967	0.624731	1.036602
52577	0.358032	0.618059	1.030742
52578	0.342469	0.613902	1.025440
52579	0.326989	0.611542	1.020033
52580	0.317063	0.611555	1.016908
52581	0.313715	0.614430	1.015196
52582	0.307082	0.614454	1.012266
52583	0.304453	0.614461	1.013036
52584	0.301986	0.619132	1.013128
52585	0.298876	0.621051	1.012242
52586	0.297347	0.626363	1.011848
52587	0.294718	0.633790	1.011006
52588	0.293302	0.641019	1.011673
52589	0.287341	0.650272	1.009743
52590	0.289308	0.656475	1.009483
52591	0.290490	0.667593	1.009776
52592	0.294926	0.675083	1.011262
52593	0.298756	0.685413	1.011054
52594	0.304536	0.695303	1.011930
52595	0.310391	0.706999	1.012705
52596	0.316995	0.715614	1.012036
52597	0.319039	0.723625	1.011675
52598	0.323197	0.733909	1.011447
52599	0.325936	0.743521	1.009775
52600	0.331361	0.752453	1.008767
52601	0.335609	0.759757	1.007143
52602	0.341768	0.768453	1.005713
52603	0.347966	0.773371	1.004903
52604	0.353555	0.777595	1.004551
52605	0.358943	0.778998	1.003991
52606	0.364241	0.783381	1.004827
52607	0.369590	0.786622	1.003377
52608	0.376232	0.785980	1.005211
52609	0.382354	0.787149	1.004230
52610	0.385473	0.790087	1.002130
52611	0.387011	0.789642	0.999538
52612	0.386305	0.786257	0.999198
52613	0.382776	0.783797	1.001337
52614	0.380269	0.782881	1.002138
52615	0.377233	0.781141	1.003027
52616	0.374043	0.781261	1.002235
52617	0.368524	0.783026	1.002673
52618	0.363382	0.785535	1.001070
52619	0.357510	0.786340	0.999616
52620	0.351760	0.786211	0.998199
52621	0.346421	0.785901	0.996386
52622	0.340581	0.786810	0.996093
52623	0.336180	0.787143	0.993798
52624	0.335435	0.785594	0.992570
52625	0.333983	0.785302	0.993681
52626	0.333922	0.782718	0.994046
52627	0.334068	0.779077	0.994081
52628	0.335388	0.777057	0.994728
52629	0.336928	0.776614	0.992139
52630	0.335396	0.774505	0.993347
52631	0.333754	0.775966	0.991615
52632	0.331239	0.774730	0.987325
52633	0.329063	0.777308	0.985953
52634	0.327636	0.776794	0.983131
52635	0.325550	0.778335	0.980634
52636	0.323882	0.778779	0.976985
52637	0.320911	0.780476	0.972957
52638	0.319798	0.782760	0.971136
52639	0.318259	0.785821	0.965376
52640	0.317619	0.785868	0.960119
52641	0.317779	0.784865	0.957251
52642	0.319254	0.785240	0.951855
52643	0.320149	0.784000	0.948565
52644	0.321332	0.784535	0.944356
52645	0.323770	0.786577	0.940398
52646	0.328254	0.787446	0.941487
52647	0.331142	0.789732	0.943386
52648	0.335815	0.788844	0.947318
52649	0.338833	0.788254	0.948981
52650	0.340999	0.787915	0.950271
52651	0.343191	0.788600	0.953480
52652	0.346497	0.789784	0.954225
52653	0.348779	0.789431	0.956310
52654	0.351388	0.789014	0.958365
52655	0.354459	0.789225	0.958015
52656	0.357856	0.789370	0.957635
52657	0.359254	0.789175	0.958188
52658	0.363184	0.788204	0.957449
52659	0.366457	0.789294	0.957037
52660	0.370094	0.788482	0.957485
52661	0.374454	0.790296	0.958543
52662	0.376581	0.791795	0.958943
52663	0.379471	0.794082	0.960843
52664	0.381709	0.797498	0.962307
52665	0.382761	0.796662	0.966060
52666	0.384378	0.794802	0.970612
52667	0.386901	0.793495	0.973525
52668	0.389307	0.792198	0.975641
52669	0.392767	0.791533	0.978072
52670	0.392927	0.792783	0.980561
52671	0.395007	0.791555	0.982708
52672	0.398884	0.789784	0.983983
52673	0.400724	0.789514	0.985303
52674	0.403385	0.789896	0.985344
52675	0.405225	0.789626	0.986664
52676	0.408089	0.790888	0.986644
52677	0.411953	0.791983	0.988952
52678	0.411633	0.795150	0.989787
52679	0.413730	0.796560	0.989031
52680	0.412232	0.800042	0.989520
52681	0.412139	0.804800	0.987124
52682	0.412166	0.808610	0.984758
52683	0.414188	0.813697	0.982226
52684	0.415797	0.818951	0.980084
52685	0.420338	0.826126	0.977295
52686	0.421009	0.830738	0.975634
52687	0.420765	0.835419	0.971285
52688	0.420348	0.839309	0.968153
52689	0.419331	0.846066	0.963336
52690	0.418139	0.852031	0.959735
52691	0.416828	0.858947	0.956104
52692	0.416371	0.864676	0.952083
52693	0.413437	0.871985	0.947337
52694	0.413051	0.881471	0.943492
52695	0.411658	0.892065	0.938082
52696	0.412631	0.899161	0.932333
52697	0.413228	0.905526	0.928628
52698	0.415033	0.911665	0.926425
52699	0.414329	0.913789	0.924212
52700	0.412515	0.914475	0.923694
52701	0.411519	0.916758	0.922666
52702	0.407640	0.917916	0.920267
52703	0.405011	0.917953	0.921027
52704	0.401334	0.919991	0.918567
52705	0.397780	0.922024	0.916905
52706	0.398081	0.923039	0.916254
52707	0.397618	0.924207	0.914868
52708	0.397717	0.924342	0.914279
52709	0.396720	0.926627	0.913251
52710	0.397958	0.928286	0.912121
52711	0.397203	0.929613	0.911922
52712	0.400010	0.930078	0.913920
52713	0.401904	0.930617	0.913231
52714	0.404321	0.931962	0.912449
52715	0.406176	0.934342	0.910872
52716	0.407615	0.936882	0.909680
52717	0.408077	0.936057	0.910719
52718	0.408808	0.934353	0.913738
52719	0.411466	0.930177	0.916418
52720	0.411109	0.927750	0.917963
52721	0.412696	0.925808	0.921363
52722	0.415394	0.924354	0.922297
52723	0.417678	0.924016	0.924389
52724	0.418903	0.923035	0.926161
52725	0.421481	0.922539	0.927070
52726	0.422705	0.921558	0.928842
52727	0.423826	0.924176	0.927682
52728	0.425840	0.923760	0.927021
52729	0.429759	0.925670	0.927330
52730	0.432566	0.926135	0.929328
52731	0.436471	0.925403	0.932532
52732	0.439408	0.922989	0.934293
52733	0.443204	0.920340	0.936439
52734	0.444521	0.918320	0.937084
52735	0.446514	0.918140	0.940359
52736	0.448125	0.915964	0.939818
52737	0.449272	0.914103	0.942464
52738	0.450992	0.913844	0.942988
52739	0.453039	0.914464	0.944238
52740	0.456341	0.915651	0.944991
52741	0.456566	0.915786	0.945195
52742	0.458783	0.916251	0.944474
52743	0.460389	0.916954	0.944976
52744	0.458002	0.920598	0.943926
52745	0.455781	0.922403	0.944563
52746	0.452789	0.923407	0.943693
52747	0.450313	0.923216	0.941311
52748	0.447964	0.925021	0.941148
52749	0.443482	0.926422	0.939966
52750	0.443341	0.927518	0.938547
52751	0.440237	0.929481	0.937647
52752	0.438345	0.933850	0.935350
52753	0.433714	0.935172	0.932219
52754	0.431419	0.937779	0.930042
52755	0.429306	0.941191	0.926652
52756	0.427708	0.945402	0.923168
52757	0.422098	0.947917	0.919617
52758	0.420485	0.949486	0.919034
52759	0.418264	0.951295	0.919679
52760	0.413100	0.951167	0.920950
52761	0.411375	0.953703	0.920395
52762	0.407645	0.954943	0.919942
52763	0.404781	0.955943	0.919851
52764	0.400609	0.957262	0.918630
52765	0.396126	0.958661	0.917418
52766	0.393628	0.960388	0.915300
52767	0.391500	0.961160	0.914836
52768	0.389204	0.963768	0.912657
52769	0.385697	0.963975	0.911895
52770	0.382703	0.964978	0.911022
52771	0.378956	0.966145	0.909429
52772	0.374823	0.965624	0.909096
52773	0.370047	0.967182	0.909065
52774	0.366463	0.968502	0.910563
52775	0.359626	0.970538	0.908708
52776	0.353980	0.972330	0.908320
52777	0.348818	0.974766	0.905527
52778	0.344644	0.976085	0.904303
52779	0.338744	0.978759	0.901947
52780	0.332656	0.980630	0.900790
52781	0.321990	0.983764	0.899038
52782	0.313303	0.987225	0.896351
52783	0.304513	0.991644	0.893594
52784	0.296602	0.993028	0.891378
52785	0.289271	0.994331	0.890690
52786	0.280087	0.997070	0.889246
52787	0.273158	1.000140	0.888445
52788	0.266091	1.003207	0.886874
52789	0.260096	1.006915	0.885600
52790	0.252694	1.011982	0.884321
52791	0.247237	1.014582	0.882707
52792	0.243464	1.017664	0.881358
52793	0.239788	1.022590	0.879922
52794	0.237635	1.025279	0.879693
52795	0.235377	1.028933	0.879487
52796	0.234107	1.031465	0.880795
52797	0.231060	1.034554	0.882949
52798	0.232496	1.037418	0.886853
52799	0.231469	1.041878	0.890095
52800	0.231245	1.046976	0.891987
52801	0.228563	1.053664	0.893139
52802	0.225795	1.061153	0.891482
52803	0.224102	1.069287	0.890177
52804	0.220891	1.076855	0.887750
52805	0.218758	1.085075	0.885706
52806	0.215104	1.092721	0.882509
52807	0.211351	1.101330	0.879256
52808	0.206022	1.108570	0.876951
52809	0.198142	1.118454	0.875103
52810	0.192812	1.125694	0.872796
52811	0.187046	1.135900	0.870830
52812	0.182704	1.144584	0.866029
52813	0.177929	1.156229	0.861430
52814	0.177431	1.166772	0.858690
52815	0.175560	1.179322	0.851585
52816	0.174859	1.188984	0.848905
52817	0.174127	1.203381	0.846353
52818	0.174362	1.213689	0.843196
52819	0.173853	1.224148	0.839241
52820	0.172991	1.231089	0.837514
52821	0.168470	1.234339	0.835442
52822	0.164276	1.232697	0.832020
52823	0.160166	1.229931	0.826389
52824	0.159510	1.227343	0.824032
52825	0.157576	1.226041	0.821336
52826	0.155340	1.222005	0.818748
52827	0.151537	1.219407	0.816909
52828	0.151124	1.215860	0.815384
52829	0.150327	1.213440	0.814914
52830	0.151242	1.209659	0.815698
52831	0.159629	1.203039	0.820129
52832	0.170485	1.200424	0.824690
52833	0.181921	1.194794	0.828646
52834	0.195070	1.187784	0.833745
52835	0.208452	1.177111	0.841393
52836	0.220838	1.165052	0.852716
52837	0.239568	1.153909	0.862533
52838	0.261111	1.144767	0.872056
52839	0.278396	1.129617	0.886387
52840	0.295563	1.112605	0.900891
52841	0.315621	1.093773	0.914530
52842	0.338160	1.071491	0.929845
52843	0.363522	1.046586	0.946441
52844	0.390592	1.020310	0.964094
52845	0.416808	0.992289	0.979981
52846	0.438876	0.962628	0.996080
52847	0.456207	0.931513	1.012357
52848	0.472060	0.900632	1.025670
52849	0.482717	0.865770	1.041498
52850	0.492872	0.825424	1.058359
52851	0.497852	0.783735	1.074839
52852	0.500676	0.738815	1.090352
52853	0.494856	0.691366	1.100228
52854	0.482987	0.640987	1.111313
52855	0.450638	0.580046	1.114637
52856	0.395115	0.509452	1.113115
52857	0.314672	0.428683	1.103761
52858	0.198796	0.336251	1.076715
52859	0.056584	0.234084	1.042532
52860	-0.137666	0.118962	0.985138
52861	-0.404460	-0.013639	0.887557
52862	-0.752638	-0.185441	0.760013
52863	-1.039812	-0.471804	0.725067
52864	-1.389124	-1.016540	0.716343
52865	-1.973920	-1.978562	0.550962
52866	-2.715090	-3.296746	0.259746
52867	-3.574257	-4.772851	-0.147505
52868	-4.295561	-6.002406	-0.533466
52869	-4.853708	-7.023599	-0.905883
52870	-5.294969	-7.964851	-1.312553
52871	-5.665397	-9.004490	-1.866367
52872	-5.867231	-10.105186	-2.548502
52873	-5.777025	-11.280950	-3.408021
52874	-5.535154	-12.543972	-4.608010
52875	-4.863823	-13.865366	-5.812248
52876	-3.884358	-15.248032	-6.987717
52877	-2.877642	-16.733067	-8.358054
52878	-1.822398	-18.254895	-9.828829
52879	-0.632027	-19.771913	-11.229952
52880	0.661183	-21.292355	-12.561988
52881	1.999673	-22.800963	-13.892817
52882	3.403352	-24.268353	-15.250770
52883	4.922149	-25.676417	-16.620237
52884	6.543567	-26.986505	-18.028725
52885	8.187446	-28.133290	-19.527352
52886	9.818161	-29.076215	-21.092501
52887	11.431466	-29.852661	-22.623287
52888	12.971949	-30.494406	-24.035493
52889	14.337958	-30.967333	-25.288313
52890	15.477433	-31.299695	-26.318109
52891	16.388040	-31.584995	-27.062681
52892	17.043442	-31.840579	-27.532285
52893	17.430722	-32.020727	-27.752401
52894	17.577829	-32.128381	-27.738859
52895	17.490996	-32.145344	-27.555736
52896	17.201127	-32.069686	-27.277862
52897	16.795302	-31.863395	-26.914096
52898	16.336132	-31.535807	-26.519290
52899	15.820376	-31.051129	-26.111947
52900	15.271891	-30.426551	-25.710594
52901	14.693817	-29.697088	-25.300412
52902	14.065510	-28.878724	-24.868129
52903	13.364305	-27.968527	-24.392019
52904	12.593069	-26.989450	-23.868819
52905	11.752260	-25.961867	-23.285482
52906	10.855688	-24.890198	-22.666395
52907	9.920012	-23.769478	-22.033256
52908	8.960995	-22.616090	-21.403654
52909	7.981689	-21.438477	-20.779008
52910	7.016550	-20.250033	-20.154632
52911	6.091668	-19.059602	-19.524675
52912	5.227239	-17.893677	-18.919553
52913	4.409674	-16.758457	-18.278437
52914	3.622167	-15.656936	-17.581079
52915	2.847922	-14.592876	-16.799944
52916	2.063883	-13.561307	-15.932970
52917	1.269192	-12.546938	-15.058374
52918	0.528218	-11.573613	-14.164825
52919	-0.150641	-10.642414	-13.395583
52920	-0.767569	-9.768247	-12.563194
52921	-1.321768	-8.958880	-11.838032
52922	-1.843030	-8.219629	-11.030772
52923	-2.325400	-7.562566	-10.311866
52924	-2.779478	-6.979329	-9.504729
52925	-3.210098	-6.464205	-8.810194
52926	-3.583687	-6.031526	-8.053939
52927	-3.914097	-5.674142	-7.407993
52928	-4.229379	-5.381951	-6.735622
52929	-4.526799	-5.134096	-6.194029
52930	-4.805900	-4.885292	-5.613894
52931	-5.066921	-4.638451	-5.071922
52932	-4.761800	-4.550824	-4.542698
52933	-3.720775	-4.781908	-4.196306
52934	-2.699189	-4.923871	-4.008206
52935	-2.204211	-4.944437	-3.840300
52936	-2.142178	-4.987251	-3.775684
52937	-2.253296	-5.052732	-3.849099
52938	-2.431171	-5.155347	-3.953603
52939	-2.546488	-5.319625	-3.936097
52940	-2.547732	-5.511983	-3.797425
52941	-2.576153	-5.668923	-3.748268
52942	-2.551823	-5.807646	-3.794558
52943	-2.519277	-5.913130	-3.884576
52944	-2.451226	-5.996868	-3.929643
52945	-2.337407	-6.056899	-3.944041
52946	-2.146774	-6.094365	-3.964393
52947	-1.903149	-6.111185	-3.994023
52948	-1.646674	-6.115442	-3.995249
52949	-1.393828	-6.115543	-3.965023
52950	-1.093472	-6.177146	-3.885767
52951	-0.874986	-6.265051	-3.841790
52952	-0.789205	-6.370071	-3.834615
52953	-0.772671	-6.489369	-3.841586
52954	-0.750327	-6.607859	-3.842979
52955	-0.706477	-6.723713	-3.853305
52956	-0.651782	-6.836336	-3.881657
52957	-0.592624	-6.953628	-3.907221
52958	-0.510857	-7.078071	-3.934659
52959	-0.431114	-7.207119	-3.975177
52960	-0.382130	-7.342229	-4.012314
52961	-0.356974	-7.484014	-4.035771
52962	-0.322775	-7.621302	-4.057482
52963	-0.274097	-7.743227	-4.091379
52964	-0.215751	-7.848118	-4.128313
52965	-0.151241	-7.941368	-4.156952
52966	-0.070077	-8.032723	-4.180760
52967	0.037266	-8.121696	-4.223432
52968	0.164806	-8.202943	-4.285725
52969	0.299670	-8.288137	-4.334372
52970	0.437823	-8.367711	-4.360322
52971	0.571140	-8.434943	-4.378230
52972	0.675739	-8.492971	-4.375391
52973	0.766636	-8.550690	-4.375270
52974	0.868794	-8.610625	-4.402543
52975	0.931093	-8.670611	-4.436202
52976	0.916888	-8.718144	-4.463763
52977	0.833118	-8.750566	-4.488543
52978	0.679690	-8.775021	-4.512501
52979	0.490874	-8.788465	-4.527303
52980	0.294177	-8.792226	-4.526988
52981	0.085193	-8.787292	-4.512221
52982	-0.148910	-8.774957	-4.484814
52983	-0.400510	-8.746828	-4.437697
52984	-0.629519	-8.712072	-4.376674
52985	-0.837425	-8.650738	-4.309179
52986	-1.049911	-8.578276	-4.209328
52987	-1.241636	-8.514902	-4.107104
52988	-1.425155	-8.456512	-4.004179
52989	-1.621476	-8.396273	-3.915375
52990	-1.849869	-8.309993	-3.820317
52991	-2.065280	-8.206418	-3.728133
52992	-2.260514	-8.093868	-3.628415
52993	-2.435798	-7.975879	-3.531169
52994	-2.589074	-7.844894	-3.427266
52995	-2.706438	-7.700093	-3.300737
52996	-2.793747	-7.570221	-3.168919
52997	-2.900545	-7.455197	-3.063437
52998	-3.036509	-7.329004	-2.963994
52999	-3.192252	-7.210531	-2.880921
53000	-3.360066	-7.092342	-2.800706
53001	-3.514536	-6.959593	-2.717727
53002	-3.651354	-6.810112	-2.628253
53003	-3.749979	-6.642280	-2.534726
53004	-3.806612	-6.450950	-2.431903
53005	-3.825164	-6.229180	-2.309687
53006	-3.787513	-5.973139	-2.168044
53007	-3.709734	-5.706439	-2.040398
53008	-3.628670	-5.448288	-1.932860
53009	-3.541831	-5.182995	-1.820354
53010	-3.501339	-5.035798	-1.756127
53011	-3.554175	-4.998728	-1.761160
53012	-3.635690	-4.949487	-1.770101
53013	-3.698242	-4.880910	-1.773998
53014	-3.738396	-4.797000	-1.767619
53015	-3.762338	-4.685795	-1.759386
53016	-3.781737	-4.546904	-1.752126
53017	-3.792210	-4.401850	-1.741204
53018	-3.799845	-4.251361	-1.724724
53019	-3.793190	-4.093127	-1.701601
53020	-3.750338	-3.931738	-1.669983
53021	-3.667617	-3.782587	-1.631481
53022	-3.592378	-3.678008	-1.607039
53023	-3.544342	-3.589827	-1.587483
53024	-3.499012	-3.520469	-1.569474
53025	-3.474514	-3.475746	-1.556240
53026	-3.478007	-3.439442	-1.547037
53027	-3.487855	-3.406144	-1.537485
53028	-3.489558	-3.380360	-1.525531
53029	-3.491307	-3.360900	-1.509890
53030	-3.502291	-3.341735	-1.495822
53031	-3.517815	-3.321312	-1.480354
53032	-3.532272	-3.304845	-1.465384
53033	-3.545722	-3.289733	-1.451189
53034	-3.556979	-3.275284	-1.439056
53035	-3.563163	-3.262396	-1.427998
53036	-3.561196	-3.258850	-1.413577
53037	-3.559452	-3.252764	-1.402143
53038	-3.558550	-3.246387	-1.391041
53039	-3.549856	-3.233567	-1.376429
53040	-3.546883	-3.209078	-1.365138
53041	-3.545815	-3.184693	-1.348983
53042	-3.559177	-3.152640	-1.334337
53043	-3.576129	-3.103181	-1.311564
53044	-3.559731	-3.042898	-1.285230
53045	-3.515661	-2.966243	-1.261304
53046	-3.431427	-2.876066	-1.234456
53047	-3.322377	-2.756828	-1.189090
53048	-3.197130	-2.619276	-1.139979
53049	-3.056168	-2.480339	-1.087556
53050	-2.911616	-2.343453	-1.037633
53051	-2.770312	-2.207295	-0.982811
53052	-2.630432	-2.046460	-0.916991
53053	-2.502839	-1.903906	-0.851687
53054	-2.407485	-1.801923	-0.799154
53055	-2.361796	-1.780175	-0.789525
53056	-2.342757	-1.787796	-0.797770
53057	-2.333546	-1.800456	-0.808917
53058	-2.326073	-1.807265	-0.824715
53059	-2.318768	-1.808267	-0.837449
53060	-2.306672	-1.802829	-0.847448
53061	-2.295011	-1.799943	-0.854486
53062	-2.276829	-1.792038	-0.858791
53063	-2.258015	-1.779734	-0.863506
53064	-2.237222	-1.764065	-0.867016
53065	-2.210545	-1.746324	-0.869918
53066	-2.178328	-1.722381	-0.870491
53067	-2.141418	-1.691147	-0.867626
53068	-2.095712	-1.658077	-0.858359
53069	-2.043768	-1.624921	-0.848718
53070	-1.981152	-1.586849	-0.834591
53071	-1.916811	-1.541698	-0.818346
53072	-1.855631	-1.485187	-0.800717
53073	-1.788734	-1.413923	-0.775875
53074	-1.719764	-1.342279	-0.751876
53075	-1.655586	-1.277069	-0.730591
53076	-1.585541	-1.199111	-0.705788
53077	-1.545852	-1.158711	-0.694817
53078	-1.517816	-1.118085	-0.688210
53079	-1.489936	-1.076558	-0.681667
53080	-1.466467	-1.036423	-0.673533
53081	-1.440048	-0.990661	-0.665991
53082	-1.408503	-0.944209	-0.656007
53083	-1.361797	-0.879863	-0.636791
53084	-1.317349	-0.823312	-0.618393
53085	-1.277091	-0.777275	-0.605283
53086	-1.230429	-0.730556	-0.598433
53087	-1.177640	-0.683373	-0.586057
53088	-1.099429	-0.610694	-0.564245
53089	-1.032587	-0.557483	-0.543145
53090	-0.964125	-0.497108	-0.521364
53091	-0.874732	-0.413062	-0.492064
53092	-0.797947	-0.351780	-0.463566
53093	-0.729752	-0.292770	-0.433617
53094	-0.646393	-0.220623	-0.396996
53095	-0.579686	-0.172783	-0.371606
53096	-0.518839	-0.128173	-0.349949
53097	-0.468849	-0.085551	-0.332686
53098	-0.432300	-0.043886	-0.316965
53099	-0.400479	-0.001104	-0.303818
53100	-0.365751	0.046369	-0.293822
53101	-0.336936	0.090801	-0.282938
53102	-0.316528	0.128792	-0.278653
53103	-0.302380	0.174684	-0.280842
53104	-0.290131	0.220122	-0.284843
53105	-0.278578	0.273207	-0.289298
53106	-0.266111	0.322180	-0.296262
53107	-0.241394	0.386605	-0.301249
53108	-0.233337	0.426597	-0.306245
53109	-0.230227	0.466833	-0.313791
53110	-0.221855	0.508190	-0.325953
53111	-0.210286	0.550919	-0.330900
53112	-0.198402	0.590974	-0.332915
53113	-0.190122	0.629203	-0.334276
53114	-0.173256	0.676448	-0.334588
53115	-0.174328	0.694013	-0.331888
53116	-0.175598	0.707048	-0.328092
53117	-0.180570	0.713690	-0.321793
53118	-0.186983	0.722432	-0.319468
53119	-0.194045	0.731375	-0.315971
53120	-0.203377	0.740730	-0.317093
53121	-0.207756	0.751540	-0.316976
53122	-0.209800	0.762561	-0.318922
53123	-0.211907	0.770827	-0.319143
53124	-0.210373	0.779076	-0.319111
53125	-0.205152	0.787166	-0.319253
53126	-0.199927	0.791601	-0.318361
53127	-0.197324	0.798630	-0.317142
53128	-0.188564	0.802135	-0.315168
53129	-0.178872	0.802820	-0.307973
53130	-0.171097	0.800389	-0.299696
53131	-0.166136	0.794061	-0.290290
53132	-0.162160	0.790876	-0.281015
53133	-0.158467	0.788544	-0.273764
53134	-0.154160	0.787843	-0.268586
53135	-0.150486	0.789994	-0.265147
53136	-0.144584	0.793392	-0.262647
53137	-0.140535	0.796186	-0.262408
53138	-0.133780	0.798307	-0.261439
53139	-0.127069	0.800321	-0.261661
53140	-0.118725	0.799412	-0.256647
53141	-0.110493	0.797596	-0.250806
53142	-0.099990	0.795180	-0.245010
53143	-0.089780	0.792099	-0.235249
53144	-0.080063	0.791759	-0.229939
53145	-0.068317	0.793496	-0.226826
53146	-0.055475	0.794945	-0.224118
53147	-0.042579	0.793726	-0.217732
53148	-0.031306	0.782092	-0.204738
53149	-0.021916	0.767215	-0.191094
53150	-0.007218	0.751596	-0.181161
53151	0.001913	0.742166	-0.172161
53152	0.011426	0.735324	-0.166066
53153	0.018136	0.731726	-0.165562
53154	0.025202	0.733685	-0.165779
53155	0.031444	0.737619	-0.167667
53156	0.040348	0.742722	-0.169723
53157	0.045719	0.746810	-0.173154
53158	0.053052	0.750458	-0.175446
53159	0.061687	0.751929	-0.175720
53160	0.070672	0.753344	-0.175987
53161	0.077720	0.752243	-0.179574
53162	0.082821	0.750982	-0.179906
53163	0.087447	0.749702	-0.182197
53164	0.092731	0.748205	-0.185667
53165	0.096685	0.747966	-0.189562
53166	0.101774	0.751200	-0.193695
53167	0.109034	0.752109	-0.194264
53168	0.114402	0.752538	-0.196672
53169	0.122041	0.754097	-0.200439
53170	0.128741	0.756944	-0.203440
53171	0.136505	0.758583	-0.205252
53172	0.143372	0.759664	-0.205405
53173	0.148403	0.761276	-0.204739
53174	0.152369	0.764098	-0.205262
53175	0.156183	0.767867	-0.205847
53176	0.158890	0.774692	-0.208512
53177	0.162776	0.779269	-0.211111
53178	0.165790	0.785939	-0.214959
53179	0.168148	0.792831	-0.217626
53180	0.170923	0.800464	-0.222305
53181	0.172524	0.806472	-0.227639
53182	0.175170	0.814029	-0.234272
53183	0.178141	0.820613	-0.239304
53184	0.181432	0.824477	-0.241427
53185	0.183113	0.826797	-0.244977
53186	0.186642	0.829700	-0.246268
53187	0.190048	0.830593	-0.249808
53188	0.193142	0.833574	-0.251871
53189	0.195216	0.837664	-0.255540
53190	0.200776	0.838985	-0.258004
53191	0.205066	0.840839	-0.256921
53192	0.205974	0.842673	-0.256860
53193	0.206762	0.842497	-0.259048
53194	0.204053	0.843340	-0.261135
53195	0.201705	0.845866	-0.264526
53196	0.197146	0.848061	-0.268578
53197	0.193340	0.848090	-0.273334
53198	0.191948	0.850237	-0.279089
53199	0.189740	0.848763	-0.285789
53200	0.190506	0.849405	-0.290761
53201	0.191493	0.850117	-0.293006
53202	0.191516	0.850992	-0.297568
53203	0.191198	0.851939	-0.302130
53204	0.190674	0.853931	-0.306341
53205	0.192667	0.856104	-0.311070
53206	0.192508	0.857210	-0.312494
53207	0.190665	0.854852	-0.316408
53208	0.190536	0.852995	-0.320019
53209	0.190501	0.851134	-0.322858
53210	0.188886	0.849742	-0.325648
53211	0.189047	0.848767	-0.328546
53212	0.191273	0.846289	-0.331433
53213	0.190186	0.844816	-0.332679
53214	0.191626	0.844418	-0.336046
53215	0.189785	0.842062	-0.339960
53216	0.192012	0.839584	-0.342847
53217	0.192369	0.839494	-0.345804
53218	0.194200	0.840866	-0.349291
53219	0.194470	0.844470	-0.354030
53220	0.194689	0.846231	-0.358652
53221	0.194092	0.849992	-0.364936
53222	0.191325	0.851566	-0.370995
53223	0.188167	0.853947	-0.381023
53224	0.184361	0.857448	-0.391473
53225	0.178450	0.864298	-0.402826
53226	0.174288	0.869801	-0.412986
53227	0.171620	0.878530	-0.424978
53228	0.170463	0.886877	-0.436606
53229	0.167322	0.898649	-0.447185
53230	0.169259	0.912882	-0.456140
53231	0.168925	0.926616	-0.468127
53232	0.170777	0.938927	-0.478145
53233	0.172371	0.953238	-0.487100
53234	0.174941	0.962661	-0.494620
53235	0.176933	0.973125	-0.502973
53236	0.181422	0.982010	-0.510538
53237	0.182473	0.991822	-0.518422
53238	0.186572	0.998938	-0.525869
53239	0.187943	1.009714	-0.531856
53240	0.192101	1.016097	-0.535331
53241	0.193032	1.017123	-0.532482
53242	0.193860	1.018152	-0.530406
53243	0.193614	1.019487	-0.527921
53244	0.194442	1.020515	-0.525845
53245	0.194504	1.021697	-0.524542
53246	0.199822	1.025113	-0.524746
53247	0.201758	1.027605	-0.524378
53248	0.205898	1.031330	-0.524946
53249	0.209900	1.036018	-0.525573
53250	0.212909	1.038203	-0.525614
53251	0.215589	1.040465	-0.525654
53252	0.218840	1.041687	-0.524862
53253	0.222501	1.041208	-0.518494
53254	0.223667	1.037573	-0.513804
53255	0.224451	1.034319	-0.504021
53256	0.229906	1.030639	-0.495566
53257	0.232243	1.027734	-0.488614
53258	0.237637	1.024789	-0.484130
53259	0.241916	1.024005	-0.480126
53260	0.247070	1.022024	-0.476474
53261	0.250479	1.021398	-0.474015
53262	0.256992	1.018879	-0.473136
53263	0.260517	1.017215	-0.471806
53264	0.262282	1.018897	-0.470198
53265	0.262582	1.018009	-0.471135
53266	0.262849	1.019041	-0.471789
53267	0.261617	1.020465	-0.472807
53268	0.260799	1.018107	-0.472046
53269	0.257579	1.019261	-0.471005
53270	0.255810	1.021872	-0.470492
53271	0.253915	1.025453	-0.470035
53272	0.253439	1.026716	-0.470281
53273	0.250674	1.030452	-0.471372
53274	0.249796	1.035569	-0.472216
53275	0.249145	1.039650	-0.473406
53276	0.248931	1.042611	-0.475724
53277	0.250512	1.045998	-0.478142
53278	0.249359	1.048305	-0.479994
53279	0.247097	1.052774	-0.482323
53280	0.248882	1.057119	-0.483618
53281	0.247594	1.059283	-0.488609
53282	0.249378	1.063628	-0.489904
53283	0.250698	1.065320	-0.490248
53284	0.252394	1.066192	-0.486625
53285	0.251222	1.066879	-0.483675
53286	0.253160	1.066787	-0.479220
53287	0.255298	1.061885	-0.475283
53288	0.258255	1.057633	-0.472593
53289	0.260736	1.056352	-0.469676
53290	0.264081	1.053872	-0.467102
53291	0.265817	1.052824	-0.463772
53292	0.268612	1.051461	-0.460849
53293	0.269673	1.051457	-0.459120
