// General information: 
//  MT Manager version: 2021.4.0 
//  XDA version: 2021.4.0 build 6323 rev 112641 built on 2021-09-28
// Device information: 
//  DeviceId: 00B43773
//  ProductCode: MTW2-3A7G6
//  Firmware Version: 4.3.4
//  Hardware Version: 1.1.0
// Device settings: 
//  Filter Profile: human(46.1)
//  Option Flags: Orientation Smoother Disabled, Position/Velocity Smoother Disabled, Continuous Zero Rotation Update Disabled, AHS Disabled, ICC Disabled
// Coordinate system: ENU
PacketCounter	Roll	Pitch	Yaw
37652	0.120204	-0.208476	0.859169
37653	0.119164	-0.214722	0.856870
37654	0.117502	-0.221980	0.869259
37655	0.116695	-0.229937	0.868423
37656	0.118118	-0.237227	0.878591
37657	0.117730	-0.247312	0.877245
37658	0.118112	-0.254956	0.846608
37659	0.117725	-0.265042	0.845262
37660	0.118026	-0.272616	0.881947
37661	0.117569	-0.279321	0.881157
37662	0.117063	-0.287097	0.861561
37663	0.118729	-0.296009	0.861350
37664	0.120336	-0.304977	0.843920
37665	0.120544	-0.313672	0.841320
37666	0.120560	-0.321418	0.812322
37667	0.121349	-0.330570	0.811230
37668	0.122966	-0.339972	0.859241
37669	0.123228	-0.348111	0.857315
37670	0.123559	-0.356482	0.844850
37671	0.123472	-0.365875	0.842878
37672	0.126706	-0.374595	0.844297
37673	0.125849	-0.383113	0.842791
37674	0.126729	-0.393177	0.843851
37675	0.125768	-0.402810	0.841001
37676	0.123885	-0.411144	0.795276
37677	0.121678	-0.418332	0.792729
37678	0.121484	-0.424942	0.761736
37679	0.120904	-0.428825	0.760830
37680	0.119510	-0.435261	0.730906
37681	0.118981	-0.438587	0.730671
37682	0.119223	-0.443829	0.694860
37683	0.120935	-0.446397	0.693785
37684	0.121114	-0.450747	0.718748
37685	0.123174	-0.452061	0.717716
37686	0.125395	-0.454528	0.720186
37687	0.127558	-0.454728	0.720499
37688	0.129067	-0.456984	0.702449
37689	0.128656	-0.457348	0.700795
37690	0.129029	-0.458754	0.704777
37691	0.127148	-0.460750	0.703500
37692	0.126901	-0.462330	0.722983
37693	0.126243	-0.462833	0.722629
37694	0.126002	-0.463838	0.686838
37695	0.125768	-0.466469	0.685976
37696	0.126858	-0.466918	0.702983
37697	0.125852	-0.468675	0.702586
37698	0.125522	-0.470849	0.683292
37699	0.127980	-0.470353	0.682977
37700	0.129973	-0.471566	0.632348
37701	0.131735	-0.473578	0.631943
37702	0.131775	-0.474623	0.637109
37703	0.131940	-0.475443	0.636961
37704	0.130957	-0.476659	0.614962
37705	0.129950	-0.478417	0.614563
37706	0.128232	-0.480077	0.575204
37707	0.127972	-0.478770	0.575564
37708	0.128843	-0.480132	0.565816
37709	0.129356	-0.479699	0.565711
37710	0.128270	-0.479367	0.557120
37711	0.127712	-0.478757	0.558107
37712	0.126503	-0.478380	0.511856
37713	0.127838	-0.478265	0.511958
37714	0.127660	-0.477177	0.484866
37715	0.128223	-0.476187	0.485433
37716	0.128736	-0.476337	0.481068
37717	0.129595	-0.474651	0.481008
37718	0.129362	-0.474527	0.477177
37719	0.128601	-0.476148	0.475476
37720	0.128408	-0.475837	0.460740
37721	0.125855	-0.475848	0.461267
37722	0.122229	-0.477795	0.432744
37723	0.120398	-0.479238	0.432135
37724	0.118283	-0.480834	0.407665
37725	0.115678	-0.481403	0.407521
37726	0.115353	-0.481962	0.399694
37727	0.115763	-0.482646	0.398245
37728	0.117130	-0.482111	0.398582
37729	0.118465	-0.481996	0.398684
37730	0.118554	-0.482990	0.346196
37731	0.118292	-0.481685	0.346554
37732	0.118890	-0.481243	0.344042
37733	0.118975	-0.478683	0.344445
37734	0.119976	-0.475644	0.333217
37735	0.121955	-0.473579	0.332737
37736	0.121918	-0.469464	0.346039
37737	0.120059	-0.466969	0.346654
37738	0.118881	-0.463015	0.332556
37739	0.117022	-0.460521	0.333171
37740	0.115016	-0.457470	0.357166
37741	0.113454	-0.454280	0.357154
37742	0.110447	-0.451380	0.338226
37743	0.106412	-0.447243	0.337590
37744	0.102188	-0.444993	0.302459
37745	0.096438	-0.442628	0.303496
37746	0.089382	-0.442363	0.286171
37747	0.084753	-0.439618	0.286789
37748	0.081148	-0.438989	0.286711
37749	0.077820	-0.438129	0.287701
37750	0.076351	-0.437366	0.283839
37751	0.074738	-0.434735	0.283154
37752	0.072925	-0.433686	0.294016
37753	0.069894	-0.432131	0.294377
37754	0.066482	-0.429619	0.302601
37755	0.065049	-0.429253	0.302708
37756	0.065639	-0.427093	0.274242
37757	0.064652	-0.424357	0.275736
37758	0.064951	-0.424333	0.250679
37759	0.065809	-0.422649	0.250619
37760	0.064682	-0.424162	0.224071
37761	0.064946	-0.423868	0.225265
37762	0.065452	-0.425352	0.209924
37763	0.063572	-0.427357	0.208641
37764	0.064210	-0.429644	0.232605
37765	0.066023	-0.431097	0.232873
37766	0.067668	-0.434378	0.235217
37767	0.071722	-0.435072	0.234648
37768	0.076386	-0.439507	0.224555
37769	0.081016	-0.440653	0.225494
37770	0.083966	-0.443683	0.236517
37771	0.086898	-0.444757	0.236367
37772	0.089363	-0.448387	0.258653
37773	0.090234	-0.452486	0.260132
37774	0.089871	-0.456832	0.261848
37775	0.090166	-0.460478	0.261819
37776	0.089817	-0.463568	0.258905
37777	0.090935	-0.467530	0.259085
37778	0.089060	-0.471999	0.220122
37779	0.091348	-0.475022	0.220555
37780	0.092574	-0.477969	0.216392
37781	0.096428	-0.478242	0.217795
37782	0.102342	-0.478722	0.192610
37783	0.109179	-0.475169	0.193937
37784	0.117461	-0.472945	0.197738
37785	0.122402	-0.468900	0.199947
37786	0.127449	-0.463829	0.183956
37787	0.129869	-0.459398	0.184866
37788	0.131041	-0.456648	0.165131
37789	0.130298	-0.453779	0.165325
37790	0.128569	-0.452258	0.169189
37791	0.126358	-0.451023	0.169755
37792	0.120189	-0.450487	0.168526
37793	0.115390	-0.451266	0.169881
37794	0.111866	-0.451000	0.148170
37795	0.103953	-0.452783	0.149480
37796	0.094785	-0.453268	0.150523
37797	0.087119	-0.454914	0.150536
37798	0.080050	-0.455119	0.156395
37799	0.074773	-0.454329	0.157588
37800	0.069474	-0.453109	0.163209
37801	0.066439	-0.451559	0.163566
37802	0.063767	-0.448793	0.172578
37803	0.059133	-0.446055	0.173188
37804	0.055534	-0.444865	0.174932
37805	0.049205	-0.442057	0.174452
37806	0.042221	-0.440001	0.176057
37807	0.034721	-0.438134	0.175323
37808	0.028118	-0.436165	0.158622
37809	0.020025	-0.435687	0.159142
37810	0.015258	-0.434674	0.145672
37811	0.013575	-0.434448	0.147075
37812	0.013062	-0.433336	0.132235
37813	0.010707	-0.433778	0.130788
37814	0.009190	-0.434102	0.131413
37815	0.008003	-0.433604	0.130219
37816	0.007745	-0.434586	0.130275
37817	0.008983	-0.435589	0.129039
37818	0.010262	-0.434986	0.129251
37819	0.012027	-0.436998	0.128851
37820	0.013331	-0.436627	0.148424
37821	0.013745	-0.437316	0.146978
37822	0.016771	-0.435635	0.151619
37823	0.018748	-0.433573	0.151143
37824	0.016500	-0.431753	0.156037
37825	0.017834	-0.431639	0.156144
37826	0.017241	-0.428187	0.178059
37827	0.018048	-0.427064	0.177330
37828	0.019967	-0.424469	0.183431
37829	0.021416	-0.421399	0.182120
37830	0.022995	-0.418007	0.190112
37831	0.026734	-0.413616	0.188640
37832	0.028457	-0.410649	0.209012
37833	0.030002	-0.406461	0.209046
37834	0.029051	-0.403118	0.223148
37835	0.029275	-0.398888	0.225567
37836	0.028071	-0.396219	0.245658
37837	0.027471	-0.391676	0.247868
37838	0.027688	-0.386273	0.255975
37839	0.026906	-0.379469	0.257394
37840	0.026679	-0.370986	0.286713
37841	0.026577	-0.366173	0.286329
37842	0.028528	-0.355266	0.294206
37843	0.028438	-0.345958	0.295717
37844	0.031878	-0.336204	0.302796
37845	0.034127	-0.325018	0.304821
37846	0.037909	-0.312018	0.313646
37847	0.039862	-0.301528	0.316300
37848	0.042060	-0.290533	0.317178
37849	0.040508	-0.282862	0.319061
37850	0.037712	-0.272167	0.331572
37851	0.034426	-0.260494	0.333587
37852	0.030728	-0.249330	0.355683
37853	0.026521	-0.238462	0.356144
37854	0.022899	-0.229628	0.379926
37855	0.018826	-0.221578	0.380505
37856	0.012686	-0.212336	0.388574
37857	0.004923	-0.204846	0.387589
37858	-0.003855	-0.198717	0.402283
37859	-0.009884	-0.195230	0.401168
37860	-0.014455	-0.191448	0.409959
37861	-0.017420	-0.187513	0.408230
37862	-0.018657	-0.184727	0.436727
37863	-0.019101	-0.181171	0.436304
37864	-0.017203	-0.177229	0.455879
37865	-0.011270	-0.172641	0.452932
37866	-0.003231	-0.169407	0.457370
37867	0.003380	-0.166809	0.452620
37868	0.011193	-0.163337	0.458100
37869	0.016782	-0.160002	0.455109
37870	0.019085	-0.158459	0.459229
37871	0.023111	-0.157874	0.455260
37872	0.025080	-0.157559	0.457384
37873	0.024194	-0.156375	0.455573
37874	0.019033	-0.157832	0.449849
37875	0.012252	-0.159247	0.450725
37876	0.003020	-0.158639	0.470634
37877	-0.003946	-0.157797	0.470720
37878	-0.012633	-0.157129	0.495176
37879	-0.026223	-0.157455	0.499082
37880	-0.040494	-0.158367	0.515582
37881	-0.056275	-0.158895	0.520987
37882	-0.072144	-0.158954	0.526319
37883	-0.088899	-0.158184	0.534152
37884	-0.109772	-0.160522	0.556178
37885	-0.135385	-0.164342	0.564011
37886	-0.175747	-0.175548	0.578201
37887	-0.233425	-0.192105	0.586713
37888	-0.313742	-0.212392	0.599404
37889	-0.435122	-0.255789	0.587244
37890	-0.579316	-0.321386	0.586240
37891	-0.737269	-0.404228	0.569726
37892	-0.934496	-0.517712	0.574506
37893	-1.173966	-0.653553	0.559075
37894	-1.491380	-0.843658	0.566923
37895	-1.929106	-1.106080	0.564868
37896	-2.456938	-1.453794	0.594778
37897	-3.229300	-1.934063	0.597985
37898	-4.374241	-2.515364	0.513416
37899	-5.348699	-3.187647	0.554274
37900	-6.460925	-3.832829	0.416682
37901	-8.018481	-4.446442	-0.216204
37902	-10.115522	-4.945575	-1.286192
37903	-12.469785	-5.309941	-2.303365
37904	-14.358535	-5.729338	-2.909214
37905	-15.271980	-6.309461	-2.666831
37906	-15.994903	-7.187753	-2.056547
37907	-17.229197	-8.251175	-1.626490
37908	-18.842373	-9.327872	-1.581092
37909	-20.309646	-10.386851	-1.810360
37910	-21.387960	-11.493461	-2.172778
37911	-22.220396	-12.674904	-2.641796
37912	-22.957578	-13.898635	-3.239520
37913	-23.591268	-15.059953	-3.890114
37914	-24.042791	-16.103426	-4.485774
37915	-24.249304	-17.028842	-4.978724
37916	-24.248464	-17.864269	-5.417541
37917	-24.111661	-18.641489	-5.884558
37918	-23.798520	-19.351433	-6.415129
37919	-23.239820	-19.973538	-6.987751
37920	-22.456627	-20.495765	-7.604962
37921	-21.498148	-20.918107	-8.254122
37922	-20.365565	-21.224707	-8.930209
37923	-19.080095	-21.413039	-9.644530
37924	-17.659509	-21.477792	-10.424686
37925	-16.098094	-21.404869	-11.300535
37926	-14.377957	-21.190215	-12.269649
37927	-12.532817	-20.820558	-13.289320
37928	-10.623800	-20.277610	-14.319457
37929	-8.701228	-19.582273	-15.311223
37930	-6.833188	-18.795468	-16.187193
37931	-5.098040	-17.950751	-16.911244
37932	-3.540743	-17.055702	-17.451400
37933	-2.194493	-16.085921	-17.828083
37934	-1.026767	-15.023322	-18.054491
37935	-0.003552	-13.924581	-18.116407
37936	0.872863	-12.849295	-18.055443
37937	1.566120	-11.817790	-17.918621
37938	2.109030	-10.830854	-17.691602
37939	2.521754	-9.946966	-17.371551
37940	2.806421	-9.196153	-16.995554
37941	3.022127	-8.578894	-16.576972
37942	3.297698	-8.081121	-16.070626
37943	3.648771	-7.701236	-15.510037
37944	3.964998	-7.371254	-14.948775
37945	4.151331	-7.005951	-14.342451
37946	4.234600	-6.654976	-13.634742
37947	4.240830	-6.442847	-12.825218
37948	4.196276	-6.422323	-11.947727
37949	4.067291	-6.530599	-11.037915
37950	3.845744	-6.710194	-10.135314
37951	3.571381	-6.947208	-9.267427
37952	3.294516	-7.246561	-8.473114
37953	3.058270	-7.555809	-7.769485
37954	2.851619	-7.814010	-7.159182
37955	2.039003	-7.456735	-6.759830
37956	1.406573	-6.784585	-6.743018
37957	0.849561	-6.243381	-6.466041
37958	0.376204	-5.731915	-6.169984
37959	0.104232	-5.382226	-5.998918
37960	-0.022177	-5.100458	-6.066863
37961	-0.025061	-4.969440	-6.228292
37962	0.072189	-4.985689	-6.440172
37963	0.179146	-5.092840	-6.757554
37964	0.272684	-5.266562	-7.108997
37965	0.312088	-5.456604	-7.448977
37966	0.311549	-5.622898	-7.737986
37967	0.271641	-5.720916	-7.978688
37968	0.240142	-5.711960	-8.211989
37969	0.273172	-5.583335	-8.432887
37970	0.392882	-5.330230	-8.599718
37971	0.645263	-4.968464	-8.710869
37972	1.000121	-4.500539	-8.800821
37973	1.249932	-3.912819	-8.878189
37974	1.413962	-3.621143	-8.689785
37975	1.385093	-3.570498	-8.549012
37976	1.301364	-3.674874	-8.450440
37977	1.247260	-3.810317	-8.353579
37978	1.221180	-3.857080	-8.253886
37979	1.186643	-3.785336	-8.115736
37980	1.156596	-3.639792	-7.987988
37981	1.118655	-3.495300	-7.856705
37982	1.025139	-3.402256	-7.741870
37983	0.883013	-3.365869	-7.628538
37984	0.732141	-3.332542	-7.484500
37985	0.598933	-3.296568	-7.337285
37986	0.464282	-3.279212	-7.242060
37987	0.354469	-3.265767	-7.167271
37988	0.259763	-3.245526	-7.096626
37989	0.172980	-3.223173	-7.030271
37990	0.107300	-3.218276	-6.962296
37991	0.030037	-3.230470	-6.881140
37992	-0.040765	-3.239983	-6.793260
37993	-0.078799	-3.225564	-6.700679
37994	-0.057763	-3.156987	-6.712409
37995	-0.001116	-3.041894	-6.825187
37996	-0.016811	-3.025287	-6.895793
37997	-0.082366	-3.070437	-6.904771
37998	-0.165167	-3.113742	-6.886881
37999	-0.263309	-3.152633	-6.852347
38000	-0.339519	-3.156097	-6.904441
38001	-0.398392	-3.127896	-7.014098
38002	-0.430943	-3.046093	-7.196506
38003	-0.437160	-2.920650	-7.429854
38004	-0.501347	-2.815630	-7.632085
38005	-0.629246	-2.743009	-7.770488
38006	-0.783575	-2.693201	-7.846489
38007	-0.934188	-2.657854	-7.890113
38008	-1.070444	-2.625194	-7.897995
38009	-1.195550	-2.601806	-7.873284
38010	-1.322713	-2.588540	-7.830173
38011	-1.465555	-2.586649	-7.792807
38012	-1.624314	-2.595577	-7.755918
38013	-1.821481	-2.594996	-7.742956
38014	-2.049686	-2.576878	-7.733358
38015	-2.292018	-2.554703	-7.717631
38016	-2.536732	-2.527124	-7.698610
38017	-2.779086	-2.511471	-7.669892
38018	-2.984541	-2.508525	-7.635163
38019	-3.152943	-2.531699	-7.593739
38020	-3.280897	-2.581125	-7.540858
38021	-3.350877	-2.653516	-7.477489
38022	-3.358107	-2.725293	-7.415166
38023	-3.324281	-2.782481	-7.345982
38024	-3.271445	-2.819880	-7.257717
38025	-3.191435	-2.839169	-7.158450
38026	-3.105971	-2.834475	-7.059150
38027	-3.039994	-2.829096	-6.975330
38028	-2.975692	-2.815650	-6.889576
38029	-2.925703	-2.794740	-6.829183
38030	-2.891401	-2.769650	-6.787700
38031	-2.856853	-2.747743	-6.758635
38032	-2.823711	-2.732947	-6.730233
38033	-2.822114	-2.730199	-6.707432
38034	-2.892577	-2.778519	-6.657959
38035	-2.981431	-2.834873	-6.602624
38036	-3.052005	-2.880821	-6.555076
38037	-3.114169	-2.899872	-6.539597
38038	-3.182658	-2.911085	-6.531188
38039	-3.241879	-2.919816	-6.528868
38040	-3.302116	-2.922681	-6.534406
38041	-3.373659	-2.919818	-6.545955
38042	-3.460841	-2.916527	-6.562221
38043	-3.562995	-2.924731	-6.574378
38044	-3.661580	-2.939542	-6.579398
38045	-3.744663	-2.964316	-6.579169
38046	-3.826477	-3.011198	-6.566749
38047	-3.908886	-3.070919	-6.540936
38048	-3.990111	-3.127709	-6.514277
38049	-4.072875	-3.167374	-6.485448
38050	-4.140473	-3.188505	-6.463806
38051	-4.180653	-3.200958	-6.436851
38052	-4.200018	-3.206332	-6.406624
38053	-4.195799	-3.206342	-6.369058
38054	-4.166665	-3.198529	-6.320733
38055	-4.106670	-3.186100	-6.269487
38056	-4.015040	-3.164209	-6.220145
38057	-3.913088	-3.132262	-6.169774
38058	-3.815727	-3.092195	-6.134143
38059	-3.746947	-3.053716	-6.107720
38060	-3.699363	-3.014736	-6.085812
38061	-3.669368	-2.974260	-6.065669
38062	-3.655912	-2.929929	-6.042595
38063	-3.658124	-2.883271	-6.020964
38064	-3.671789	-2.841174	-5.993553
38065	-3.694433	-2.804194	-5.953749
38066	-3.714960	-2.768542	-5.908107
38067	-3.737781	-2.736333	-5.867433
38068	-3.758491	-2.702807	-5.831756
38069	-3.783213	-2.669103	-5.793600
38070	-3.809977	-2.634555	-5.758640
38071	-3.843513	-2.600643	-5.731114
38072	-3.873582	-2.561881	-5.707157
38073	-3.897679	-2.523952	-5.694543
38074	-3.917480	-2.482892	-5.695905
38075	-3.930500	-2.442053	-5.698435
38076	-3.939196	-2.403598	-5.702587
38077	-3.943840	-2.371219	-5.709496
38078	-3.945824	-2.341808	-5.715014
38079	-3.946280	-2.313527	-5.719437
38080	-3.943517	-2.288531	-5.720993
38081	-3.937005	-2.264989	-5.723618
38082	-3.927879	-2.238515	-5.723184
38083	-3.922186	-2.215812	-5.722593
38084	-3.918272	-2.195550	-5.720948
38085	-3.914190	-2.178737	-5.718376
38086	-3.912179	-2.162764	-5.716240
38087	-3.912208	-2.151116	-5.712284
38088	-3.906578	-2.137839	-5.712536
38089	-3.908805	-2.128878	-5.709583
38090	-3.908971	-2.116666	-5.705047
38091	-3.911766	-2.105580	-5.701669
38092	-3.912468	-2.095331	-5.696476
38093	-3.916074	-2.085681	-5.690529
38094	-3.923148	-2.075708	-5.686062
38095	-3.930620	-2.068261	-5.681517
38096	-3.939339	-2.058879	-5.674047
38097	-3.948745	-2.052232	-5.669887
38098	-3.952202	-2.044351	-5.667177
38099	-3.958037	-2.032697	-5.661838
38100	-3.964002	-2.022288	-5.657822
38101	-3.968169	-2.010512	-5.651455
38102	-3.972467	-1.999982	-5.646410
38103	-3.979395	-1.990575	-5.642527
38104	-3.984735	-1.987444	-5.635302
38105	-3.988536	-1.986642	-5.628246
38106	-3.987467	-1.988522	-5.621323
38107	-3.989572	-1.991682	-5.613002
38108	-3.991005	-1.992838	-5.606674
38109	-3.994535	-1.991959	-5.600897
38110	-4.000679	-1.992663	-5.593638
38111	-4.010830	-1.995012	-5.585813
38112	-4.026677	-1.996833	-5.581980
38113	-4.044889	-1.998507	-5.579318
38114	-4.063769	-2.002771	-5.576685
38115	-4.080852	-2.006885	-5.572963
38116	-4.104418	-2.013577	-5.567889
38117	-4.128661	-2.022878	-5.561449
38118	-4.150535	-2.032924	-5.554463
38119	-4.174523	-2.041689	-5.553326
38120	-4.201415	-2.049834	-5.551555
38121	-4.230110	-2.059361	-5.550736
38122	-4.260042	-2.068750	-5.548884
38123	-4.289001	-2.080168	-5.548667
38124	-4.318115	-2.088738	-5.550006
38125	-4.345991	-2.097455	-5.552364
38126	-4.374859	-2.101875	-5.555218
38127	-4.403038	-2.106586	-5.556535
38128	-4.429430	-2.108857	-5.560299
38129	-4.455390	-2.114517	-5.564401
38130	-4.478165	-2.117524	-5.563979
38131	-4.497746	-2.122138	-5.562057
38132	-4.511625	-2.128444	-5.558804
38133	-4.520371	-2.136158	-5.554306
38134	-4.522607	-2.143532	-5.550427
38135	-4.516957	-2.150088	-5.547505
38136	-4.507873	-2.152859	-5.544757
38137	-4.492834	-2.155012	-5.542709
38138	-4.476855	-2.154482	-5.543318
38139	-4.453245	-2.155024	-5.545491
38140	-4.427269	-2.158119	-5.549023
38141	-4.398387	-2.159419	-5.550654
38142	-4.369102	-2.160598	-5.554906
38143	-4.344070	-2.165175	-5.554516
38144	-4.326098	-2.170656	-5.548316
38145	-4.314911	-2.176096	-5.544251
38146	-4.302208	-2.180823	-5.538590
38147	-4.289363	-2.185535	-5.532867
38148	-4.277207	-2.191014	-5.525280
38149	-4.264072	-2.197324	-5.518065
38150	-4.250251	-2.203287	-5.510083
38151	-4.235714	-2.211968	-5.503090
38152	-4.219960	-2.217135	-5.494729
38153	-4.203218	-2.224342	-5.488005
38154	-4.183837	-2.233422	-5.483295
38155	-4.163777	-2.239927	-5.478555
38156	-4.143322	-2.244491	-5.474540
38157	-4.118561	-2.249782	-5.473510
38158	-4.088973	-2.253053	-5.472232
38159	-4.055363	-2.255314	-5.470758
38160	-4.009727	-2.255061	-5.472144
38161	-3.964769	-2.255158	-5.474290
38162	-3.924959	-2.254300	-5.473647
38163	-3.880546	-2.255164	-5.473856
38164	-3.838756	-2.259412	-5.474488
38165	-3.795697	-2.264289	-5.472097
38166	-3.746410	-2.270124	-5.470309
38167	-3.690595	-2.275088	-5.467085
38168	-3.628843	-2.279894	-5.461915
38169	-3.562259	-2.278670	-5.455282
38170	-3.507522	-2.272158	-5.444901
38171	-3.468685	-2.267368	-5.429905
38172	-3.434731	-2.260351	-5.412130
38173	-3.413898	-2.257494	-5.392348
38174	-3.441894	-2.271559	-5.377927
38175	-3.523084	-2.310250	-5.367317
38176	-3.690894	-2.389975	-5.359584
38177	-4.006962	-2.528415	-5.389398
38178	-4.343870	-2.846511	-5.304637
38179	-4.830742	-3.406253	-5.201875
38180	-5.540104	-4.198211	-5.131430
38181	-6.325260	-5.088347	-5.105530
38182	-7.103676	-5.967626	-5.190606
38183	-7.707772	-6.889234	-5.224113
38184	-8.216437	-7.879140	-5.310863
38185	-9.094841	-8.799898	-5.553122
38186	-10.274117	-9.418923	-5.776064
38187	-11.281672	-9.957156	-5.532707
38188	-11.679537	-10.544157	-4.701378
38189	-11.952617	-11.326650	-3.484784
38190	-12.649994	-12.217983	-2.289222
38191	-13.813009	-13.125165	-1.341571
38192	-15.092087	-14.014670	-0.654079
38193	-16.148929	-14.903958	-0.152732
38194	-16.915423	-15.772000	0.178377
38195	-17.497939	-16.544127	0.342384
38196	-18.025402	-17.148757	0.339637
38197	-18.529498	-17.572644	0.235432
38198	-18.984780	-17.833629	0.085991
38199	-19.385087	-18.009030	-0.063870
38200	-19.748276	-18.190913	-0.209004
38201	-20.083588	-18.459544	-0.413134
38202	-20.426692	-18.772791	-0.699419
38203	-20.722902	-19.067032	-1.038192
38204	-20.870904	-19.321958	-1.297041
38205	-20.841670	-19.566935	-1.483379
38206	-20.712864	-19.796763	-1.729864
38207	-20.653667	-20.050945	-2.265933
38208	-20.452247	-20.305683	-2.947446
38209	-19.748705	-20.540076	-3.552878
38210	-18.634739	-20.711778	-4.191692
38211	-17.365032	-20.820652	-5.074810
38212	-15.971706	-20.862605	-6.142016
38213	-14.415099	-20.826498	-7.224108
38214	-12.735667	-20.695435	-8.289486
38215	-11.018755	-20.463965	-9.354330
38216	-9.308988	-20.143496	-10.367581
38217	-7.636478	-19.764260	-11.264752
38218	-6.031551	-19.347404	-12.028864
38219	-4.530308	-18.875159	-12.680820
38220	-3.159336	-18.319175	-13.200567
38221	-1.948923	-17.678954	-13.565041
38222	-0.911531	-16.971526	-13.779968
38223	-0.026886	-16.212132	-13.891393
38224	0.766707	-15.437271	-13.906643
38225	1.497338	-14.684546	-13.829474
38226	2.135193	-13.956834	-13.672395
38227	2.640340	-13.229382	-13.503308
38228	3.064361	-12.476773	-13.365959
38229	3.454594	-11.733368	-13.252210
38230	3.830054	-11.021718	-13.173914
38231	4.204706	-10.344796	-13.112796
38232	4.546102	-9.714068	-13.029430
38233	4.807283	-9.135826	-12.904602
38234	4.970004	-8.602708	-12.734664
38235	5.048097	-8.119012	-12.547327
38236	5.072306	-7.708439	-12.341174
38237	5.027372	-7.375813	-12.088305
38238	4.888210	-7.095171	-11.749423
38239	4.672322	-6.853139	-11.281951
38240	4.423307	-6.649746	-10.672249
38241	4.117841	-6.508906	-9.945764
38242	3.719675	-6.430496	-9.160220
38243	3.229143	-6.381074	-8.348950
38244	2.621558	-6.318853	-7.568489
38245	1.955530	-5.763402	-7.259788
38246	1.596691	-4.915729	-7.417125
38247	1.248181	-4.150781	-7.473300
38248	1.045584	-3.513323	-7.346865
38249	1.116346	-3.117914	-7.200364
38250	1.274727	-2.898903	-7.227276
38251	1.549694	-2.834216	-7.388508
38252	1.794437	-2.883957	-7.667051
38253	1.957954	-2.987490	-8.026072
38254	2.018649	-3.096431	-8.442759
38255	2.015090	-3.191525	-8.874591
38256	2.032101	-3.273195	-9.204714
38257	2.065642	-3.328497	-9.381708
38258	2.069085	-3.312598	-9.493696
38259	2.015905	-3.193184	-9.627279
38260	1.935923	-2.977335	-9.792314
38261	1.884507	-2.699070	-9.994618
38262	2.014862	-2.532176	-10.053222
38263	2.183100	-2.434208	-10.079231
38264	2.383787	-2.415297	-10.118558
38265	2.570702	-2.466431	-10.140026
38266	2.723045	-2.548983	-10.125285
38267	2.778002	-2.638201	-10.021912
38268	2.751348	-2.690735	-9.876353
38269	2.730606	-2.678884	-9.766165
38270	2.717855	-2.627188	-9.660907
38271	2.699974	-2.580218	-9.546971
38272	2.690352	-2.551278	-9.430677
38273	2.672518	-2.529698	-9.293202
38274	2.632238	-2.526954	-9.122847
38275	2.591051	-2.524511	-8.910894
38276	2.538537	-2.517337	-8.649167
38277	2.474141	-2.504501	-8.386052
38278	2.433958	-2.472452	-8.146179
38279	2.405711	-2.420993	-7.935109
38280	2.378873	-2.365820	-7.745594
38281	2.338517	-2.315429	-7.574541
38282	2.273091	-2.261798	-7.433400
38283	2.199058	-2.221261	-7.320923
38284	2.112050	-2.174791	-7.240828
38285	2.015957	-2.113273	-7.229326
38286	1.914185	-2.041242	-7.249832
38287	1.820395	-1.946926	-7.291699
38288	1.712630	-1.850337	-7.318475
38289	1.553655	-1.818599	-7.273319
38290	1.387570	-1.797153	-7.194063
38291	1.226887	-1.791412	-7.081524
38292	1.071941	-1.765339	-6.987626
38293	0.932822	-1.701622	-6.886872
38294	0.810143	-1.618192	-6.793105
38295	0.695509	-1.518412	-6.721568
38296	0.567179	-1.428395	-6.633518
38297	0.422603	-1.357729	-6.561911
38298	0.270801	-1.299175	-6.523923
38299	0.122464	-1.228586	-6.518532
38300	-0.004341	-1.139329	-6.542867
38301	-0.100601	-1.024828	-6.639879
38302	-0.194907	-0.890346	-6.775949
38303	-0.301593	-0.772932	-6.870375
38304	-0.439622	-0.697807	-6.910295
38305	-0.612933	-0.654876	-6.929874
38306	-0.813781	-0.634949	-6.908131
38307	-1.040472	-0.620106	-6.920360
38308	-1.282999	-0.584064	-6.954158
38309	-1.525076	-0.547976	-6.964633
38310	-1.742194	-0.527504	-6.971926
38311	-1.928324	-0.516597	-6.975288
38312	-2.095321	-0.508236	-6.970592
38313	-2.237771	-0.504884	-6.957701
38314	-2.362974	-0.511313	-6.944268
38315	-2.478082	-0.522870	-6.924805
38316	-2.581942	-0.548366	-6.902107
38317	-2.684804	-0.581554	-6.872137
38318	-2.786383	-0.618164	-6.839024
38319	-2.878205	-0.660050	-6.803216
38320	-2.964309	-0.706421	-6.764472
38321	-3.027520	-0.739833	-6.729251
38322	-3.082622	-0.753697	-6.707474
38323	-3.127010	-0.756935	-6.695451
38324	-3.162661	-0.753668	-6.689611
38325	-3.196527	-0.760979	-6.688159
38326	-3.232179	-0.782858	-6.679254
38327	-3.286284	-0.838465	-6.632755
38328	-3.318439	-0.912755	-6.558283
38329	-3.326142	-0.998678	-6.487325
38330	-3.315883	-1.084021	-6.414790
38331	-3.278989	-1.156781	-6.369683
38332	-3.265216	-1.225061	-6.326285
38333	-3.237530	-1.286666	-6.289167
38334	-3.216761	-1.350520	-6.253626
38335	-3.212383	-1.416043	-6.219793
38336	-3.211143	-1.476892	-6.185607
38337	-3.260368	-1.566684	-6.098536
38338	-3.324266	-1.660629	-5.990580
38339	-3.372618	-1.734159	-5.906406
38340	-3.401117	-1.785205	-5.839997
38341	-3.413648	-1.815193	-5.798167
38342	-3.416933	-1.831151	-5.770926
38343	-3.411269	-1.835199	-5.760825
38344	-3.394546	-1.834787	-5.756444
38345	-3.367934	-1.829985	-5.758618
38346	-3.340466	-1.824643	-5.756665
38347	-3.312728	-1.820823	-5.747191
38348	-3.290544	-1.813891	-5.735858
38349	-3.279197	-1.807271	-5.720293
38350	-3.280586	-1.798789	-5.705133
38351	-3.285367	-1.788203	-5.688147
38352	-3.284844	-1.776642	-5.674692
38353	-3.288195	-1.769012	-5.658568
38354	-3.300679	-1.758707	-5.646060
38355	-3.313211	-1.748578	-5.636847
38356	-3.327300	-1.742465	-5.625178
38357	-3.342273	-1.736167	-5.612348
38358	-3.354699	-1.729927	-5.599636
38359	-3.363570	-1.723414	-5.584738
38360	-3.375640	-1.722457	-5.556353
38361	-3.384380	-1.724522	-5.514333
38362	-3.392813	-1.725981	-5.478980
38363	-3.401088	-1.721195	-5.450520
38364	-3.411064	-1.709660	-5.430834
38365	-3.420283	-1.695067	-5.415083
38366	-3.426419	-1.679917	-5.406027
38367	-3.430392	-1.664067	-5.401131
38368	-3.434317	-1.648040	-5.392942
38369	-3.436056	-1.632258	-5.380854
38370	-3.440199	-1.619526	-5.361216
38371	-3.442981	-1.607400	-5.338519
38372	-3.446849	-1.593389	-5.318881
38373	-3.456018	-1.579867	-5.299743
38374	-3.466833	-1.563542	-5.284506
38375	-3.478240	-1.548150	-5.270655
38376	-3.486535	-1.535069	-5.262012
38377	-3.495960	-1.524877	-5.254114
38378	-3.507818	-1.517509	-5.252023
38379	-3.517801	-1.508931	-5.252181
38380	-3.531912	-1.500427	-5.260680
38381	-3.545291	-1.489618	-5.278418
38382	-3.555093	-1.474031	-5.305607
38383	-3.560036	-1.453876	-5.341846
38384	-3.559704	-1.432159	-5.380965
38385	-3.554441	-1.410870	-5.420854
38386	-3.546627	-1.390705	-5.457456
38387	-3.536049	-1.374105	-5.491845
38388	-3.526760	-1.360691	-5.519751
38389	-3.516851	-1.353848	-5.537811
38390	-3.509290	-1.352894	-5.546848
38391	-3.504520	-1.352432	-5.550476
38392	-3.508312	-1.350080	-5.552254
38393	-3.525423	-1.350330	-5.553659
38394	-3.543802	-1.355702	-5.555151
38395	-3.562260	-1.359474	-5.558028
38396	-3.583443	-1.362550	-5.561620
38397	-3.602262	-1.361411	-5.571483
38398	-3.622204	-1.356128	-5.586521
38399	-3.639789	-1.346036	-5.607199
38400	-3.667698	-1.329965	-5.640631
38401	-3.693478	-1.313241	-5.678216
38402	-3.716133	-1.298698	-5.716330
38403	-3.737680	-1.287111	-5.747998
38404	-3.755787	-1.277924	-5.772786
38405	-3.774138	-1.273397	-5.790697
38406	-3.793477	-1.271967	-5.803400
38407	-3.814206	-1.274131	-5.816205
38408	-3.838534	-1.275084	-5.838611
38409	-3.867377	-1.275178	-5.864073
38410	-3.894116	-1.280577	-5.883483
38411	-3.921505	-1.282731	-5.899838
38412	-3.947163	-1.284536	-5.911850
38413	-3.975678	-1.286108	-5.931155
38414	-4.010555	-1.285715	-5.954755
38415	-4.044888	-1.288120	-5.978035
38416	-4.079109	-1.292567	-5.995894
38417	-4.114412	-1.301597	-6.011722
38418	-4.147131	-1.311707	-6.024258
38419	-4.180666	-1.325720	-6.035396
38420	-4.214126	-1.340118	-6.043864
38421	-4.245701	-1.354369	-6.051182
38422	-4.279481	-1.365998	-6.059853
38423	-4.322357	-1.370555	-6.088284
38424	-4.371665	-1.369313	-6.125885
38425	-4.421076	-1.365930	-6.164245
38426	-4.467361	-1.362716	-6.196579
38427	-4.511271	-1.355414	-6.221889
38428	-4.551786	-1.348191	-6.242452
38429	-4.588693	-1.344121	-6.259959
38430	-4.620790	-1.342036	-6.276939
38431	-4.651251	-1.341686	-6.293395
38432	-4.684427	-1.341289	-6.311191
38433	-4.717704	-1.339536	-6.335029
38434	-4.746810	-1.335213	-6.355423
38435	-4.774810	-1.333358	-6.373379
38436	-4.800973	-1.337795	-6.393909
38437	-4.823516	-1.345366	-6.411373
38438	-4.853658	-1.357845	-6.429025
38439	-4.883994	-1.377167	-6.450925
38440	-4.920987	-1.406292	-6.473156
38441	-4.965571	-1.445147	-6.493175
38442	-5.024115	-1.488313	-6.517494
38443	-5.093041	-1.540245	-6.542914
38444	-5.176109	-1.599651	-6.574412
38445	-5.269407	-1.674175	-6.604502
38446	-5.379160	-1.775872	-6.625194
38447	-5.543606	-1.909801	-6.649231
38448	-5.773406	-2.072243	-6.676239
38449	-6.090545	-2.264949	-6.713647
38450	-6.548620	-2.497968	-6.805561
38451	-7.132854	-2.829341	-6.918902
38452	-7.561599	-3.412741	-6.779584
38453	-8.219264	-4.184388	-6.640948
38454	-9.022485	-5.111352	-6.486039
38455	-9.879866	-6.121195	-6.449267
38456	-10.901691	-7.128827	-6.684659
38457	-11.842422	-8.045944	-7.116212
38458	-12.922162	-8.892184	-7.687413
38459	-14.141745	-9.648949	-8.333062
38460	-15.458706	-10.308146	-8.684869
38461	-16.663949	-11.027878	-8.457791
38462	-17.375900	-11.941610	-7.757266
38463	-17.797392	-13.014357	-7.048400
38464	-18.277477	-14.293506	-6.812134
38465	-18.732944	-15.753043	-7.183609
38466	-18.907950	-17.361416	-7.935392
38467	-18.755453	-19.090103	-8.787176
38468	-18.458489	-20.937190	-9.563341
38469	-18.216441	-22.862954	-10.185430
38470	-18.212324	-24.767349	-10.593221
38471	-18.555453	-26.567850	-10.715926
38472	-19.154265	-28.145488	-10.543733
38473	-19.911642	-29.445661	-10.072150
38474	-20.768135	-30.529201	-9.389641
38475	-21.612052	-31.434517	-8.630725
38476	-22.327073	-32.154512	-7.923522
38477	-22.753180	-32.678579	-7.388781
38478	-22.814240	-33.031609	-7.098141
38479	-22.462585	-33.267638	-7.093367
38480	-21.715300	-33.372613	-7.386252
38481	-20.597446	-33.301155	-7.953440
38482	-19.170612	-33.066031	-8.732537
38483	-17.513071	-32.703283	-9.654133
38484	-15.693572	-32.231008	-10.652979
38485	-13.792762	-31.644504	-11.668062
38486	-11.872624	-30.926398	-12.621162
38487	-10.002774	-30.052091	-13.439021
38488	-8.262861	-28.986240	-14.060091
38489	-6.719576	-27.756996	-14.467489
38490	-5.367058	-26.433233	-14.682884
38491	-4.172642	-25.060215	-14.724294
38492	-3.125894	-23.657120	-14.600358
38493	-2.242067	-22.229275	-14.345117
38494	-1.511338	-20.780719	-14.003816
38495	-0.896816	-19.333015	-13.620096
38496	-0.363595	-17.925139	-13.224969
38497	0.081709	-16.608544	-12.829406
38498	0.428275	-15.380177	-12.477181
38499	0.691776	-14.272199	-12.166358
38500	0.868680	-13.286685	-11.865647
38501	0.936504	-12.382375	-11.512866
38502	0.897393	-11.545548	-11.049803
38503	0.749825	-10.772677	-10.500711
38504	0.549945	-10.062641	-9.912093
38505	0.402776	-9.454958	-9.277804
38506	0.333414	-8.978427	-8.613325
38507	0.272708	-8.607074	-7.997912
38508	0.163134	-8.305040	-7.498823
38509	0.031924	-8.086778	-7.080846
38510	-0.358762	-7.721063	-6.765810
38511	-0.638407	-6.754854	-6.940363
38512	-0.456419	-5.866785	-6.952663
38513	-0.348030	-5.334712	-6.627759
38514	-0.246009	-4.880791	-6.516747
38515	-0.040154	-4.483563	-6.703524
38516	0.231300	-4.232496	-6.997304
38517	0.530565	-4.129189	-7.230951
38518	0.718752	-4.113183	-7.462757
38519	0.797971	-4.130503	-7.708941
38520	0.804023	-4.159038	-7.908024
38521	0.763245	-4.176384	-8.027665
38522	0.656992	-4.133830	-8.134698
38523	0.514716	-4.019512	-8.212088
38524	0.447803	-3.840132	-8.278236
38525	0.511367	-3.585496	-8.366214
38526	0.736718	-3.267705	-8.475408
38527	1.150011	-2.896797	-8.615220
38528	1.576693	-2.455338	-8.768622
38529	1.851933	-2.093315	-8.850886
38530	2.022742	-1.964500	-8.827230
38531	2.046769	-1.991309	-8.853408
38532	2.036652	-2.100183	-8.909009
38533	2.073894	-2.246677	-8.963230
38534	2.115344	-2.385421	-8.974825
38535	2.159678	-2.471507	-8.940365
38536	2.226616	-2.494470	-8.864344
38537	2.281572	-2.484190	-8.754489
38538	2.322197	-2.466999	-8.659957
38539	2.360590	-2.451440	-8.576515
38540	2.365869	-2.457028	-8.492638
38541	2.356154	-2.470706	-8.426971
38542	2.339811	-2.455065	-8.358746
38543	2.305350	-2.411530	-8.288714
38544	2.266642	-2.341208	-8.233524
38545	2.217851	-2.255679	-8.168115
38546	2.160695	-2.191506	-8.091708
38547	2.129305	-2.149163	-8.013783
38548	2.104701	-2.117591	-7.930331
38549	2.080803	-2.108445	-7.819585
38550	2.035204	-2.096723	-7.661758
38551	1.949062	-2.090330	-7.450744
38552	1.828688	-2.089533	-7.247377
38553	1.707489	-2.056409	-7.052719
38554	1.594310	-1.992057	-6.872119
38555	1.501226	-1.924011	-6.719866
38556	1.388982	-1.868346	-6.573040
38557	1.227337	-1.857296	-6.422843
38558	1.029779	-1.873326	-6.284515
38559	0.842937	-1.902978	-6.169803
38560	0.671341	-1.926092	-6.124464
38561	0.527358	-1.930529	-6.111728
38562	0.418778	-1.914736	-6.098628
38563	0.340409	-1.871516	-6.063238
38564	0.288145	-1.807662	-5.999916
38565	0.242239	-1.738341	-5.919165
38566	0.183418	-1.673012	-5.848928
38567	0.108178	-1.613183	-5.774657
38568	0.030702	-1.545487	-5.742442
38569	-0.033738	-1.451694	-5.760083
38570	-0.082026	-1.345138	-5.832589
38571	-0.153763	-1.238911	-5.931481
38572	-0.252530	-1.149504	-6.016905
38573	-0.372318	-1.081058	-6.077956
38574	-0.508365	-1.029572	-6.095002
38575	-0.645934	-0.993173	-6.066978
38576	-0.803137	-0.981424	-6.008812
38577	-0.985423	-0.991507	-5.943645
38578	-1.168780	-1.017220	-5.890195
38579	-1.347005	-1.050085	-5.826419
38580	-1.547410	-1.101406	-5.778676
38581	-1.765382	-1.148089	-5.720406
38582	-1.980869	-1.163846	-5.694891
38583	-2.170055	-1.147811	-5.719772
38584	-2.351097	-1.137197	-5.763746
38585	-2.518589	-1.139583	-5.812480
38586	-2.664026	-1.148155	-5.858231
38587	-2.804024	-1.163654	-5.885642
38588	-2.941980	-1.182515	-5.895742
38589	-3.079009	-1.191328	-5.907919
38590	-3.220023	-1.194883	-5.923921
38591	-3.362809	-1.205726	-5.936593
38592	-3.500746	-1.210040	-5.954356
38593	-3.625471	-1.207478	-5.960535
38594	-3.736643	-1.204561	-5.952847
38595	-3.859540	-1.208610	-5.933579
38596	-3.998151	-1.218130	-5.903141
38597	-4.129404	-1.218943	-5.875943
38598	-4.253555	-1.214737	-5.843984
38599	-4.350024	-1.207579	-5.820823
38600	-4.406417	-1.213048	-5.804089
38601	-4.445426	-1.226786	-5.792681
38602	-4.477055	-1.236483	-5.774443
38603	-4.516181	-1.259015	-5.748557
38604	-4.533894	-1.289666	-5.715147
38605	-4.526907	-1.336420	-5.680894
38606	-4.471371	-1.394598	-5.639872
38607	-4.411883	-1.453953	-5.590494
38608	-4.388908	-1.505472	-5.550914
38609	-4.395837	-1.557146	-5.508331
38610	-4.424821	-1.604928	-5.464506
38611	-4.450085	-1.659304	-5.416667
38612	-4.464448	-1.733881	-5.349749
38613	-4.464810	-1.830963	-5.242075
38614	-4.469638	-1.923850	-5.133627
38615	-4.473774	-2.000106	-5.050588
38616	-4.479006	-2.063045	-4.977939
38617	-4.484895	-2.107197	-4.921867
38618	-4.480065	-2.146122	-4.878365
38619	-4.461929	-2.171523	-4.847943
38620	-4.435082	-2.184223	-4.826358
38621	-4.397093	-2.189340	-4.813322
38622	-4.352256	-2.187842	-4.810514
38623	-4.308467	-2.178448	-4.815058
38624	-4.270316	-2.164430	-4.825222
38625	-4.234855	-2.147145	-4.839485
38626	-4.204195	-2.127121	-4.856382
38627	-4.169229	-2.109264	-4.880787
38628	-4.129055	-2.094338	-4.903833
38629	-4.089344	-2.082013	-4.925442
38630	-4.058554	-2.078064	-4.936647
38631	-4.037356	-2.085245	-4.933369
38632	-4.015105	-2.094180	-4.929789
38633	-3.992754	-2.106648	-4.923944
38634	-3.962929	-2.121938	-4.922929
38635	-3.912349	-2.142267	-4.935484
38636	-3.846005	-2.162639	-4.954448
38637	-3.781766	-2.182918	-4.974543
38638	-3.731245	-2.199840	-4.994055
38639	-3.701172	-2.215840	-5.010320
38640	-3.686459	-2.230276	-5.024273
38641	-3.682860	-2.238786	-5.035075
38642	-3.686361	-2.235596	-5.050867
38643	-3.693445	-2.227705	-5.069710
38644	-3.697352	-2.212541	-5.089574
38645	-3.704019	-2.194565	-5.109524
38646	-3.711321	-2.176060	-5.127680
38647	-3.717163	-2.161637	-5.141900
38648	-3.722633	-2.164089	-5.145148
38649	-3.723620	-2.170418	-5.141095
38650	-3.724942	-2.176747	-5.137155
38651	-3.720986	-2.178762	-5.134851
38652	-3.720697	-2.179838	-5.133489
38653	-3.725361	-2.179575	-5.131981
38654	-3.732048	-2.177638	-5.129734
38655	-3.741753	-2.174154	-5.127570
38656	-3.755691	-2.168224	-5.126561
38657	-3.770149	-2.163103	-5.122254
38658	-3.790533	-2.152207	-5.121015
38659	-3.813869	-2.144439	-5.120263
38660	-3.833690	-2.132802	-5.120940
38661	-3.849542	-2.123240	-5.123218
38662	-3.863533	-2.111594	-5.125210
38663	-3.878853	-2.100084	-5.128142
38664	-3.899535	-2.085365	-5.130534
38665	-3.920141	-2.072527	-5.133443
38666	-3.940518	-2.059997	-5.134981
38667	-3.960836	-2.048744	-5.136405
38668	-3.979275	-2.036012	-5.138175
38669	-3.992139	-2.021754	-5.141364
38670	-4.003124	-2.007662	-5.142135
38671	-4.009064	-1.993993	-5.143671
38672	-4.011942	-1.983681	-5.147010
38673	-4.008732	-1.970324	-5.148386
38674	-4.002403	-1.966031	-5.148563
38675	-3.993782	-1.965425	-5.143955
38676	-3.986365	-1.962770	-5.137775
38677	-3.980258	-1.960862	-5.133162
38678	-3.976158	-1.957881	-5.128445
38679	-3.972287	-1.955644	-5.121704
38680	-3.965704	-1.951112	-5.118491
38681	-3.960157	-1.948302	-5.114725
38682	-3.954994	-1.941423	-5.111306
38683	-3.946174	-1.933836	-5.109701
38684	-3.937177	-1.923087	-5.107592
38685	-3.927322	-1.910393	-5.106017
38686	-3.922224	-1.898851	-5.102194
38687	-3.932476	-1.898802	-5.091984
38688	-3.951883	-1.903904	-5.075670
38689	-3.966306	-1.905370	-5.060347
38690	-3.976682	-1.901012	-5.047093
38691	-3.980453	-1.891064	-5.031888
38692	-3.980942	-1.879736	-5.019358
38693	-3.975882	-1.864032	-5.009733
38694	-3.973095	-1.846287	-5.002123
38695	-3.968064	-1.826088	-4.996754
38696	-3.958344	-1.806252	-4.993625
38697	-3.951311	-1.788875	-4.991628
38698	-3.942981	-1.767903	-4.989549
38699	-3.929309	-1.749546	-4.987358
38700	-3.919819	-1.732200	-4.985466
38701	-3.910282	-1.715532	-4.982821
38702	-3.903791	-1.702289	-4.979410
38703	-3.896965	-1.692344	-4.970366
38704	-3.893304	-1.677097	-4.960389
38705	-3.883515	-1.659599	-4.953712
38706	-3.872352	-1.643775	-4.947981
38707	-3.859233	-1.625573	-4.943210
38708	-3.845021	-1.608068	-4.941505
38709	-3.832138	-1.592354	-4.937982
38710	-3.821497	-1.577440	-4.934980
38711	-3.813572	-1.564824	-4.928468
38712	-3.805376	-1.554312	-4.922476
38713	-3.799970	-1.539791	-4.915328
38714	-3.794278	-1.527975	-4.909335
38715	-3.788556	-1.516242	-4.901962
38716	-3.781204	-1.504294	-4.894906
38717	-3.772103	-1.495913	-4.889212
38718	-3.759385	-1.490124	-4.887215
38719	-3.746627	-1.483982	-4.887863
38720	-3.737252	-1.475603	-4.889471
38721	-3.730028	-1.470001	-4.890751
38722	-3.724204	-1.465413	-4.892346
38723	-3.719430	-1.463165	-4.894041
38724	-3.716595	-1.462224	-4.898168
38725	-3.713176	-1.461245	-4.903460
38726	-3.711715	-1.461410	-4.906525
38727	-3.710764	-1.463626	-4.907575
38728	-3.707839	-1.469592	-4.909988
38729	-3.707742	-1.470368	-4.909983
38730	-3.705648	-1.477146	-4.909218
38731	-3.703278	-1.481708	-4.910472
38732	-3.699527	-1.487305	-4.912039
38733	-3.692144	-1.492830	-4.916040
38734	-3.686174	-1.498151	-4.919089
38735	-3.681303	-1.502371	-4.923096
38736	-3.675071	-1.506416	-4.926148
38737	-3.673219	-1.512482	-4.930788
38738	-3.672281	-1.514589	-4.933212
38739	-3.667408	-1.518809	-4.937220
38740	-3.660892	-1.522784	-4.941541
38741	-3.653538	-1.525455	-4.947033
38742	-3.647313	-1.527850	-4.952840
38743	-3.642449	-1.530420	-4.959604
38744	-3.639603	-1.529472	-4.963726
38745	-3.638356	-1.531176	-4.970071
38746	-3.636870	-1.531939	-4.973765
38747	-3.633979	-1.532906	-4.978416
38748	-3.631671	-1.533301	-4.981264
38749	-3.626548	-1.535642	-4.984640
38750	-3.623946	-1.536570	-4.989391
38751	-3.621066	-1.536934	-4.993408
38752	-3.620918	-1.540614	-4.997943
38753	-3.622325	-1.551453	-5.000461
38754	-3.621783	-1.562569	-5.005191
38755	-3.623152	-1.575216	-5.009608
38756	-3.625125	-1.585029	-5.014342
38757	-3.624627	-1.592810	-5.018557
38758	-3.624401	-1.601144	-5.023503
38759	-3.623054	-1.609761	-5.028138
38760	-3.621182	-1.616313	-5.034781
38761	-3.617650	-1.622847	-5.038997
38762	-3.618281	-1.629745	-5.042888
38763	-3.617498	-1.638503	-5.044983
38764	-3.619518	-1.645912	-5.047180
38765	-3.622354	-1.653807	-5.048854
38766	-3.626004	-1.663603	-5.049985
38767	-3.630743	-1.674559	-5.049957
38768	-3.634905	-1.686906	-5.051079
38769	-3.637991	-1.697726	-5.049991
38770	-3.644721	-1.706359	-5.048581
38771	-3.648071	-1.716807	-5.050243
38772	-3.652780	-1.728851	-5.052842
38773	-3.657477	-1.741619	-5.054706
38774	-3.661878	-1.755843	-5.056449
38775	-3.667922	-1.770931	-5.058513
38776	-3.669263	-1.785109	-5.061525
38777	-3.673381	-1.799388	-5.063167
38778	-3.682203	-1.813725	-5.065955
38779	-3.687474	-1.824988	-5.068026
38780	-3.695231	-1.837078	-5.069337
38781	-3.702425	-1.849154	-5.071821
38782	-3.706595	-1.859251	-5.075046
38783	-3.712683	-1.870889	-5.077954
38784	-3.716866	-1.880383	-5.080542
38785	-3.722712	-1.890141	-5.082821
38786	-3.727773	-1.897594	-5.083721
38787	-3.726406	-1.907865	-5.085585
38788	-3.723421	-1.916064	-5.085862
38789	-3.718784	-1.923202	-5.087111
38790	-3.716619	-1.931772	-5.088232
38791	-3.716437	-1.937818	-5.089266
38792	-3.717344	-1.945829	-5.088477
38793	-3.717705	-1.953221	-5.088234
38794	-3.719494	-1.957543	-5.088515
38795	-3.722405	-1.962426	-5.087007
38796	-3.724463	-1.967422	-5.086649
38797	-3.725147	-1.972028	-5.086628
38798	-3.726356	-1.977859	-5.086691
38799	-3.726190	-1.981657	-5.089848
38800	-3.726582	-1.987114	-5.089069
38801	-3.724832	-1.988354	-5.088644
38802	-3.722194	-1.990915	-5.090633
38803	-3.722110	-1.991691	-5.090630
38804	-3.721187	-1.991976	-5.091143
38805	-3.719164	-1.992543	-5.091356
38806	-3.717150	-1.991784	-5.091664
38807	-3.712066	-1.992306	-5.093154
38808	-3.709251	-1.990570	-5.091986
38809	-3.705900	-1.988212	-5.091368
38810	-3.703389	-1.984296	-5.091053
38811	-3.701144	-1.982379	-5.090008
38812	-3.698054	-1.979973	-5.089476
38813	-3.694736	-1.976406	-5.087592
38814	-3.691406	-1.972121	-5.086433
38815	-3.686404	-1.969623	-5.084758
38816	-3.681474	-1.961741	-5.083403
38817	-3.673188	-1.956714	-5.081742
38818	-3.667985	-1.948162	-5.081021
38819	-3.663627	-1.940096	-5.079787
38820	-3.657876	-1.931845	-5.077583
38821	-3.650778	-1.922596	-5.075084
38822	-3.644192	-1.914580	-5.072664
38823	-3.639271	-1.907421	-5.070577
38824	-3.633821	-1.898639	-5.066464
38825	-3.625053	-1.889857	-5.063536
38826	-3.617019	-1.884791	-5.061948
38827	-3.608491	-1.877890	-5.059646
38828	-3.601289	-1.872592	-5.058268
38829	-3.594906	-1.868987	-5.057645
38830	-3.587688	-1.864290	-5.056900
38831	-3.581866	-1.859782	-5.057125
38832	-3.575768	-1.854920	-5.055318
38833	-3.571323	-1.851526	-5.054481
38834	-3.563286	-1.846456	-5.052885
38835	-3.555764	-1.843620	-5.053948
38836	-3.547100	-1.841868	-5.054036
38837	-3.538744	-1.839265	-5.054886
38838	-3.530064	-1.838114	-5.055606
38839	-3.522830	-1.835349	-5.055397
38840	-3.515541	-1.834709	-5.054421
38841	-3.506604	-1.835262	-5.052301
38842	-3.498500	-1.832603	-5.053234
38843	-3.491744	-1.833597	-5.054286
38844	-3.486953	-1.832260	-5.053947
38845	-3.481606	-1.833161	-5.052673
38846	-3.476522	-1.833402	-5.050848
38847	-3.468948	-1.834025	-5.051053
38848	-3.463864	-1.834267	-5.049229
38849	-3.461051	-1.833267	-5.047326
38850	-3.457328	-1.833575	-5.047827
38851	-3.453377	-1.833340	-5.047614
38852	-3.448850	-1.832676	-5.046635
38853	-3.444099	-1.831468	-5.044942
38854	-3.439863	-1.829225	-5.045445
38855	-3.434568	-1.826672	-5.045021
38856	-3.432268	-1.824638	-5.045315
38857	-3.431702	-1.821667	-5.044051
38858	-3.432426	-1.820883	-5.044345
38859	-3.432949	-1.818956	-5.043292
