// General information: 
//  MT Manager version: 2021.4.0 
//  XDA version: 2021.4.0 build 6323 rev 112641 built on 2021-09-28
// Device information: 
//  DeviceId: 00B43856
//  ProductCode: MTW2-3A7G6
//  Firmware Version: 4.3.4
//  Hardware Version: 1.1.0
// Device settings: 
//  Filter Profile: human(46.1)
//  Option Flags: Orientation Smoother Disabled, Position/Velocity Smoother Disabled, Continuous Zero Rotation Update Disabled, AHS Disabled, ICC Disabled
// Coordinate system: ENU
PacketCounter	Roll	Pitch	Yaw
37652	-0.232284	-0.631141	-2.140685
37653	-0.241025	-0.635339	-2.109090
37654	-0.252196	-0.634828	-2.081250
37655	-0.262487	-0.632945	-2.053211
37656	-0.274989	-0.625144	-2.020960
37657	-0.287923	-0.620706	-1.974428
37658	-0.299187	-0.615216	-1.935614
37659	-0.312545	-0.612135	-1.894577
37660	-0.322959	-0.607133	-1.856283
37661	-0.332518	-0.601794	-1.813032
37662	-0.342702	-0.596857	-1.777355
37663	-0.349895	-0.592511	-1.740116
37664	-0.359490	-0.586499	-1.704724
37665	-0.364126	-0.580962	-1.662917
37666	-0.371443	-0.574677	-1.636163
37667	-0.379855	-0.572600	-1.613922
37668	-0.386793	-0.571019	-1.596672
37669	-0.392180	-0.568541	-1.570243
37670	-0.398966	-0.567715	-1.563783
37671	-0.406631	-0.568210	-1.550815
37672	-0.411137	-0.569518	-1.551467
37673	-0.419244	-0.565670	-1.538586
37674	-0.422783	-0.564780	-1.537188
37675	-0.429965	-0.562064	-1.557450
37676	-0.437191	-0.560663	-1.563021
37677	-0.444009	-0.558840	-1.551352
37678	-0.450001	-0.556814	-1.555110
37679	-0.455451	-0.556268	-1.555446
37680	-0.462605	-0.553625	-1.556076
37681	-0.466740	-0.553046	-1.553739
37682	-0.471474	-0.549487	-1.554826
37683	-0.478576	-0.544320	-1.567227
37684	-0.485763	-0.541104	-1.571093
37685	-0.494726	-0.539607	-1.555164
37686	-0.503802	-0.538973	-1.561421
37687	-0.510896	-0.535934	-1.566302
37688	-0.517206	-0.536195	-1.565928
37689	-0.523727	-0.535237	-1.555881
37690	-0.530091	-0.535833	-1.559595
37691	-0.538561	-0.537311	-1.565844
37692	-0.545596	-0.537816	-1.575743
37693	-0.550772	-0.538346	-1.600131
37694	-0.555707	-0.539656	-1.609583
37695	-0.562106	-0.540657	-1.620984
37696	-0.565933	-0.544398	-1.635273
37697	-0.571370	-0.547317	-1.638443
37698	-0.571907	-0.550093	-1.656934
37699	-0.574716	-0.555410	-1.668278
37700	-0.578869	-0.560870	-1.681665
37701	-0.583728	-0.566594	-1.681945
37702	-0.587536	-0.569430	-1.695378
37703	-0.592182	-0.572323	-1.694700
37704	-0.598123	-0.575263	-1.709436
37705	-0.603177	-0.576102	-1.722277
37706	-0.609939	-0.575803	-1.733933
37707	-0.616055	-0.578476	-1.731093
37708	-0.620636	-0.579219	-1.734979
37709	-0.624901	-0.579612	-1.727691
37710	-0.628838	-0.579875	-1.728625
37711	-0.632829	-0.581694	-1.729866
37712	-0.637562	-0.580767	-1.722109
37713	-0.639895	-0.584189	-1.717740
37714	-0.648944	-0.586758	-1.711922
37715	-0.653066	-0.590147	-1.715762
37716	-0.659119	-0.594039	-1.710010
37717	-0.663077	-0.597310	-1.677920
37718	-0.667001	-0.599618	-1.673242
37719	-0.670419	-0.601962	-1.648072
37720	-0.670128	-0.604400	-1.644874
37721	-0.672601	-0.609649	-1.640336
37722	-0.672682	-0.615619	-1.637946
37723	-0.673686	-0.621931	-1.634478
37724	-0.672917	-0.628757	-1.636691
37725	-0.671920	-0.636629	-1.635524
37726	-0.672133	-0.645080	-1.643023
37727	-0.674442	-0.655084	-1.641892
37728	-0.673189	-0.666299	-1.649517
37729	-0.675003	-0.674981	-1.664663
37730	-0.675533	-0.683671	-1.673638
37731	-0.676634	-0.692123	-1.690505
37732	-0.678656	-0.700435	-1.697830
37733	-0.680046	-0.707622	-1.691096
37734	-0.679572	-0.713782	-1.693931
37735	-0.677041	-0.718245	-1.698428
37736	-0.675605	-0.722208	-1.699212
37737	-0.675273	-0.725042	-1.699032
37738	-0.677426	-0.728397	-1.695380
37739	-0.677737	-0.731916	-1.688010
37740	-0.678961	-0.735460	-1.680784
37741	-0.677407	-0.735751	-1.685637
37742	-0.679117	-0.733428	-1.675375
37743	-0.681422	-0.730626	-1.658906
37744	-0.688042	-0.730454	-1.651829
37745	-0.697555	-0.728065	-1.665753
37746	-0.703262	-0.727507	-1.658336
37747	-0.704698	-0.724483	-1.638128
37748	-0.706661	-0.722870	-1.614702
37749	-0.709653	-0.720522	-1.583768
37750	-0.709767	-0.717803	-1.555571
37751	-0.710999	-0.714296	-1.527132
37752	-0.711977	-0.710948	-1.487014
37753	-0.713819	-0.707845	-1.432270
37754	-0.718443	-0.703856	-1.387724
37755	-0.722962	-0.699338	-1.339241
37756	-0.728593	-0.698090	-1.293519
37757	-0.734694	-0.698073	-1.247424
37758	-0.738434	-0.690701	-1.207294
37759	-0.745403	-0.683306	-1.166986
37760	-0.754127	-0.680660	-1.121209
37761	-0.769415	-0.676070	-1.070749
37762	-0.781143	-0.669999	-1.030523
37763	-0.792385	-0.664713	-0.995297
37764	-0.805316	-0.656157	-0.950243
37765	-0.821010	-0.650671	-0.905385
37766	-0.838394	-0.648136	-0.853444
37767	-0.853739	-0.638933	-0.782423
37768	-0.866230	-0.631492	-0.724733
37769	-0.880376	-0.624765	-0.651625
37770	-0.901436	-0.617247	-0.595090
37771	-0.919436	-0.610178	-0.538782
37772	-0.937741	-0.600353	-0.487690
37773	-0.960151	-0.590600	-0.433567
37774	-0.986027	-0.579190	-0.389756
37775	-1.015029	-0.564171	-0.354928
37776	-1.040201	-0.549995	-0.321107
37777	-1.070967	-0.533054	-0.275800
37778	-1.096832	-0.520785	-0.242569
37779	-1.122476	-0.507550	-0.203017
37780	-1.145452	-0.497709	-0.163385
37781	-1.164083	-0.489661	-0.125375
37782	-1.178638	-0.481303	-0.082210
37783	-1.187570	-0.475651	-0.007846
37784	-1.192243	-0.468474	0.045386
37785	-1.194725	-0.463800	0.080795
37786	-1.191806	-0.461815	0.119184
37787	-1.188239	-0.459270	0.148475
37788	-1.183055	-0.456570	0.150119
37789	-1.176667	-0.455954	0.124726
37790	-1.166455	-0.456728	0.078228
37791	-1.154673	-0.460210	0.001680
37792	-1.141358	-0.465478	-0.097740
37793	-1.123372	-0.472075	-0.205853
37794	-1.102965	-0.477713	-0.340769
37795	-1.077882	-0.486299	-0.486864
37796	-1.050798	-0.495485	-0.637897
37797	-1.022044	-0.508075	-0.774166
37798	-0.991768	-0.520921	-0.928976
37799	-0.961746	-0.535169	-1.078491
37800	-0.929731	-0.547844	-1.224703
37801	-0.903070	-0.557932	-1.368443
37802	-0.871908	-0.567314	-1.495491
37803	-0.845085	-0.578598	-1.592008
37804	-0.819531	-0.585681	-1.698141
37805	-0.795914	-0.595517	-1.788161
37806	-0.772509	-0.605060	-1.863963
37807	-0.746310	-0.616356	-1.915385
37808	-0.718483	-0.623370	-1.959945
37809	-0.691923	-0.628099	-1.991549
37810	-0.658523	-0.631805	-2.021769
37811	-0.631049	-0.638893	-2.046012
37812	-0.605274	-0.647629	-2.070796
37813	-0.582410	-0.657427	-2.088804
37814	-0.559376	-0.669375	-2.109033
37815	-0.538260	-0.683188	-2.145050
37816	-0.521641	-0.700797	-2.162974
37817	-0.507111	-0.715583	-2.165510
37818	-0.493147	-0.728919	-2.179323
37819	-0.480669	-0.742126	-2.193804
37820	-0.469660	-0.752020	-2.201750
37821	-0.460999	-0.760790	-2.197545
37822	-0.453232	-0.767172	-2.197009
37823	-0.448298	-0.772644	-2.188155
37824	-0.446225	-0.777341	-2.179554
37825	-0.444163	-0.781829	-2.159339
37826	-0.440789	-0.786492	-2.134269
37827	-0.439249	-0.788392	-2.104400
37828	-0.437001	-0.787045	-2.071041
37829	-0.435199	-0.787623	-2.034537
37830	-0.435423	-0.788684	-1.998372
37831	-0.436988	-0.786870	-1.950442
37832	-0.434511	-0.787676	-1.914097
37833	-0.436982	-0.785519	-1.864571
37834	-0.440018	-0.787108	-1.832680
37835	-0.444863	-0.783341	-1.812744
37836	-0.450889	-0.779096	-1.787900
37837	-0.458822	-0.775343	-1.741725
37838	-0.468789	-0.769820	-1.713078
37839	-0.478988	-0.761275	-1.673985
37840	-0.489809	-0.750380	-1.636436
37841	-0.500238	-0.740920	-1.585246
37842	-0.509883	-0.729937	-1.531238
37843	-0.517971	-0.720516	-1.460960
37844	-0.528971	-0.713041	-1.392639
37845	-0.540450	-0.706766	-1.319879
37846	-0.553778	-0.703461	-1.241685
37847	-0.565575	-0.695060	-1.168228
37848	-0.575377	-0.689847	-1.084561
37849	-0.590521	-0.683842	-1.002140
37850	-0.606310	-0.682514	-0.919682
37851	-0.627049	-0.683764	-0.838392
37852	-0.650044	-0.685997	-0.758108
37853	-0.672858	-0.685597	-0.679623
37854	-0.696223	-0.684651	-0.601475
37855	-0.717801	-0.681019	-0.519950
37856	-0.741157	-0.683593	-0.436449
37857	-0.764822	-0.687945	-0.352764
37858	-0.789455	-0.697359	-0.268307
37859	-0.813827	-0.709580	-0.188469
37860	-0.835407	-0.724565	-0.106872
37861	-0.857344	-0.740625	-0.031047
37862	-0.875072	-0.758123	0.041820
37863	-0.886713	-0.779050	0.107138
37864	-0.895692	-0.806490	0.161830
37865	-0.904148	-0.839928	0.196410
37866	-0.908270	-0.874888	0.221468
37867	-0.912595	-0.911424	0.224986
37868	-0.919522	-0.947131	0.208002
37869	-0.929664	-0.982764	0.167208
37870	-0.946890	-1.023275	0.111879
37871	-0.957232	-1.053633	0.045423
37872	-0.965120	-1.070466	-0.041472
37873	-0.983419	-1.086274	-0.150882
37874	-1.014825	-1.109626	-0.270216
37875	-1.055159	-1.141876	-0.378343
37876	-1.081659	-1.167545	-0.460954
37877	-1.106498	-1.188276	-0.533861
37878	-1.138792	-1.209359	-0.597033
37879	-1.176765	-1.234212	-0.652104
37880	-1.208877	-1.253839	-0.708835
37881	-1.239037	-1.272029	-0.762683
37882	-1.268156	-1.299820	-0.793217
37883	-1.295402	-1.337896	-0.802367
37884	-1.315520	-1.382933	-0.812802
37885	-1.330369	-1.441625	-0.824403
37886	-1.342072	-1.519034	-0.842788
37887	-1.382517	-1.669681	-0.826824
37888	-1.413917	-1.890936	-0.813749
37889	-1.334836	-2.068890	-0.885096
37890	-1.222429	-2.312623	-0.944720
37891	-1.137275	-2.723663	-1.010807
37892	-1.052656	-3.306421	-1.115521
37893	-0.928755	-4.062464	-1.236009
37894	-0.715018	-4.948019	-1.338072
37895	-0.376824	-5.921167	-1.346947
37896	0.113623	-6.948352	-1.226389
37897	0.752442	-8.009285	-0.955717
37898	1.485702	-9.106144	-0.571704
37899	2.269479	-10.273748	-0.077779
37900	3.087676	-11.519534	0.464730
37901	3.947778	-12.948507	0.991983
37902	4.876426	-14.572418	1.352422
37903	5.809745	-16.308526	1.697180
37904	6.761912	-18.139098	2.149174
37905	7.563135	-20.135178	2.237892
37906	8.277204	-22.103419	1.721416
37907	9.055188	-23.917162	0.747200
37908	9.898358	-25.517701	-0.333417
37909	10.755230	-27.011464	-1.323879
37910	11.569195	-28.500723	-2.340641
37911	12.417527	-30.022928	-3.406751
37912	13.356762	-31.475517	-4.418040
37913	14.317100	-32.870764	-5.290081
37914	15.229288	-34.262040	-5.945972
37915	16.127511	-35.662019	-6.432108
37916	16.991933	-37.064311	-6.739622
37917	17.807552	-38.463018	-6.937268
37918	18.509935	-39.835378	-7.118619
37919	19.136041	-41.132596	-7.333033
37920	19.730316	-42.308755	-7.630440
37921	20.299288	-43.387021	-7.987394
37922	20.806006	-44.414733	-8.249833
37923	21.133071	-45.449089	-8.271282
37924	21.214805	-46.512532	-8.024399
37925	21.079969	-47.579804	-7.578583
37926	20.760827	-48.591272	-6.988051
37927	20.311277	-49.507918	-6.318026
37928	19.796462	-50.314478	-5.641773
37929	19.232705	-51.017791	-4.992753
37930	18.642508	-51.612399	-4.387690
37931	18.030880	-52.116820	-3.810983
37932	17.358788	-52.550201	-3.210257
37933	16.560408	-52.935387	-2.502976
37934	15.639952	-53.259046	-1.669871
37935	14.709986	-53.441456	-0.796080
37936	13.863188	-53.437981	0.025196
37937	13.102368	-53.281144	0.750709
37938	12.403560	-53.040797	1.366925
37939	11.685355	-52.791367	1.935447
37940	10.920777	-52.545586	2.522636
37941	10.165613	-52.275196	3.109785
37942	9.542984	-51.915015	3.599750
37943	9.133274	-51.445252	3.897555
37944	8.922257	-50.913486	3.971372
37945	8.891516	-50.345716	3.821274
37946	9.034466	-49.757655	3.465895
37947	9.315049	-49.147891	2.991209
37948	9.675391	-48.534830	2.468560
37949	10.062857	-47.941070	1.958747
37950	10.424651	-47.384913	1.526260
37951	10.721591	-46.885073	1.213301
37952	10.931809	-46.453176	1.054642
37953	11.019924	-46.098486	1.084612
37954	10.993089	-45.803404	1.270283
37955	10.900758	-45.536973	1.544826
37956	10.763046	-45.290073	1.886056
37957	10.557880	-45.104295	2.330016
37958	10.327303	-44.981808	2.839744
37959	10.169436	-44.873436	3.304700
37960	10.108050	-44.773200	3.659840
37961	10.144527	-44.704424	3.861226
37962	10.364199	-44.622146	3.793424
37963	10.805995	-44.476512	3.430145
37964	11.434919	-44.254703	2.836736
37965	12.161816	-44.016543	2.119681
37966	12.954269	-43.728106	1.321720
37967	13.685229	-43.384880	0.497543
37968	14.225996	-43.042492	-0.331361
37969	14.662736	-42.598320	-1.233319
37970	14.932719	-42.043349	-2.009299
37971	15.103995	-41.368944	-2.847403
37972	15.222278	-40.576534	-3.625087
37973	15.293377	-39.725438	-4.270895
37974	15.386367	-38.868249	-4.851884
37975	15.555372	-38.105458	-5.277685
37976	15.519206	-37.622067	-5.089021
37977	15.119207	-37.375776	-4.259683
37978	14.548029	-37.159439	-3.194642
37979	14.118425	-36.765836	-2.323934
37980	13.804460	-36.257482	-1.680061
37981	13.605168	-35.639008	-1.263256
37982	13.550598	-34.911814	-1.045073
37983	13.658720	-34.073657	-1.017882
37984	13.864299	-33.180324	-1.153725
37985	14.130649	-32.278609	-1.363870
37986	14.389913	-31.396150	-1.588064
37987	14.561380	-30.555472	-1.690801
37988	14.616652	-29.769391	-1.625500
37989	14.601768	-29.020004	-1.450590
37990	14.543763	-28.299288	-1.192748
37991	14.452054	-27.600377	-0.886869
37992	14.348131	-26.925488	-0.562774
37993	14.230627	-26.269805	-0.249253
37994	14.108781	-25.644753	0.050421
37995	13.975038	-25.013480	0.309433
37996	13.860239	-24.356058	0.490418
37997	13.772617	-23.700008	0.591222
37998	13.688553	-23.034746	0.616180
37999	13.601346	-22.354557	0.609785
38000	13.503955	-21.659925	0.548169
38001	13.372287	-20.970767	0.470398
38002	13.186702	-20.334667	0.437701
38003	12.963579	-19.717799	0.422797
38004	12.722315	-19.105836	0.409153
38005	12.441981	-18.514099	0.425637
38006	12.135017	-17.919754	0.452054
38007	11.814639	-17.332429	0.507559
38008	11.482584	-16.752684	0.597756
38009	11.142239	-16.170841	0.682413
38010	10.808676	-15.563496	0.763731
38011	10.475196	-14.945786	0.860548
38012	10.131739	-14.299155	0.894247
38013	9.793438	-13.647735	0.902242
38014	9.441858	-13.010739	0.908901
38015	9.073039	-12.401015	0.899398
38016	8.689926	-11.818587	0.888851
38017	8.305056	-11.267544	0.884943
38018	7.916375	-10.765031	0.893206
38019	7.566467	-10.270623	0.932885
38020	7.272429	-9.780254	0.989911
38021	6.997538	-9.325614	1.077085
38022	6.753113	-8.874123	1.125214
38023	6.572308	-8.422037	1.093750
38024	6.422752	-7.975115	0.986555
38025	6.256376	-7.544933	0.797236
38026	6.036585	-7.099230	0.510253
38027	5.789113	-6.645568	0.166434
38028	5.536955	-6.198111	-0.172002
38029	5.309828	-5.766837	-0.446869
38030	5.093847	-5.407228	-0.617070
38031	4.903087	-5.118815	-0.699953
38032	4.754894	-4.850495	-0.750348
38033	4.625531	-4.588305	-0.830350
38034	4.489897	-4.326520	-0.982977
38035	4.346792	-4.064634	-1.176946
38036	4.185866	-3.812551	-1.391767
38037	4.031646	-3.578185	-1.624838
38038	3.875807	-3.374808	-1.871121
38039	3.720299	-3.171505	-2.181417
38040	3.568154	-2.945066	-2.544737
38041	3.433507	-2.694521	-2.931657
38042	3.332011	-2.437380	-3.324350
38043	3.248656	-2.204258	-3.690542
38044	3.180598	-1.992067	-4.009527
38045	3.119185	-1.803533	-4.300847
38046	3.044531	-1.630286	-4.610576
38047	2.944882	-1.482931	-4.929166
38048	2.832163	-1.349789	-5.200926
38049	2.711219	-1.228428	-5.404834
38050	2.578071	-1.104095	-5.534645
38051	2.437472	-0.973174	-5.568450
38052	2.288579	-0.832907	-5.552800
38053	2.151717	-0.669678	-5.525274
38054	2.015490	-0.498988	-5.490766
38055	1.878272	-0.323672	-5.446937
38056	1.749010	-0.147702	-5.388934
38057	1.631571	0.032585	-5.318490
38058	1.530305	0.204309	-5.264501
38059	1.417490	0.361110	-5.254848
38060	1.290405	0.505466	-5.263088
38061	1.160211	0.642923	-5.274764
38062	1.023735	0.774587	-5.308254
38063	0.873218	0.905138	-5.369218
38064	0.715468	1.040653	-5.450307
38065	0.555576	1.197968	-5.537585
38066	0.380391	1.357149	-5.636247
38067	0.204049	1.515329	-5.742938
38068	0.036460	1.677386	-5.818996
38069	-0.120564	1.834526	-5.853689
38070	-0.267045	1.981021	-5.848702
38071	-0.400937	2.108965	-5.794958
38072	-0.519464	2.223834	-5.707858
38073	-0.630588	2.327195	-5.609216
38074	-0.731261	2.419456	-5.511470
38075	-0.826099	2.503665	-5.429733
38076	-0.915823	2.573961	-5.360424
38077	-0.997773	2.623901	-5.303224
38078	-1.066360	2.658032	-5.257433
38079	-1.120624	2.688309	-5.223137
38080	-1.156938	2.715521	-5.187854
38081	-1.181587	2.741487	-5.135743
38082	-1.195002	2.766732	-5.084250
38083	-1.213197	2.789529	-5.048053
38084	-1.233909	2.808614	-5.030877
38085	-1.254661	2.821482	-5.019677
38086	-1.270961	2.830579	-4.994023
38087	-1.283204	2.837980	-4.949421
38088	-1.292915	2.842635	-4.889413
38089	-1.302190	2.848215	-4.817016
38090	-1.319966	2.848689	-4.740617
38091	-1.337322	2.847694	-4.666987
38092	-1.356311	2.844882	-4.597685
38093	-1.371345	2.842823	-4.532820
38094	-1.382060	2.841505	-4.468463
38095	-1.389962	2.842388	-4.404595
38096	-1.395199	2.847385	-4.347017
38097	-1.400373	2.852487	-4.291950
38098	-1.406537	2.854991	-4.243202
38099	-1.417024	2.856187	-4.207367
38100	-1.428428	2.854439	-4.184546
38101	-1.440455	2.852338	-4.167218
38102	-1.447183	2.852234	-4.149158
38103	-1.450894	2.854578	-4.127485
38104	-1.449250	2.851959	-4.105251
38105	-1.447528	2.847946	-4.080545
38106	-1.448751	2.844488	-4.052776
38107	-1.447160	2.839317	-4.016395
38108	-1.445573	2.834333	-3.973401
38109	-1.443417	2.828432	-3.922315
38110	-1.439059	2.821018	-3.864962
38111	-1.436930	2.814854	-3.803975
38112	-1.434759	2.807650	-3.743945
38113	-1.433956	2.798179	-3.687429
38114	-1.435998	2.790437	-3.639539
38115	-1.438579	2.778725	-3.600628
38116	-1.440167	2.765716	-3.573059
38117	-1.440460	2.752481	-3.560981
38118	-1.440498	2.740276	-3.560706
38119	-1.444173	2.724532	-3.570310
38120	-1.454758	2.706330	-3.587473
38121	-1.467696	2.681524	-3.616126
38122	-1.479733	2.658510	-3.646812
38123	-1.484645	2.638792	-3.671672
38124	-1.486628	2.623095	-3.688789
38125	-1.488808	2.607885	-3.699116
38126	-1.494284	2.592110	-3.708726
38127	-1.504627	2.570989	-3.720993
38128	-1.519761	2.546003	-3.734450
38129	-1.540440	2.519176	-3.746039
38130	-1.556567	2.490500	-3.756617
38131	-1.570295	2.466866	-3.759874
38132	-1.579845	2.442997	-3.761905
38133	-1.590557	2.420409	-3.766558
38134	-1.597989	2.395437	-3.772134
38135	-1.607490	2.371404	-3.780727
38136	-1.619686	2.344222	-3.792329
38137	-1.625397	2.318144	-3.802839
38138	-1.628916	2.289542	-3.807930
38139	-1.629439	2.259201	-3.807016
38140	-1.623073	2.225580	-3.801335
38141	-1.616083	2.188396	-3.790105
38142	-1.605319	2.145903	-3.773613
38143	-1.591727	2.099019	-3.751056
38144	-1.577490	2.051476	-3.726547
38145	-1.556078	2.003619	-3.699727
38146	-1.536453	1.958111	-3.677041
38147	-1.520691	1.907054	-3.653429
38148	-1.505673	1.857184	-3.631193
38149	-1.493117	1.809824	-3.611842
38150	-1.484669	1.761205	-3.598798
38151	-1.479995	1.710283	-3.588055
38152	-1.474161	1.655636	-3.573167
38153	-1.467368	1.601629	-3.557677
38154	-1.457673	1.550287	-3.542154
38155	-1.449805	1.493911	-3.531624
38156	-1.445130	1.438639	-3.521250
38157	-1.442778	1.379350	-3.509678
38158	-1.440673	1.316528	-3.495089
38159	-1.436430	1.254251	-3.474964
38160	-1.426487	1.189838	-3.452858
38161	-1.411803	1.126190	-3.422164
38162	-1.384958	1.062779	-3.379719
38163	-1.352615	0.997329	-3.325093
38164	-1.313673	0.923905	-3.258900
38165	-1.266775	0.841806	-3.191952
38166	-1.218428	0.745851	-3.135835
38167	-1.163659	0.631390	-3.091238
38168	-1.103220	0.495453	-3.055715
38169	-1.026380	0.335413	-3.019149
38170	-0.930004	0.144195	-2.978175
38171	-0.816812	-0.082334	-2.929154
38172	-0.682361	-0.343086	-2.876926
38173	-0.525692	-0.642299	-2.814067
38174	-0.350382	-0.990517	-2.721970
38175	-0.146011	-1.388124	-2.576626
38176	0.091912	-1.833810	-2.354740
38177	0.355617	-2.360534	-2.043620
38178	0.656908	-2.996100	-1.669127
38179	1.065834	-3.691638	-1.242007
38180	1.632889	-4.386839	-0.775985
38181	2.321853	-5.153690	-0.319722
38182	3.025042	-6.126068	0.209964
38183	3.811042	-7.301640	0.918052
38184	4.743743	-8.555077	1.916336
38185	5.744554	-9.961338	3.174052
38186	6.672196	-11.610459	4.459806
38187	7.447243	-13.429388	5.507772
38188	8.131742	-15.364331	6.312231
38189	8.823742	-17.248931	6.777988
38190	9.672998	-18.877285	6.792497
38191	10.595406	-20.334075	6.522421
38192	11.496825	-21.698213	6.228795
38193	12.385482	-23.026622	6.010559
38194	13.253494	-24.373239	5.900249
38195	14.120457	-25.774429	5.864013
38196	14.991614	-27.248901	5.926499
38197	15.812537	-28.866761	6.055364
38198	16.575736	-30.569683	6.130401
38199	17.298179	-32.286248	6.045479
38200	17.995252	-33.932637	5.814308
38201	18.684800	-35.486595	5.467843
38202	19.390819	-36.907858	4.987215
38203	20.137251	-38.216204	4.351855
38204	20.961971	-39.416068	3.574493
38205	21.821965	-40.530828	2.744476
38206	22.663013	-41.549539	1.902869
38207	23.469153	-42.506855	1.050117
38208	24.188161	-43.439998	0.292926
38209	24.744155	-44.390311	-0.253106
38210	25.103878	-45.379747	-0.560422
38211	25.252943	-46.365712	-0.658972
38212	25.243387	-47.298458	-0.606359
38213	25.116923	-48.162667	-0.460408
38214	24.882510	-48.944382	-0.254461
38215	24.521703	-49.646321	0.023981
38216	24.045742	-50.268988	0.373782
38217	23.492460	-50.821837	0.764951
38218	22.868097	-51.308429	1.215429
38219	22.200766	-51.702765	1.730581
38220	21.507516	-51.986265	2.289915
38221	20.737503	-52.173092	2.945432
38222	19.860278	-52.292457	3.737963
38223	18.922264	-52.313419	4.634041
38224	18.012509	-52.196968	5.521210
38225	17.171891	-51.947876	6.318636
38226	16.329712	-51.651388	7.080500
38227	15.384854	-51.397414	7.896690
38228	14.417508	-51.157888	8.699148
38229	13.569781	-50.841902	9.366780
38230	12.890782	-50.449378	9.858717
38231	12.334147	-50.041403	10.180644
38232	11.895819	-49.618306	10.331832
38233	11.565954	-49.168999	10.344178
38234	11.283766	-48.720789	10.299877
38235	11.045390	-48.262481	10.231500
38236	10.905922	-47.752786	10.084936
38237	10.846626	-47.210416	9.878082
38238	10.852415	-46.662652	9.639200
38239	10.904932	-46.133360	9.379298
38240	10.998672	-45.622579	9.089381
38241	11.129987	-45.115492	8.749805
38242	11.308949	-44.599380	8.337387
38243	11.547621	-44.061416	7.847709
38244	11.825976	-43.511562	7.351096
38245	12.106011	-42.977635	6.921322
38246	12.338657	-42.490524	6.622791
38247	12.463900	-42.120027	6.513025
38248	12.484485	-41.902101	6.559709
38249	12.487113	-41.774630	6.648102
38250	12.565261	-41.650127	6.664111
38251	12.735630	-41.506123	6.581674
38252	12.953585	-41.402448	6.464645
38253	13.233656	-41.342500	6.268190
38254	13.609331	-41.261406	5.874405
38255	14.038478	-41.126866	5.369846
38256	14.530821	-40.927776	4.768288
38257	14.964848	-40.718500	4.180635
38258	15.250125	-40.565508	3.860351
38259	15.371058	-40.470217	3.813956
38260	15.402599	-40.285909	3.754196
38261	15.441458	-39.909333	3.294541
38262	15.587685	-39.378949	2.531349
38263	15.587762	-38.953484	2.003211
38264	15.493226	-38.619890	1.726027
38265	15.656161	-38.146444	1.181682
38266	15.819350	-37.747303	0.573454
38267	15.887608	-37.356867	0.083297
38268	15.918424	-36.934118	-0.328834
38269	15.821098	-36.480639	-0.581849
38270	15.722477	-35.881101	-0.788449
38271	15.670216	-35.199176	-0.923495
38272	15.584905	-34.520656	-0.937698
38273	15.545895	-33.818146	-0.960622
38274	15.494062	-33.117286	-0.930094
38275	15.412455	-32.420701	-0.857198
38276	15.277010	-31.736148	-0.698697
38277	15.119044	-31.052078	-0.471206
38278	14.946504	-30.355464	-0.213478
38279	14.781394	-29.654006	0.047273
38280	14.614472	-28.939083	0.307721
38281	14.441242	-28.238144	0.577410
38282	14.268968	-27.571268	0.867985
38283	14.110953	-26.905430	1.123079
38284	13.954053	-26.253070	1.367698
38285	13.815809	-25.595269	1.545232
38286	13.706547	-24.910487	1.614116
38287	13.605763	-24.186506	1.577573
38288	13.512588	-23.440063	1.453525
38289	13.446840	-22.664665	1.232770
38290	13.400656	-21.876358	0.943070
38291	13.350778	-21.073562	0.622754
38292	13.284263	-20.268095	0.305437
38293	13.172638	-19.485404	0.040864
38294	13.010698	-18.733712	-0.172991
38295	12.809925	-18.017164	-0.335408
38296	12.551826	-17.341098	-0.436423
38297	12.255918	-16.703155	-0.474170
38298	11.923671	-16.082596	-0.491675
38299	11.594036	-15.468024	-0.508162
38300	11.262894	-14.868620	-0.533362
38301	10.928684	-14.290510	-0.554184
38302	10.586384	-13.705989	-0.595700
38303	10.252263	-13.104977	-0.655856
38304	9.932300	-12.479768	-0.698947
38305	9.592381	-11.890612	-0.722570
38306	9.243635	-11.306740	-0.796762
38307	8.883082	-10.730127	-0.906143
38308	8.536467	-10.184004	-0.990900
38309	8.188054	-9.651376	-1.124054
38310	7.850203	-9.098381	-1.309692
38311	7.531101	-8.586231	-1.470637
38312	7.185630	-8.121038	-1.625655
38313	6.859625	-7.684343	-1.749255
38314	6.551439	-7.282420	-1.833338
38315	6.264133	-6.907851	-1.896508
38316	6.011973	-6.569849	-1.925354
38317	5.780448	-6.249102	-1.975736
38318	5.565063	-5.948721	-2.052298
38319	5.334715	-5.669379	-2.172373
38320	5.129545	-5.395063	-2.352957
38321	4.935126	-5.131791	-2.548766
38322	4.758870	-4.874954	-2.762314
38323	4.593206	-4.634267	-3.019384
38324	4.448774	-4.404656	-3.305949
38325	4.312812	-4.161619	-3.612726
38326	4.185324	-3.919426	-3.948123
38327	4.051527	-3.759128	-4.257991
38328	3.925980	-3.672507	-4.516870
38329	3.831798	-3.612552	-4.701943
38330	3.786780	-3.536542	-4.836342
38331	3.765545	-3.454300	-4.919158
38332	3.755598	-3.356058	-4.965988
38333	3.764736	-3.241996	-4.961400
38334	3.776497	-3.154393	-4.894665
38335	3.780771	-3.112477	-4.786550
38336	3.786066	-3.105167	-4.619700
38337	3.801069	-3.114713	-4.428432
38338	3.807355	-3.124582	-4.242554
38339	3.789920	-3.119815	-4.075477
38340	3.748777	-3.093358	-3.923330
38341	3.699601	-3.041271	-3.776127
38342	3.645316	-2.963203	-3.637237
38343	3.588094	-2.868703	-3.521608
38344	3.518718	-2.763461	-3.437278
38345	3.443857	-2.666183	-3.405023
38346	3.375120	-2.578402	-3.427366
38347	3.323235	-2.494488	-3.492253
38348	3.277167	-2.417883	-3.586336
38349	3.236708	-2.343758	-3.694297
38350	3.192100	-2.278671	-3.810217
38351	3.142682	-2.215118	-3.936065
38352	3.091902	-2.154232	-4.061778
38353	3.044668	-2.109465	-4.174139
38354	3.009131	-2.072074	-4.282265
38355	2.975970	-2.036997	-4.410659
38356	2.940735	-2.003306	-4.545626
38357	2.908901	-1.977014	-4.645781
38358	2.888117	-1.949309	-4.713506
38359	2.869969	-1.916031	-4.752754
38360	2.853423	-1.885317	-4.762227
38361	2.836482	-1.851719	-4.731241
38362	2.815921	-1.832474	-4.649319
38363	2.789145	-1.817976	-4.541764
38364	2.759048	-1.793567	-4.442255
38365	2.730848	-1.748767	-4.360476
38366	2.696336	-1.690746	-4.305980
38367	2.652126	-1.632639	-4.283807
38368	2.603394	-1.584222	-4.286353
38369	2.556331	-1.533091	-4.298472
38370	2.513390	-1.480952	-4.316039
38371	2.476107	-1.431247	-4.343295
38372	2.438526	-1.396439	-4.364564
38373	2.409575	-1.361951	-4.391959
38374	2.380747	-1.325258	-4.446192
38375	2.346359	-1.289832	-4.518049
38376	2.311065	-1.261439	-4.598352
38377	2.275754	-1.232544	-4.681087
38378	2.251475	-1.207873	-4.752074
38379	2.239011	-1.188239	-4.795327
38380	2.238838	-1.172944	-4.817610
38381	2.249471	-1.161088	-4.831853
38382	2.262913	-1.161040	-4.835551
38383	2.285374	-1.162794	-4.837485
38384	2.307993	-1.161802	-4.852380
38385	2.326424	-1.165766	-4.879377
38386	2.346805	-1.184465	-4.898930
38387	2.358595	-1.221238	-4.904137
38388	2.381718	-1.264316	-4.886446
38389	2.410998	-1.304392	-4.865937
38390	2.442410	-1.334250	-4.865308
38391	2.469674	-1.358671	-4.868523
38392	2.492258	-1.387915	-4.869830
38393	2.512337	-1.411337	-4.888021
38394	2.525587	-1.434699	-4.912528
38395	2.533982	-1.465421	-4.930223
38396	2.536473	-1.501419	-4.943773
38397	2.539299	-1.534098	-4.947348
38398	2.540147	-1.561777	-4.937274
38399	2.530170	-1.583355	-4.931544
38400	2.520823	-1.596820	-4.934440
38401	2.513433	-1.607341	-4.937197
38402	2.505946	-1.623408	-4.938851
38403	2.500370	-1.646812	-4.944546
38404	2.501262	-1.669699	-4.949550
38405	2.508971	-1.689324	-4.952829
38406	2.517722	-1.707408	-4.962296
38407	2.525549	-1.725531	-4.976084
38408	2.530946	-1.758521	-4.985191
38409	2.538656	-1.801556	-4.974348
38410	2.551855	-1.844449	-4.963215
38411	2.561183	-1.884558	-4.966840
38412	2.566514	-1.919585	-4.991603
38413	2.569085	-1.956969	-5.015060
38414	2.570440	-1.997638	-5.030964
38415	2.574075	-2.037638	-5.039756
38416	2.585072	-2.078056	-5.031390
38417	2.598226	-2.118546	-5.008625
38418	2.607053	-2.156102	-4.985072
38419	2.609814	-2.201501	-4.956561
38420	2.606646	-2.254482	-4.916907
38421	2.603253	-2.309408	-4.867504
38422	2.599962	-2.362864	-4.814937
38423	2.594136	-2.418502	-4.759552
38424	2.588787	-2.479280	-4.702688
38425	2.584563	-2.540807	-4.645615
38426	2.581333	-2.600850	-4.598819
38427	2.576545	-2.663907	-4.563556
38428	2.569396	-2.730945	-4.534919
38429	2.560320	-2.801569	-4.502284
38430	2.555841	-2.873920	-4.465970
38431	2.551190	-2.957714	-4.403193
38432	2.558564	-3.050469	-4.316448
38433	2.568384	-3.146969	-4.235427
38434	2.576690	-3.249367	-4.157768
38435	2.587834	-3.359355	-4.079168
38436	2.594256	-3.477778	-3.994558
38437	2.602028	-3.608644	-3.912844
38438	2.611551	-3.754712	-3.832521
38439	2.627690	-3.923384	-3.748687
38440	2.677974	-4.116814	-3.598252
38441	2.762630	-4.333274	-3.375887
38442	2.850558	-4.559989	-3.167450
38443	2.930880	-4.776926	-3.027891
38444	3.008471	-4.975951	-2.956473
38445	3.086420	-5.161092	-2.936322
38446	3.165047	-5.368246	-2.925499
38447	3.258627	-5.612388	-2.903303
38448	3.377541	-5.888535	-2.854047
38449	3.511259	-6.234796	-2.754477
38450	3.648345	-6.678420	-2.598114
38451	3.835492	-7.202295	-2.421277
38452	4.122651	-7.764494	-2.304967
38453	4.471516	-8.415818	-2.224033
38454	4.868932	-9.201334	-2.126933
38455	5.313787	-10.133308	-2.040970
38456	5.798078	-11.210434	-1.940378
38457	6.370547	-12.290214	-1.947786
38458	6.993368	-13.319096	-2.048047
38459	7.602735	-14.363717	-2.172234
38460	8.145760	-15.467043	-2.288348
38461	8.559964	-16.771349	-2.360109
38462	8.899681	-18.243861	-2.385923
38463	9.321260	-19.725974	-2.407899
38464	9.779927	-21.257218	-2.363291
38465	10.246456	-22.842287	-2.249220
38466	10.710975	-24.463995	-2.013362
38467	11.162224	-26.151250	-1.676311
38468	11.631169	-27.893167	-1.350892
38469	12.111834	-29.683131	-1.124640
38470	12.603364	-31.447657	-0.981567
38471	13.090408	-33.144396	-0.934535
38472	13.587346	-34.729353	-1.050710
38473	14.179921	-36.131090	-1.406951
38474	14.904773	-37.309415	-1.971949
38475	15.793522	-38.309825	-2.711438
38476	16.817972	-39.233082	-3.529931
38477	17.826289	-40.206948	-4.242801
38478	18.707711	-41.270652	-4.734289
38479	19.454996	-42.376540	-5.050852
38480	20.089075	-43.418771	-5.333449
38481	20.609580	-44.383464	-5.570590
38482	21.008978	-45.274061	-5.722476
38483	21.313561	-46.083706	-5.841913
38484	21.511680	-46.831992	-5.933458
38485	21.596770	-47.527745	-5.923822
38486	21.548845	-48.191393	-5.776565
38487	21.347004	-48.851928	-5.470243
38488	21.005593	-49.500129	-5.019861
38489	20.538964	-50.118299	-4.463131
38490	19.979768	-50.655535	-3.836950
38491	19.389277	-51.051913	-3.150210
38492	18.790355	-51.271773	-2.405726
38493	18.095819	-51.373543	-1.543464
38494	17.230271	-51.437274	-0.505206
38495	16.203102	-51.494805	0.701586
38496	15.107601	-51.505249	1.965516
38497	14.063760	-51.425973	3.149389
38498	13.096239	-51.261045	4.213105
38499	12.189416	-51.028899	5.167472
38500	11.358244	-50.763605	5.991419
38501	10.689805	-50.438355	6.614650
38502	10.206121	-50.063889	7.018110
38503	9.879272	-49.655070	7.229728
38504	9.766135	-49.170709	7.212600
38505	9.892899	-48.596780	6.933751
38506	10.206841	-47.973993	6.436636
38507	10.627873	-47.338705	5.807793
38508	11.025868	-46.750379	5.201984
38509	11.402583	-46.169472	4.677844
38510	11.743369	-45.600107	4.266758
38511	12.010654	-45.075947	4.003182
38512	12.143038	-44.670523	3.928708
38513	12.117796	-44.426660	4.042950
38514	11.990256	-44.321376	4.303857
38515	11.865350	-44.239037	4.665559
38516	11.767337	-44.179049	5.090738
38517	11.720262	-44.209335	5.476735
38518	11.799978	-44.299913	5.691500
38519	11.982371	-44.395415	5.714303
38520	12.303102	-44.407594	5.535316
38521	12.741545	-44.335632	5.134495
38522	13.145520	-44.234784	4.611433
38523	13.506465	-44.105033	4.102076
38524	13.829310	-43.922293	3.754505
38525	14.241660	-43.602565	3.418773
38526	14.677377	-43.194766	3.017140
38527	14.950225	-42.816250	2.778137
38528	15.031327	-42.465787	2.727513
38529	15.129464	-42.063735	2.561521
38530	15.424605	-41.587254	2.159438
38531	15.984903	-41.075742	1.501097
38532	16.440745	-40.734342	1.049285
38533	16.624142	-40.623935	0.838108
38534	16.723564	-40.521880	0.797731
38535	16.691823	-40.439417	0.808326
38536	16.590716	-40.273405	0.733603
38537	16.630867	-39.882014	0.382233
38538	16.701328	-39.387132	-0.091478
38539	16.767852	-38.812103	-0.641386
38540	16.854548	-38.193048	-1.193422
38541	16.899039	-37.606269	-1.587998
38542	16.950147	-36.997609	-1.876110
38543	16.956082	-36.394696	-2.036169
38544	16.817361	-35.896210	-1.998990
38545	16.612020	-35.403458	-1.804462
38546	16.363112	-34.911638	-1.489393
38547	16.111294	-34.401013	-1.140845
38548	15.885637	-33.843890	-0.800236
38549	15.687906	-33.246491	-0.483959
38550	15.517962	-32.600237	-0.206528
38551	15.374035	-31.908101	0.037471
38552	15.259745	-31.172577	0.216820
38553	15.170646	-30.395168	0.342869
38554	15.083777	-29.626619	0.469004
38555	14.985798	-28.850450	0.602130
38556	14.899621	-28.072817	0.715160
38557	14.824460	-27.284932	0.779374
38558	14.745448	-26.523612	0.831388
38559	14.651319	-25.770880	0.892795
38560	14.544395	-25.026206	0.960600
38561	14.423438	-24.284867	1.011919
38562	14.301111	-23.521397	1.023602
38563	14.172319	-22.722318	1.000958
38564	14.025159	-21.912483	0.957984
38565	13.875045	-21.083044	0.884698
38566	13.726363	-20.282431	0.831610
38567	13.536895	-19.527920	0.789625
38568	13.326891	-18.807048	0.729866
38569	13.094871	-18.102153	0.645131
38570	12.841374	-17.399477	0.523657
38571	12.575053	-16.694979	0.369857
38572	12.301976	-15.986018	0.181836
38573	12.013195	-15.289650	-0.037778
38574	11.733235	-14.601671	-0.278885
38575	11.454776	-13.909602	-0.559403
38576	11.149587	-13.209405	-0.884170
38577	10.797537	-12.534846	-1.182131
38578	10.395410	-11.881287	-1.431619
38579	9.961803	-11.208241	-1.678685
38580	9.559442	-10.499591	-1.923720
38581	9.143501	-9.818840	-2.112687
38582	8.733277	-9.135127	-2.275371
38583	8.329123	-8.473170	-2.408011
38584	7.927146	-7.808563	-2.561774
38585	7.522423	-7.166644	-2.705648
38586	7.146007	-6.546139	-2.818320
38587	6.759826	-5.936666	-2.955677
38588	6.367805	-5.391541	-3.081784
38589	6.005112	-4.872232	-3.143963
38590	5.650618	-4.425206	-3.142156
38591	5.282900	-3.992207	-3.169543
38592	4.943593	-3.526461	-3.229450
38593	4.619847	-3.034802	-3.347900
38594	4.272875	-2.527023	-3.505646
38595	3.928078	-2.005875	-3.728614
38596	3.593582	-1.485574	-4.019070
38597	3.265376	-0.987928	-4.354516
38598	2.922611	-0.522448	-4.708923
38599	2.567453	-0.069194	-5.067695
38600	2.188702	0.363356	-5.442283
38601	1.852238	0.798103	-5.771072
38602	1.570900	1.216947	-6.021371
38603	1.296410	1.573141	-6.190296
38604	1.019222	1.885177	-6.292055
38605	0.757846	2.174757	-6.333166
38606	0.526083	2.439803	-6.350296
38607	0.333337	2.679411	-6.352862
38608	0.192187	2.896275	-6.302700
38609	0.112436	3.097806	-6.169801
38610	0.071672	3.264230	-5.981939
38611	0.054952	3.395226	-5.785904
38612	0.050100	3.479877	-5.604259
38613	0.033474	3.517367	-5.454203
38614	0.044133	3.543205	-5.302359
38615	0.110504	3.565470	-5.127706
38616	0.193392	3.568660	-4.968360
38617	0.272730	3.572186	-4.833032
38618	0.333059	3.590008	-4.738315
38619	0.363179	3.625030	-4.719885
38620	0.346535	3.655430	-4.784127
38621	0.275167	3.676827	-4.920846
38622	0.167604	3.702263	-5.089510
38623	0.038468	3.745816	-5.256118
38624	-0.101856	3.800645	-5.402062
38625	-0.245968	3.851715	-5.525999
38626	-0.391397	3.884244	-5.618998
38627	-0.528033	3.914918	-5.666238
38628	-0.653318	3.935030	-5.672649
38629	-0.767466	3.946210	-5.637759
38630	-0.858041	3.951733	-5.567187
38631	-0.917557	3.950580	-5.466492
38632	-0.946453	3.956156	-5.341150
38633	-0.937163	3.969461	-5.180062
38634	-0.911977	3.989008	-4.999574
38635	-0.887391	3.995019	-4.815957
38636	-0.867715	3.985400	-4.632015
38637	-0.846894	3.979048	-4.442673
38638	-0.817639	3.985319	-4.250415
38639	-0.792520	3.994844	-4.063620
38640	-0.782313	3.999188	-3.893171
38641	-0.789818	4.003383	-3.747033
38642	-0.813169	4.003826	-3.642112
38643	-0.849804	4.009057	-3.574630
38644	-0.890218	4.012425	-3.540239
38645	-0.928851	4.019226	-3.527710
38646	-0.954964	4.031154	-3.536106
38647	-0.972418	4.053183	-3.559241
38648	-0.985559	4.071626	-3.596806
38649	-1.002157	4.087893	-3.638632
38650	-1.018160	4.101044	-3.684244
38651	-1.034680	4.111544	-3.723901
38652	-1.051372	4.113237	-3.744239
38653	-1.061545	4.110667	-3.745267
38654	-1.062060	4.107010	-3.725165
38655	-1.055909	4.105204	-3.688871
38656	-1.044796	4.104803	-3.635916
38657	-1.031782	4.106960	-3.586040
38658	-1.018251	4.109181	-3.538159
38659	-1.009834	4.113578	-3.496904
38660	-1.004725	4.116806	-3.461778
38661	-1.005104	4.118284	-3.433268
38662	-1.010218	4.117978	-3.410292
38663	-1.022029	4.118663	-3.396578
38664	-1.033824	4.117938	-3.386321
38665	-1.046768	4.121114	-3.379406
38666	-1.056853	4.127235	-3.375346
38667	-1.067459	4.138814	-3.375660
38668	-1.080044	4.150262	-3.374419
38669	-1.092810	4.156444	-3.372392
38670	-1.102783	4.157150	-3.364517
38671	-1.106972	4.156868	-3.345945
38672	-1.108340	4.155105	-3.312385
38673	-1.095720	4.155727	-3.264131
38674	-1.078801	4.155757	-3.199888
38675	-1.055609	4.152421	-3.128536
38676	-1.034382	4.146075	-3.055837
38677	-1.014682	4.136404	-2.985784
38678	-0.996864	4.126440	-2.920848
38679	-0.978142	4.119287	-2.860147
38680	-0.961202	4.114050	-2.816721
38681	-0.947559	4.112539	-2.782211
38682	-0.938406	4.106130	-2.764082
38683	-0.935766	4.101228	-2.756040
38684	-0.933341	4.091370	-2.752323
38685	-0.931826	4.083259	-2.748840
38686	-0.926864	4.074092	-2.742916
38687	-0.918838	4.065366	-2.731645
38688	-0.908868	4.057269	-2.722921
38689	-0.899087	4.050179	-2.709888
38690	-0.891257	4.042732	-2.699415
38691	-0.882984	4.034207	-2.693142
38692	-0.874581	4.024877	-2.687077
38693	-0.863710	4.019955	-2.680938
38694	-0.852702	4.017361	-2.673234
38695	-0.843907	4.013397	-2.663731
38696	-0.837715	4.010152	-2.659708
38697	-0.837851	4.003632	-2.658740
38698	-0.840702	3.991979	-2.658585
38699	-0.844549	3.984887	-2.658511
38700	-0.843423	3.980776	-2.653186
38701	-0.841463	3.977422	-2.642390
38702	-0.838566	3.975451	-2.629584
38703	-0.834702	3.976967	-2.617739
38704	-0.832650	3.975638	-2.606988
38705	-0.831059	3.974074	-2.598386
38706	-0.827519	3.973153	-2.592317
38707	-0.821503	3.974014	-2.582231
38708	-0.814576	3.973123	-2.571909
38709	-0.808350	3.974887	-2.556996
38710	-0.801155	3.972090	-2.542005
38711	-0.798372	3.968244	-2.525092
38712	-0.793854	3.964153	-2.515534
38713	-0.787165	3.963886	-2.502552
38714	-0.778538	3.964307	-2.492085
38715	-0.772478	3.968212	-2.480261
38716	-0.765333	3.970841	-2.469061
38717	-0.760089	3.978509	-2.457517
38718	-0.754882	3.984834	-2.449378
38719	-0.752960	3.987032	-2.438316
38720	-0.752585	3.981723	-2.423828
38721	-0.752778	3.975510	-2.414723
38722	-0.750406	3.968938	-2.405206
38723	-0.749484	3.968030	-2.401191
38724	-0.747743	3.970911	-2.400685
38725	-0.749456	3.977573	-2.402490
38726	-0.754474	3.980905	-2.404786
38727	-0.760361	3.980107	-2.405193
38728	-0.764674	3.979549	-2.404733
38729	-0.765217	3.977679	-2.401768
38730	-0.763601	3.977806	-2.394854
38731	-0.760141	3.977682	-2.384564
38732	-0.758717	3.977389	-2.376780
38733	-0.759384	3.981311	-2.369413
38734	-0.761839	3.983162	-2.359889
38735	-0.765237	3.983350	-2.349934
38736	-0.768325	3.984122	-2.333710
38737	-0.771774	3.984480	-2.319678
38738	-0.773987	3.987708	-2.299652
38739	-0.775397	3.990400	-2.283128
38740	-0.776048	3.994345	-2.266164
38741	-0.778874	3.999059	-2.253002
38742	-0.784215	4.002512	-2.242199
38743	-0.787471	4.002786	-2.234755
38744	-0.791333	4.004025	-2.224687
38745	-0.791292	4.003519	-2.220293
38746	-0.793541	4.007938	-2.221280
38747	-0.799349	4.012332	-2.229583
38748	-0.812049	4.015536	-2.249742
38749	-0.825504	4.020086	-2.274286
38750	-0.839650	4.022192	-2.299576
38751	-0.852114	4.026660	-2.318881
38752	-0.860161	4.033141	-2.332746
38753	-0.866330	4.042402	-2.341496
38754	-0.873467	4.052298	-2.340183
38755	-0.881993	4.059812	-2.332633
38756	-0.893927	4.066939	-2.325401
38757	-0.909311	4.074780	-2.318214
38758	-0.921144	4.082685	-2.303702
38759	-0.928711	4.093592	-2.281003
38760	-0.932514	4.105471	-2.246169
38761	-0.935052	4.118046	-2.210916
38762	-0.935003	4.127944	-2.173750
38763	-0.938313	4.135708	-2.136802
38764	-0.942715	4.143368	-2.097101
38765	-0.948044	4.152065	-2.056863
38766	-0.953064	4.160790	-2.020112
38767	-0.960021	4.170616	-1.988069
38768	-0.968550	4.181379	-1.962720
38769	-0.978721	4.193784	-1.945412
38770	-0.991462	4.207845	-1.930301
38771	-1.002244	4.218517	-1.916074
38772	-1.013676	4.227136	-1.900972
38773	-1.023150	4.235004	-1.890670
38774	-1.030450	4.242188	-1.876547
38775	-1.034314	4.249689	-1.862118
38776	-1.039637	4.256263	-1.843191
38777	-1.048546	4.260288	-1.823617
38778	-1.059873	4.266561	-1.803047
38779	-1.068415	4.271588	-1.781165
38780	-1.076409	4.277552	-1.757955
38781	-1.079562	4.284586	-1.730942
38782	-1.079556	4.290230	-1.704591
38783	-1.078548	4.295639	-1.682608
38784	-1.081734	4.301712	-1.661391
38785	-1.083841	4.307854	-1.642943
38786	-1.087762	4.312073	-1.622329
38787	-1.090830	4.316122	-1.599557
38788	-1.094835	4.317403	-1.576641
38789	-1.098286	4.320612	-1.552160
38790	-1.099143	4.323792	-1.529643
38791	-1.097694	4.327233	-1.509573
38792	-1.096832	4.331714	-1.486898
38793	-1.096414	4.332583	-1.468171
38794	-1.098039	4.327836	-1.452193
38795	-1.103835	4.324579	-1.440783
38796	-1.105639	4.322054	-1.427849
38797	-1.104231	4.322220	-1.413596
38798	-1.100810	4.321096	-1.398704
38799	-1.096361	4.320218	-1.382527
38800	-1.091335	4.320263	-1.365015
38801	-1.088797	4.315018	-1.344239
38802	-1.087942	4.310601	-1.327671
38803	-1.087880	4.307650	-1.311446
38804	-1.085203	4.304666	-1.297163
38805	-1.082342	4.302459	-1.287673
38806	-1.080571	4.299699	-1.281058
38807	-1.078923	4.297184	-1.275907
38808	-1.076734	4.292306	-1.275202
38809	-1.074778	4.287535	-1.273501
38810	-1.069831	4.280903	-1.271596
38811	-1.067025	4.275300	-1.271935
38812	-1.061662	4.269358	-1.275794
38813	-1.058622	4.264013	-1.281000
38814	-1.055815	4.257442	-1.287068
38815	-1.051809	4.251406	-1.296771
38816	-1.047485	4.245716	-1.301803
38817	-1.042139	4.240162	-1.309575
38818	-1.035617	4.231299	-1.314862
38819	-1.031923	4.224858	-1.317171
38820	-1.027257	4.217514	-1.315998
38821	-1.022637	4.210688	-1.314689
38822	-1.018619	4.204442	-1.316411
38823	-1.017962	4.199062	-1.320647
38824	-1.021604	4.190931	-1.328995
38825	-1.024153	4.186051	-1.338368
38826	-1.024733	4.179530	-1.348681
38827	-1.024856	4.175126	-1.353429
38828	-1.021875	4.169132	-1.356323
38829	-1.018563	4.161852	-1.356915
38830	-1.013614	4.152412	-1.355165
38831	-1.009804	4.143624	-1.351897
38832	-1.005440	4.130107	-1.347715
38833	-1.000258	4.116433	-1.341386
38834	-0.993222	4.107066	-1.327636
38835	-0.985021	4.098097	-1.314986
38836	-0.976437	4.089456	-1.304244
38837	-0.968547	4.082407	-1.296375
38838	-0.962202	4.073701	-1.291154
38839	-0.956379	4.064371	-1.285767
38840	-0.949474	4.054275	-1.279247
38841	-0.942790	4.044231	-1.271772
38842	-0.933614	4.034046	-1.263778
38843	-0.927574	4.025222	-1.255070
38844	-0.921590	4.015519	-1.252175
38845	-0.916998	4.008381	-1.252409
38846	-0.910663	4.001908	-1.256701
38847	-0.906951	3.995376	-1.259092
38848	-0.904757	3.987124	-1.268215
38849	-0.902792	3.978950	-1.276395
38850	-0.901830	3.970530	-1.285828
38851	-0.895584	3.964252	-1.291557
38852	-0.888567	3.956534	-1.297000
38853	-0.883498	3.950327	-1.301520
38854	-0.879582	3.940574	-1.310626
38855	-0.878824	3.932100	-1.323258
38856	-0.878208	3.922692	-1.335011
38857	-0.876864	3.915535	-1.346068
38858	-0.876372	3.908791	-1.355218
38859	-0.874071	3.901489	-1.361198
