// General information: 
//  MT Manager version: 2021.4.0 
//  XDA version: 2021.4.0 build 6323 rev 112641 built on 2021-09-28
// Device information: 
//  DeviceId: 00B43773
//  ProductCode: MTW2-3A7G6
//  Firmware Version: 4.3.4
//  Hardware Version: 1.1.0
// Device settings: 
//  Filter Profile: human(46.1)
//  Option Flags: Orientation Smoother Disabled, Position/Velocity Smoother Disabled, Continuous Zero Rotation Update Disabled, AHS Disabled, ICC Disabled
// Coordinate system: ENU
PacketCounter	Roll	Pitch	Yaw
33642	0.654231	-0.557226	0.154449
33643	0.657248	-0.559202	0.152669
33644	0.662139	-0.561454	0.151823
33645	0.666232	-0.564414	0.151355
33646	0.670987	-0.568838	0.150829
33647	0.676032	-0.573618	0.149555
33648	0.677529	-0.582052	0.149333
33649	0.677157	-0.587397	0.147276
33650	0.679076	-0.597899	0.144825
33651	0.676661	-0.606067	0.144065
33652	0.675857	-0.616041	0.143977
33653	0.676704	-0.628783	0.141644
33654	0.677003	-0.644174	0.138259
33655	0.676499	-0.660278	0.135254
33656	0.676149	-0.676755	0.128328
33657	0.678227	-0.694082	0.124813
33658	0.682086	-0.711181	0.117672
33659	0.684741	-0.729884	0.110068
33660	0.688881	-0.749744	0.102547
33661	0.694268	-0.771791	0.093473
33662	0.698711	-0.793079	0.083134
33663	0.703166	-0.814786	0.073324
33664	0.706974	-0.837158	0.059437
33665	0.708345	-0.859375	0.047173
33666	0.709854	-0.878999	0.034055
33667	0.710811	-0.896333	0.023119
33668	0.714735	-0.912100	0.013516
33669	0.719456	-0.926503	0.006126
33670	0.725543	-0.938606	-0.002662
33671	0.730764	-0.946984	-0.006455
33672	0.735613	-0.957323	-0.013160
33673	0.740425	-0.962295	-0.017159
33674	0.741823	-0.970094	-0.017982
33675	0.741219	-0.978457	-0.021850
33676	0.741170	-0.987643	-0.026364
33677	0.739078	-0.994435	-0.030844
33678	0.735484	-1.003400	-0.033131
33679	0.731353	-1.013022	-0.036311
33680	0.729124	-1.020102	-0.039465
33681	0.725255	-1.031008	-0.041482
33682	0.723424	-1.037197	-0.043793
33683	0.720107	-1.046519	-0.046825
33684	0.719900	-1.052107	-0.048842
33685	0.718034	-1.054407	-0.049983
33686	0.718622	-1.055399	-0.051214
33687	0.720944	-1.054016	-0.051940
33688	0.722716	-1.052337	-0.050642
33689	0.723681	-1.050024	-0.051400
33690	0.725850	-1.047456	-0.049260
33691	0.728042	-1.045432	-0.050566
33692	0.731569	-1.043794	-0.048394
33693	0.735228	-1.041860	-0.047549
33694	0.738080	-1.038351	-0.045842
33695	0.740228	-1.033365	-0.044072
33696	0.741440	-1.028981	-0.041120
33697	0.744248	-1.021572	-0.038245
33698	0.749147	-1.015238	-0.037839
33699	0.753180	-1.010934	-0.034612
33700	0.757926	-1.005293	-0.032348
33701	0.761699	-0.999707	-0.030283
33702	0.765635	-0.994370	-0.028166
33703	0.770220	-0.988483	-0.025953
33704	0.770911	-0.987167	-0.023526
33705	0.770518	-0.986744	-0.023418
33706	0.769500	-0.988347	-0.024945
33707	0.769368	-0.989206	-0.023675
33708	0.767957	-0.991698	-0.026046
33709	0.765152	-0.993659	-0.027919
33710	0.761024	-0.997108	-0.029456
33711	0.756203	-1.000564	-0.032466
33712	0.751549	-1.007076	-0.034528
33713	0.749578	-1.010217	-0.037791
33714	0.748037	-1.014882	-0.039844
33715	0.748343	-1.017810	-0.040807
33716	0.751955	-1.020613	-0.043251
33717	0.756734	-1.022622	-0.044174
33718	0.761004	-1.023003	-0.045513
33719	0.764817	-1.023192	-0.045626
33720	0.768543	-1.022343	-0.046851
33721	0.771131	-1.019430	-0.047315
33722	0.773060	-1.015585	-0.046338
33723	0.774838	-1.012973	-0.046950
33724	0.776245	-1.009379	-0.047398
33725	0.774625	-1.005854	-0.047643
33726	0.773731	-1.003805	-0.047953
33727	0.773470	-1.001209	-0.048165
33728	0.770406	-1.001349	-0.047756
33729	0.771371	-1.001855	-0.047616
33730	0.772516	-0.999791	-0.048325
33731	0.774686	-0.999103	-0.047194
33732	0.777191	-0.997967	-0.047873
33733	0.777478	-0.996601	-0.048199
33734	0.776848	-0.995834	-0.047348
33735	0.774546	-0.996068	-0.046260
33736	0.772584	-0.995853	-0.046984
33737	0.769210	-0.995107	-0.047206
33738	0.766593	-0.997316	-0.049032
33739	0.764422	-0.998191	-0.047363
33740	0.761363	-0.998330	-0.046958
33741	0.759741	-0.997620	-0.046304
33742	0.758175	-0.996516	-0.046183
33743	0.757234	-0.994863	-0.045963
33744	0.755801	-0.991586	-0.046158
33745	0.754312	-0.988704	-0.045824
33746	0.752175	-0.987704	-0.043154
33747	0.747682	-0.983018	-0.041613
33748	0.744605	-0.981680	-0.039671
33749	0.742019	-0.979152	-0.038209
33750	0.739648	-0.978353	-0.038238
33751	0.737349	-0.975773	-0.038053
33752	0.733200	-0.976269	-0.036517
33753	0.731187	-0.976452	-0.036706
33754	0.726646	-0.977838	-0.036013
33755	0.721783	-0.978338	-0.035952
33756	0.718341	-0.979372	-0.036394
33757	0.715910	-0.978965	-0.035889
33758	0.712314	-0.977877	-0.035383
33759	0.707844	-0.977486	-0.034480
33760	0.705059	-0.976097	-0.033805
33761	0.700852	-0.974173	-0.032642
33762	0.698201	-0.970613	-0.032291
33763	0.696581	-0.969904	-0.031638
33764	0.695131	-0.967962	-0.029404
33765	0.692963	-0.966023	-0.028639
33766	0.692218	-0.964619	-0.028373
33767	0.692638	-0.963894	-0.028118
33768	0.689281	-0.959794	-0.025811
33769	0.687532	-0.958444	-0.025741
33770	0.682163	-0.955844	-0.024581
33771	0.678220	-0.952389	-0.023160
33772	0.674737	-0.947651	-0.021433
33773	0.672942	-0.940526	-0.019195
33774	0.671604	-0.934931	-0.015731
33775	0.669939	-0.928446	-0.012912
33776	0.669834	-0.920330	-0.010890
33777	0.668876	-0.914385	-0.010041
33778	0.668952	-0.909869	-0.010523
33779	0.669065	-0.904901	-0.008360
33780	0.669119	-0.898899	-0.007369
33781	0.668032	-0.892315	-0.007104
33782	0.668479	-0.885428	-0.005213
33783	0.667891	-0.877110	-0.001988
33784	0.668368	-0.868891	-0.002500
33785	0.669033	-0.862342	-0.001355
33786	0.670735	-0.857222	-0.001502
33787	0.673310	-0.850018	-0.001334
33788	0.675144	-0.842726	-0.001850
33789	0.675705	-0.837020	-0.002824
33790	0.675111	-0.830633	-0.003753
33791	0.673610	-0.823462	-0.002798
33792	0.672207	-0.817383	-0.003991
33793	0.672875	-0.810837	-0.002847
33794	0.672128	-0.805148	-0.001950
33795	0.672249	-0.797373	-0.000697
33796	0.670849	-0.791293	-0.001735
33797	0.667728	-0.784730	-0.001083
33798	0.663849	-0.779405	0.001326
33799	0.658140	-0.774440	0.003387
33800	0.653717	-0.767888	0.005815
33801	0.648953	-0.760450	0.007700
33802	0.644925	-0.753010	0.011023
33803	0.640553	-0.747490	0.014657
33804	0.634487	-0.742876	0.019307
33805	0.628078	-0.737372	0.023331
33806	0.619715	-0.731501	0.027249
33807	0.612630	-0.724129	0.030795
33808	0.604930	-0.715826	0.035773
33809	0.595787	-0.706989	0.041242
33810	0.590102	-0.699999	0.048306
33811	0.582016	-0.687845	0.055713
33812	0.574854	-0.676490	0.061177
33813	0.567713	-0.664672	0.069314
33814	0.556343	-0.658322	0.076810
33815	0.538635	-0.654572	0.086337
33816	0.524681	-0.652623	0.095970
33817	0.507922	-0.646398	0.105316
33818	0.491086	-0.638983	0.117743
33819	0.475513	-0.632884	0.130520
33820	0.462360	-0.626327	0.141235
33821	0.451832	-0.619204	0.151523
33822	0.443959	-0.611441	0.162379
33823	0.436833	-0.602420	0.171407
33824	0.429387	-0.592451	0.180376
33825	0.424569	-0.581884	0.189270
33826	0.419191	-0.570556	0.195455
33827	0.414283	-0.562317	0.200700
33828	0.411919	-0.554266	0.204229
33829	0.410455	-0.544293	0.204242
33830	0.408115	-0.534926	0.205384
33831	0.404745	-0.525606	0.206367
33832	0.404180	-0.517744	0.206522
33833	0.402433	-0.507819	0.207807
33834	0.403350	-0.501532	0.208930
33835	0.405403	-0.495914	0.210107
33836	0.409175	-0.493594	0.210542
33837	0.412066	-0.493444	0.209729
33838	0.415303	-0.494174	0.209746
33839	0.417228	-0.495012	0.210641
33840	0.420218	-0.498749	0.208866
33841	0.424475	-0.503812	0.207488
33842	0.426792	-0.512777	0.205442
33843	0.428609	-0.521553	0.204523
33844	0.431470	-0.531755	0.202619
33845	0.433021	-0.542061	0.201444
33846	0.432910	-0.551929	0.198993
33847	0.436804	-0.563655	0.194626
33848	0.444723	-0.577111	0.188942
33849	0.450724	-0.590465	0.178679
33850	0.459657	-0.603093	0.167565
33851	0.467000	-0.615888	0.158876
33852	0.475263	-0.629434	0.148063
33853	0.481208	-0.649404	0.133524
33854	0.491389	-0.670535	0.111954
33855	0.503146	-0.692989	0.089891
33856	0.515982	-0.718283	0.064557
33857	0.527915	-0.745663	0.042443
33858	0.535733	-0.774814	0.020604
33859	0.542101	-0.801994	0.001068
33860	0.546162	-0.833898	-0.019767
33861	0.552906	-0.863999	-0.043660
33862	0.559132	-0.886627	-0.065166
33863	0.566395	-0.909373	-0.087935
33864	0.575470	-0.932995	-0.107661
33865	0.586609	-0.959035	-0.124474
33866	0.596354	-0.985886	-0.141371
33867	0.605699	-1.008930	-0.156012
33868	0.614303	-1.033125	-0.169192
33869	0.620848	-1.055172	-0.186046
33870	0.626781	-1.076188	-0.201363
33871	0.627533	-1.094440	-0.213123
33872	0.628391	-1.112207	-0.225362
33873	0.628310	-1.132092	-0.234828
33874	0.632031	-1.152323	-0.245994
33875	0.636806	-1.167562	-0.255479
33876	0.641264	-1.181715	-0.264645
33877	0.643027	-1.195162	-0.272932
33878	0.643916	-1.206330	-0.280580
33879	0.645805	-1.214796	-0.290101
33880	0.648996	-1.224394	-0.298039
33881	0.650718	-1.230737	-0.306608
33882	0.645871	-1.235482	-0.314162
33883	0.629814	-1.241951	-0.321709
33884	0.588328	-1.253970	-0.330186
33885	0.534945	-1.268647	-0.338407
33886	0.484686	-1.277608	-0.348541
33887	0.435725	-1.281454	-0.357911
33888	0.388185	-1.277215	-0.366328
33889	0.341005	-1.270344	-0.373919
33890	0.282722	-1.265085	-0.380378
33891	0.219247	-1.261266	-0.383912
33892	0.158581	-1.262575	-0.388980
33893	0.089218	-1.275024	-0.387691
33894	0.023097	-1.293185	-0.388640
33895	-0.036921	-1.315105	-0.388810
33896	-0.092148	-1.340604	-0.389441
33897	-0.139094	-1.370478	-0.389027
33898	-0.180087	-1.399908	-0.388832
33899	-0.213813	-1.431446	-0.391554
33900	-0.240665	-1.462849	-0.394056
33901	-0.275177	-1.497516	-0.395970
33902	-0.311419	-1.533941	-0.398869
33903	-0.354213	-1.573281	-0.402465
33904	-0.401272	-1.614678	-0.408078
33905	-0.455012	-1.666359	-0.416731
33906	-0.516512	-1.724195	-0.425767
33907	-0.607581	-1.790165	-0.435758
33908	-0.717471	-1.870151	-0.446685
33909	-0.844170	-1.965874	-0.461107
33910	-0.996422	-2.089212	-0.468447
33911	-1.183044	-2.255870	-0.477730
33912	-1.400308	-2.469291	-0.507277
33913	-1.824883	-2.725242	-0.652451
33914	-2.286207	-3.228638	-0.672322
33915	-2.971097	-4.113084	-0.705538
33916	-3.916891	-5.431651	-0.710901
33917	-5.019450	-7.055096	-0.630585
33918	-6.252221	-9.010578	-0.503145
33919	-7.267711	-11.230740	-0.220184
33920	-8.449223	-13.665643	-0.161362
33921	-9.864802	-15.988875	-0.833615
33922	-10.996478	-18.026134	-1.830308
33923	-12.013250	-19.363887	-3.196923
33924	-12.662575	-19.940985	-4.829406
33925	-12.885784	-19.935353	-6.303621
33926	-12.748645	-20.180730	-7.844463
33927	-12.325046	-20.691537	-9.467499
33928	-11.626881	-21.073791	-11.153451
33929	-10.734036	-21.148919	-12.886715
33930	-9.701458	-20.987129	-14.617347
33931	-8.578363	-20.696891	-16.268328
33932	-7.430406	-20.340352	-17.748662
33933	-6.352836	-19.917615	-18.979144
33934	-5.449206	-19.435294	-19.933365
33935	-4.770604	-18.924316	-20.616783
33936	-4.316788	-18.421962	-21.028074
33937	-4.095733	-17.927955	-21.210102
33938	-4.089154	-17.409705	-21.218993
33939	-4.238154	-16.833882	-21.092949
33940	-4.490031	-16.189011	-20.873306
33941	-4.813339	-15.491913	-20.598518
33942	-5.185664	-14.755459	-20.301177
33943	-5.583949	-13.975294	-19.991812
33944	-5.989640	-13.132541	-19.642898
33945	-6.406667	-12.216589	-19.227658
33946	-6.870062	-11.224924	-18.740817
33947	-7.386159	-10.172396	-18.169519
33948	-7.943959	-9.057655	-17.517876
33949	-8.527101	-7.919521	-16.815472
33950	-9.122573	-6.781402	-16.087272
33951	-9.723639	-5.671518	-15.331584
33952	-10.312879	-4.587210	-14.565045
33953	-10.874777	-3.530293	-13.813734
33954	-11.409174	-2.489441	-13.104845
33955	-11.904091	-1.451553	-12.447132
33956	-12.310604	-0.413106	-11.865643
33957	-12.616637	0.572297	-11.377189
33958	-12.833748	1.469967	-10.999940
33959	-12.954054	2.269915	-10.700196
33960	-12.993796	2.962849	-10.416955
33961	-13.000483	3.533723	-10.109042
33962	-12.994667	3.973105	-9.739827
33963	-12.966623	4.285731	-9.293032
33964	-12.886426	4.479858	-8.783114
33965	-12.773330	4.559105	-8.257453
33966	-12.663460	4.534850	-7.775109
33967	-12.558821	4.429980	-7.372185
33968	-12.437246	4.297458	-7.043371
33969	-12.289793	4.152384	-6.767753
33970	-12.107343	3.980410	-6.529955
33971	-11.866814	3.761767	-6.315690
33972	-11.609960	3.512443	-6.138042
33973	-11.379063	3.268113	-6.002063
33974	-11.179516	3.047336	-5.889008
33975	-10.991686	2.841477	-5.768143
33976	-10.819416	2.634677	-5.600646
33977	-10.667884	2.438077	-5.368007
33978	-10.336106	2.140225	-4.904413
33979	-9.392796	1.573369	-4.209810
33980	-8.019230	1.256312	-3.940295
33981	-6.427386	0.951467	-3.778120
33982	-5.205806	0.520625	-3.635120
33983	-4.396320	0.108773	-3.638964
33984	-3.986255	-0.222459	-3.851012
33985	-3.904830	-0.401310	-4.067416
33986	-4.054547	-0.604895	-4.171305
33987	-4.341152	-0.927396	-4.189569
33988	-4.647231	-1.313464	-4.264971
33989	-4.908408	-1.709250	-4.423996
33990	-5.096124	-2.068492	-4.623057
33991	-5.087795	-2.365355	-4.756356
33992	-4.883225	-2.584621	-4.848726
33993	-4.619345	-2.697777	-4.956954
33994	-4.346013	-2.766316	-5.042159
33995	-4.117849	-2.835384	-5.146621
33996	-3.978445	-2.922457	-5.263371
33997	-3.968546	-2.983750	-5.384057
33998	-4.053708	-3.006128	-5.497686
33999	-4.140088	-3.004402	-5.568400
34000	-4.200588	-3.000456	-5.595984
34001	-4.248139	-3.021558	-5.610933
34002	-4.290289	-3.065716	-5.613080
34003	-4.345104	-3.115375	-5.582597
34004	-4.403307	-3.168274	-5.519912
34005	-4.474511	-3.202177	-5.463367
34006	-4.525841	-3.214510	-5.413158
34007	-4.550423	-3.199148	-5.366598
34008	-4.536414	-3.159600	-5.331141
34009	-4.512035	-3.106786	-5.296328
34010	-4.492334	-3.046421	-5.261099
34011	-4.473203	-2.988557	-5.218979
34012	-4.447997	-2.930995	-5.184062
34013	-4.402321	-2.854856	-5.172668
34014	-4.335598	-2.764036	-5.166798
34015	-4.308057	-2.697340	-5.147341
34016	-4.308855	-2.629882	-5.126596
34017	-4.317266	-2.545791	-5.096351
34018	-4.322300	-2.463120	-5.060388
34019	-4.332246	-2.380204	-5.021196
34020	-4.343466	-2.300880	-4.977148
34021	-4.349988	-2.221286	-4.928619
34022	-4.346218	-2.140238	-4.875804
34023	-4.334193	-2.059284	-4.816048
34024	-4.308332	-1.990385	-4.755698
34025	-4.269190	-1.924593	-4.682687
34026	-4.230580	-1.862041	-4.616667
34027	-4.163986	-1.802800	-4.557382
34028	-4.058934	-1.729373	-4.521170
34029	-3.946546	-1.645688	-4.490855
34030	-3.846303	-1.564688	-4.449573
34031	-3.755221	-1.478141	-4.418313
34032	-3.674729	-1.395230	-4.384699
34033	-3.614984	-1.315874	-4.352429
34034	-3.568790	-1.233389	-4.310810
34035	-3.522275	-1.149176	-4.265720
34036	-3.464904	-1.075312	-4.211477
34037	-3.405867	-1.027660	-4.148824
34038	-3.351364	-1.018888	-4.100548
34039	-3.309417	-1.022666	-4.049623
34040	-3.280597	-1.028664	-4.009364
34041	-3.258818	-1.018356	-3.976955
34042	-3.235519	-0.991604	-3.954286
34043	-3.196802	-0.958368	-3.930804
34044	-3.139374	-0.918775	-3.902481
34045	-3.057958	-0.889310	-3.880085
34046	-2.957026	-0.875942	-3.848739
34047	-2.849588	-0.864407	-3.824822
34048	-2.739935	-0.855524	-3.816820
34049	-2.627937	-0.838111	-3.802909
34050	-2.514965	-0.831007	-3.788689
34051	-2.418180	-0.820602	-3.771781
34052	-2.329803	-0.811088	-3.750712
34053	-2.249489	-0.805884	-3.737431
34054	-2.180453	-0.813376	-3.725881
34055	-2.132534	-0.829757	-3.712509
34056	-2.102233	-0.852322	-3.695602
34057	-2.074270	-0.876436	-3.666661
34058	-2.061854	-0.910324	-3.635684
34059	-2.049985	-0.951531	-3.601153
34060	-2.055055	-1.001632	-3.564657
34061	-2.064541	-1.061991	-3.531500
34062	-2.081273	-1.135092	-3.496197
34063	-2.092239	-1.200759	-3.475249
34064	-2.111513	-1.266569	-3.468018
34065	-2.135831	-1.323893	-3.469138
34066	-2.171700	-1.371042	-3.474407
34067	-2.206375	-1.404797	-3.478556
34068	-2.237863	-1.430806	-3.477848
34069	-2.257536	-1.447548	-3.475140
34070	-2.266658	-1.460539	-3.481779
34071	-2.247784	-1.465381	-3.493744
34072	-2.204142	-1.464581	-3.504247
34073	-2.137950	-1.456179	-3.516883
34074	-2.058024	-1.441098	-3.529394
34075	-1.968533	-1.415302	-3.545362
34076	-1.875105	-1.382039	-3.563048
34077	-1.781788	-1.332607	-3.591410
34078	-1.699251	-1.271091	-3.630819
34079	-1.625286	-1.210137	-3.666847
34080	-1.549595	-1.147380	-3.700902
34081	-1.487612	-1.084495	-3.732186
34082	-1.431403	-1.014305	-3.761781
34083	-1.367673	-0.938392	-3.793012
34084	-1.303539	-0.863525	-3.823483
34085	-1.252829	-0.818760	-3.842531
34086	-1.223140	-0.806242	-3.850607
34087	-1.203889	-0.810405	-3.857120
34088	-1.190195	-0.823231	-3.864121
34089	-1.186485	-0.841661	-3.868667
34090	-1.182103	-0.864485	-3.870945
34091	-1.177623	-0.883826	-3.872842
34092	-1.171457	-0.904415	-3.874584
34093	-1.163865	-0.924546	-3.875504
34094	-1.155837	-0.945331	-3.880371
34095	-1.153441	-0.960744	-3.885373
34096	-1.153856	-0.976096	-3.886638
34097	-1.146061	-0.982647	-3.890380
34098	-1.138623	-0.984357	-3.897425
34099	-1.131026	-0.980419	-3.904453
34100	-1.118446	-0.976981	-3.910102
34101	-1.101128	-0.972314	-3.913713
34102	-1.081826	-0.969225	-3.913823
34103	-1.057354	-0.966408	-3.914714
34104	-1.034828	-0.965283	-3.920008
34105	-1.013661	-0.956687	-3.930587
34106	-0.995938	-0.947396	-3.944107
34107	-0.982803	-0.934513	-3.958526
34108	-0.969859	-0.922689	-3.969667
34109	-0.958450	-0.910224	-3.980363
34110	-0.944457	-0.900539	-3.987641
34111	-0.928606	-0.891882	-3.996918
34112	-0.908930	-0.886246	-4.003314
34113	-0.889399	-0.880834	-4.009194
34114	-0.864745	-0.876525	-4.013093
34115	-0.842694	-0.871050	-4.013272
34116	-0.822447	-0.868223	-4.012620
34117	-0.808788	-0.867204	-4.006522
34118	-0.798514	-0.869517	-3.999904
34119	-0.791072	-0.873118	-3.991942
34120	-0.781388	-0.880422	-3.981414
34121	-0.770070	-0.885733	-3.969822
34122	-0.756175	-0.893460	-3.959457
34123	-0.738605	-0.899102	-3.948408
34124	-0.718831	-0.903151	-3.940758
34125	-0.698915	-0.902476	-3.935209
34126	-0.677561	-0.899651	-3.931073
34127	-0.657729	-0.896205	-3.926488
34128	-0.637844	-0.889747	-3.923382
34129	-0.622453	-0.882488	-3.920200
34130	-0.606783	-0.875611	-3.916933
34131	-0.594561	-0.863521	-3.918185
34132	-0.584069	-0.850646	-3.921465
34133	-0.572839	-0.834605	-3.922296
34134	-0.559033	-0.820981	-3.924352
34135	-0.542168	-0.804964	-3.927765
34136	-0.527284	-0.792232	-3.928458
34137	-0.511149	-0.780601	-3.928565
34138	-0.492241	-0.769837	-3.929656
34139	-0.477658	-0.763830	-3.928753
34140	-0.464687	-0.758909	-3.926787
34141	-0.452338	-0.754545	-3.925748
34142	-0.447864	-0.750200	-3.932378
34143	-0.450866	-0.744885	-3.939312
34144	-0.454461	-0.737503	-3.947280
34145	-0.456866	-0.733760	-3.949670
34146	-0.461078	-0.726807	-3.950423
34147	-0.462463	-0.720282	-3.950277
34148	-0.461690	-0.714674	-3.948534
34149	-0.456645	-0.708193	-3.946180
34150	-0.448850	-0.703831	-3.942317
34151	-0.439754	-0.698422	-3.938223
34152	-0.430595	-0.696186	-3.931796
34153	-0.420277	-0.692288	-3.925740
34154	-0.413413	-0.687653	-3.922634
34155	-0.404935	-0.682310	-3.915955
34156	-0.396484	-0.676993	-3.912537
34157	-0.387667	-0.670357	-3.909645
34158	-0.377913	-0.663125	-3.907117
34159	-0.367965	-0.654852	-3.907853
34160	-0.359404	-0.644844	-3.909782
34161	-0.352521	-0.633245	-3.916490
34162	-0.348874	-0.612262	-3.927580
34163	-0.340556	-0.593161	-3.938388
34164	-0.329433	-0.574016	-3.948040
34165	-0.318626	-0.555404	-3.959911
34166	-0.303771	-0.536989	-3.971158
34167	-0.290301	-0.518585	-3.981350
34168	-0.275550	-0.504859	-3.987246
34169	-0.260827	-0.487071	-3.993331
34170	-0.249105	-0.475323	-3.999253
34171	-0.233751	-0.463673	-4.004108
34172	-0.219581	-0.454940	-4.006102
34173	-0.206429	-0.449868	-4.009512
34174	-0.192421	-0.447609	-4.010439
34175	-0.181021	-0.443869	-4.012272
34176	-0.166967	-0.439073	-4.018190
34177	-0.152171	-0.431159	-4.021638
34178	-0.138196	-0.423963	-4.023876
34179	-0.123651	-0.419750	-4.027215
34180	-0.108989	-0.416530	-4.028585
34181	-0.094860	-0.416671	-4.029924
34182	-0.081552	-0.417525	-4.030056
34183	-0.069152	-0.417731	-4.032314
34184	-0.059614	-0.418747	-4.032992
34185	-0.049308	-0.421212	-4.034524
34186	-0.039536	-0.425623	-4.033647
34187	-0.029933	-0.431206	-4.034386
34188	-0.019112	-0.437398	-4.034293
34189	-0.015858	-0.445710	-4.036301
34190	-0.017903	-0.452183	-4.036017
34191	-0.019040	-0.460728	-4.035984
34192	-0.021847	-0.466652	-4.033718
34193	-0.024375	-0.474337	-4.033753
34194	-0.023836	-0.484069	-4.033581
34195	-0.024203	-0.493543	-4.030896
34196	-0.021143	-0.502868	-4.029650
34197	-0.018652	-0.510632	-4.029676
34198	-0.015309	-0.521191	-4.027230
34199	-0.010375	-0.531600	-4.027972
34200	-0.006633	-0.544899	-4.025868
34201	-0.004365	-0.555095	-4.028288
34202	-0.002832	-0.568765	-4.028553
34203	-0.005750	-0.579537	-4.029087
34204	-0.006712	-0.592721	-4.028285
34205	-0.007641	-0.605554	-4.028844
34206	-0.007017	-0.618055	-4.027728
34207	-0.007608	-0.629964	-4.027437
34208	-0.007609	-0.642153	-4.028373
34209	-0.015195	-0.657754	-4.028898
34210	-0.027347	-0.672937	-4.031253
34211	-0.039246	-0.685343	-4.032574
34212	-0.052447	-0.698743	-4.034143
34213	-0.066842	-0.710667	-4.034390
34214	-0.082733	-0.725128	-4.035133
34215	-0.104484	-0.742943	-4.034541
34216	-0.126230	-0.759832	-4.035084
34217	-0.156762	-0.777744	-4.035020
34218	-0.193574	-0.795682	-4.033063
34219	-0.234750	-0.813146	-4.035040
34220	-0.276029	-0.828177	-4.036615
34221	-0.313008	-0.841132	-4.040051
34222	-0.344801	-0.852953	-4.041882
34223	-0.373114	-0.864304	-4.043235
34224	-0.400593	-0.879322	-4.044255
34225	-0.421881	-0.891909	-4.043480
34226	-0.438526	-0.905825	-4.042194
34227	-0.453936	-0.921816	-4.042434
34228	-0.463987	-0.935113	-4.040830
34229	-0.475845	-0.946640	-4.039955
34230	-0.486038	-0.959322	-4.038951
34231	-0.497770	-0.972366	-4.039610
34232	-0.510862	-0.988552	-4.040159
34233	-0.520447	-1.003371	-4.038091
34234	-0.534846	-1.014738	-4.034785
34235	-0.554350	-1.031296	-4.029608
34236	-0.572404	-1.044711	-4.023729
34237	-0.590121	-1.058132	-4.015854
34238	-0.607409	-1.071556	-4.005176
34239	-0.630928	-1.085251	-3.997448
34240	-0.663582	-1.100853	-3.996518
34241	-0.714288	-1.120094	-3.996580
34242	-0.779103	-1.140287	-4.001297
34243	-0.856794	-1.165391	-4.013172
34244	-0.949351	-1.197105	-4.023876
34245	-1.056317	-1.239750	-4.036041
34246	-1.178467	-1.293620	-4.056387
34247	-1.333048	-1.363429	-4.079889
34248	-1.523180	-1.454599	-4.094149
34249	-1.735737	-1.562584	-4.102109
34250	-1.984786	-1.692038	-4.104121
34251	-2.301352	-1.853595	-4.115607
34252	-2.832414	-2.114989	-4.144842
34253	-3.593432	-2.473772	-4.204708
34254	-4.590308	-2.958429	-4.260276
34255	-5.477748	-3.631574	-4.070694
34256	-6.459305	-4.280966	-3.945656
34257	-7.462473	-4.913508	-3.866050
34258	-8.602653	-5.507032	-3.874859
34259	-9.908013	-6.065920	-4.112581
34260	-11.354407	-6.667316	-4.836474
34261	-12.851701	-7.388276	-5.933049
34262	-13.966297	-8.274849	-7.327052
34263	-14.021423	-9.241856	-8.698631
34264	-13.406621	-10.304460	-10.000332
34265	-12.754337	-11.538854	-11.504644
34266	-12.111965	-12.860009	-13.257761
34267	-11.222377	-14.140268	-15.076359
34268	-10.019628	-15.334067	-16.814505
34269	-8.631776	-16.444803	-18.418277
34270	-7.226141	-17.485320	-19.873664
34271	-5.906528	-18.414215	-21.148656
34272	-4.695255	-19.178839	-22.187459
34273	-3.622216	-19.788864	-22.983574
34274	-2.736224	-20.280789	-23.563103
34275	-2.084261	-20.654943	-23.939579
34276	-1.635712	-20.902119	-24.117505
34277	-1.360450	-21.025049	-24.110876
34278	-1.221586	-21.021507	-23.935063
34279	-1.209357	-20.893513	-23.659416
34280	-1.310187	-20.623562	-23.333152
34281	-1.513506	-20.206972	-22.981343
34282	-1.806165	-19.643767	-22.611810
34283	-2.178479	-18.939277	-22.213850
34284	-2.634428	-18.120027	-21.778846
34285	-3.170098	-17.215601	-21.280212
34286	-3.769238	-16.226898	-20.727748
34287	-4.420374	-15.163410	-20.150386
34288	-5.110076	-14.028843	-19.568129
34289	-5.816705	-12.834690	-18.975299
34290	-6.512432	-11.597196	-18.373424
34291	-7.174173	-10.349210	-17.785911
34292	-7.791637	-9.087184	-17.257855
34293	-8.331490	-7.807701	-16.798926
34294	-8.777518	-6.515620	-16.404419
34295	-9.134932	-5.244960	-16.068892
34296	-9.418498	-4.013659	-15.782485
34297	-9.653086	-2.833150	-15.532198
34298	-9.850529	-1.702666	-15.298728
34299	-10.030996	-0.648241	-15.052459
34300	-10.216230	0.337434	-14.773378
34301	-10.391754	1.250223	-14.443281
34302	-10.529025	2.088061	-14.045629
34303	-10.633430	2.828542	-13.586476
34304	-10.748355	3.453270	-13.114991
34305	-10.876945	3.958414	-12.652156
34306	-10.988430	4.337141	-12.182666
34307	-11.041783	4.604502	-11.693567
34308	-11.036403	4.772343	-11.206896
34309	-10.987499	4.846269	-10.747469
34310	-10.896022	4.834002	-10.327413
34311	-10.756752	4.748895	-9.954784
34312	-10.584667	4.652004	-9.631445
34313	-10.349828	4.534247	-9.302219
34314	-9.781240	4.083128	-9.084835
34315	-8.803920	3.556188	-8.917485
34316	-7.646544	3.201695	-8.853633
34317	-6.591175	2.955129	-8.724051
34318	-5.775812	2.624528	-8.451462
34319	-5.240883	2.245552	-8.099316
34320	-4.935102	1.894311	-7.779189
34321	-4.749823	1.575183	-7.612881
34322	-4.601224	1.279706	-7.618686
34323	-4.459872	0.995172	-7.733629
34324	-4.298922	0.712337	-7.898398
34325	-4.106831	0.434151	-7.991624
34326	-3.939048	0.141266	-7.999676
34327	-3.796548	-0.107599	-8.000427
34328	-3.685772	-0.328320	-8.044760
34329	-3.605242	-0.538793	-8.123607
34330	-3.531466	-0.739478	-8.210882
34331	-3.422007	-0.932121	-8.319089
34332	-3.250587	-1.132581	-8.445181
34333	-3.014862	-1.353331	-8.563975
34334	-2.746805	-1.557359	-8.675523
34335	-2.451668	-1.717681	-8.811265
34336	-2.155016	-1.844481	-8.991280
34337	-1.884093	-1.906195	-9.192192
34338	-1.622699	-1.957477	-9.390880
34339	-1.374586	-2.009544	-9.574472
34340	-1.134771	-2.065852	-9.720646
34341	-0.894308	-2.125789	-9.849534
34342	-0.713936	-2.191840	-9.935847
34343	-0.589369	-2.254484	-9.993275
34344	-0.511419	-2.301564	-10.056129
34345	-0.473097	-2.338765	-10.095669
34346	-0.444528	-2.380961	-10.119259
34347	-0.434837	-2.432038	-10.131536
34348	-0.468489	-2.495916	-10.124133
34349	-0.530934	-2.559011	-10.089210
34350	-0.583693	-2.609818	-10.035986
34351	-0.613505	-2.635655	-9.972109
34352	-0.632058	-2.643850	-9.895135
34353	-0.643137	-2.645259	-9.789598
34354	-0.660778	-2.635647	-9.710493
34355	-0.712830	-2.607583	-9.711629
34356	-0.793230	-2.568744	-9.726781
34357	-0.891800	-2.513943	-9.737785
34358	-0.985084	-2.462345	-9.735631
34359	-1.070725	-2.415589	-9.722547
34360	-1.136044	-2.368489	-9.691146
34361	-1.176686	-2.312806	-9.637129
34362	-1.201469	-2.253330	-9.573689
34363	-1.228673	-2.189215	-9.503217
34364	-1.252446	-2.130226	-9.415929
34365	-1.274557	-2.083377	-9.310583
34366	-1.309964	-2.027248	-9.256125
34367	-1.362893	-1.951863	-9.235474
34368	-1.415715	-1.859395	-9.222596
34369	-1.471719	-1.773713	-9.214764
34370	-1.525491	-1.719276	-9.212468
34371	-1.575352	-1.688970	-9.203012
34372	-1.634090	-1.670386	-9.189501
34373	-1.700736	-1.650989	-9.159981
34374	-1.773411	-1.639071	-9.096092
34375	-1.842580	-1.630718	-9.000322
34376	-1.909822	-1.628074	-8.888022
34377	-1.984803	-1.639596	-8.775459
34378	-2.054508	-1.663083	-8.669249
34379	-2.118694	-1.690528	-8.579982
34380	-2.167619	-1.698228	-8.518619
34381	-2.198681	-1.676922	-8.457192
34382	-2.211514	-1.633843	-8.393054
34383	-2.210136	-1.595333	-8.335229
34384	-2.211311	-1.582646	-8.268885
34385	-2.222785	-1.604404	-8.213406
34386	-2.244550	-1.662731	-8.160043
34387	-2.283885	-1.727812	-8.103891
34388	-2.338130	-1.784577	-8.057383
34389	-2.389142	-1.831077	-8.009797
34390	-2.435152	-1.869863	-7.969268
34391	-2.479184	-1.905006	-7.928728
34392	-2.515493	-1.948747	-7.888206
34393	-2.549017	-1.995459	-7.856590
34394	-2.583323	-2.039679	-7.834177
34395	-2.609392	-2.072698	-7.816049
34396	-2.634776	-2.098820	-7.794805
34397	-2.662901	-2.121664	-7.770169
34398	-2.691696	-2.146518	-7.761422
34399	-2.718432	-2.167099	-7.765499
34400	-2.739914	-2.183736	-7.777792
34401	-2.760534	-2.198311	-7.786381
34402	-2.772351	-2.212137	-7.794987
34403	-2.787490	-2.227165	-7.804265
34404	-2.812811	-2.243584	-7.817708
34405	-2.836349	-2.259506	-7.831603
34406	-2.851782	-2.274672	-7.842892
34407	-2.859027	-2.285291	-7.852586
34408	-2.859534	-2.293171	-7.862317
34409	-2.854570	-2.297801	-7.887974
34410	-2.865721	-2.306887	-7.931210
34411	-2.883492	-2.314226	-7.979938
34412	-2.901673	-2.319379	-8.023604
34413	-2.930081	-2.321021	-8.062810
34414	-2.970736	-2.330965	-8.099874
34415	-2.991383	-2.340740	-8.132994
34416	-3.011313	-2.350083	-8.161803
34417	-3.060274	-2.364228	-8.186300
34418	-3.116025	-2.374770	-8.211158
34419	-3.185429	-2.383388	-8.230845
34420	-3.258438	-2.395489	-8.248660
34421	-3.323744	-2.409284	-8.265747
34422	-3.375968	-2.419552	-8.277860
34423	-3.406362	-2.426650	-8.287430
34424	-3.426285	-2.434892	-8.295678
34425	-3.446363	-2.439858	-8.298846
34426	-3.459447	-2.438507	-8.298855
34427	-3.456762	-2.425735	-8.301538
34428	-3.443452	-2.401211	-8.306694
34429	-3.423621	-2.364239	-8.312221
34430	-3.392782	-2.323154	-8.317706
34431	-3.345112	-2.279436	-8.323405
34432	-3.294365	-2.239798	-8.328414
34433	-3.255497	-2.196835	-8.329905
34434	-3.221925	-2.160454	-8.324667
34435	-3.187610	-2.126082	-8.318303
34436	-3.150212	-2.095794	-8.311258
34437	-3.116572	-2.071603	-8.300813
34438	-3.092855	-2.053389	-8.290333
34439	-3.075704	-2.036382	-8.279616
34440	-3.073553	-2.022372	-8.267148
34441	-3.092366	-2.008137	-8.252810
34442	-3.126643	-1.992983	-8.239026
34443	-3.163673	-1.966930	-8.225698
34444	-3.204440	-1.935716	-8.212180
34445	-3.237722	-1.904587	-8.196401
34446	-3.256991	-1.877580	-8.186638
34447	-3.262727	-1.854034	-8.183017
34448	-3.256579	-1.833802	-8.182858
34449	-3.245063	-1.813486	-8.188144
34450	-3.231983	-1.800131	-8.192645
34451	-3.223403	-1.785268	-8.194933
34452	-3.213606	-1.771892	-8.198525
34453	-3.202969	-1.758993	-8.200771
34454	-3.190449	-1.749525	-8.199033
34455	-3.173372	-1.741538	-8.200320
34456	-3.153899	-1.734247	-8.201292
34457	-3.134615	-1.728810	-8.201911
34458	-3.114869	-1.720542	-8.202043
34459	-3.096349	-1.715495	-8.202815
34460	-3.077860	-1.707025	-8.202416
34461	-3.056647	-1.698279	-8.201670
34462	-3.033475	-1.693932	-8.199099
34463	-3.008015	-1.693022	-8.194671
34464	-2.986200	-1.690817	-8.186439
34465	-2.963821	-1.694782	-8.179657
34466	-2.939937	-1.701380	-8.172939
34467	-2.921213	-1.710022	-8.165901
34468	-2.903659	-1.720303	-8.158495
34469	-2.896439	-1.733383	-8.148854
34470	-2.897916	-1.745714	-8.138216
34471	-2.903942	-1.759115	-8.127722
34472	-2.908170	-1.770844	-8.119426
34473	-2.910481	-1.785240	-8.113306
34474	-2.903049	-1.799959	-8.108548
34475	-2.898654	-1.812831	-8.104035
34476	-2.890954	-1.826576	-8.098442
34477	-2.884260	-1.838291	-8.093469
34478	-2.877356	-1.850274	-8.088444
34479	-2.869775	-1.860043	-8.083105
34480	-2.859430	-1.872634	-8.078371
34481	-2.850020	-1.882808	-8.071477
34482	-2.843067	-1.893618	-8.069025
34483	-2.836270	-1.902989	-8.069191
34484	-2.836043	-1.914535	-8.070475
34485	-2.835727	-1.926995	-8.070562
34486	-2.830686	-1.937000	-8.077797
34487	-2.824463	-1.939909	-8.088783
34488	-2.816518	-1.941520	-8.104753
34489	-2.807387	-1.941506	-8.121095
34490	-2.799348	-1.939402	-8.137259
34491	-2.788035	-1.939788	-8.153359
34492	-2.779669	-1.941004	-8.167868
34493	-2.775030	-1.940381	-8.179986
34494	-2.773131	-1.940001	-8.192451
34495	-2.773764	-1.938374	-8.205838
34496	-2.777686	-1.932894	-8.214355
34497	-2.778018	-1.927756	-8.224527
34498	-2.775080	-1.921329	-8.234032
34499	-2.777005	-1.912667	-8.245330
34500	-2.779202	-1.900354	-8.258864
34501	-2.783201	-1.888947	-8.275542
34502	-2.788887	-1.873106	-8.294549
34503	-2.792156	-1.859169	-8.311488
34504	-2.796743	-1.847053	-8.323338
34505	-2.797558	-1.838013	-8.335807
34506	-2.798393	-1.833138	-8.343310
34507	-2.797549	-1.827232	-8.351868
34508	-2.795854	-1.822749	-8.360440
34509	-2.795821	-1.814301	-8.374914
34510	-2.793535	-1.802592	-8.392695
34511	-2.789756	-1.787124	-8.412567
34512	-2.789672	-1.769553	-8.433988
34513	-2.793657	-1.746846	-8.454685
34514	-2.793025	-1.728698	-8.479369
34515	-2.790195	-1.711673	-8.495090
34516	-2.784034	-1.697634	-8.509318
34517	-2.775647	-1.686085	-8.519523
34518	-2.765158	-1.679464	-8.527292
34519	-2.752225	-1.671434	-8.535955
34520	-2.745683	-1.663632	-8.542757
34521	-2.733830	-1.658137	-8.549850
34522	-2.726553	-1.652480	-8.558872
34523	-2.721393	-1.645219	-8.567348
34524	-2.718327	-1.639358	-8.576248
34525	-2.715013	-1.635023	-8.583313
34526	-2.711760	-1.631892	-8.591177
34527	-2.705964	-1.629121	-8.596735
34528	-2.698864	-1.629503	-8.600429
34529	-2.689283	-1.630639	-8.604603
34530	-2.680031	-1.633947	-8.610423
34531	-2.669382	-1.635865	-8.613187
34532	-2.659002	-1.639563	-8.614812
34533	-2.646511	-1.646557	-8.617980
34534	-2.633676	-1.654354	-8.620481
34535	-2.625711	-1.663298	-8.621805
34536	-2.619882	-1.671479	-8.623968
34537	-2.618160	-1.680420	-8.624794
34538	-2.623366	-1.691522	-8.625454
34539	-2.634270	-1.704555	-8.627875
34540	-2.654891	-1.720332	-8.629907
34541	-2.682741	-1.738828	-8.634006
34542	-2.726122	-1.763582	-8.643064
34543	-2.788078	-1.794604	-8.661655
34544	-2.898713	-1.855985	-8.694898
34545	-3.102586	-1.984902	-8.744741
34546	-3.434656	-2.185016	-8.785314
34547	-3.878680	-2.399766	-8.817771
34548	-4.440566	-2.631855	-8.827318
34549	-5.106758	-2.851904	-8.826956
34550	-5.863609	-3.076974	-8.818392
34551	-6.538567	-3.383566	-8.682513
34552	-7.303034	-3.744358	-8.568714
34553	-8.191573	-4.177581	-8.521575
34554	-9.247201	-4.737800	-8.599884
34555	-10.623175	-5.469720	-9.126912
34556	-12.038180	-6.352158	-9.973924
34557	-13.258522	-7.412291	-10.984794
34558	-13.693622	-8.674015	-12.005028
34559	-13.187121	-9.995426	-12.922769
34560	-12.414539	-11.491731	-14.108138
34561	-11.595404	-13.082290	-15.756058
34562	-10.497275	-14.638509	-17.671139
34563	-9.017019	-16.109897	-19.593122
34564	-7.289254	-17.506330	-21.395174
34565	-5.527398	-18.822880	-23.029699
34566	-3.885232	-20.029864	-24.422591
34567	-2.419591	-21.090865	-25.527323
34568	-1.178643	-21.969374	-26.302945
34569	-0.204920	-22.648750	-26.770473
34570	0.469545	-23.166377	-27.027988
34571	0.855855	-23.543074	-27.133141
34572	1.020125	-23.764708	-27.096892
34573	1.033639	-23.850012	-26.934488
34574	0.905074	-23.793708	-26.648398
34575	0.661910	-23.592673	-26.268573
34576	0.344927	-23.212869	-25.817010
34577	-0.023075	-22.652311	-25.327285
34578	-0.433339	-21.940314	-24.847254
34579	-0.864455	-21.114262	-24.411117
34580	-1.312243	-20.194937	-24.008463
34581	-1.775247	-19.173396	-23.608352
34582	-2.262021	-18.023742	-23.191109
34583	-2.794735	-16.768591	-22.731755
34584	-3.393355	-15.411131	-22.220724
34585	-4.053372	-13.984905	-21.655007
34586	-4.743573	-12.516683	-21.073065
34587	-5.437400	-11.042902	-20.514922
34588	-6.103596	-9.566384	-20.001672
34589	-6.716490	-8.114380	-19.529561
34590	-7.279797	-6.721455	-19.062173
34591	-7.813501	-5.392997	-18.565178
34592	-8.309258	-4.089118	-18.018578
34593	-8.785223	-2.809044	-17.434551
34594	-9.214011	-1.558751	-16.872269
34595	-9.552037	-0.381567	-16.327275
34596	-9.792236	0.706514	-15.791984
34597	-9.951849	1.685738	-15.238413
34598	-10.069282	2.543172	-14.656992
34599	-10.166580	3.260171	-14.036877
34600	-10.253240	3.831913	-13.388988
34601	-10.291108	4.244544	-12.711311
34602	-10.260048	4.481259	-12.009531
34603	-10.165318	4.589368	-11.316248
34604	-10.037419	4.648830	-10.664539
34605	-9.623546	4.415423	-9.961351
34606	-8.452264	3.464171	-9.625036
34607	-6.662880	2.555696	-9.347205
34608	-4.950386	2.188726	-9.146619
34609	-3.932094	2.044429	-8.786126
34610	-3.544295	1.741205	-8.415544
34611	-3.565910	1.358761	-8.271858
34612	-3.682377	1.006835	-8.268333
34613	-3.783892	0.614024	-8.305978
34614	-3.779029	0.069776	-8.395760
34615	-3.674139	-0.275140	-8.476567
34616	-3.467169	-0.486862	-8.548619
34617	-3.227005	-0.742810	-8.614755
34618	-2.998495	-0.964126	-8.696225
34619	-2.784904	-1.096739	-8.802906
34620	-2.594893	-1.198195	-8.914508
34621	-2.421798	-1.278105	-9.040100
34622	-2.246856	-1.320024	-9.214862
34623	-2.096350	-1.375242	-9.387829
34624	-1.990783	-1.490259	-9.494612
34625	-1.897839	-1.588359	-9.603366
34626	-1.820821	-1.673432	-9.742906
34627	-1.748865	-1.763154	-9.902003
34628	-1.688530	-1.844429	-10.056916
34629	-1.637489	-1.892910	-10.195702
34630	-1.556548	-1.940011	-10.303601
34631	-1.451803	-1.989130	-10.407543
34632	-1.341554	-2.033068	-10.478480
34633	-1.221666	-2.092859	-10.522508
34634	-1.079476	-2.149195	-10.553647
34635	-0.942343	-2.201211	-10.557543
34636	-0.840387	-2.249061	-10.532989
34637	-0.757385	-2.266003	-10.510501
34638	-0.696186	-2.247580	-10.477762
34639	-0.653238	-2.202328	-10.441286
34640	-0.621018	-2.134095	-10.412214
34641	-0.638216	-2.055156	-10.396897
34642	-0.708953	-1.973225	-10.390742
34643	-0.788887	-1.875589	-10.387137
34644	-0.824911	-1.765041	-10.378697
34645	-0.808229	-1.644013	-10.362659
34646	-0.758050	-1.538720	-10.338894
34647	-0.707328	-1.458658	-10.314052
34648	-0.662671	-1.382446	-10.267059
34649	-0.606294	-1.309625	-10.181246
34650	-0.534539	-1.245059	-10.060071
34651	-0.449155	-1.187210	-9.914813
34652	-0.364154	-1.140846	-9.763665
34653	-0.300365	-1.093722	-9.659380
34654	-0.259229	-1.009558	-9.602670
34655	-0.226572	-0.909348	-9.546902
34656	-0.210607	-0.803805	-9.511752
34657	-0.240432	-0.682025	-9.514327
34658	-0.311189	-0.566176	-9.520794
34659	-0.417526	-0.456080	-9.521122
34660	-0.532912	-0.360468	-9.507881
34661	-0.651245	-0.280044	-9.483223
34662	-0.759610	-0.211154	-9.448629
34663	-0.874292	-0.171582	-9.402920
34664	-1.008700	-0.141995	-9.331450
34665	-1.137498	-0.107907	-9.255387
34666	-1.237952	-0.070265	-9.161064
34667	-1.302744	-0.047469	-9.061628
34668	-1.322894	-0.072437	-8.965358
34669	-1.299631	-0.132008	-8.868757
34670	-1.240839	-0.220117	-8.774152
34671	-1.174878	-0.300253	-8.719946
34672	-1.132271	-0.331661	-8.704889
34673	-1.108232	-0.343127	-8.691963
34674	-1.093486	-0.343224	-8.678771
34675	-1.103545	-0.333559	-8.673407
34676	-1.157607	-0.317828	-8.692029
34677	-1.228615	-0.311629	-8.700874
34678	-1.304987	-0.318358	-8.712888
34679	-1.383504	-0.335956	-8.717882
34680	-1.461580	-0.358617	-8.713858
34681	-1.526842	-0.389408	-8.702944
34682	-1.584090	-0.415060	-8.690085
34683	-1.637253	-0.430125	-8.675964
34684	-1.682335	-0.447666	-8.656123
34685	-1.711404	-0.467018	-8.639007
34686	-1.730809	-0.485688	-8.620985
34687	-1.748812	-0.500778	-8.600305
34688	-1.771823	-0.510296	-8.583654
34689	-1.795167	-0.518929	-8.567689
34690	-1.820558	-0.522000	-8.555320
34691	-1.849932	-0.528848	-8.543424
34692	-1.878480	-0.540476	-8.528545
34693	-1.912501	-0.550821	-8.515060
34694	-1.946229	-0.564560	-8.503265
34695	-1.975938	-0.587514	-8.495547
34696	-2.003739	-0.609380	-8.489380
34697	-2.034904	-0.632732	-8.479185
34698	-2.071374	-0.655971	-8.468321
34699	-2.111138	-0.683003	-8.460533
34700	-2.151837	-0.715359	-8.453494
34701	-2.194355	-0.743150	-8.453006
34702	-2.243105	-0.783267	-8.453574
34703	-2.305456	-0.830921	-8.453042
34704	-2.357399	-0.870686	-8.449894
34705	-2.414912	-0.904168	-8.431117
34706	-2.454550	-0.939866	-8.424923
34707	-2.475759	-0.985396	-8.429599
34708	-2.475267	-1.041859	-8.431754
34709	-2.470410	-1.103554	-8.424445
34710	-2.481980	-1.163766	-8.415875
34711	-2.500953	-1.219254	-8.408513
34712	-2.510337	-1.275778	-8.408025
34713	-2.518194	-1.331862	-8.406637
34714	-2.531576	-1.390926	-8.405008
34715	-2.545309	-1.448583	-8.393742
34716	-2.550943	-1.506302	-8.381957
34717	-2.547855	-1.563379	-8.366182
34718	-2.539208	-1.619349	-8.354218
34719	-2.521650	-1.669425	-8.338266
34720	-2.496061	-1.711967	-8.325645
34721	-2.468021	-1.751735	-8.308994
34722	-2.436175	-1.791772	-8.294544
34723	-2.397542	-1.829426	-8.283708
34724	-2.356416	-1.865002	-8.274960
34725	-2.317312	-1.895654	-8.268676
34726	-2.282378	-1.924602	-8.265442
34727	-2.255243	-1.952520	-8.261866
34728	-2.236369	-1.979913	-8.255214
34729	-2.233329	-2.007215	-8.254210
34730	-2.234832	-2.033608	-8.249551
34731	-2.234157	-2.057784	-8.249830
34732	-2.227919	-2.078317	-8.251541
34733	-2.214467	-2.096061	-8.255382
34734	-2.195051	-2.109774	-8.259187
34735	-2.169944	-2.118945	-8.263051
34736	-2.140698	-2.123688	-8.268440
34737	-2.116712	-2.125244	-8.272139
34738	-2.095320	-2.123932	-8.275748
34739	-2.078102	-2.124898	-8.278242
34740	-2.060164	-2.122996	-8.281560
34741	-2.041743	-2.119859	-8.285396
34742	-2.023585	-2.114834	-8.288269
34743	-2.004651	-2.109753	-8.290408
34744	-1.985140	-2.106692	-8.290627
34745	-1.967038	-2.103184	-8.290356
34746	-1.950548	-2.103826	-8.290802
34747	-1.934153	-2.103840	-8.288504
34748	-1.917331	-2.107808	-8.287305
34749	-1.901409	-2.111917	-8.286309
34750	-1.886372	-2.115109	-8.283884
34751	-1.875803	-2.119413	-8.281593
34752	-1.865498	-2.121822	-8.278338
34753	-1.856604	-2.123791	-8.274592
34754	-1.846663	-2.128732	-8.272415
34755	-1.834453	-2.130703	-8.269589
34756	-1.819962	-2.133686	-8.269270
34757	-1.806514	-2.136228	-8.269776
34758	-1.792316	-2.138029	-8.270707
34759	-1.779377	-2.139989	-8.270521
34760	-1.767837	-2.145484	-8.273001
34761	-1.752927	-2.150961	-8.273031
34762	-1.739820	-2.157824	-8.274808
34763	-1.728589	-2.165832	-8.275000
34764	-1.718142	-2.173865	-8.275932
34765	-1.708733	-2.181469	-8.277686
34766	-1.702296	-2.188700	-8.280420
34767	-1.699706	-2.193564	-8.281350
34768	-1.697022	-2.199027	-8.285032
34769	-1.695126	-2.200569	-8.286285
34770	-1.689858	-2.203525	-8.285857
34771	-1.684901	-2.203515	-8.286486
34772	-1.678395	-2.204515	-8.286993
34773	-1.671288	-2.202751	-8.287778
34774	-1.662380	-2.201025	-8.287589
34775	-1.652207	-2.200230	-8.290148
34776	-1.642496	-2.200266	-8.289409
34777	-1.633345	-2.198308	-8.290578
34778	-1.623965	-2.195014	-8.291479
34779	-1.618898	-2.193445	-8.291881
34780	-1.612689	-2.190741	-8.291237
34781	-1.605326	-2.188008	-8.291172
34782	-1.597841	-2.185497	-8.291067
34783	-1.590370	-2.181205	-8.290772
34784	-1.582664	-2.178092	-8.292609
34785	-1.576066	-2.175749	-8.292700
34786	-1.570553	-2.169719	-8.292377
34787	-1.565996	-2.167571	-8.292084
34788	-1.561318	-2.165638	-8.291754
34789	-1.556434	-2.161331	-8.293173
34790	-1.548839	-2.157256	-8.292840
34791	-1.541112	-2.151997	-8.291692
34792	-1.531554	-2.143429	-8.292526
34793	-1.521675	-2.136417	-8.291530
34794	-1.512515	-2.131200	-8.288090
34795	-1.505955	-2.124192	-8.286172
34796	-1.499384	-2.118956	-8.284447
34797	-1.493550	-2.114486	-8.282293
34798	-1.487890	-2.109045	-8.281347
34799	-1.483479	-2.103792	-8.279276
34800	-1.477711	-2.096791	-8.278101
34801	-1.471914	-2.090173	-8.276338
34802	-1.465999	-2.083764	-8.274540
34803	-1.461224	-2.075986	-8.271386
34804	-1.455930	-2.068039	-8.266722
34805	-1.449876	-2.060456	-8.264106
34806	-1.443706	-2.053078	-8.261454
34807	-1.437356	-2.046678	-8.257593
34808	-1.429142	-2.041619	-8.257723
34809	-1.421808	-2.034231	-8.255644
34810	-1.415784	-2.026261	-8.253614
34811	-1.409323	-2.020820	-8.251922
34812	-1.403662	-2.015374	-8.250976
34813	-1.398987	-2.011676	-8.250451
34814	-1.392925	-2.008366	-8.250431
34815	-1.389673	-2.003884	-8.249991
34816	-1.384230	-2.001550	-8.249506
34817	-1.381598	-1.998048	-8.248601
34818	-1.376011	-1.996303	-8.247494
34819	-1.372101	-1.992993	-8.247127
34820	-1.366807	-1.990063	-8.247265
34821	-1.363151	-1.987721	-8.247751
34822	-1.360157	-1.985950	-8.248363
34823	-1.357560	-1.982813	-8.250251
34824	-1.354675	-1.980085	-8.248693
34825	-1.349996	-1.978903	-8.250569
34826	-1.348899	-1.977914	-8.250181
34827	-1.344840	-1.977711	-8.251592
34828	-1.340935	-1.976139	-8.251425
34829	-1.338665	-1.975163	-8.251605
34830	-1.334288	-1.972020	-8.252525
34831	-1.330376	-1.968712	-8.252158
34832	-1.327791	-1.964796	-8.251846
34833	-1.322817	-1.964797	-8.252477
34834	-1.319793	-1.962653	-8.250298
34835	-1.316244	-1.961871	-8.251015
34836	-1.312342	-1.960292	-8.250850
34837	-1.309523	-1.959532	-8.248932
34838	-1.307813	-1.957557	-8.249010
34839	-1.305798	-1.955036	-8.247642
34840	-1.300874	-1.954614	-8.248867
34841	-1.298532	-1.949933	-8.249208
34842	-1.293355	-1.948543	-8.249581
34843	-1.290170	-1.947773	-8.248980
34844	-1.286124	-1.946781	-8.248193
34845	-1.282684	-1.945044	-8.246740
34846	-1.279513	-1.945996	-8.246343
34847	-1.279285	-1.945217	-8.246145
34848	-1.274071	-1.945971	-8.246127
34849	-1.272968	-1.943248	-8.245540
34850	-1.268816	-1.940694	-8.244523
34851	-1.264755	-1.937980	-8.243534
34852	-1.259729	-1.933481	-8.242128
34853	-1.255048	-1.929789	-8.241602
34854	-1.251516	-1.928212	-8.240122
34855	-1.249207	-1.926876	-8.237509
34856	-1.246735	-1.924502	-8.237433
34857	-1.244314	-1.924121	-8.236992
34858	-1.243120	-1.921554	-8.236379
34859	-1.243622	-1.920801	-8.233547
34860	-1.239580	-1.919799	-8.232763
34861	-1.236796	-1.916895	-8.231237
34862	-1.235311	-1.915509	-8.229380
34863	-1.230482	-1.912409	-8.228232
34864	-1.227719	-1.911214	-8.226912
34865	-1.222123	-1.907727	-8.225604
34866	-1.217866	-1.903608	-8.224358
34867	-1.213036	-1.900509	-8.223210
34868	-1.207867	-1.896593	-8.221183
34869	-1.203548	-1.892916	-8.219339
34870	-1.198377	-1.888999	-8.217312
34871	-1.193438	-1.884345	-8.215932
34872	-1.190458	-1.880031	-8.214151
34873	-1.186100	-1.878504	-8.211915
34874	-1.181549	-1.875563	-8.209425
34875	-1.176462	-1.871501	-8.207422
34876	-1.171765	-1.869152	-8.204310
34877	-1.167151	-1.866660	-8.201221
34878	-1.162491	-1.862163	-8.198499
34879	-1.159082	-1.858285	-8.197437
34880	-1.155809	-1.855152	-8.194411
34881	-1.153973	-1.847391	-8.191655
34882	-1.147888	-1.843677	-8.188846
34883	-1.143566	-1.837496	-8.184599
34884	-1.137226	-1.832816	-8.180936
34885	-1.132537	-1.826623	-8.178006
34886	-1.127256	-1.821147	-8.175748
34887	-1.123552	-1.815946	-8.171037
34888	-1.117905	-1.810457	-8.170095
34889	-1.112812	-1.803894	-8.165687
34890	-1.109467	-1.797055	-8.162822
34891	-1.105432	-1.789696	-8.159818
34892	-1.100443	-1.783035	-8.158805
34893	-1.094617	-1.776446	-8.157031
34894	-1.088458	-1.769025	-8.154381
34895	-1.085334	-1.761463	-8.152159
34896	-1.078371	-1.758308	-8.151362
34897	-1.073055	-1.753650	-8.151295
34898	-1.070622	-1.749106	-8.151617
34899	-1.069653	-1.745802	-8.151656
34900	-1.068607	-1.742621	-8.151676
34901	-1.065848	-1.740087	-8.152943
34902	-1.063524	-1.737095	-8.153498
34903	-1.060509	-1.733597	-8.153911
34904	-1.057930	-1.729639	-8.153611
34905	-1.052429	-1.727721	-8.152530
34906	-1.051642	-1.725499	-8.153407
34907	-1.047968	-1.723170	-8.153893
34908	-1.045355	-1.721357	-8.153203
34909	-1.042594	-1.718823	-8.154471
34910	-1.040894	-1.716804	-8.154564
34911	-1.037183	-1.716623	-8.154659
34912	-1.037676	-1.714206	-8.155002
34913	-1.036668	-1.713051	-8.154651
34914	-1.035700	-1.713563	-8.154513
34915	-1.032683	-1.710066	-8.154927
34916	-1.030326	-1.709211	-8.155094
34917	-1.028441	-1.706115	-8.154351
34918	-1.026852	-1.705645	-8.154677
34919	-1.027160	-1.704658	-8.156587
34920	-1.029298	-1.704563	-8.157486
34921	-1.030117	-1.702998	-8.158703
34922	-1.030466	-1.701165	-8.158428
34923	-1.031394	-1.701157	-8.159876
34924	-1.031232	-1.699901	-8.160293
34925	-1.031612	-1.700111	-8.159641
34926	-1.032692	-1.700810	-8.159129
34927	-1.035885	-1.701603	-8.158265
34928	-1.036599	-1.702286	-8.159076
34929	-1.038953	-1.701496	-8.160614
34930	-1.039303	-1.699659	-8.160325
34931	-1.041217	-1.700643	-8.159994
34932	-1.042188	-1.699783	-8.159265
34933	-1.042714	-1.699402	-8.159236
34934	-1.043028	-1.699710	-8.158570
34935	-1.042787	-1.698942	-8.158381
34936	-1.043103	-1.699248	-8.157708
34937	-1.041986	-1.696538	-8.157126
34938	-1.039489	-1.696260	-8.156665
34939	-1.038481	-1.695106	-8.156315
34940	-1.038068	-1.692878	-8.155897
34941	-1.037571	-1.691146	-8.154853
34942	-1.036609	-1.691640	-8.154728
34943	-1.036001	-1.690859	-8.155856
34944	-1.036028	-1.692345	-8.153924
34945	-1.036554	-1.691964	-8.153896
34946	-1.036910	-1.690118	-8.153623
34947	-1.037910	-1.691306	-8.152509
