// General information: 
//  MT Manager version: 2021.4.0 
//  XDA version: 2021.4.0 build 6323 rev 112641 built on 2021-09-28
// Device information: 
//  DeviceId: 00B43856
//  ProductCode: MTW2-3A7G6
//  Firmware Version: 4.3.4
//  Hardware Version: 1.1.0
// Device settings: 
//  Filter Profile: human(46.1)
//  Option Flags: Orientation Smoother Disabled, Position/Velocity Smoother Disabled, Continuous Zero Rotation Update Disabled, AHS Disabled, ICC Disabled
// Coordinate system: ENU
PacketCounter	Roll	Pitch	Yaw
33642	-0.833774	-0.513386	-0.067084
33643	-0.829789	-0.512801	-0.039439
33644	-0.829342	-0.513909	-0.011403
33645	-0.830282	-0.515836	0.018197
33646	-0.832309	-0.517669	0.049476
33647	-0.834288	-0.519438	0.078420
33648	-0.833283	-0.515325	0.100456
33649	-0.835348	-0.511647	0.112134
33650	-0.842249	-0.507291	0.112375
33651	-0.850946	-0.501385	0.100599
33652	-0.860591	-0.493356	0.087736
33653	-0.867567	-0.486640	0.076764
33654	-0.873993	-0.479062	0.067937
33655	-0.877608	-0.472850	0.063293
33656	-0.879224	-0.466077	0.068300
33657	-0.876686	-0.460963	0.084431
33658	-0.870726	-0.458489	0.108618
33659	-0.862002	-0.456454	0.142892
33660	-0.851315	-0.453801	0.184905
33661	-0.841371	-0.455173	0.232362
33662	-0.834233	-0.457116	0.271183
33663	-0.828633	-0.453546	0.300037
33664	-0.826292	-0.451656	0.324367
33665	-0.824130	-0.450597	0.345522
33666	-0.827080	-0.451051	0.365254
33667	-0.828226	-0.453636	0.384349
33668	-0.831183	-0.457062	0.404874
33669	-0.830966	-0.456831	0.430358
33670	-0.827499	-0.453039	0.460156
33671	-0.825377	-0.445918	0.489175
33672	-0.823617	-0.439892	0.517453
33673	-0.826796	-0.434036	0.538401
33674	-0.830609	-0.430205	0.557521
33675	-0.838423	-0.422674	0.573184
33676	-0.846876	-0.414047	0.586446
33677	-0.857003	-0.405196	0.602496
33678	-0.866399	-0.394433	0.619907
33679	-0.875159	-0.381670	0.638891
33680	-0.881914	-0.372327	0.662154
33681	-0.884872	-0.360306	0.685806
33682	-0.886514	-0.348527	0.709468
33683	-0.887946	-0.338683	0.730374
33684	-0.889506	-0.329818	0.747371
33685	-0.890927	-0.322933	0.759586
33686	-0.892958	-0.314861	0.761833
33687	-0.898338	-0.309307	0.754167
33688	-0.906069	-0.303480	0.735446
33689	-0.915772	-0.296159	0.710024
33690	-0.926690	-0.290679	0.681755
33691	-0.933277	-0.284714	0.652217
33692	-0.942275	-0.278443	0.619390
33693	-0.953374	-0.272855	0.584116
33694	-0.964330	-0.262904	0.544016
33695	-0.979381	-0.257397	0.506412
33696	-0.995719	-0.252323	0.475282
33697	-1.011400	-0.246324	0.447695
33698	-1.022301	-0.238720	0.425397
33699	-1.036295	-0.230937	0.414131
33700	-1.049205	-0.219975	0.411080
33701	-1.060970	-0.208001	0.412667
33702	-1.072586	-0.197848	0.420347
33703	-1.084204	-0.188024	0.431001
33704	-1.091356	-0.175912	0.444508
33705	-1.100022	-0.165627	0.458896
33706	-1.104082	-0.158540	0.472943
33707	-1.108380	-0.151005	0.480123
33708	-1.113421	-0.146175	0.480976
33709	-1.118938	-0.147913	0.474080
33710	-1.125804	-0.150123	0.460716
33711	-1.130183	-0.154534	0.440462
33712	-1.131813	-0.160896	0.419513
33713	-1.130368	-0.168902	0.406830
33714	-1.128997	-0.175680	0.395084
33715	-1.129628	-0.187364	0.375809
33716	-1.128242	-0.198630	0.346754
33717	-1.128907	-0.208712	0.316499
33718	-1.130655	-0.220697	0.287120
33719	-1.130651	-0.229738	0.256982
33720	-1.126350	-0.240094	0.233720
33721	-1.123987	-0.245995	0.212589
33722	-1.125424	-0.250311	0.187352
33723	-1.128601	-0.255048	0.158392
33724	-1.134395	-0.258785	0.127576
33725	-1.140631	-0.262949	0.098744
33726	-1.145013	-0.268360	0.066793
33727	-1.147182	-0.275008	0.035761
33728	-1.149585	-0.283031	0.007846
33729	-1.149347	-0.299308	-0.015023
33730	-1.146037	-0.312175	-0.036000
33731	-1.139944	-0.325614	-0.048736
33732	-1.133432	-0.339911	-0.063618
33733	-1.124542	-0.355265	-0.081575
33734	-1.117733	-0.371790	-0.104650
33735	-1.113934	-0.391337	-0.137232
33736	-1.111935	-0.414339	-0.174938
33737	-1.112683	-0.430654	-0.223764
33738	-1.111341	-0.449219	-0.279135
33739	-1.109377	-0.463748	-0.332107
33740	-1.107480	-0.480214	-0.383185
33741	-1.105468	-0.495558	-0.430660
33742	-1.103187	-0.514700	-0.470310
33743	-1.098848	-0.533507	-0.499669
33744	-1.090861	-0.550602	-0.524523
33745	-1.079631	-0.562545	-0.545201
33746	-1.070969	-0.574780	-0.564142
33747	-1.063251	-0.586414	-0.585953
33748	-1.057529	-0.598347	-0.614960
33749	-1.053017	-0.611296	-0.643647
33750	-1.047662	-0.624948	-0.673459
33751	-1.041102	-0.637140	-0.706413
33752	-1.034622	-0.648731	-0.740495
33753	-1.026747	-0.665215	-0.775807
33754	-1.020642	-0.677449	-0.813378
33755	-1.012157	-0.691559	-0.852122
33756	-1.003999	-0.703912	-0.888395
33757	-0.996603	-0.715602	-0.923133
33758	-0.988455	-0.726029	-0.956669
33759	-0.979518	-0.736126	-0.988783
33760	-0.969787	-0.750834	-1.016438
33761	-0.957878	-0.763607	-1.043984
33762	-0.944928	-0.782181	-1.070877
33763	-0.934795	-0.801335	-1.097884
33764	-0.922196	-0.823241	-1.125170
33765	-0.908006	-0.841641	-1.155251
33766	-0.892871	-0.862552	-1.185580
33767	-0.881134	-0.882546	-1.218870
33768	-0.868990	-0.903467	-1.254609
33769	-0.857063	-0.929104	-1.295929
33770	-0.850749	-0.949134	-1.340736
33771	-0.841191	-0.970506	-1.384580
33772	-0.833244	-0.990877	-1.426189
33773	-0.824493	-1.009014	-1.462869
33774	-0.814068	-1.027164	-1.498573
33775	-0.805660	-1.043672	-1.529519
33776	-0.799004	-1.059264	-1.566019
33777	-0.792767	-1.072026	-1.597096
33778	-0.783827	-1.090696	-1.623179
33779	-0.771772	-1.106897	-1.642491
33780	-0.762526	-1.123646	-1.652340
33781	-0.755561	-1.139473	-1.656758
33782	-0.745724	-1.152631	-1.653708
33783	-0.732261	-1.163617	-1.644818
33784	-0.723589	-1.175841	-1.634645
33785	-0.711672	-1.190539	-1.619391
33786	-0.700568	-1.209562	-1.603227
33787	-0.689835	-1.225064	-1.587424
33788	-0.680015	-1.240299	-1.571529
33789	-0.673158	-1.257677	-1.560772
33790	-0.666456	-1.273489	-1.564272
33791	-0.657621	-1.287246	-1.585110
33792	-0.652176	-1.298526	-1.615862
33793	-0.646986	-1.314482	-1.659605
33794	-0.647810	-1.331518	-1.711316
33795	-0.649604	-1.350737	-1.771221
33796	-0.649333	-1.366426	-1.842754
33797	-0.648180	-1.379105	-1.918496
33798	-0.646362	-1.393648	-1.997574
33799	-0.642678	-1.408033	-2.077801
33800	-0.641797	-1.422212	-2.154508
33801	-0.640711	-1.437195	-2.234062
33802	-0.639210	-1.450377	-2.319671
33803	-0.638049	-1.454312	-2.412570
33804	-0.635857	-1.458690	-2.515568
33805	-0.630631	-1.459460	-2.631328
33806	-0.625632	-1.458260	-2.757140
33807	-0.619942	-1.459085	-2.888632
33808	-0.620015	-1.464407	-3.027691
33809	-0.620835	-1.468896	-3.175089
33810	-0.613416	-1.474306	-3.325128
33811	-0.604073	-1.474961	-3.472708
33812	-0.589413	-1.471069	-3.622363
33813	-0.568708	-1.463096	-3.776894
33814	-0.547768	-1.452802	-3.935573
33815	-0.527269	-1.442202	-4.096200
33816	-0.509874	-1.431069	-4.261132
33817	-0.493553	-1.427287	-4.427004
33818	-0.477553	-1.418257	-4.590734
33819	-0.454623	-1.407377	-4.743572
33820	-0.431791	-1.393335	-4.886266
33821	-0.407547	-1.375920	-5.015207
33822	-0.381170	-1.357492	-5.128969
33823	-0.357281	-1.340169	-5.222789
33824	-0.332562	-1.323956	-5.306646
33825	-0.304389	-1.307541	-5.374083
33826	-0.276000	-1.294455	-5.433311
33827	-0.250539	-1.280058	-5.481607
33828	-0.225957	-1.266193	-5.522226
33829	-0.201306	-1.252381	-5.549480
33830	-0.178991	-1.239000	-5.573041
33831	-0.156102	-1.225733	-5.599096
33832	-0.136404	-1.215943	-5.631937
33833	-0.123763	-1.208197	-5.666236
33834	-0.110587	-1.201499	-5.707233
33835	-0.099335	-1.193821	-5.754119
33836	-0.089939	-1.180835	-5.806963
33837	-0.082665	-1.168902	-5.860432
33838	-0.080554	-1.158958	-5.912194
33839	-0.075309	-1.146930	-5.958370
33840	-0.072572	-1.134846	-5.993425
33841	-0.069384	-1.124227	-6.018096
33842	-0.062766	-1.105508	-6.037126
33843	-0.057741	-1.089303	-6.053337
33844	-0.057696	-1.073989	-6.070375
33845	-0.060730	-1.060054	-6.082493
33846	-0.066169	-1.047496	-6.088956
33847	-0.067440	-1.034524	-6.088019
33848	-0.070997	-1.017713	-6.082292
33849	-0.074098	-1.003850	-6.075202
33850	-0.079026	-0.992623	-6.065649
33851	-0.087335	-0.979451	-6.047733
33852	-0.093849	-0.965252	-6.032334
33853	-0.105947	-0.952355	-6.020980
33854	-0.120764	-0.939604	-6.010365
33855	-0.138711	-0.922817	-5.996013
33856	-0.153621	-0.907139	-5.975658
33857	-0.166876	-0.884286	-5.957635
33858	-0.183833	-0.862872	-5.937418
33859	-0.202143	-0.842262	-5.917772
33860	-0.221712	-0.822957	-5.901659
33861	-0.238756	-0.801638	-5.886752
33862	-0.257378	-0.782280	-5.870863
33863	-0.277169	-0.764160	-5.852695
33864	-0.292993	-0.744186	-5.837083
33865	-0.310634	-0.721006	-5.831547
33866	-0.336865	-0.693757	-5.829815
33867	-0.368636	-0.669467	-5.826903
33868	-0.404766	-0.648854	-5.814439
33869	-0.441194	-0.629255	-5.790986
33870	-0.474058	-0.607923	-5.762427
33871	-0.502818	-0.580797	-5.732756
33872	-0.532939	-0.557419	-5.700352
33873	-0.564941	-0.531976	-5.670227
33874	-0.597849	-0.510169	-5.644462
33875	-0.625245	-0.485143	-5.625293
33876	-0.655601	-0.462133	-5.616844
33877	-0.690349	-0.445324	-5.610003
33878	-0.727161	-0.430231	-5.600718
33879	-0.763243	-0.413683	-5.591477
33880	-0.801505	-0.395751	-5.584820
33881	-0.844861	-0.379372	-5.583300
33882	-0.897168	-0.362011	-5.593181
33883	-0.959229	-0.352330	-5.611410
33884	-1.029281	-0.344279	-5.637288
33885	-1.100343	-0.332898	-5.683980
33886	-1.185289	-0.321963	-5.752420
33887	-1.280833	-0.314993	-5.846569
33888	-1.386688	-0.300663	-5.971791
33889	-1.503378	-0.281135	-6.105799
33890	-1.628542	-0.253347	-6.224819
33891	-1.748898	-0.221709	-6.324683
33892	-1.868953	-0.198035	-6.404538
33893	-1.994816	-0.200638	-6.458323
33894	-2.111779	-0.230991	-6.506756
33895	-2.224916	-0.294145	-6.549973
33896	-2.334619	-0.389636	-6.581772
33897	-2.410802	-0.508587	-6.611802
33898	-2.444172	-0.628741	-6.654210
33899	-2.444028	-0.746771	-6.710391
33900	-2.440789	-0.894044	-6.775163
33901	-2.438240	-1.081102	-6.837320
33902	-2.428211	-1.307487	-6.880481
33903	-2.404381	-1.574846	-6.893407
33904	-2.350115	-1.871217	-6.881067
33905	-2.268457	-2.202363	-6.834841
33906	-2.182881	-2.593801	-6.757548
33907	-2.087738	-3.057566	-6.664259
33908	-1.984920	-3.588156	-6.528584
33909	-1.885073	-4.218427	-6.356713
33910	-1.761135	-4.948847	-6.157215
33911	-1.611827	-5.776638	-5.901323
33912	-1.428885	-6.741539	-5.600223
33913	-1.220349	-7.863314	-5.226450
33914	-0.963436	-9.183921	-4.762273
33915	-0.683369	-10.792612	-4.216361
33916	-0.305686	-12.546481	-3.674662
33917	0.205960	-14.355661	-3.233229
33918	0.818224	-16.250268	-2.954508
33919	1.430715	-18.252130	-2.860762
33920	2.107838	-20.264297	-2.794460
33921	2.677347	-22.339350	-2.764903
33922	3.040520	-24.507670	-3.000849
33923	3.293961	-26.722984	-3.356900
33924	3.631672	-28.860387	-3.810858
33925	4.065610	-30.914446	-4.283338
33926	4.593290	-32.956446	-4.669303
33927	5.130187	-34.940808	-4.952680
33928	5.736620	-36.834879	-5.233895
33929	6.460807	-38.659851	-5.594695
33930	7.327662	-40.382549	-6.069992
33931	8.253193	-42.062875	-6.552577
33932	9.077251	-43.735580	-6.884695
33933	9.752119	-45.391057	-7.037372
33934	10.379034	-46.972055	-7.181275
33935	11.093063	-48.408200	-7.480675
33936	11.960997	-49.735893	-7.979694
33937	12.978811	-50.995103	-8.662006
33938	14.079503	-52.213158	-9.407527
33939	15.128785	-53.424576	-10.026684
33940	16.047561	-54.600714	-10.496992
33941	16.876323	-55.719593	-10.878140
33942	17.651952	-56.763116	-11.224132
33943	18.402820	-57.714823	-11.552976
33944	19.132369	-58.561808	-11.898497
33945	19.877291	-59.301782	-12.295331
33946	20.632932	-59.927408	-12.732940
33947	21.395342	-60.469066	-13.204054
33948	22.170639	-60.935398	-13.714730
33949	22.948893	-61.320994	-14.237748
33950	23.686613	-61.612883	-14.705755
33951	24.350431	-61.783177	-15.059456
33952	24.962400	-61.837996	-15.335360
33953	25.532774	-61.807154	-15.562993
33954	26.048708	-61.698528	-15.779600
33955	26.419388	-61.560575	-15.934685
33956	26.660783	-61.385816	-16.006065
33957	26.805653	-61.143540	-16.007603
33958	26.917423	-60.809292	-15.966158
33959	27.026464	-60.409915	-15.893130
33960	27.113896	-59.973638	-15.769266
33961	27.189567	-59.499943	-15.579789
33962	27.279983	-58.991860	-15.346546
33963	27.402362	-58.456089	-15.114846
33964	27.540350	-57.912562	-14.873917
33965	27.648944	-57.399078	-14.588009
33966	27.691512	-56.941497	-14.216587
33967	27.677301	-56.526810	-13.801098
33968	27.614400	-56.144115	-13.415796
33969	27.484581	-55.764892	-13.028845
33970	27.287138	-55.378537	-12.608879
33971	27.022434	-54.974163	-12.165427
33972	26.691771	-54.553489	-11.688563
33973	26.327000	-54.106148	-11.168117
33974	25.960557	-53.634613	-10.617217
33975	25.618367	-53.155536	-10.085773
33976	25.298006	-52.682000	-9.569269
33977	24.967346	-52.226535	-9.032385
33978	24.629449	-51.794606	-8.458770
33979	24.283948	-51.386177	-7.862410
33980	23.838616	-51.157754	-7.167409
33981	23.367508	-51.201580	-6.524155
33982	23.178210	-51.175106	-6.173310
33983	23.379672	-50.795275	-5.992134
33984	23.723676	-50.420863	-5.929131
33985	24.146614	-50.167277	-6.078576
33986	24.555685	-49.959433	-6.304536
33987	24.825703	-49.792256	-6.329006
33988	24.901012	-49.633176	-6.091899
33989	24.715492	-49.463371	-5.701510
33990	24.412413	-49.209696	-5.336228
33991	24.154607	-48.823880	-5.190785
33992	23.974140	-48.344314	-5.144088
33993	23.775528	-47.826793	-5.102576
33994	23.703229	-47.143930	-5.323701
33995	23.801287	-46.346208	-6.051009
33996	23.803191	-45.583880	-6.782000
33997	23.662717	-44.860121	-7.347408
33998	23.440525	-44.195633	-7.784352
33999	23.224904	-43.445213	-8.171275
34000	22.921593	-42.756353	-8.309568
34001	22.616572	-42.008695	-8.385209
34002	22.250749	-41.278835	-8.352626
34003	21.831400	-40.559378	-8.215827
34004	21.400378	-39.791909	-8.020259
34005	20.951472	-39.005164	-7.770173
34006	20.496199	-38.190680	-7.523267
34007	20.069067	-37.353778	-7.314908
34008	19.691693	-36.496014	-7.173750
34009	19.347829	-35.654066	-7.046933
34010	19.055205	-34.809046	-6.936021
34011	18.842339	-33.945231	-6.884416
34012	18.660757	-33.113439	-6.837702
34013	18.513293	-32.273457	-6.827937
34014	18.366482	-31.449338	-6.833962
34015	18.229330	-30.609042	-6.863457
34016	18.097055	-29.751036	-6.898465
34017	17.966443	-28.902534	-6.930678
34018	17.842968	-28.061900	-6.969258
34019	17.708420	-27.248217	-7.001299
34020	17.547087	-26.479039	-7.002538
34021	17.363596	-25.740367	-6.987670
34022	17.157569	-25.030459	-6.959840
34023	16.932313	-24.351303	-6.904471
34024	16.680501	-23.704085	-6.800829
34025	16.408606	-23.061825	-6.691981
34026	16.126361	-22.425148	-6.599435
34027	15.829788	-21.810479	-6.514919
34028	15.537302	-21.194026	-6.455607
34029	15.252684	-20.578546	-6.415754
34030	14.975657	-19.956329	-6.398755
34031	14.708372	-19.345151	-6.380208
34032	14.441727	-18.729208	-6.365830
34033	14.174004	-18.137678	-6.314119
34034	13.866848	-17.595260	-6.194524
34035	13.561542	-17.049420	-6.138391
34036	13.241967	-16.538375	-6.060107
34037	12.924236	-16.020662	-6.041139
34038	12.616030	-15.529386	-6.004318
34039	12.327502	-15.021908	-5.992355
34040	12.022972	-14.536668	-6.003762
34041	11.697006	-14.081397	-6.019004
34042	11.345858	-13.635218	-6.063201
34043	11.022154	-13.188382	-6.123661
34044	10.700282	-12.752540	-6.189307
34045	10.380032	-12.325116	-6.211941
34046	10.088551	-11.909138	-6.246620
34047	9.798046	-11.544876	-6.282087
34048	9.522604	-11.195489	-6.315293
34049	9.259339	-10.843204	-6.386494
34050	9.008200	-10.501081	-6.452522
34051	8.755392	-10.175466	-6.544479
34052	8.508495	-9.823365	-6.687834
34053	8.263177	-9.492537	-6.863246
34054	8.013796	-9.187352	-7.115563
34055	7.803417	-8.873115	-7.397575
34056	7.591944	-8.581717	-7.688852
34057	7.355139	-8.311632	-8.035397
34058	7.124594	-8.036920	-8.399335
34059	6.921128	-7.751792	-8.770175
34060	6.720992	-7.460913	-9.152178
34061	6.518483	-7.169545	-9.534457
34062	6.316591	-6.892602	-9.857116
34063	6.137353	-6.632326	-10.096672
34064	5.973948	-6.414381	-10.227576
34065	5.832940	-6.241156	-10.261765
34066	5.699491	-6.116567	-10.234398
34067	5.550715	-6.007959	-10.164019
34068	5.380006	-5.877107	-10.097804
34069	5.191021	-5.710714	-10.060589
34070	4.983925	-5.507040	-10.047668
34071	4.767776	-5.279158	-10.049509
34072	4.544275	-5.036204	-10.049936
34073	4.326802	-4.784035	-10.053057
34074	4.115439	-4.551564	-10.050301
34075	3.907851	-4.349908	-10.027857
34076	3.717764	-4.173808	-9.992364
34077	3.562224	-4.004235	-9.969735
34078	3.434675	-3.838162	-9.969918
34079	3.322753	-3.681247	-9.983923
34080	3.216517	-3.534283	-9.994959
34081	3.120024	-3.411436	-9.994620
34082	3.020088	-3.311793	-9.999023
34083	2.937462	-3.234194	-9.998409
34084	2.874225	-3.171220	-10.007045
34085	2.816395	-3.119528	-10.063205
34086	2.772612	-3.080830	-10.157212
34087	2.744678	-3.068061	-10.253738
34088	2.724501	-3.092753	-10.332412
34089	2.711170	-3.147977	-10.393439
34090	2.715262	-3.204341	-10.443144
34091	2.724505	-3.252364	-10.493514
34092	2.729701	-3.286311	-10.567042
34093	2.724185	-3.316675	-10.664549
34094	2.711310	-3.348434	-10.781473
34095	2.696633	-3.388011	-10.903030
34096	2.687453	-3.434365	-10.997917
34097	2.670452	-3.472611	-11.074233
34098	2.647925	-3.497271	-11.139439
34099	2.623257	-3.504624	-11.187226
34100	2.592733	-3.504660	-11.206628
34101	2.553198	-3.506414	-11.198909
34102	2.511822	-3.505755	-11.167152
34103	2.470080	-3.501272	-11.113626
34104	2.425310	-3.494737	-11.037872
34105	2.387682	-3.484801	-10.955304
34106	2.350929	-3.475829	-10.863990
34107	2.315432	-3.470726	-10.773872
34108	2.276472	-3.465788	-10.701934
34109	2.237870	-3.456466	-10.658287
34110	2.194395	-3.445596	-10.651476
34111	2.150705	-3.434526	-10.675925
34112	2.104700	-3.431229	-10.713207
34113	2.070920	-3.432243	-10.749143
34114	2.041496	-3.433011	-10.778734
34115	2.010779	-3.437159	-10.804569
34116	1.978265	-3.444553	-10.834892
34117	1.947977	-3.453292	-10.860791
34118	1.926320	-3.466890	-10.881133
34119	1.908721	-3.485553	-10.894096
34120	1.888320	-3.518909	-10.888429
34121	1.869026	-3.560673	-10.864560
34122	1.854245	-3.597114	-10.824093
34123	1.850537	-3.619437	-10.769538
34124	1.853531	-3.631859	-10.705413
34125	1.856699	-3.643869	-10.639504
34126	1.851254	-3.663265	-10.570745
34127	1.834427	-3.685969	-10.505690
34128	1.812804	-3.708640	-10.442094
34129	1.791000	-3.731151	-10.377968
34130	1.775707	-3.748927	-10.306816
34131	1.762782	-3.757884	-10.235045
34132	1.752276	-3.763846	-10.171733
34133	1.739034	-3.767089	-10.119801
34134	1.719956	-3.770722	-10.075455
34135	1.703454	-3.775162	-10.033038
34136	1.693157	-3.773286	-9.993914
34137	1.685557	-3.775563	-9.948492
34138	1.679072	-3.783335	-9.902083
34139	1.675812	-3.788514	-9.865497
34140	1.671087	-3.786511	-9.843922
34141	1.666760	-3.785181	-9.828892
34142	1.661156	-3.786822	-9.808313
34143	1.646545	-3.801789	-9.786982
34144	1.621571	-3.819644	-9.772117
34145	1.604548	-3.827358	-9.757954
34146	1.591445	-3.820906	-9.747743
34147	1.588706	-3.803419	-9.734582
34148	1.581360	-3.791040	-9.713025
34149	1.571531	-3.786843	-9.685510
34150	1.563906	-3.782856	-9.653856
34151	1.558923	-3.780701	-9.619656
34152	1.551674	-3.777557	-9.574540
34153	1.539723	-3.777705	-9.526764
34154	1.531493	-3.779359	-9.491312
34155	1.524556	-3.771011	-9.463850
34156	1.517277	-3.760943	-9.438751
34157	1.506436	-3.749997	-9.419699
34158	1.493551	-3.737551	-9.411785
34159	1.487058	-3.717856	-9.412417
34160	1.480176	-3.701418	-9.412258
34161	1.473184	-3.692029	-9.417924
34162	1.460066	-3.678248	-9.422389
34163	1.453470	-3.665562	-9.424023
34164	1.447258	-3.651032	-9.430843
34165	1.439723	-3.633925	-9.437158
34166	1.430224	-3.616684	-9.439829
34167	1.423847	-3.598015	-9.435845
34168	1.420052	-3.578943	-9.428719
34169	1.415817	-3.563849	-9.420558
34170	1.407612	-3.555733	-9.418725
34171	1.400619	-3.554488	-9.413080
34172	1.396949	-3.547200	-9.404647
34173	1.402382	-3.527951	-9.402112
34174	1.409908	-3.503421	-9.411861
34175	1.419479	-3.481570	-9.426897
34176	1.421573	-3.466536	-9.444725
34177	1.419638	-3.458150	-9.460190
34178	1.421329	-3.457537	-9.472787
34179	1.419627	-3.456822	-9.483432
34180	1.421971	-3.454970	-9.487892
34181	1.429938	-3.445748	-9.500544
34182	1.437579	-3.431678	-9.523608
34183	1.440572	-3.418437	-9.552163
34184	1.438025	-3.411090	-9.575876
34185	1.432746	-3.408341	-9.596813
34186	1.421040	-3.403639	-9.625049
34187	1.414374	-3.394462	-9.655688
34188	1.410223	-3.380052	-9.681853
34189	1.403431	-3.368829	-9.700894
34190	1.393396	-3.361016	-9.713230
34191	1.385115	-3.350608	-9.727593
34192	1.380828	-3.344496	-9.742803
34193	1.377518	-3.333974	-9.750755
34194	1.372366	-3.326562	-9.754576
34195	1.372209	-3.321005	-9.750877
34196	1.369408	-3.318850	-9.748779
34197	1.364692	-3.319286	-9.752367
34198	1.358962	-3.319538	-9.759534
34199	1.348994	-3.320407	-9.770757
34200	1.340057	-3.325791	-9.785317
34201	1.335950	-3.330558	-9.808554
34202	1.328642	-3.332324	-9.838003
34203	1.322304	-3.331601	-9.874605
34204	1.316732	-3.326798	-9.913092
34205	1.308496	-3.325253	-9.955437
34206	1.300184	-3.323897	-9.998534
34207	1.292706	-3.324089	-10.034614
34208	1.282999	-3.326713	-10.054878
34209	1.274915	-3.327400	-10.072621
34210	1.261144	-3.330279	-10.088171
34211	1.246527	-3.330586	-10.106850
34212	1.230836	-3.335604	-10.126011
34213	1.217281	-3.337692	-10.142603
34214	1.197509	-3.340368	-10.158232
34215	1.175784	-3.340465	-10.182581
34216	1.150788	-3.339188	-10.214694
34217	1.122490	-3.341850	-10.250463
34218	1.084342	-3.346448	-10.292821
34219	1.047594	-3.350435	-10.348031
34220	1.014239	-3.347408	-10.407543
34221	0.980214	-3.340601	-10.470673
34222	0.944828	-3.333386	-10.540944
34223	0.907376	-3.325364	-10.604322
34224	0.877114	-3.326552	-10.641056
34225	0.845783	-3.338217	-10.653052
34226	0.822670	-3.352758	-10.648078
34227	0.802298	-3.369008	-10.629142
34228	0.781183	-3.385616	-10.598391
34229	0.762510	-3.401905	-10.555253
34230	0.738969	-3.420518	-10.510221
34231	0.721096	-3.439345	-10.463885
34232	0.698935	-3.458952	-10.405195
34233	0.681503	-3.480782	-10.341502
34234	0.659510	-3.497859	-10.282308
34235	0.640218	-3.505194	-10.231236
34236	0.616745	-3.509275	-10.185148
34237	0.589587	-3.512921	-10.147479
34238	0.559024	-3.522219	-10.116071
34239	0.520006	-3.540453	-10.086567
34240	0.476506	-3.566232	-10.058413
34241	0.431530	-3.605040	-10.024430
34242	0.374310	-3.673698	-9.966023
34243	0.303640	-3.793638	-9.882359
34244	0.233760	-3.963130	-9.798169
34245	0.199651	-4.170530	-9.708239
34246	0.192367	-4.424936	-9.573371
34247	0.206862	-4.730661	-9.387855
34248	0.250988	-5.087058	-9.149460
34249	0.328869	-5.509515	-8.883125
34250	0.441714	-5.989729	-8.610631
34251	0.588273	-6.560921	-8.326293
34252	0.748315	-7.260125	-8.041321
34253	0.950479	-8.068086	-7.773348
34254	1.226029	-8.940490	-7.514940
34255	1.495883	-9.924435	-7.140786
34256	1.781032	-11.103582	-6.711717
34257	2.163079	-12.405204	-6.389668
34258	2.629887	-13.797168	-6.240762
34259	3.160274	-15.274857	-6.265606
34260	3.706354	-16.776027	-6.428615
34261	4.125926	-18.372201	-6.551734
34262	4.405597	-20.123731	-6.541461
34263	4.583792	-22.005475	-6.468316
34264	4.748767	-23.922141	-6.374897
34265	4.962981	-25.879726	-6.296069
34266	5.173235	-27.849568	-6.180793
34267	5.369762	-29.765114	-5.921561
34268	5.624209	-31.573974	-5.614327
34269	5.988996	-33.254000	-5.459814
34270	6.505339	-34.768563	-5.651395
34271	7.141307	-36.142214	-6.133519
34272	7.797712	-37.444220	-6.585258
34273	8.365963	-38.730307	-6.724708
34274	8.802336	-40.031099	-6.525250
34275	9.201798	-41.270315	-6.254395
34276	9.738168	-42.406867	-6.195041
34277	10.465359	-43.474004	-6.418715
34278	11.279699	-44.541738	-6.767428
34279	12.062083	-45.618811	-7.093649
34280	12.797170	-46.658924	-7.424598
34281	13.543066	-47.628806	-7.810683
34282	14.259832	-48.533482	-8.167768
34283	14.873552	-49.408569	-8.386225
34284	15.362448	-50.268741	-8.458765
34285	15.769958	-51.093964	-8.442790
34286	16.154592	-51.883276	-8.406440
34287	16.538517	-52.624880	-8.397098
34288	16.946974	-53.299295	-8.445504
34289	17.361580	-53.898440	-8.554851
34290	17.783779	-54.416847	-8.737270
34291	18.208007	-54.872412	-8.957286
34292	18.618560	-55.280814	-9.191950
34293	19.015433	-55.626387	-9.429504
34294	19.415513	-55.891886	-9.684648
34295	19.793452	-56.086152	-9.922672
34296	20.156120	-56.207871	-10.123576
34297	20.481634	-56.266946	-10.263195
34298	20.775189	-56.254941	-10.336871
34299	21.052443	-56.149393	-10.346816
34300	21.304341	-55.969507	-10.278560
34301	21.563630	-55.740606	-10.202444
34302	21.818181	-55.496579	-10.182351
34303	22.026885	-55.252345	-10.185943
34304	22.217227	-54.978830	-10.209587
34305	22.427445	-54.637785	-10.257398
34306	22.637566	-54.248422	-10.272481
34307	22.789263	-53.859861	-10.216952
34308	22.862609	-53.496107	-10.073726
34309	22.857351	-53.148764	-9.817110
34310	22.789694	-52.822705	-9.463258
34311	22.676392	-52.508643	-9.018726
34312	22.559410	-52.200840	-8.551896
34313	22.448072	-51.903420	-8.109269
34314	22.311116	-51.619348	-7.683510
34315	22.101871	-51.405380	-7.209781
34316	21.857040	-51.327850	-6.746641
34317	21.725841	-51.299438	-6.444051
34318	21.885352	-51.120311	-6.376476
34319	22.261675	-50.830443	-6.456296
34320	22.736003	-50.535863	-6.620034
34321	23.227652	-50.268579	-6.828640
34322	23.657906	-50.050968	-7.014651
34323	23.980504	-49.865601	-7.140004
34324	24.108401	-49.728477	-7.150895
34325	24.130208	-49.576662	-7.146708
34326	24.159573	-49.351328	-7.211287
34327	24.189519	-49.086723	-7.311677
34328	24.225674	-48.804617	-7.376366
34329	24.273343	-48.511583	-7.398678
34330	24.335328	-48.226503	-7.416178
34331	24.419532	-47.920060	-7.388979
34332	24.472408	-47.625427	-7.219008
34333	24.387206	-47.400945	-6.866656
34334	24.212544	-47.212593	-6.529542
34335	24.129266	-46.927591	-6.397747
34336	24.104512	-46.559971	-6.437284
34337	24.067601	-46.176338	-6.489951
34338	23.943570	-45.807171	-6.614282
34339	23.946889	-45.247111	-6.957035
34340	23.911811	-44.637363	-7.378528
34341	23.831371	-43.993475	-7.855216
34342	23.908729	-43.182909	-8.556186
34343	23.892028	-42.470654	-9.222802
34344	23.818167	-41.758574	-9.784036
34345	23.691529	-41.058468	-10.244768
34346	23.505079	-40.336980	-10.537325
34347	23.267910	-39.568412	-10.744796
34348	22.925239	-38.841739	-10.771002
34349	22.549557	-38.127755	-10.693779
34350	22.126626	-37.459333	-10.521570
34351	21.630347	-36.859758	-10.202775
34352	21.138025	-36.222229	-9.847069
34353	20.652505	-35.569034	-9.471863
34354	20.210832	-34.865686	-9.130921
34355	19.845370	-34.128011	-8.874521
34356	19.583699	-33.331178	-8.743602
34357	19.410785	-32.493270	-8.733591
34358	19.290384	-31.630713	-8.780535
34359	19.218577	-30.747367	-8.879362
34360	19.155044	-29.845915	-8.988132
34361	19.088916	-28.929064	-9.108240
34362	19.017619	-28.010651	-9.234270
34363	18.944041	-27.099360	-9.351046
34364	18.876053	-26.198595	-9.477533
34365	18.782156	-25.332150	-9.577778
34366	18.653013	-24.514679	-9.620658
34367	18.496938	-23.740590	-9.614478
34368	18.313528	-22.998649	-9.577814
34369	18.084710	-22.294894	-9.514927
34370	17.814876	-21.614708	-9.447895
34371	17.523764	-20.966993	-9.383485
34372	17.224845	-20.328484	-9.319815
34373	16.942479	-19.684643	-9.321474
34374	16.656718	-19.041836	-9.374693
34375	16.374292	-18.366860	-9.471659
34376	16.096679	-17.688457	-9.607771
34377	15.803208	-17.027895	-9.717231
34378	15.520898	-16.368236	-9.830182
34379	15.236886	-15.732213	-9.905800
34380	14.933368	-15.126558	-9.932661
34381	14.627291	-14.531539	-9.936392
34382	14.307752	-13.949956	-9.898706
34383	13.977722	-13.398833	-9.812068
34384	13.634134	-12.842108	-9.739810
34385	13.307932	-12.282351	-9.661217
34386	12.991192	-11.738323	-9.583051
34387	12.670993	-11.233062	-9.493742
34388	12.353620	-10.758867	-9.405716
34389	12.043552	-10.322988	-9.309639
34390	11.740521	-9.890847	-9.239163
34391	11.457337	-9.448644	-9.180674
34392	11.188684	-8.999381	-9.157040
34393	10.929808	-8.543766	-9.131299
34394	10.666431	-8.078124	-9.098846
34395	10.402406	-7.647687	-9.084646
34396	10.164714	-7.218685	-9.086540
34397	9.919147	-6.829579	-9.085075
34398	9.646806	-6.495240	-9.062699
34399	9.368220	-6.203030	-9.000963
34400	9.103859	-5.937340	-8.930225
34401	8.853864	-5.697224	-8.892516
34402	8.627112	-5.481059	-8.866228
34403	8.427466	-5.266848	-8.842643
34404	8.237433	-5.043758	-8.871608
34405	8.041734	-4.839331	-8.952918
34406	7.847489	-4.619785	-9.079007
34407	7.660235	-4.371934	-9.273509
34408	7.477076	-4.096755	-9.555063
34409	7.270220	-3.814558	-9.897399
34410	7.053008	-3.525778	-10.271952
34411	6.840660	-3.220302	-10.702647
34412	6.606932	-2.906033	-11.140053
34413	6.372015	-2.563661	-11.553713
34414	6.161003	-2.179196	-11.951504
34415	5.961866	-1.814599	-12.308020
34416	5.750263	-1.544281	-12.576259
34417	5.547284	-1.358302	-12.723462
34418	5.381243	-1.214509	-12.784678
34419	5.228603	-1.094023	-12.815776
34420	5.088433	-0.989005	-12.835370
34421	4.983047	-0.882536	-12.795236
34422	4.914749	-0.761916	-12.736532
34423	4.846680	-0.654730	-12.713665
34424	4.781421	-0.546840	-12.724392
34425	4.706527	-0.461999	-12.756527
34426	4.621345	-0.401763	-12.806961
34427	4.549468	-0.362785	-12.848565
34428	4.503459	-0.334552	-12.867907
34429	4.473363	-0.314717	-12.886931
34430	4.447807	-0.305777	-12.906443
34431	4.407527	-0.319186	-12.928892
34432	4.357481	-0.335793	-12.956875
34433	4.308563	-0.338574	-13.004905
34434	4.246937	-0.337232	-13.064662
34435	4.175843	-0.324504	-13.127386
34436	4.092647	-0.297534	-13.203878
34437	4.002954	-0.253930	-13.295180
34438	3.897281	-0.205382	-13.395109
34439	3.789455	-0.159286	-13.493624
34440	3.686032	-0.116053	-13.577407
34441	3.589348	-0.070003	-13.640478
34442	3.499704	-0.030507	-13.677823
34443	3.421325	0.003286	-13.689140
34444	3.356189	0.042387	-13.685300
34445	3.294041	0.070538	-13.675293
34446	3.241102	0.085774	-13.664275
34447	3.195743	0.081014	-13.647093
34448	3.163781	0.065468	-13.623141
34449	3.148004	0.041794	-13.602909
34450	3.140503	0.015914	-13.585969
34451	3.125085	-0.011283	-13.583419
34452	3.104851	-0.040372	-13.599589
34453	3.083597	-0.074578	-13.626005
34454	3.055527	-0.107554	-13.667579
34455	3.023133	-0.132168	-13.726748
34456	2.984956	-0.153138	-13.787569
34457	2.940596	-0.172969	-13.852243
34458	2.892020	-0.186168	-13.923343
34459	2.839041	-0.188438	-14.005056
34460	2.771730	-0.188981	-14.085291
34461	2.703102	-0.190563	-14.151611
34462	2.625827	-0.202910	-14.189034
34463	2.554601	-0.213248	-14.194945
34464	2.496514	-0.217460	-14.171606
34465	2.445137	-0.214943	-14.123503
34466	2.393898	-0.206399	-14.062539
34467	2.343528	-0.198178	-13.992847
34468	2.292394	-0.190761	-13.919782
34469	2.235634	-0.191855	-13.846549
34470	2.182959	-0.194231	-13.766546
34471	2.133491	-0.191948	-13.686731
34472	2.079633	-0.185564	-13.614370
34473	2.024887	-0.180660	-13.566838
34474	1.968077	-0.170862	-13.535999
34475	1.915107	-0.168970	-13.519471
34476	1.865685	-0.164752	-13.515430
34477	1.820887	-0.162010	-13.517455
34478	1.779873	-0.162534	-13.520161
34479	1.737745	-0.172356	-13.523893
34480	1.694488	-0.186206	-13.532588
34481	1.662042	-0.202511	-13.537460
34482	1.633939	-0.214334	-13.541811
34483	1.613358	-0.228501	-13.543323
34484	1.594196	-0.250506	-13.547362
34485	1.573896	-0.283213	-13.553418
34486	1.557896	-0.318695	-13.555220
34487	1.549541	-0.350565	-13.558749
34488	1.542964	-0.375918	-13.566912
34489	1.538979	-0.403294	-13.572540
34490	1.532887	-0.433113	-13.575613
34491	1.526841	-0.467122	-13.578334
34492	1.519779	-0.501668	-13.584537
34493	1.516206	-0.535716	-13.586668
34494	1.507337	-0.570022	-13.583444
34495	1.493327	-0.604691	-13.582716
34496	1.473616	-0.635760	-13.583536
34497	1.455325	-0.660695	-13.583934
34498	1.437991	-0.678035	-13.588617
34499	1.417679	-0.688757	-13.596964
34500	1.398857	-0.697999	-13.607468
34501	1.381371	-0.710697	-13.610311
34502	1.362318	-0.725951	-13.607856
34503	1.342494	-0.747008	-13.602221
34504	1.322658	-0.765253	-13.591160
34505	1.310614	-0.787259	-13.566966
34506	1.297632	-0.807301	-13.536611
34507	1.287206	-0.826962	-13.507297
34508	1.276718	-0.844284	-13.487375
34509	1.264429	-0.863324	-13.480193
34510	1.246049	-0.888444	-13.478734
34511	1.224547	-0.916204	-13.474209
34512	1.207241	-0.938283	-13.469200
34513	1.189828	-0.955249	-13.475646
34514	1.166487	-0.966344	-13.495294
34515	1.139658	-0.982964	-13.526790
34516	1.113267	-0.996013	-13.564834
34517	1.088576	-1.004650	-13.606022
34518	1.060504	-1.014996	-13.646875
34519	1.029989	-1.028099	-13.685841
34520	0.998712	-1.044628	-13.719744
34521	0.972326	-1.065827	-13.751345
34522	0.944298	-1.089477	-13.766605
34523	0.917250	-1.112157	-13.772088
34524	0.885053	-1.136980	-13.779341
34525	0.850503	-1.164696	-13.789102
34526	0.813284	-1.194561	-13.799986
34527	0.775729	-1.234976	-13.813031
34528	0.738578	-1.278122	-13.821662
34529	0.707126	-1.321784	-13.821218
34530	0.678107	-1.367314	-13.817122
34531	0.653067	-1.419757	-13.815271
34532	0.625374	-1.477262	-13.809601
34533	0.597848	-1.540179	-13.798898
34534	0.569232	-1.605588	-13.786998
34535	0.539765	-1.676342	-13.785095
34536	0.506588	-1.751346	-13.788037
34537	0.476477	-1.833838	-13.796744
34538	0.440377	-1.922820	-13.804482
34539	0.400800	-2.021931	-13.808018
34540	0.350492	-2.146305	-13.804044
34541	0.292596	-2.293655	-13.792071
34542	0.227836	-2.464801	-13.772759
34543	0.134121	-2.689857	-13.739731
34544	0.024907	-2.997102	-13.699803
34545	-0.067951	-3.362305	-13.648730
34546	-0.146234	-3.795052	-13.549117
34547	-0.230902	-4.363453	-13.374147
34548	-0.314124	-5.106506	-13.073124
34549	-0.385615	-6.066127	-12.616998
34550	-0.423399	-7.317651	-11.939700
34551	-0.323175	-8.790855	-11.064052
34552	0.005899	-10.319870	-10.057905
34553	0.463175	-11.846898	-8.869688
34554	0.952148	-13.416870	-7.591297
34555	1.338930	-15.028695	-6.289732
34556	1.616330	-16.818652	-5.150926
34557	1.815955	-18.740590	-4.365572
34558	2.036691	-20.667648	-4.003185
34559	2.189445	-22.576949	-3.821241
34560	2.334808	-24.478637	-3.655261
34561	2.562155	-26.322097	-3.546577
34562	2.872151	-28.115564	-3.525283
34563	3.264116	-29.862644	-3.577958
34564	3.760175	-31.528095	-3.731132
34565	4.391031	-33.056725	-4.136611
34566	5.180211	-34.456859	-4.841712
34567	6.053865	-35.775679	-5.633494
34568	6.866600	-37.112577	-6.169300
34569	7.509518	-38.511760	-6.330949
34570	8.057664	-39.908455	-6.341518
34571	8.576036	-41.228920	-6.336546
34572	9.062773	-42.492998	-6.317148
34573	9.540573	-43.714305	-6.294786
34574	10.042287	-44.916292	-6.260376
34575	10.548522	-46.102983	-6.207822
34576	11.072213	-47.246410	-6.177216
34577	11.592261	-48.337792	-6.138209
34578	12.072273	-49.383840	-6.053512
34579	12.486433	-50.388820	-5.896939
34580	12.853602	-51.333311	-5.709077
34581	13.225761	-52.206082	-5.580096
34582	13.656833	-52.990294	-5.566483
34583	14.149557	-53.682637	-5.666189
34584	14.727290	-54.295318	-5.905765
34585	15.371375	-54.829195	-6.252970
34586	16.056540	-55.297930	-6.675171
34587	16.777149	-55.683689	-7.170929
34588	17.523759	-55.968944	-7.725470
34589	18.261356	-56.159692	-8.293779
34590	18.971935	-56.257947	-8.840147
34591	19.624976	-56.282852	-9.330145
34592	20.180294	-56.242775	-9.705186
34593	20.593449	-56.170561	-9.907049
34594	20.908319	-56.044252	-9.953454
34595	21.229364	-55.820460	-9.943522
34596	21.540942	-55.525501	-9.903950
34597	21.766814	-55.216254	-9.802111
34598	21.881165	-54.911255	-9.592808
34599	21.921318	-54.585936	-9.273510
34600	21.930716	-54.224103	-8.882084
34601	21.978829	-53.771768	-8.481564
34602	22.128251	-53.199243	-8.174577
34603	22.342032	-52.556203	-7.978013
34604	22.569484	-51.908630	-7.853118
34605	22.762479	-51.296934	-7.771756
34606	22.844326	-50.753165	-7.634529
34607	22.725968	-50.411615	-7.326728
34608	22.452058	-50.366985	-6.919145
34609	22.347351	-50.340685	-6.644519
34610	22.517000	-50.100504	-6.441829
34611	22.836918	-49.826678	-6.198026
34612	23.330563	-49.577908	-6.081710
34613	23.870102	-49.316103	-6.156260
34614	24.150705	-49.142200	-6.226907
34615	24.182529	-49.044371	-6.244471
34616	24.162713	-48.865343	-6.314876
34617	24.076567	-48.585750	-6.268060
34618	23.864526	-48.324243	-6.032329
34619	23.614079	-48.082385	-5.741157
34620	23.402235	-47.829554	-5.441616
34621	23.190762	-47.622717	-5.022820
34622	22.921826	-47.438860	-4.439228
34623	22.798108	-47.117728	-4.035207
34624	22.926355	-46.609333	-4.165016
34625	23.183519	-46.040421	-4.585519
34626	23.292610	-45.611051	-4.886049
34627	23.277160	-45.171374	-5.227085
34628	23.364873	-44.575127	-5.896790
34629	23.354080	-44.009806	-6.506760
34630	23.300947	-43.351157	-7.020720
34631	23.242312	-42.662362	-7.601844
34632	23.196050	-41.919483	-8.203652
34633	23.086470	-41.178290	-8.725227
34634	22.836251	-40.516453	-9.050477
34635	22.538780	-39.855522	-9.203991
34636	22.188353	-39.202810	-9.171167
34637	21.846954	-38.500669	-9.068011
34638	21.462017	-37.821919	-8.843041
34639	21.032317	-37.191143	-8.486598
34640	20.559407	-36.584276	-8.046676
34641	20.099930	-35.955174	-7.577510
34642	19.684041	-35.271488	-7.148805
34643	19.310665	-34.552708	-6.783134
34644	19.006120	-33.787120	-6.516389
34645	18.770886	-32.981436	-6.336301
34646	18.594142	-32.155367	-6.240319
34647	18.480505	-31.313579	-6.221978
34648	18.426554	-30.449214	-6.280035
34649	18.405671	-29.575677	-6.345514
34650	18.405463	-28.664858	-6.440207
34651	18.397119	-27.756489	-6.499372
34652	18.362164	-26.864430	-6.511453
34653	18.320243	-25.993851	-6.495581
34654	18.249108	-25.175277	-6.460029
34655	18.153049	-24.392928	-6.402817
34656	18.013543	-23.649360	-6.337692
34657	17.849084	-22.915448	-6.279456
34658	17.647761	-22.223733	-6.200202
34659	17.423870	-21.552796	-6.132523
34660	17.175697	-20.894996	-6.065285
34661	16.897600	-20.252954	-6.015009
34662	16.635936	-19.597359	-6.024782
34663	16.368924	-18.946408	-6.072249
34664	16.111956	-18.283735	-6.162132
34665	15.860167	-17.638110	-6.250656
34666	15.586263	-17.011547	-6.322094
34667	15.314307	-16.381658	-6.407589
34668	15.048063	-15.752535	-6.476194
34669	14.781651	-15.152090	-6.523291
34670	14.501491	-14.567220	-6.563672
34671	14.229203	-14.006127	-6.575926
34672	13.932129	-13.456719	-6.589192
34673	13.624355	-12.900680	-6.630465
34674	13.307679	-12.351533	-6.680391
34675	12.996127	-11.801294	-6.721349
34676	12.675414	-11.265696	-6.767098
34677	12.353323	-10.746301	-6.797240
34678	12.025711	-10.245170	-6.830785
34679	11.719946	-9.763292	-6.863867
34680	11.419803	-9.310644	-6.884297
34681	11.136591	-8.886805	-6.851333
34682	10.856978	-8.535005	-6.751949
34683	10.565926	-8.201542	-6.671602
34684	10.295606	-7.879396	-6.629398
34685	10.045555	-7.559804	-6.608997
34686	9.794815	-7.254046	-6.596343
34687	9.548860	-6.951732	-6.633164
34688	9.311371	-6.646227	-6.715796
34689	9.079605	-6.353183	-6.803520
34690	8.846547	-6.061967	-6.880096
34691	8.611260	-5.779675	-6.970256
34692	8.378783	-5.469954	-7.110954
34693	8.142054	-5.144985	-7.261553
34694	7.892183	-4.813095	-7.410773
34695	7.636898	-4.483352	-7.575277
34696	7.365747	-4.163378	-7.760249
34697	7.103735	-3.858359	-7.937424
34698	6.848869	-3.566403	-8.070461
34699	6.606519	-3.278914	-8.174993
34700	6.368400	-2.998546	-8.264280
34701	6.136355	-2.726996	-8.322044
34702	5.922661	-2.445531	-8.375096
34703	5.720901	-2.134453	-8.454738
34704	5.537461	-1.808091	-8.552044
34705	5.366408	-1.514354	-8.627409
34706	5.208305	-1.248907	-8.689191
34707	5.074287	-0.974974	-8.749587
34708	4.944545	-0.701130	-8.797331
34709	4.799716	-0.436127	-8.844441
34710	4.636977	-0.170720	-8.945625
34711	4.458891	0.115415	-9.119883
34712	4.256180	0.412248	-9.348803
34713	4.029167	0.709537	-9.607648
34714	3.783030	0.998174	-9.887803
34715	3.524406	1.278666	-10.192034
34716	3.269279	1.541063	-10.521129
34717	3.040657	1.783694	-10.847751
34718	2.855602	1.996012	-11.117910
34719	2.697192	2.160798	-11.337705
34720	2.559028	2.283251	-11.520372
34721	2.451506	2.368702	-11.652186
34722	2.368140	2.427395	-11.731480
34723	2.301600	2.459792	-11.773046
34724	2.245833	2.476718	-11.783890
34725	2.199843	2.477203	-11.772935
34726	2.153897	2.466845	-11.760919
34727	2.103854	2.444500	-11.754525
34728	2.056634	2.419157	-11.757082
34729	2.006944	2.379394	-11.761567
34730	1.965874	2.329696	-11.748374
34731	1.971263	2.315882	-11.718518
34732	1.993731	2.319108	-11.700504
34733	1.982391	2.303589	-11.729253
34734	1.942405	2.277979	-11.796306
34735	1.899942	2.257763	-11.879331
34736	1.855450	2.245687	-11.957109
34737	1.801282	2.231194	-12.033180
34738	1.729470	2.219628	-12.109803
34739	1.642688	2.201840	-12.180286
34740	1.546061	2.177586	-12.234640
34741	1.445021	2.147103	-12.270088
34742	1.348827	2.111391	-12.279238
34743	1.273803	2.080235	-12.251095
34744	1.229395	2.061322	-12.189992
34745	1.210196	2.052645	-12.101581
34746	1.194006	2.048373	-12.013409
34747	1.172726	2.043575	-11.944323
34748	1.138139	2.039476	-11.892707
34749	1.096205	2.032347	-11.849542
34750	1.051940	2.027557	-11.813207
34751	1.005787	2.024192	-11.786537
34752	0.957651	2.020905	-11.767147
34753	0.908889	2.017595	-11.754157
34754	0.860594	2.015534	-11.746922
34755	0.817483	2.012898	-11.741928
34756	0.780605	2.013457	-11.736833
34757	0.750827	2.015658	-11.728696
34758	0.726892	2.015422	-11.713316
34759	0.706772	2.012036	-11.694217
34760	0.684280	2.010156	-11.667844
34761	0.666744	2.007743	-11.639558
34762	0.652901	2.005788	-11.601733
34763	0.637088	2.003769	-11.562614
34764	0.617508	2.001661	-11.514753
34765	0.597429	1.997539	-11.464265
34766	0.576190	1.992141	-11.417079
34767	0.554534	1.985356	-11.373693
34768	0.530658	1.978036	-11.331232
34769	0.508111	1.969914	-11.289306
34770	0.492204	1.962645	-11.247703
34771	0.479836	1.954275	-11.211506
34772	0.470299	1.949561	-11.178769
34773	0.467142	1.943908	-11.149507
34774	0.464708	1.940230	-11.127020
34775	0.461286	1.933293	-11.111718
34776	0.453082	1.928711	-11.103888
34777	0.444299	1.918087	-11.101389
34778	0.429836	1.910482	-11.103921
34779	0.415187	1.900947	-11.107883
34780	0.397561	1.891083	-11.107882
34781	0.381379	1.878375	-11.099423
34782	0.368610	1.867053	-11.081762
34783	0.362417	1.857868	-11.055053
34784	0.363019	1.854115	-11.027206
34785	0.365623	1.852675	-10.995697
34786	0.364447	1.849592	-10.965940
34787	0.366089	1.847312	-10.938193
34788	0.363590	1.843595	-10.915740
34789	0.359253	1.840893	-10.900737
34790	0.352303	1.837897	-10.890138
34791	0.345059	1.835254	-10.884730
34792	0.339760	1.832716	-10.880533
34793	0.335134	1.827482	-10.880368
34794	0.332294	1.827023	-10.879202
34795	0.326991	1.824284	-10.882114
34796	0.323961	1.821886	-10.884989
34797	0.321952	1.819641	-10.888912
34798	0.318604	1.818751	-10.894410
34799	0.312037	1.818712	-10.899772
34800	0.306082	1.814222	-10.899018
34801	0.301495	1.812788	-10.896271
34802	0.291994	1.812597	-10.892305
34803	0.286132	1.813074	-10.877857
34804	0.282474	1.814585	-10.856009
34805	0.281962	1.816184	-10.830456
34806	0.282229	1.818909	-10.801880
34807	0.283651	1.818340	-10.771348
34808	0.280005	1.818795	-10.745064
34809	0.278380	1.819016	-10.716819
34810	0.273593	1.822933	-10.689793
34811	0.267039	1.824336	-10.667386
34812	0.260444	1.826002	-10.645587
34813	0.254510	1.828458	-10.622938
34814	0.250874	1.831143	-10.600311
34815	0.246736	1.834232	-10.578674
34816	0.244908	1.835851	-10.555592
34817	0.240049	1.833331	-10.539915
34818	0.237609	1.830126	-10.519569
34819	0.236126	1.825799	-10.501189
34820	0.237000	1.823504	-10.484122
34821	0.240055	1.819991	-10.464856
34822	0.244454	1.816764	-10.446183
34823	0.249532	1.812136	-10.430683
34824	0.250522	1.807815	-10.421836
34825	0.250252	1.803375	-10.416598
34826	0.252290	1.795344	-10.413900
34827	0.252132	1.788929	-10.416849
34828	0.252458	1.784276	-10.422549
34829	0.252271	1.779641	-10.426921
34830	0.253292	1.773945	-10.428493
34831	0.255815	1.766961	-10.432690
34832	0.258917	1.762680	-10.436283
34833	0.260215	1.756632	-10.441512
34834	0.264480	1.748851	-10.445859
34835	0.267235	1.743171	-10.453368
34836	0.269634	1.737060	-10.460403
34837	0.272371	1.730116	-10.468776
34838	0.272631	1.722294	-10.479209
34839	0.273519	1.713967	-10.489712
34840	0.275317	1.708503	-10.498449
34841	0.275966	1.701918	-10.506201
34842	0.281972	1.694214	-10.514519
34843	0.287985	1.686496	-10.524768
34844	0.292707	1.679335	-10.539644
34845	0.297110	1.671538	-10.555334
34846	0.299782	1.663254	-10.575082
34847	0.304718	1.654502	-10.594547
34848	0.307621	1.648074	-10.615301
34849	0.311608	1.639778	-10.637682
34850	0.314368	1.630417	-10.657984
34851	0.317804	1.620548	-10.678315
34852	0.320208	1.611699	-10.696836
34853	0.325794	1.605266	-10.715197
34854	0.332597	1.599488	-10.732159
34855	0.338795	1.594113	-10.750282
34856	0.345339	1.586979	-10.764027
34857	0.353666	1.579470	-10.781352
34858	0.355391	1.573061	-10.798543
34859	0.360768	1.566593	-10.812732
34860	0.365948	1.560502	-10.827621
34861	0.372204	1.554614	-10.843459
34862	0.377015	1.549627	-10.857438
34863	0.383005	1.544218	-10.871391
34864	0.387784	1.535693	-10.882148
34865	0.398754	1.526784	-10.886561
34866	0.406352	1.522261	-10.888180
34867	0.416509	1.514782	-10.886936
34868	0.425485	1.507995	-10.884953
34869	0.433224	1.500600	-10.884349
34870	0.439270	1.493835	-10.884341
34871	0.444580	1.485260	-10.885242
34872	0.447752	1.480873	-10.888880
34873	0.453336	1.471823	-10.891669
34874	0.455280	1.466108	-10.892687
34875	0.461833	1.459126	-10.890833
34876	0.470685	1.453225	-10.889068
34877	0.480544	1.448001	-10.887360
34878	0.486923	1.443353	-10.885589
34879	0.493523	1.437111	-10.880591
34880	0.497006	1.433995	-10.877834
34881	0.502682	1.426428	-10.874335
34882	0.504472	1.423016	-10.869981
34883	0.507764	1.419322	-10.864522
34884	0.510749	1.415987	-10.858647
34885	0.514646	1.413347	-10.852948
34886	0.517129	1.413477	-10.847921
34887	0.519818	1.413033	-10.842383
34888	0.522620	1.410026	-10.831387
34889	0.528425	1.407714	-10.818990
34890	0.529299	1.407961	-10.804543
34891	0.533957	1.405533	-10.788606
34892	0.536297	1.404626	-10.768323
34893	0.541328	1.403191	-10.747971
34894	0.544752	1.403277	-10.728087
34895	0.547965	1.401718	-10.708998
34896	0.550231	1.399800	-10.688998
34897	0.553757	1.397237	-10.669511
34898	0.558531	1.393971	-10.649567
34899	0.561236	1.391547	-10.625274
34900	0.565646	1.388164	-10.601484
34901	0.570456	1.385372	-10.577806
34902	0.573677	1.383892	-10.554844
34903	0.577832	1.382355	-10.535101
34904	0.583543	1.377707	-10.510830
34905	0.588333	1.378471	-10.489970
34906	0.595971	1.374541	-10.466336
34907	0.601376	1.370250	-10.444141
34908	0.607413	1.367192	-10.422366
34909	0.613111	1.363682	-10.401188
34910	0.617972	1.360104	-10.378501
34911	0.623676	1.356584	-10.357318
34912	0.628561	1.353819	-10.339369
34913	0.635148	1.350876	-10.319833
34914	0.639554	1.349454	-10.300374
34915	0.645763	1.345522	-10.285258
34916	0.649810	1.343198	-10.270012
34917	0.656022	1.339260	-10.254894
34918	0.662726	1.337235	-10.240929
34919	0.669214	1.335877	-10.228244
34920	0.674785	1.334583	-10.217156
34921	0.681193	1.331246	-10.208504
34922	0.684115	1.326136	-10.201289
34923	0.684471	1.323963	-10.194952
34924	0.686013	1.321864	-10.190024
34925	0.690566	1.322012	-10.185469
34926	0.694536	1.322252	-10.181622
34927	0.701124	1.321319	-10.180851
34928	0.705085	1.322473	-10.183402
34929	0.710770	1.324540	-10.183806
34930	0.718907	1.324036	-10.186028
34931	0.723077	1.323211	-10.185901
34932	0.728315	1.324215	-10.187261
34933	0.733941	1.325567	-10.190825
34934	0.738956	1.326099	-10.193678
34935	0.743102	1.324020	-10.194427
34936	0.749183	1.325356	-10.189921
34937	0.756144	1.322337	-10.184184
34938	0.763166	1.322757	-10.179054
34939	0.770117	1.321532	-10.174727
34940	0.776352	1.320245	-10.171692
34941	0.782329	1.318260	-10.171166
34942	0.787705	1.317123	-10.173117
34943	0.791493	1.315334	-10.177420
34944	0.797126	1.313570	-10.181582
34945	0.804497	1.308212	-10.185967
34946	0.811945	1.307002	-10.191310
34947	0.819273	1.303984	-10.199392
