// General information: 
//  MT Manager version: 2021.4.0 
//  XDA version: 2021.4.0 build 6323 rev 112641 built on 2021-09-28
// Device information: 
//  DeviceId: 00B43773
//  ProductCode: MTW2-3A7G6
//  Firmware Version: 4.3.4
//  Hardware Version: 1.1.0
// Device settings: 
//  Filter Profile: human(46.1)
//  Option Flags: Orientation Smoother Disabled, Position/Velocity Smoother Disabled, Continuous Zero Rotation Update Disabled, AHS Disabled, ICC Disabled
// Coordinate system: ENU
PacketCounter	SampleTimeFine	Roll	Pitch	Yaw
38038		-1.244123	-0.119594	-137.687036
38039		-1.202082	-0.094389	-137.681680
38040		-1.167410	-0.077503	-137.678068
38041		-1.133640	-0.063032	-137.674355
38042		-1.106392	-0.058732	-137.671558
38043		-1.080685	-0.056912	-137.669795
38044		-1.061604	-0.060455	-137.666269
38045		-1.040741	-0.066631	-137.665575
38046		-1.024768	-0.076573	-137.666042
38047		-1.007496	-0.087345	-137.668217
38048		-0.992616	-0.098350	-137.671091
38049		-0.973783	-0.109867	-137.672002
38050		-0.957351	-0.123645	-137.673063
38051		-0.939160	-0.137265	-137.674563
38052		-0.925244	-0.151537	-137.676498
38053		-0.912215	-0.164392	-137.676638
38054		-0.900300	-0.178130	-137.678170
38055		-0.888903	-0.187232	-137.679987
38056		-0.880600	-0.195884	-137.679832
38057		-0.866867	-0.202554	-137.680496
38058		-0.852408	-0.210715	-137.682121
38059		-0.833352	-0.216278	-137.681901
38060		-0.815408	-0.225523	-137.685478
38061		-0.797970	-0.233188	-137.688939
38062		-0.784529	-0.246191	-137.695529
38063		-0.770912	-0.258556	-137.701023
38064		-0.763772	-0.270087	-137.705545
38065		-0.756713	-0.279058	-137.708676
38066		-0.754954	-0.290727	-137.713939
38067		-0.750914	-0.300420	-137.716255
38068		-0.750917	-0.311446	-137.721946
38069		-0.749866	-0.319815	-137.723990
38070		-0.749544	-0.327880	-137.728113
38071		-0.747247	-0.334093	-137.728448
38072		-0.746026	-0.341190	-137.729330
38073		-0.742914	-0.349283	-137.728835
38074		-0.740180	-0.354108	-137.728848
38075		-0.738729	-0.360488	-137.729472
38076		-0.739968	-0.367265	-137.728262
38077		-0.740106	-0.374945	-137.729608
38078		-0.739677	-0.384221	-137.730233
38079		-0.735112	-0.392093	-137.728325
38080		-0.728062	-0.403150	-137.725418
38081		-0.719591	-0.415194	-137.723103
38082		-0.713047	-0.429312	-137.720929
38083		-0.704455	-0.441526	-137.715813
38084		-0.696301	-0.454339	-137.712921
38085		-0.686850	-0.465143	-137.711019
38086		-0.674206	-0.477009	-137.707539
38087		-0.661613	-0.487263	-137.703656
38088		-0.648107	-0.498955	-137.699894
38089		-0.633066	-0.506500	-137.698505
38090		-0.622168	-0.516464	-137.698956
38091		-0.609874	-0.522574	-137.698134
38092		-0.603693	-0.528518	-137.699275
38093		-0.598480	-0.533049	-137.700298
38094		-0.595153	-0.538619	-137.701311
38095		-0.589697	-0.543038	-137.703174
38096		-0.585738	-0.548544	-137.703062
38097		-0.579888	-0.550976	-137.703502
38098		-0.574923	-0.555229	-137.703795
38099		-0.571714	-0.557189	-137.704946
38100		-0.569225	-0.559877	-137.706640
38101		-0.564221	-0.562473	-137.707367
38102		-0.561311	-0.563160	-137.707637
38103		-0.554824	-0.563491	-137.707494
38104		-0.550338	-0.564918	-137.706501
38105		-0.543248	-0.565196	-137.705233
38106		-0.536666	-0.565092	-137.705198
38107		-0.530271	-0.563660	-137.701952
38108		-0.525988	-0.565978	-137.703075
38109		-0.523302	-0.563102	-137.703481
38110		-0.522324	-0.563228	-137.703337
38111		-0.521074	-0.559775	-137.702201
38112		-0.523163	-0.557600	-137.701628
38113		-0.524554	-0.553675	-137.701202
38114		-0.530103	-0.551181	-137.701628
38115		-0.531875	-0.548447	-137.699672
38116		-0.538241	-0.546104	-137.700385
38117		-0.540131	-0.543200	-137.701235
38118		-0.546147	-0.542954	-137.699441
38119		-0.549715	-0.539583	-137.697911
38120		-0.557361	-0.537612	-137.697234
38121		-0.564776	-0.533879	-137.698669
38122		-0.574332	-0.532333	-137.697727
38123		-0.588361	-0.528049	-137.699195
38124		-0.603279	-0.524576	-137.699532
38125		-0.616929	-0.519105	-137.702535
38126		-0.633843	-0.513854	-137.705959
38127		-0.648202	-0.507475	-137.709946
38128		-0.664115	-0.500969	-137.713780
38129		-0.677873	-0.494540	-137.716644
38130		-0.691265	-0.489578	-137.719077
38131		-0.700947	-0.484199	-137.722769
38132		-0.711435	-0.479590	-137.725331
38133		-0.719532	-0.472914	-137.728303
38134		-0.725704	-0.470480	-137.729030
38135		-0.729033	-0.467002	-137.728347
38136		-0.733265	-0.464121	-137.729340
38137		-0.733952	-0.461110	-137.727941
38138		-0.735416	-0.459653	-137.728365
38139		-0.736283	-0.460566	-137.728680
38140		-0.738395	-0.463240	-137.729139
38141		-0.737454	-0.463983	-137.726072
38142		-0.740000	-0.464828	-137.725397
38143		-0.738966	-0.467340	-137.725431
38144		-0.740540	-0.468980	-137.724615
38145		-0.739145	-0.471546	-137.722681
38146		-0.739773	-0.476027	-137.721178
38147		-0.740915	-0.479093	-137.720108
38148		-0.745611	-0.483321	-137.720737
38149		-0.749047	-0.486779	-137.721369
38150		-0.756601	-0.490642	-137.721876
38151		-0.762921	-0.493745	-137.722385
38152		-0.771749	-0.495945	-137.722046
38153		-0.781166	-0.496759	-137.722140
38154		-0.791493	-0.496166	-137.723619
38155		-0.801291	-0.498167	-137.722179
38156		-0.811383	-0.499500	-137.723950
38157		-0.821224	-0.496449	-137.723461
38158		-0.830697	-0.497710	-137.724105
38159		-0.840358	-0.498636	-137.723360
38160		-0.849919	-0.498923	-137.723859
38161		-0.857615	-0.497363	-137.723926
38162		-0.867649	-0.497859	-137.722746
38163		-0.873305	-0.496821	-137.723223
38164		-0.879247	-0.498350	-137.722861
38165		-0.883814	-0.497035	-137.723890
38166		-0.889109	-0.496453	-137.722949
38167		-0.891774	-0.496736	-137.723693
38168		-0.895398	-0.498661	-137.724579
38169		-0.897460	-0.498885	-137.724194
38170		-0.899725	-0.499605	-137.723519
38171		-0.901576	-0.501762	-137.723424
38172		-0.905269	-0.502697	-137.724165
38173		-0.904127	-0.506174	-137.724334
38174		-0.904211	-0.508363	-137.724212
38175		-0.904265	-0.511150	-137.723685
38176		-0.905766	-0.512750	-137.722027
38177		-0.908462	-0.515075	-137.722220
38178		-0.911495	-0.515933	-137.721834
38179		-0.917922	-0.518075	-137.722196
38180		-0.923503	-0.521470	-137.722123
38181		-0.931452	-0.520832	-137.724308
38182		-0.938913	-0.522623	-137.724523
38183		-0.943649	-0.524428	-137.724308
38184		-0.947505	-0.527470	-137.723658
38185		-0.950796	-0.529046	-137.722026
38186		-0.952816	-0.530672	-137.721495
38187		-0.953471	-0.533519	-137.722094
38188		-0.956597	-0.537452	-137.720461
38189		-0.959048	-0.539670	-137.721492
38190		-0.963463	-0.542748	-137.721970
38191		-0.965420	-0.543939	-137.721729
38192		-0.968129	-0.546673	-137.721630
38193		-0.969135	-0.548662	-137.721245
38194		-0.972072	-0.551500	-137.720306
38195		-0.974630	-0.552751	-137.721193
38196		-0.979102	-0.554843	-137.721527
38197		-0.983945	-0.555683	-137.721167
38198		-0.988856	-0.555946	-137.720374
38199		-0.993317	-0.555603	-137.721550
38200		-0.997966	-0.555752	-137.721597
38201		-1.003410	-0.556653	-137.722365
38202		-1.007907	-0.555718	-137.723109
38203		-1.011937	-0.558430	-137.721908
38204		-1.017266	-0.557660	-137.722940
38205		-1.019717	-0.559879	-137.723969
38206		-1.027595	-0.561652	-137.725315
38207		-1.034587	-0.561006	-137.724405
38208		-1.041006	-0.562542	-137.724334
38209		-1.048033	-0.564750	-137.725823
38210		-1.060727	-0.568645	-137.726235
38211		-1.074404	-0.572365	-137.727224
38212		-1.089854	-0.576865	-137.727661
38213		-1.103856	-0.578501	-137.731172
38214		-1.119154	-0.581928	-137.732306
38215		-1.131818	-0.582368	-137.734257
38216		-1.143450	-0.582966	-137.735631
38217		-1.154918	-0.584098	-137.738277
38218		-1.165308	-0.582521	-137.737950
38219		-1.173365	-0.580932	-137.739996
38220		-1.180050	-0.582384	-137.741891
38221		-1.186034	-0.579275	-137.744899
38222		-1.193029	-0.577820	-137.746370
38223		-1.202041	-0.576257	-137.751515
38224		-1.211659	-0.574342	-137.753712
38225		-1.220532	-0.570890	-137.756607
38226		-1.231417	-0.565282	-137.758529
38227		-1.244701	-0.558717	-137.763146
38228		-1.261616	-0.555382	-137.766397
38229		-1.278664	-0.550686	-137.770636
38230		-1.299019	-0.545031	-137.775466
38231		-1.315360	-0.541241	-137.778721
38232		-1.327918	-0.538006	-137.780674
38233		-1.336087	-0.535465	-137.782588
38234		-1.340440	-0.531431	-137.783757
38235		-1.344845	-0.526203	-137.783105
38236		-1.348702	-0.521956	-137.785955
38237		-1.356595	-0.516452	-137.786322
38238		-1.365367	-0.511339	-137.788663
38239		-1.375985	-0.503207	-137.793132
38240		-1.388201	-0.495776	-137.797052
38241		-1.399911	-0.487926	-137.800976
38242		-1.413888	-0.477833	-137.805909
38243		-1.429090	-0.469713	-137.810859
38244		-1.446358	-0.463312	-137.816532
38245		-1.463854	-0.455614	-137.823198
38246		-1.486286	-0.449276	-137.830480
38247		-1.505011	-0.442935	-137.835903
38248		-1.521814	-0.439557	-137.839195
38249		-1.534460	-0.438008	-137.841737
38250		-1.546165	-0.440667	-137.841740
38251		-1.562682	-0.458239	-137.839528
38252		-1.585312	-0.515385	-137.837599
38253		-1.608191	-0.604494	-137.832246
38254		-1.632554	-0.683933	-137.831947
38255		-1.654291	-0.740567	-137.831650
38256		-1.672794	-0.777709	-137.832332
38257		-1.687529	-0.796758	-137.832576
38258		-1.695902	-0.804829	-137.829676
38259		-1.697342	-0.808355	-137.821256
38260		-1.696074	-0.804585	-137.812417
38261		-1.691728	-0.798839	-137.803400
38262		-1.685118	-0.791042	-137.791268
38263		-1.676064	-0.782555	-137.776595
38264		-1.665044	-0.776198	-137.756833
38265		-1.649254	-0.774613	-137.734781
38266		-1.633133	-0.782210	-137.713166
38267		-1.616251	-0.798227	-137.693893
38268		-1.604009	-0.818329	-137.678436
38269		-1.590239	-0.844521	-137.668460
38270		-1.579178	-0.879773	-137.655121
38271		-1.575858	-0.990504	-137.641820
38272		-1.589068	-1.172264	-137.628208
38273		-1.615175	-1.349593	-137.618748
38274		-1.646535	-1.487255	-137.611130
38275		-1.677506	-1.589314	-137.608388
38276		-1.699428	-1.658480	-137.606305
38277		-1.718751	-1.702747	-137.604778
38278		-1.739961	-1.735638	-137.603524
38279		-1.767666	-1.760335	-137.609442
38280		-1.803574	-1.773871	-137.619445
38281		-1.838323	-1.774906	-137.628896
38282		-1.866590	-1.765552	-137.641008
38283		-1.892326	-1.772940	-137.662940
38284		-1.922037	-1.825846	-137.699526
38285		-1.948580	-1.899708	-137.740833
38286		-1.975198	-1.974126	-137.776507
38287		-2.003162	-2.068849	-137.811551
38288		-2.050136	-2.248166	-137.855640
38289		-2.113971	-2.484675	-137.901566
38290		-2.193093	-2.777346	-137.953037
38291		-2.274651	-3.053817	-138.005041
38292		-2.334911	-3.256705	-138.045272
38293		-2.384393	-3.400945	-138.077819
38294		-2.432507	-3.513814	-138.109949
38295		-2.476418	-3.603524	-138.138798
38296		-2.524757	-3.706510	-138.172010
38297		-2.571815	-3.811139	-138.205174
38298		-2.607379	-3.907478	-138.232570
38299		-2.624532	-3.987345	-138.255782
38300		-2.629643	-4.044335	-138.278115
38301		-2.622124	-4.084132	-138.295951
38302		-2.610226	-4.122064	-138.314015
38303		-2.593349	-4.160779	-138.329078
38304		-2.572580	-4.195863	-138.340422
38305		-2.539581	-4.230024	-138.348352
38306		-2.488141	-4.264965	-138.358741
38307		-2.415947	-4.298671	-138.374640
38308		-2.324888	-4.329861	-138.395166
38309		-2.220443	-4.360066	-138.410123
38310		-2.118315	-4.449700	-138.404223
38311		-2.014600	-4.620110	-138.406140
38312		-1.860088	-4.883784	-138.400107
38313		-1.646915	-5.266116	-138.371595
38314		-1.413351	-5.836921	-138.331774
38315		-1.172273	-6.707268	-138.217305
38316		-0.896578	-7.963722	-138.049647
38317		-0.576484	-9.575108	-138.031924
38318		-0.174087	-11.349401	-138.260348
38319		0.247488	-13.144427	-138.774456
38320		0.430406	-14.884787	-139.534097
38321		0.234580	-16.675075	-140.023407
38322		0.022233	-18.394323	-140.002190
38323		-0.017584	-20.081475	-139.339840
38324		-0.133422	-21.780363	-138.460865
38325		-0.519736	-23.363445	-137.681689
38326		-1.114682	-24.972426	-137.328265
38327		-1.605074	-26.563658	-137.465021
38328		-1.794408	-28.054076	-137.891673
38329		-1.693070	-29.380026	-138.507892
38330		-1.473159	-30.530085	-139.246751
38331		-1.231558	-31.516841	-140.061928
38332		-0.983577	-32.366806	-140.883044
38333		-0.757919	-33.077524	-141.608389
38334		-0.566254	-33.648118	-142.184387
38335		-0.447338	-34.082337	-142.535888
38336		-0.372382	-34.401109	-142.694794
38337		-0.315694	-34.628430	-142.707900
38338		-0.236335	-34.752026	-142.636186
38339		-0.062979	-34.738569	-142.608576
38340		0.253335	-34.560374	-142.685906
38341		0.750150	-34.221787	-142.923315
38342		1.451946	-33.697905	-143.334524
38343		2.349306	-32.970960	-143.918806
38344		3.445810	-32.025206	-144.691596
38345		4.680939	-30.872730	-145.619221
38346		6.008473	-29.528755	-146.688947
38347		7.332082	-28.018485	-147.819679
38348		8.599638	-26.360685	-148.957791
38349		9.730153	-24.601953	-150.045546
38350		10.651013	-22.792021	-150.994963
38351		11.335273	-20.998819	-151.710737
38352		11.807162	-19.265336	-152.120502
38353		12.084688	-17.667582	-152.186628
38354		12.198484	-16.244893	-151.909964
38355		12.118704	-15.041476	-151.282842
38356		11.864026	-14.022322	-150.347209
38357		11.517755	-13.187611	-149.174167
38358		11.166316	-12.512874	-147.882184
38359		10.842515	-11.958767	-146.624152
38360		10.639035	-11.445789	-145.574604
38361		10.574046	-10.955613	-144.831620
38362		10.605537	-10.420177	-144.450118
38363		10.748439	-9.875831	-144.373804
38364		10.949509	-9.373389	-144.470353
38365		11.086371	-8.908091	-144.615486
38366		11.187738	-8.471161	-144.751036
38367		11.266205	-8.091857	-144.856182
38368		11.294732	-7.807030	-144.948979
38369		11.238760	-7.662841	-145.039975
38370		11.096941	-7.650389	-145.128714
38371		10.843416	-7.740582	-145.180581
38372		10.495840	-7.894543	-145.140807
38373		10.094272	-8.118413	-145.012372
38374		9.654696	-8.430761	-144.801623
38375		9.175814	-8.821158	-144.534370
38376		8.660481	-9.290611	-144.238929
38377		8.108478	-9.807233	-143.935444
38378		7.547045	-10.362922	-143.650972
38379		6.989849	-10.967961	-143.394966
38380		5.982868	-11.296190	-143.716484
38381		5.298133	-10.864271	-144.096928
38382		5.647262	-10.251674	-144.055964
38383		5.558273	-9.635992	-143.778481
38384		5.190556	-8.986216	-143.736266
38385		5.119099	-8.340969	-143.719927
38386		4.937306	-7.784551	-143.709083
38387		4.746524	-7.293128	-143.731443
38388		4.595320	-6.952860	-143.792514
38389		4.419556	-6.792814	-143.855304
38390		4.154341	-6.660919	-143.905085
38391		3.926941	-6.653046	-143.878926
38392		3.674960	-6.756616	-143.913406
38393		3.438906	-7.012621	-143.975051
38394		3.283474	-7.395420	-144.068641
38395		3.220414	-7.836533	-144.170177
38396		3.169020	-8.281893	-144.262053
38397		3.078422	-8.722534	-144.346582
38398		2.905705	-9.176846	-144.453764
38399		2.644924	-9.683191	-144.617724
38400		2.359251	-10.142909	-144.825304
38401		2.115248	-10.517126	-145.017491
38402		1.933204	-10.840509	-145.159784
38403		1.787852	-11.140485	-145.255685
38404		1.658362	-11.409894	-145.330941
38405		1.522066	-11.635027	-145.378612
38406		1.400251	-11.814584	-145.394424
38407		1.288616	-11.969686	-145.396096
38408		1.167781	-12.123017	-145.389762
38409		1.039003	-12.276204	-145.381061
38410		0.896807	-12.422238	-145.371687
38411		0.782081	-12.574611	-145.376069
38412		0.680511	-12.722581	-145.388022
38413		0.586673	-12.852983	-145.380390
38414		0.472473	-12.971133	-145.328930
38415		0.319816	-13.083214	-145.253004
38416		0.176159	-13.189787	-145.181352
38417		0.046598	-13.286061	-145.117266
38418		-0.070078	-13.360528	-145.054845
38419		-0.187289	-13.411798	-145.000912
38420		-0.313781	-13.444711	-144.954896
38421		-0.444516	-13.461002	-144.906021
38422		-0.568118	-13.464894	-144.848645
38423		-0.676640	-13.448477	-144.777047
38424		-0.784544	-13.403222	-144.698459
38425		-0.891978	-13.325868	-144.604028
38426		-0.987531	-13.220754	-144.488141
38427		-1.068735	-13.070882	-144.342268
38428		-1.118434	-12.907108	-144.214610
38429		-1.132344	-12.726870	-144.126742
38430		-1.134348	-12.530085	-144.048283
38431		-1.128013	-12.329352	-143.998112
38432		-1.150586	-12.139175	-143.936473
38433		-1.212232	-11.944236	-143.832703
38434		-1.299448	-11.729339	-143.642322
38435		-1.354116	-11.503168	-143.371521
38436		-1.367177	-11.253105	-143.058029
38437		-1.361152	-10.970152	-142.784990
38438		-1.387932	-10.680662	-142.565874
38439		-1.465926	-10.399646	-142.396920
38440		-1.583010	-10.203950	-142.195192
38441		-1.741176	-10.052279	-142.034233
38442		-1.933515	-9.897937	-141.882162
38443		-2.133737	-9.725177	-141.732211
38444		-2.317960	-9.536898	-141.609120
38445		-2.472801	-9.304144	-141.519744
38446		-2.613440	-9.011304	-141.494135
38447		-2.754089	-8.676033	-141.530719
38448		-2.903813	-8.331985	-141.585885
38449		-3.088699	-8.113799	-141.726136
38450		-3.299484	-8.077714	-141.942525
38451		-3.500670	-8.093916	-142.128058
38452		-3.696027	-8.198512	-142.243826
38453		-3.867898	-8.340410	-142.335589
38454		-4.007075	-8.424750	-142.411310
38455		-4.136186	-8.463316	-142.492627
38456		-4.254511	-8.467134	-142.572489
38457		-4.368275	-8.541019	-142.700440
38458		-4.520244	-8.728410	-142.890309
38459		-4.677373	-8.866883	-143.022656
38460		-4.815435	-8.937060	-143.110020
38461		-4.915571	-8.958323	-143.161469
38462		-4.978068	-8.950487	-143.188008
38463		-5.007963	-8.926501	-143.185848
38464		-5.020989	-8.885133	-143.176392
38465		-5.027527	-8.824737	-143.173787
38466		-5.037246	-8.759481	-143.169951
38467		-5.050842	-8.689668	-143.163591
38468		-5.059976	-8.616919	-143.158351
38469		-5.064651	-8.527869	-143.158985
38470		-5.066245	-8.417504	-143.159759
38471		-5.074363	-8.304670	-143.168629
38472		-5.095476	-8.185831	-143.175652
38473		-5.131410	-8.050134	-143.179830
38474		-5.165077	-7.912069	-143.173401
38475		-5.192562	-7.767467	-143.161722
38476		-5.254210	-7.648388	-143.150531
38477		-5.343202	-7.553060	-143.153435
38478		-5.425451	-7.468743	-143.156574
38479		-5.493098	-7.397284	-143.159382
38480		-5.530356	-7.336984	-143.167800
38481		-5.541700	-7.277715	-143.173786
38482		-5.525481	-7.209275	-143.170127
38483		-5.483604	-7.112564	-143.147663
38484		-5.421438	-6.977633	-143.103800
38485		-5.351795	-6.820600	-143.062944
38486		-5.280269	-6.641992	-143.027169
38487		-5.207531	-6.453602	-142.994221
38488		-5.138133	-6.257544	-142.957648
38489		-5.077674	-6.046437	-142.918060
38490		-5.028221	-5.832027	-142.870099
38491		-4.976474	-5.618913	-142.821831
38492		-4.928545	-5.412814	-142.771751
38493		-4.872073	-5.218489	-142.719536
38494		-4.812295	-5.034178	-142.665970
38495		-4.743147	-4.845965	-142.603548
38496		-4.668491	-4.655870	-142.541843
38497		-4.603261	-4.500232	-142.493360
38498		-4.553447	-4.393652	-142.457236
38499		-4.517278	-4.352119	-142.419990
38500		-4.496688	-4.428964	-142.365427
38501		-4.481375	-4.589927	-142.274729
38502		-4.458792	-4.768657	-142.182067
38503		-4.420312	-4.888425	-142.116823
38504		-4.362675	-4.946760	-142.073618
38505		-4.289547	-4.963567	-142.046748
38506		-4.214626	-4.956660	-142.025557
38507		-4.153449	-4.924673	-142.009665
38508		-4.111039	-4.877853	-142.002794
38509		-4.085394	-4.821067	-142.004628
38510		-4.076177	-4.752877	-142.015497
38511		-4.075559	-4.670368	-142.033005
38512		-4.076004	-4.571123	-142.059166
38513		-4.071824	-4.453880	-142.087660
38514		-4.063590	-4.319563	-142.114782
38515		-4.040662	-4.166562	-142.128966
38516		-4.007993	-4.003174	-142.133717
38517		-3.975722	-3.859018	-142.139125
38518		-3.946102	-3.729334	-142.141002
38519		-3.916188	-3.615586	-142.143735
38520		-3.883337	-3.518734	-142.144625
38521		-3.854160	-3.441952	-142.147286
38522		-3.829400	-3.375878	-142.153879
38523		-3.810633	-3.322357	-142.163516
38524		-3.796033	-3.280505	-142.171541
38525		-3.784032	-3.243141	-142.181189
38526		-3.772084	-3.212213	-142.189033
38527		-3.761634	-3.190584	-142.194304
38528		-3.755008	-3.173386	-142.198515
38529		-3.749549	-3.156261	-142.198453
38530		-3.741447	-3.141813	-142.191388
38531		-3.729127	-3.130036	-142.175172
38532		-3.714571	-3.114011	-142.147088
38533		-3.692682	-3.094708	-142.109801
38534		-3.674409	-3.071711	-142.071872
38535		-3.660899	-3.050529	-142.053665
38536		-3.660942	-3.035167	-142.062962
38537		-3.666425	-3.017742	-142.094320
38538		-3.672334	-2.996478	-142.141103
38539		-3.667349	-2.981099	-142.183935
38540		-3.653771	-2.964719	-142.212702
38541		-3.630249	-2.951459	-142.235420
38542		-3.599882	-2.939502	-142.264789
38543		-3.560705	-2.931870	-142.299044
38544		-3.507442	-2.937766	-142.331515
38545		-3.441666	-2.962392	-142.354334
38546		-3.370835	-3.022519	-142.363078
38547		-3.308553	-3.151088	-142.364980
38548		-3.251686	-3.406798	-142.347881
38549		-3.198213	-3.757759	-142.305801
38550		-3.124668	-4.156440	-142.204539
38551		-2.994430	-4.580279	-142.004377
38552		-2.925751	-5.101742	-141.823505
38553		-2.996807	-5.783144	-141.732888
38554		-3.058936	-6.563412	-141.651807
38555		-3.092721	-7.458009	-141.572478
38556		-3.093098	-8.514946	-141.473855
38557		-3.078090	-9.845096	-141.314423
38558		-3.040969	-11.454077	-141.136162
38559		-2.986948	-13.283829	-140.999589
38560		-2.901263	-15.006246	-140.921786
38561		-2.743982	-16.503804	-140.884471
38562		-2.489070	-17.860141	-140.830113
38563		-2.197926	-19.151707	-140.754048
38564		-1.911733	-20.383057	-140.674846
38565		-1.594087	-21.545700	-140.594625
38566		-1.235858	-22.616656	-140.508732
38567		-0.936618	-23.547019	-140.326618
38568		-0.705620	-24.333108	-139.919796
38569		-0.623157	-25.107378	-139.204560
38570		-0.822367	-25.931765	-138.426973
38571		-1.338068	-26.667384	-137.564961
38572		-2.041814	-27.344932	-136.614971
38573		-2.807785	-28.038041	-135.597513
38574		-3.582916	-28.763661	-134.535048
38575		-4.318688	-29.540687	-133.475006
38576		-5.031224	-30.374224	-132.451578
38577		-5.739777	-31.250290	-131.513473
38578		-6.407840	-32.134661	-130.716851
38579		-6.938535	-32.986692	-130.112996
38580		-7.272534	-33.778024	-129.709682
38581		-7.415438	-34.513863	-129.498509
38582		-7.420190	-35.220686	-129.496489
38583		-7.345159	-35.864067	-129.645540
38584		-7.212364	-36.424697	-129.882720
38585		-7.032963	-36.914615	-130.132519
38586		-6.844771	-37.346556	-130.349717
38587		-6.683392	-37.730950	-130.491926
38588		-6.584225	-38.071146	-130.531724
38589		-6.567268	-38.361855	-130.454642
38590		-6.635482	-38.605791	-130.277950
38591		-6.754848	-38.803641	-130.046581
38592		-6.868684	-38.952762	-129.820168
38593		-6.927182	-39.062668	-129.679912
38594		-6.912492	-39.142196	-129.647683
38595		-6.817751	-39.202573	-129.739134
38596		-6.673171	-39.239986	-129.908283
38597		-6.515215	-39.228201	-130.115139
38598		-6.368606	-39.158356	-130.326994
38599		-6.252759	-39.032815	-130.487750
38600		-6.170670	-38.866538	-130.605704
38601		-6.131929	-38.694678	-130.684659
38602		-6.127512	-38.534936	-130.737542
38603		-6.147415	-38.399272	-130.758820
38604		-6.164134	-38.281065	-130.793730
38605		-6.168676	-38.170871	-130.866402
38606		-6.150138	-38.035416	-130.997826
38607		-6.116805	-37.851846	-131.163038
38608		-6.090126	-37.610738	-131.339407
38609		-6.071040	-37.318535	-131.531523
38610		-6.040204	-36.999135	-131.734633
38611		-5.987803	-36.668051	-131.958801
38612		-5.938283	-36.350872	-132.184225
38613		-5.903426	-36.055571	-132.411254
38614		-5.864955	-35.765518	-132.643031
38615		-5.805764	-35.468559	-132.870796
38616		-5.720380	-35.152781	-133.116670
38617		-5.608116	-34.826325	-133.404729
38618		-5.468017	-34.489395	-133.756732
38619		-5.288679	-34.126323	-134.182242
38620		-5.070044	-33.733374	-134.648272
38621		-4.808602	-33.313287	-135.134614
38622		-4.529254	-32.897525	-135.614949
38623		-4.239214	-32.497451	-136.075066
38624		-3.940566	-32.105313	-136.505986
38625		-3.641180	-31.714148	-136.871960
38626		-3.339049	-31.310213	-137.173601
38627		-3.036663	-30.902278	-137.419334
38628		-2.724704	-30.496321	-137.653803
38629		-2.408507	-30.085779	-137.885153
38630		-2.065619	-29.669035	-138.145806
38631		-1.703500	-29.224316	-138.447229
38632		-1.317855	-28.732723	-138.786688
38633		-0.896990	-28.193181	-139.147481
38634		-0.431186	-27.634900	-139.529958
38635		0.060779	-27.077210	-139.936431
38636		0.578298	-26.534234	-140.341741
38637		1.104601	-26.000483	-140.732615
38638		1.645702	-25.460225	-141.089838
38639		2.183199	-24.920621	-141.397457
38640		2.714564	-24.393486	-141.686189
38641		3.243752	-23.906770	-141.960035
38642		3.774524	-23.463338	-142.237639
38643		4.275069	-23.043339	-142.525141
38644		4.747738	-22.613258	-142.814577
38645		5.198045	-22.166257	-143.094566
38646		5.641379	-21.718709	-143.358348
38647		6.047560	-21.302336	-143.618626
38648		6.397024	-20.941534	-143.863845
38649		6.676684	-20.610054	-144.085490
38650		6.905332	-20.290687	-144.259570
38651		7.083373	-19.981362	-144.375088
38652		7.207533	-19.682077	-144.445774
38653		7.277061	-19.447155	-144.443687
38654		7.270038	-19.287288	-144.356460
38655		7.176897	-19.225152	-144.166876
38656		6.976309	-19.251238	-143.870307
38657		6.649324	-19.350345	-143.501912
38658		6.204067	-19.501540	-143.078890
38659		5.692262	-19.675794	-142.644784
38660		5.154575	-19.856395	-142.258427
38661		4.605218	-20.031124	-141.936059
38662		4.073243	-20.102882	-141.882046
38663		3.551551	-19.980811	-141.876448
38664		3.244888	-19.760185	-141.901683
38665		3.029551	-19.485527	-141.969304
38666		2.745774	-19.168536	-142.070257
38667		2.529125	-18.777851	-142.183533
38668		2.442737	-18.322035	-142.278265
38669		2.363423	-17.893013	-142.383806
38670		2.214341	-17.516145	-142.557946
38671		2.046433	-17.188327	-142.786142
38672		1.882546	-16.919557	-142.996991
38673		1.702501	-16.713101	-143.239382
38674		1.515636	-16.513221	-143.476664
38675		1.343930	-16.277209	-143.689653
38676		1.206663	-16.008782	-143.876420
38677		1.096832	-15.715515	-144.030629
38678		1.026308	-15.407563	-144.157070
38679		0.984752	-15.098828	-144.257487
38680		0.983942	-14.786440	-144.341230
38681		1.005191	-14.474828	-144.419133
38682		1.034321	-14.185091	-144.490632
38683		1.114921	-13.909942	-144.570632
38684		1.238467	-13.635940	-144.674411
38685		1.404815	-13.373125	-144.802780
38686		1.602501	-13.126455	-144.943631
38687		1.772026	-12.909023	-145.069399
38688		1.932522	-12.744574	-145.134490
38689		1.942981	-12.684498	-145.161224
38690		1.893010	-12.704402	-145.171309
38691		1.817873	-12.797874	-145.184858
38692		1.768579	-12.914284	-145.199828
38693		1.744333	-13.028401	-145.220086
38694		1.719001	-13.113137	-145.233828
38695		1.683333	-13.166051	-145.252479
38696		1.633331	-13.193309	-145.279145
38697		1.583632	-13.207128	-145.307375
38698		1.542471	-13.233091	-145.323976
38699		1.477372	-13.279055	-145.318878
38700		1.380555	-13.335003	-145.303662
38701		1.245347	-13.396765	-145.280755
38702		1.086130	-13.446687	-145.256464
38703		0.919833	-13.482291	-145.225016
38704		0.751384	-13.511493	-145.185327
38705		0.579008	-13.539357	-145.143163
38706		0.383282	-13.566019	-145.103279
38707		0.166325	-13.582599	-145.059286
38708		-0.060424	-13.592904	-145.015724
38709		-0.283950	-13.594375	-144.966551
38710		-0.504710	-13.599767	-144.911867
38711		-0.732997	-13.603887	-144.857540
38712		-0.975301	-13.607402	-144.807930
38713		-1.217643	-13.612848	-144.762851
38714		-1.443777	-13.622410	-144.715514
38715		-1.661662	-13.639882	-144.666372
38716		-1.889974	-13.656625	-144.612280
38717		-2.131605	-13.659831	-144.552046
38718		-2.371037	-13.651781	-144.479193
38719		-2.617236	-13.634243	-144.434437
38720		-2.823868	-13.624966	-144.374703
38721		-2.990432	-13.605466	-144.334349
38722		-3.099041	-13.580601	-144.314595
38723		-3.188874	-13.551188	-144.355119
38724		-3.257095	-13.494255	-144.408149
38725		-3.341045	-13.405054	-144.444134
38726		-3.426338	-13.283325	-144.438426
38727		-3.467958	-13.134238	-144.380066
38728		-3.473877	-12.959091	-144.269801
38729		-3.478028	-12.783726	-144.213382
38730		-3.482741	-12.584433	-144.193411
38731		-3.485425	-12.338323	-144.166785
38732		-3.478475	-12.076575	-144.114391
38733		-3.448391	-11.829824	-144.005507
38734		-3.426836	-11.617520	-143.799008
38735		-3.430047	-11.452804	-143.503602
38736		-3.420325	-11.317766	-143.184261
38737		-3.381734	-11.144842	-142.838856
38738		-3.325433	-10.913828	-142.513605
38739		-3.263256	-10.609097	-142.234505
38740		-3.207836	-10.278780	-142.099808
38741		-3.182745	-10.032592	-142.220984
38742		-3.166122	-9.805500	-142.409475
38743		-3.134415	-9.582275	-142.596837
38744		-3.084377	-9.334019	-142.752247
38745		-3.031890	-9.037557	-142.865586
38746		-2.983227	-8.658975	-142.917152
38747		-2.959389	-8.221025	-142.905496
38748		-2.990156	-7.858328	-142.817315
38749		-3.089606	-7.593657	-142.694027
38750		-3.223136	-7.369615	-142.557309
38751		-3.361399	-7.156100	-142.403610
38752		-3.493249	-6.936197	-142.258493
38753		-3.623988	-6.738681	-142.179297
38754		-3.763559	-6.597062	-142.198256
38755		-3.913840	-6.470886	-142.239482
38756		-4.082542	-6.398240	-142.323160
38757		-4.269855	-6.334237	-142.408773
38758		-4.439214	-6.247939	-142.461050
38759		-4.561534	-6.146096	-142.439000
38760		-4.633066	-6.034767	-142.399883
38761		-4.678912	-5.945731	-142.378757
38762		-4.725355	-5.862303	-142.356911
38763		-4.781290	-5.825906	-142.363866
38764		-4.828713	-5.798763	-142.387216
38765		-4.879089	-5.759989	-142.411365
38766		-4.939876	-5.759715	-142.456278
38767		-4.983529	-5.761443	-142.500670
38768		-5.026655	-5.751988	-142.544917
38769		-5.078199	-5.728244	-142.577685
38770		-5.102539	-5.681113	-142.598109
38771		-5.096375	-5.597947	-142.608914
38772		-5.079913	-5.478038	-142.612588
38773		-5.052966	-5.325887	-142.596574
38774		-5.028136	-5.133603	-142.568680
38775		-4.999065	-4.918447	-142.530117
38776		-4.964098	-4.696995	-142.491633
38777		-4.925245	-4.477558	-142.455246
38778		-4.883291	-4.268957	-142.415882
38779		-4.855734	-4.083950	-142.378894
38780		-4.830197	-3.919346	-142.345827
38781		-4.798540	-3.771271	-142.319428
38782		-4.762167	-3.653754	-142.302322
38783		-4.729480	-3.565648	-142.289274
38784		-4.700055	-3.501066	-142.275339
38785		-4.669759	-3.454368	-142.263189
38786		-4.632444	-3.416016	-142.252198
38787		-4.591323	-3.386563	-142.240648
38788		-4.547115	-3.362506	-142.228082
38789		-4.497961	-3.339929	-142.215284
38790		-4.446730	-3.317972	-142.197186
38791		-4.389453	-3.297186	-142.179427
38792		-4.327064	-3.273134	-142.164269
38793		-4.262093	-3.250237	-142.150468
38794		-4.195088	-3.224944	-142.141256
38795		-4.131672	-3.194449	-142.131307
38796		-4.079211	-3.172325	-142.125945
38797		-4.046985	-3.156787	-142.122998
38798		-4.029862	-3.146701	-142.124467
38799		-4.025542	-3.133985	-142.128357
38800		-4.024575	-3.120351	-142.134010
38801		-4.022447	-3.110281	-142.139000
38802		-4.020941	-3.103586	-142.143790
38803		-4.014990	-3.097506	-142.147384
38804		-4.008237	-3.089320	-142.151308
38805		-4.000061	-3.082614	-142.153188
38806		-3.996037	-3.075214	-142.154271
38807		-3.994214	-3.070308	-142.156450
38808		-3.994329	-3.066098	-142.161202
38809		-3.993782	-3.062555	-142.167776
38810		-3.989619	-3.058139	-142.174062
38811		-3.984617	-3.053343	-142.177208
38812		-3.980278	-3.047879	-142.178531
38813		-3.974423	-3.040830	-142.176307
38814		-3.967606	-3.030629	-142.172298
38815		-3.960209	-3.022143	-142.166531
38816		-3.952942	-3.012838	-142.160647
38817		-3.946786	-3.005715	-142.156428
38818		-3.939773	-2.998505	-142.151925
38819		-3.933456	-2.994370	-142.150061
38820		-3.926425	-2.991189	-142.150029
38821		-3.918397	-2.990619	-142.149213
38822		-3.907206	-2.988274	-142.149978
38823		-3.896870	-2.986033	-142.151026
38824		-3.886468	-2.985940	-142.151468
38825		-3.875149	-2.984435	-142.152349
38826		-3.862563	-2.981702	-142.151686
38827		-3.850196	-2.975855	-142.151506
38828		-3.842942	-2.970574	-142.152937
38829		-3.840906	-2.961567	-142.154341
38830		-3.840601	-2.954198	-142.155595
38831		-3.843220	-2.946520	-142.153887
38832		-3.847219	-2.937329	-142.154223
38833		-3.852527	-2.927369	-142.153871
38834		-3.857811	-2.915508	-142.154135
38835		-3.865921	-2.904316	-142.154409
38836		-3.871120	-2.896485	-142.153455
38837		-3.874004	-2.888889	-142.150898
38838		-3.879357	-2.880087	-142.149825
38839		-3.881857	-2.873381	-142.151091
38840		-3.883991	-2.866700	-142.150367
38841		-3.884109	-2.860339	-142.150036
38842		-3.885931	-2.855590	-142.149554
38843		-3.887188	-2.847527	-142.149271
38844		-3.883266	-2.842187	-142.143187
38845		-3.882518	-2.835594	-142.139720
38846		-3.880629	-2.833856	-142.134864
38847		-3.878587	-2.829934	-142.131468
38848		-3.876929	-2.825209	-142.129951
38849		-3.875341	-2.820397	-142.128430
38850		-3.874999	-2.818077	-142.124885
38851		-3.874508	-2.813578	-142.122801
38852		-3.873785	-2.810134	-142.120841
38853		-3.874802	-2.807070	-142.119456
38854		-3.875885	-2.805133	-142.120189
38855		-3.878146	-2.803426	-142.120356
38856		-3.880478	-2.800831	-142.120406
38857		-3.883724	-2.798391	-142.120743
38858		-3.884957	-2.795484	-142.121357
38859		-3.888014	-2.794013	-142.118966
38860		-3.890074	-2.791338	-142.119870
38861		-3.893781	-2.785996	-142.119848
38862		-3.894066	-2.781801	-142.120905
38863		-3.895427	-2.776804	-142.122129
38864		-3.897484	-2.774120	-142.123034
38865		-3.900200	-2.771526	-142.125078
38866		-3.903873	-2.771319	-142.125949
38867		-3.904926	-2.768258	-142.127413
38868		-3.909362	-2.765223	-142.129921
38869		-3.910261	-2.763129	-142.131505
38870		-3.911329	-2.761167	-142.132239
38871		-3.911662	-2.758917	-142.132681
38872		-3.911443	-2.757609	-142.131250
38873		-3.910337	-2.756981	-142.129646
38874		-3.910231	-2.756718	-142.127482
38875		-3.908816	-2.758025	-142.126116
38876		-3.904546	-2.758598	-142.124736
38877		-3.904108	-2.761185	-142.125775
38878		-3.905960	-2.761457	-142.126187
38879		-3.909455	-2.763125	-142.130143
38880		-3.913312	-2.761929	-142.133744
38881		-3.917535	-2.760774	-142.136489
38882		-3.923018	-2.760046	-142.137823
38883		-3.926985	-2.756801	-142.139188
38884		-3.926341	-2.756366	-142.138729
38885		-3.929023	-2.753775	-142.137928
38886		-3.929364	-2.752607	-142.137640
38887		-3.928524	-2.752057	-142.135182
38888		-3.927466	-2.750496	-142.133460
38889		-3.925906	-2.750756	-142.129979
38890		-3.924014	-2.748962	-142.127967
38891		-3.923319	-2.749458	-142.127624
38892		-3.919564	-2.750171	-142.124536
38893		-3.918525	-2.752600	-142.121584
38894		-3.915945	-2.751613	-142.121396
38895		-3.912612	-2.750360	-142.118067
38896		-3.909165	-2.749138	-142.114741
38897		-3.906253	-2.746997	-142.110440
38898		-3.903934	-2.746088	-142.109400
38899		-3.902074	-2.743216	-142.110967
38900		-3.901314	-2.739711	-142.109007
38901		-3.898581	-2.738617	-142.109669
38902		-3.897287	-2.734955	-142.109414
38903		-3.896901	-2.733519	-142.108834
38904		-3.894311	-2.732519	-142.108645
38905		-3.892108	-2.731582	-142.107602
38906		-3.890360	-2.728801	-142.105470
38907		-3.889664	-2.729299	-142.105129
38908		-3.885678	-2.727904	-142.103505
38909		-3.884915	-2.725347	-142.104511
38910		-3.883009	-2.723532	-142.102498
38911		-3.880652	-2.723561	-142.101575
38912		-3.879309	-2.721902	-142.100705
38913		-3.877262	-2.719998	-142.099543
38914		-3.877433	-2.717760	-142.097142
38915		-3.874854	-2.715701	-142.097684
38916		-3.874900	-2.714428	-142.098249
38917		-3.876640	-2.710562	-142.097895
38918		-3.875589	-2.708975	-142.099021
38919		-3.875767	-2.707697	-142.099585
38920		-3.875357	-2.707309	-142.098274
38921		-3.873576	-2.705484	-142.096260
38922		-3.873584	-2.704207	-142.093977
38923		-3.870939	-2.702148	-142.088823
38924		-3.870282	-2.697656	-142.083897
38925		-3.872985	-2.691048	-142.078635
38926		-3.881975	-2.685269	-142.067897
38927		-3.896782	-2.680080	-142.057086
38928		-3.907124	-2.674683	-142.044938
38929		-3.914432	-2.671409	-142.035971
38930		-3.923919	-2.671803	-142.030231
38931		-3.933399	-2.670122	-142.031654
38932		-3.934877	-2.674281	-142.034536
38933		-3.939175	-2.680208	-142.043254
38934		-3.940927	-2.688454	-142.052596
38935		-3.946542	-2.696782	-142.059286
38936		-3.954058	-2.706671	-142.067820
38937		-3.958221	-2.718632	-142.074690
38938		-3.960223	-2.730005	-142.076132
38939		-3.957070	-2.741937	-142.073214
38940		-3.949245	-2.756603	-142.068460
38941		-3.941850	-2.776446	-142.058044
38942		-3.929519	-2.804008	-142.041837
38943		-3.918193	-2.840945	-142.028433
38944		-3.904744	-2.888395	-142.017200
38945		-3.890695	-2.952900	-141.999198
38946		-3.894739	-3.059929	-141.979807
38947		-3.910532	-3.211860	-141.952626
38948		-3.925579	-3.392970	-141.917002
38949		-3.924080	-3.622319	-141.858083
38950		-3.897370	-3.895367	-141.771823
38951		-3.861815	-4.212095	-141.674360
38952		-3.818915	-4.581888	-141.577544
38953		-3.808842	-5.020759	-141.527020
38954		-3.813926	-5.546071	-141.495215
38955		-3.803969	-6.132238	-141.469981
38956		-3.791218	-6.785474	-141.441068
38957		-3.771477	-7.507254	-141.417121
38958		-3.741809	-8.303635	-141.391431
38959		-3.694243	-9.174558	-141.370763
38960		-3.620818	-10.132137	-141.358479
38961		-3.521053	-11.219810	-141.322512
38962		-3.415280	-12.554984	-141.265932
38963		-3.318695	-14.098158	-141.192256
38964		-3.209895	-15.782586	-141.088126
38965		-3.067001	-17.529937	-140.978178
38966		-2.816704	-19.275638	-140.920080
38967		-2.444643	-20.915573	-140.992298
38968		-1.966566	-22.269278	-141.120587
38969		-1.590671	-23.464770	-141.086173
38970		-1.451214	-24.448720	-140.610925
38971		-1.495789	-25.240568	-139.470482
38972		-1.858313	-25.984369	-137.852966
38973		-2.533480	-26.615684	-136.290783
38974		-3.364447	-27.144621	-134.907481
38975		-4.100615	-27.680800	-133.876683
38976		-4.642089	-28.276125	-133.120102
38977		-5.035302	-28.924400	-132.507393
38978		-5.425983	-29.597383	-131.943684
38979		-5.897314	-30.312672	-131.339256
38980		-6.447929	-31.059869	-130.649664
38981		-7.026782	-31.809216	-129.876622
38982		-7.598982	-32.572179	-129.077322
38983		-8.178741	-33.371397	-128.292854
38984		-8.771940	-34.213209	-127.582805
38985		-9.329120	-35.089905	-127.001174
38986		-9.806366	-35.986358	-126.556606
38987		-10.191719	-36.897164	-126.252693
38988		-10.474192	-37.789474	-126.102372
38989		-10.644277	-38.656061	-126.126667
38990		-10.698340	-39.494187	-126.336856
38991		-10.631303	-40.277533	-126.721571
38992		-10.452488	-40.983589	-127.237839
38993		-10.175699	-41.587612	-127.850391
38994		-9.808674	-42.104546	-128.578546
38995		-9.360512	-42.536523	-129.403958
38996		-8.796650	-42.890093	-130.331008
38997		-8.105727	-43.183328	-131.354368
38998		-7.273880	-43.394438	-132.478708
38999		-6.368352	-43.480142	-133.632781
39000		-5.422680	-43.416644	-134.781217
39001		-4.424836	-43.237001	-135.896842
39002		-3.374160	-42.976233	-136.988242
39003		-2.301551	-42.654580	-138.061038
39004		-1.240259	-42.245388	-139.108243
39005		-0.220232	-41.723108	-140.100223
39006		0.753553	-41.070017	-141.023348
39007		1.680390	-40.299477	-141.879814
39008		2.577064	-39.457893	-142.673432
39009		3.419531	-38.570210	-143.427905
39010		4.193891	-37.638589	-144.132205
39011		4.869862	-36.661902	-144.756351
39012		5.480939	-35.624467	-145.305056
39013		6.047416	-34.541686	-145.775893
39014		6.584496	-33.441912	-146.202769
39015		7.057541	-32.333962	-146.581806
39016		7.466047	-31.214709	-146.904007
39017		7.790443	-30.116593	-147.117379
39018		8.040108	-29.058722	-147.188791
39019		8.207602	-28.070898	-147.120713
39020		8.292788	-27.172236	-146.938565
39021		8.312976	-26.343732	-146.675532
39022		8.306359	-25.589666	-146.365623
39023		8.247678	-24.884601	-146.038704
39024		8.154862	-24.233370	-145.733647
39025		8.025934	-23.625470	-145.483155
39026		7.880699	-23.045117	-145.293329
39027		7.748504	-22.508715	-145.116161
39028		7.579171	-22.068614	-144.881940
39029		7.293811	-21.743427	-144.577077
39030		6.922426	-21.520191	-144.202686
39031		6.509152	-21.365883	-143.796560
39032		6.080321	-21.244927	-143.432491
39033		5.670122	-21.147056	-143.176451
39034		5.282954	-21.056288	-143.041325
39035		4.939213	-20.950830	-143.015323
39036		4.661830	-20.849462	-143.051291
39037		4.401247	-20.766256	-143.124633
39038		4.085111	-20.688813	-143.179275
39039		3.661293	-20.605883	-143.120887
39040		3.166757	-20.519931	-142.913834
39041		2.654954	-20.470515	-142.573497
39042		2.122131	-20.473771	-142.194556
39043		1.578150	-20.523038	-141.857125
39044		1.075155	-20.601231	-141.590499
39045		0.637707	-20.696528	-141.403062
39046		0.280090	-20.807141	-141.326153
39047		-0.014529	-20.907070	-141.364590
39048		-0.225119	-20.960086	-141.629910
39049		-0.439175	-20.803086	-142.128446
39050		-0.305629	-20.300160	-142.696347
39051		0.137963	-19.625060	-143.181276
39052		0.503978	-18.681502	-143.593430
39053		0.914978	-17.609858	-143.867279
39054		1.239668	-16.466636	-144.024648
39055		1.450077	-15.320332	-144.157054
39056		1.601588	-14.187139	-144.177892
39057		1.736413	-13.139360	-144.148025
39058		1.815918	-12.375711	-144.171420
39059		1.881684	-11.947147	-144.226739
39060		1.908300	-11.822311	-144.339485
39061		1.901960	-11.871466	-144.501717
39062		1.883354	-12.063548	-144.702161
39063		1.873425	-12.278476	-144.882116
39064		1.889407	-12.447407	-145.027061
39065		1.928544	-12.557809	-145.138330
39066		1.980004	-12.609264	-145.233819
39067		2.039470	-12.603929	-145.308985
39068		2.059811	-12.579596	-145.365685
39069		2.055776	-12.538825	-145.421402
39070		2.034771	-12.493841	-145.470681
39071		2.007038	-12.465817	-145.509976
39072		1.981975	-12.468336	-145.542721
39073		1.977758	-12.492363	-145.570624
39074		1.990162	-12.527647	-145.592894
39075		2.011325	-12.563373	-145.618407
39076		2.034558	-12.600818	-145.636971
39077		2.056406	-12.639743	-145.649295
39078		2.077846	-12.687433	-145.665024
39079		2.092034	-12.750037	-145.686258
39080		2.087173	-12.830264	-145.710259
39081		2.064999	-12.926446	-145.735158
39082		2.032480	-13.031321	-145.754590
39083		1.992329	-13.136479	-145.766656
39084		1.941240	-13.245154	-145.770956
39085		1.883037	-13.348572	-145.766250
39086		1.821284	-13.455374	-145.756137
39087		1.756108	-13.559969	-145.749989
39088		1.693431	-13.663901	-145.743096
39089		1.629256	-13.764035	-145.729365
39090		1.556767	-13.858200	-145.705726
39091		1.473715	-13.938356	-145.669442
39092		1.387873	-14.011871	-145.627942
39093		1.315087	-14.088853	-145.597518
39094		1.248422	-14.163993	-145.573325
39095		1.183399	-14.236435	-145.551970
39096		1.114242	-14.297238	-145.532433
39097		1.043691	-14.343271	-145.500273
39098		0.969515	-14.379641	-145.459373
39099		0.873884	-14.406285	-145.414236
39100		0.761322	-14.414388	-145.370849
39101		0.646701	-14.402501	-145.325823
39102		0.539641	-14.387321	-145.288550
39103		0.443195	-14.367734	-145.256045
39104		0.353580	-14.345087	-145.229488
39105		0.256084	-14.320512	-145.207082
39106		0.175934	-14.300522	-145.198357
39107		0.148727	-14.281449	-145.199016
39108		0.162316	-14.259474	-145.186689
39109		0.212353	-14.223843	-145.149553
39110		0.259938	-14.175144	-145.118691
39111		0.262386	-14.098287	-145.096108
39112		0.233904	-14.040829	-145.087706
39113		0.196711	-13.967680	-145.078273
39114		0.165136	-13.871354	-145.059114
39115		0.176944	-13.746483	-145.013064
39116		0.260400	-13.552479	-144.908274
39117		0.385994	-13.293613	-144.747837
39118		0.494451	-13.035740	-144.628824
39119		0.572552	-12.774876	-144.512564
39120		0.603499	-12.527723	-144.417846
39121		0.587750	-12.280992	-144.316940
39122		0.563263	-12.022794	-144.186953
39123		0.541777	-11.738092	-144.005051
39124		0.495927	-11.443056	-143.755056
39125		0.415966	-11.148872	-143.439461
39126		0.328944	-10.857214	-143.097195
39127		0.233854	-10.591704	-142.763381
39128		0.093313	-10.418388	-142.564696
39129		-0.095953	-10.270292	-142.423451
39130		-0.311106	-10.121984	-142.296276
39131		-0.546526	-9.970934	-142.163589
39132		-0.778476	-9.814132	-142.006530
39133		-0.994506	-9.629079	-141.827896
39134		-1.199253	-9.399305	-141.666724
39135		-1.404819	-9.136251	-141.543981
39136		-1.600436	-8.854180	-141.446496
39137		-1.779854	-8.550115	-141.386314
39138		-1.937252	-8.220782	-141.369036
39139		-2.065804	-7.884948	-141.377700
39140		-2.182896	-7.565229	-141.396086
39141		-2.261354	-7.230134	-141.431608
39142		-2.316809	-6.994487	-141.410134
39143		-2.385025	-6.954680	-141.358434
39144		-2.416920	-6.923209	-141.334099
39145		-2.428181	-6.866442	-141.330086
39146		-2.451910	-6.778186	-141.341883
39147		-2.480852	-6.661564	-141.366115
39148		-2.517966	-6.529810	-141.403326
39149		-2.583671	-6.379312	-141.456532
39150		-2.665725	-6.238761	-141.498142
39151		-2.790383	-6.177864	-141.482167
39152		-2.962753	-6.124289	-141.427494
39153		-3.146137	-6.073735	-141.373755
39154		-3.293784	-6.039871	-141.321912
39155		-3.400336	-5.982286	-141.282065
39156		-3.463849	-5.890345	-141.248099
39157		-3.477793	-5.773432	-141.236843
39158		-3.458422	-5.631065	-141.233669
39159		-3.423688	-5.451915	-141.221421
39160		-3.364106	-5.253886	-141.210097
39161		-3.312799	-5.058258	-141.226251
39162		-3.279580	-4.870784	-141.261423
39163		-3.280971	-4.728549	-141.286957
39164		-3.295724	-4.631819	-141.286390
39165		-3.307333	-4.568776	-141.273671
39166		-3.303018	-4.549105	-141.245890
39167		-3.280266	-4.551775	-141.209899
39168		-3.236939	-4.544753	-141.178576
39169		-3.169951	-4.518997	-141.164560
39170		-3.088604	-4.480128	-141.165907
39171		-2.998263	-4.430671	-141.175023
39172		-2.900165	-4.370907	-141.196149
39173		-2.803704	-4.304478	-141.223123
39174		-2.710593	-4.243986	-141.254946
39175		-2.622444	-4.192962	-141.286051
39176		-2.544118	-4.170100	-141.301354
39177		-2.479684	-4.164324	-141.306716
39178		-2.427905	-4.169105	-141.310185
39179		-2.390994	-4.176977	-141.310985
39180		-2.361467	-4.180724	-141.316122
39181		-2.330835	-4.181115	-141.323137
39182		-2.299705	-4.180352	-141.328878
39183		-2.267935	-4.173342	-141.336091
39184		-2.238622	-4.158823	-141.346493
39185		-2.217513	-4.138416	-141.360094
39186		-2.200856	-4.116140	-141.374713
39187		-2.180785	-4.104196	-141.382556
39188		-2.157992	-4.090511	-141.387406
39189		-2.139720	-4.082186	-141.388821
39190		-2.130377	-4.074187	-141.393967
39191		-2.132060	-4.070219	-141.399274
39192		-2.136675	-4.070064	-141.405280
39193		-2.135370	-4.072397	-141.408969
39194		-2.126244	-4.077649	-141.411895
39195		-2.111089	-4.082317	-141.413807
39196		-2.095607	-4.087875	-141.415854
39197		-2.082765	-4.096246	-141.415336
39198		-2.074860	-4.104939	-141.413554
39199		-2.067963	-4.113929	-141.412062
39200		-2.060601	-4.122745	-141.411422
39201		-2.055791	-4.129221	-141.412944
39202		-2.058904	-4.136747	-141.418045
39203		-2.071338	-4.144850	-141.421185
39204		-2.083673	-4.155950	-141.423021
39205		-2.097546	-4.169520	-141.425703
39206		-2.107051	-4.185955	-141.425785
39207		-2.116935	-4.199485	-141.426313
39208		-2.125798	-4.212702	-141.426551
39209		-2.131435	-4.224073	-141.426364
39210		-2.136775	-4.232269	-141.427475
39211		-2.149465	-4.242499	-141.429166
39212		-2.163680	-4.249076	-141.429742
39213		-2.174931	-4.253842	-141.431889
39214		-2.185592	-4.255350	-141.436188
39215		-2.196639	-4.256020	-141.437506
39216		-2.203903	-4.255630	-141.438533
39217		-2.209880	-4.253916	-141.438854
39218		-2.214956	-4.252949	-141.438169
39219		-2.218052	-4.251495	-141.435774
39220		-2.219577	-4.247528	-141.435383
39221		-2.219919	-4.245323	-141.432984
39222		-2.221670	-4.243422	-141.434003
39223		-2.229989	-4.241316	-141.435905
39224		-2.245167	-4.238022	-141.436840
39225		-2.261828	-4.232096	-141.440511
39226		-2.278832	-4.226249	-141.442473
39227		-2.292302	-4.220458	-141.447132
39228		-2.302670	-4.214824	-141.449070
39229		-2.311301	-4.210786	-141.450708
39230		-2.319456	-4.204539	-141.453784
39231		-2.327548	-4.200368	-141.454284
39232		-2.334906	-4.193936	-141.454226
39233		-2.341763	-4.188401	-141.456015
39234		-2.348683	-4.182851	-141.456947
39235		-2.356904	-4.177676	-141.460166
39236		-2.360833	-4.176352	-141.462901
39237		-2.369466	-4.172321	-141.464547
39238		-2.379209	-4.170569	-141.467030
39239		-2.387715	-4.165484	-141.469398
39240		-2.393964	-4.158744	-141.469915
39241		-2.396522	-4.155093	-141.469820
39242		-2.396108	-4.150578	-141.469714
39243		-2.395729	-4.149165	-141.469157
39244		-2.390291	-4.149387	-141.465563
39245		-2.384816	-4.147606	-141.463416
39246		-2.376598	-4.149096	-141.459227
39247		-2.369887	-4.148014	-141.454930
39248		-2.360641	-4.145188	-141.449634
39249		-2.349145	-4.141804	-141.443481
39250		-2.333261	-4.139185	-141.438148
39251		-2.318005	-4.137823	-141.431245
39252		-2.303640	-4.136663	-141.423771
39253		-2.291962	-4.134218	-141.420600
39254		-2.283383	-4.132586	-141.415725
39255		-2.278345	-4.129934	-141.412592
39256		-2.274985	-4.127654	-141.412023
39257		-2.273241	-4.125889	-141.410039
39258		-2.273735	-4.124670	-141.408913
39259		-2.274616	-4.122602	-141.407659
39260		-2.271249	-4.120321	-141.407090
39261		-2.267730	-4.117058	-141.405251
39262		-2.260378	-4.114723	-141.402523
39263		-2.255185	-4.113042	-141.399522
39264		-2.248526	-4.109874	-141.397801
39265		-2.244028	-4.107359	-141.395808
39266		-2.241380	-4.104281	-141.393397
39267		-2.240431	-4.102699	-141.394551
39268		-2.239712	-4.098084	-141.395296
39269		-2.237272	-4.095091	-141.395740
39270		-2.235986	-4.090297	-141.398193
39271		-2.234398	-4.085503	-141.399510
39272		-2.229789	-4.081846	-141.400224
39273		-2.223619	-4.078849	-141.400503
39274		-2.213635	-4.074745	-141.400475
39275		-2.205790	-4.073329	-141.399591
39276		-2.192049	-4.071243	-141.398811
39277		-2.182147	-4.068243	-141.398923
39278		-2.169044	-4.069371	-141.397981
39279		-2.153554	-4.070941	-141.396316
39280		-2.138393	-4.072551	-141.392937
39281		-2.121102	-4.074651	-141.390832
39282		-2.104112	-4.076746	-141.389863
39283		-2.093305	-4.079603	-141.387937
39284		-2.081589	-4.079060	-141.389013
39285		-2.070682	-4.078838	-141.388391
39286		-2.064109	-4.076676	-141.388797
39287		-2.059047	-4.073995	-141.388511
39288		-2.056046	-4.072800	-141.389218
39289		-2.055098	-4.071221	-141.390375
39290		-2.054050	-4.068530	-141.391388
39291		-2.054052	-4.068228	-141.392114
39292		-2.050480	-4.066850	-141.394527
39293		-2.048993	-4.065140	-141.394542
39294		-2.042668	-4.065082	-141.393510
39295		-2.035522	-4.062841	-141.393635
39296		-2.028532	-4.061595	-141.392179
39297		-2.021385	-4.059354	-141.392304
39298		-2.013004	-4.057713	-141.392267
39299		-2.004595	-4.056131	-141.393091
39300		-1.997347	-4.052775	-141.393071
39301		-1.990045	-4.051503	-141.393331
39302		-1.986342	-4.049069	-141.396462
39303		-1.985111	-4.047403	-141.398473
39304		-1.986467	-4.047342	-141.402619
39305		-1.989350	-4.046777	-141.406075
39306		-1.992121	-4.045089	-141.409386
39307		-1.994210	-4.042281	-141.413136
39308		-1.995180	-4.041118	-141.416005
39309		-1.997298	-4.038358	-141.416906
39310		-2.001203	-4.034954	-141.420236
39311		-2.007024	-4.032151	-141.424155
39312		-2.014088	-4.028574	-141.429361
39313		-2.021710	-4.025247	-141.433725
39314		-2.027353	-4.025360	-141.436333
39315		-2.031785	-4.022163	-141.441671
39316		-2.033314	-4.021175	-141.442833
39317		-2.033222	-4.017798	-141.444863
39318		-2.029406	-4.016409	-141.442428
39319		-2.025171	-4.013950	-141.442427
39320		-2.022278	-4.013791	-141.442411
39321		-2.020196	-4.013928	-141.443549
39322		-2.020208	-4.013552	-141.443414
39323		-2.021161	-4.014529	-141.443714
39324		-2.029137	-4.016311	-141.444478
