// General information: 
//  MT Manager version: 2021.4.0 
//  XDA version: 2021.4.0 build 6323 rev 112641 built on 2021-09-28
// Device information: 
//  DeviceId: 00B43773
//  ProductCode: MTW2-3A7G6
//  Firmware Version: 4.3.4
//  Hardware Version: 1.1.0
// Device settings: 
//  Filter Profile: human(46.1)
//  Option Flags: Orientation Smoother Disabled, Position/Velocity Smoother Disabled, Continuous Zero Rotation Update Disabled, AHS Disabled, ICC Disabled
// Coordinate system: ENU
PacketCounter	Roll	Pitch	Yaw
62821	0.383354	-0.060898	-0.062980
62822	0.387094	-0.055394	-0.064498
62823	0.388343	-0.049953	-0.065125
62824	0.390109	-0.045005	-0.065302
62825	0.392532	-0.040226	-0.066416
62826	0.395364	-0.035898	-0.068887
62827	0.396494	-0.034159	-0.069676
62828	0.399876	-0.033037	-0.068215
62829	0.403127	-0.029551	-0.068483
62830	0.406373	-0.025870	-0.070531
62831	0.410799	-0.023045	-0.071285
62832	0.411658	-0.019272	-0.072416
62833	0.410789	-0.015573	-0.073566
62834	0.410849	-0.013021	-0.073842
62835	0.411154	-0.009984	-0.075478
62836	0.410535	-0.004945	-0.074739
62837	0.411335	-0.000086	-0.075845
62838	0.413368	0.003024	-0.077462
62839	0.413328	0.005428	-0.077767
62840	0.414480	0.004846	-0.078637
62841	0.415571	0.005355	-0.079481
62842	0.415536	0.001685	-0.078217
62843	0.417227	-0.002760	-0.080182
62844	0.417084	-0.006385	-0.080728
62845	0.419297	-0.011522	-0.080461
62846	0.420328	-0.015810	-0.081492
62847	0.422433	-0.020902	-0.083035
62848	0.425132	-0.024030	-0.084020
62849	0.427732	-0.027299	-0.085032
62850	0.431793	-0.028664	-0.084587
62851	0.433755	-0.028213	-0.084530
62852	0.438550	-0.027076	-0.086694
62853	0.441032	-0.027319	-0.084405
62854	0.442572	-0.026032	-0.086552
62855	0.444426	-0.025535	-0.088304
62856	0.444405	-0.025453	-0.088689
62857	0.444247	-0.026749	-0.089154
62858	0.444333	-0.026714	-0.087730
62859	0.444455	-0.026093	-0.091282
62860	0.445220	-0.028543	-0.090874
62861	0.446608	-0.032380	-0.091455
62862	0.446772	-0.036606	-0.093388
62863	0.449334	-0.041104	-0.094454
62864	0.449646	-0.044141	-0.094524
62865	0.449862	-0.047313	-0.094619
62866	0.450974	-0.049130	-0.095544
62867	0.452857	-0.051143	-0.095594
62868	0.456771	-0.053698	-0.097012
62869	0.457520	-0.053813	-0.096523
62870	0.458980	-0.054996	-0.098779
62871	0.461624	-0.057023	-0.099738
62872	0.465685	-0.058388	-0.099293
62873	0.469541	-0.059841	-0.100683
62874	0.471173	-0.062352	-0.099376
62875	0.472950	-0.064317	-0.101235
62876	0.472889	-0.065471	-0.101675
62877	0.474999	-0.070553	-0.103220
62878	0.475270	-0.074825	-0.103346
62879	0.475032	-0.078581	-0.103921
62880	0.475756	-0.082266	-0.103569
62881	0.475559	-0.084786	-0.104089
62882	0.476324	-0.087236	-0.103682
62883	0.476555	-0.086653	-0.105423
62884	0.475773	-0.086557	-0.104899
62885	0.476313	-0.086574	-0.108028
62886	0.477531	-0.088437	-0.107144
62887	0.476613	-0.089706	-0.106700
62888	0.476123	-0.093965	-0.105918
62889	0.474219	-0.098876	-0.106538
62890	0.473665	-0.101852	-0.107510
62891	0.473816	-0.103732	-0.109360
62892	0.472232	-0.104857	-0.107983
62893	0.473704	-0.106212	-0.108457
62894	0.474056	-0.108014	-0.108474
62895	0.478369	-0.108871	-0.109387
62896	0.483540	-0.109616	-0.111181
62897	0.486742	-0.111092	-0.109853
62898	0.489977	-0.111161	-0.110254
62899	0.491139	-0.111912	-0.109339
62900	0.492787	-0.110671	-0.109677
62901	0.495165	-0.110848	-0.109195
62902	0.497041	-0.112678	-0.111030
62903	0.498512	-0.114029	-0.111498
62904	0.499998	-0.117729	-0.112057
62905	0.500936	-0.122135	-0.113121
62906	0.502875	-0.125247	-0.113202
62907	0.503052	-0.129640	-0.113350
62908	0.505340	-0.132118	-0.114762
62909	0.504487	-0.134660	-0.112567
62910	0.505910	-0.137076	-0.114880
62911	0.506025	-0.140185	-0.116775
62912	0.507098	-0.143236	-0.117757
62913	0.508491	-0.147052	-0.118351
62914	0.511915	-0.151427	-0.120304
62915	0.512999	-0.154644	-0.119522
62916	0.515472	-0.154699	-0.119015
62917	0.520201	-0.156198	-0.119504
62918	0.522181	-0.158076	-0.119530
62919	0.523241	-0.158773	-0.120428
62920	0.523141	-0.161161	-0.120925
62921	0.522946	-0.163667	-0.121442
62922	0.522474	-0.164171	-0.122305
62923	0.523536	-0.164866	-0.123195
62924	0.524381	-0.164846	-0.122679
62925	0.526660	-0.164971	-0.124012
62926	0.527195	-0.164351	-0.122111
62927	0.529121	-0.165109	-0.122091
62928	0.529967	-0.165089	-0.121576
62929	0.529814	-0.166358	-0.122038
62930	0.530207	-0.166924	-0.122002
62931	0.528819	-0.166249	-0.123732
62932	0.528058	-0.168673	-0.121512
62933	0.527701	-0.169844	-0.125582
62934	0.527703	-0.172282	-0.124270
62935	0.526255	-0.176590	-0.124433
62936	0.524486	-0.180139	-0.124979
62937	0.523944	-0.183279	-0.124162
62938	0.523330	-0.184971	-0.126891
62939	0.521960	-0.186803	-0.126919
62940	0.521198	-0.189227	-0.124699
62941	0.520225	-0.189201	-0.126022
62942	0.519031	-0.188457	-0.125923
62943	0.517393	-0.188459	-0.124514
62944	0.517827	-0.187790	-0.124422
62945	0.519031	-0.187303	-0.123412
62946	0.519155	-0.186035	-0.121934
62947	0.521024	-0.185504	-0.123705
62948	0.520242	-0.185409	-0.123183
62949	0.517723	-0.182828	-0.124403
62950	0.518711	-0.181622	-0.122024
62951	0.519542	-0.179245	-0.121359
62952	0.519976	-0.178576	-0.121267
62953	0.521128	-0.176795	-0.122136
62954	0.520900	-0.176162	-0.119328
62955	0.522768	-0.175631	-0.121081
62956	0.525241	-0.175687	-0.120573
62957	0.525163	-0.174475	-0.120843
62958	0.525186	-0.173158	-0.121175
62959	0.525567	-0.171356	-0.121038
62960	0.527569	-0.169479	-0.122706
62961	0.528366	-0.168344	-0.122167
62962	0.530469	-0.166516	-0.122026
62963	0.530892	-0.163482	-0.121845
62964	0.533447	-0.161068	-0.121226
62965	0.531859	-0.159821	-0.119883
62966	0.534766	-0.156771	-0.120595
62967	0.536812	-0.153813	-0.120353
62968	0.539679	-0.151998	-0.121119
62969	0.541731	-0.149039	-0.120953
62970	0.541403	-0.148357	-0.119956
62971	0.543352	-0.145346	-0.121567
62972	0.545909	-0.142932	-0.120948
62973	0.544207	-0.141655	-0.121187
62974	0.543510	-0.139089	-0.120558
62975	0.543131	-0.137273	-0.119538
62976	0.542845	-0.135357	-0.118487
62977	0.542477	-0.133558	-0.117516
62978	0.541780	-0.130992	-0.116889
62979	0.540494	-0.130363	-0.116744
62980	0.538992	-0.129019	-0.115266
62981	0.540667	-0.127940	-0.113954
62982	0.537992	-0.125935	-0.111994
62983	0.536748	-0.124045	-0.111881
62984	0.535146	-0.122652	-0.112212
62985	0.535088	-0.121430	-0.112698
62986	0.535524	-0.120762	-0.112610
62987	0.534343	-0.120159	-0.110769
62988	0.531835	-0.119938	-0.112059
62989	0.533395	-0.118807	-0.112381
62990	0.532658	-0.117477	-0.111811
62991	0.532539	-0.117517	-0.112038
62992	0.532933	-0.118084	-0.112005
62993	0.531387	-0.115610	-0.110547
62994	0.528981	-0.115439	-0.110029
62995	0.528517	-0.113589	-0.110909
62996	0.527823	-0.111023	-0.110285
62997	0.526242	-0.109788	-0.108939
62998	0.527032	-0.108483	-0.110182
62999	0.528090	-0.109163	-0.111004
63000	0.530169	-0.111091	-0.109221
63001	0.531143	-0.114228	-0.110187
63002	0.531142	-0.116667	-0.108880
63003	0.530571	-0.117275	-0.109647
63004	0.528887	-0.118352	-0.110092
63005	0.530343	-0.119668	-0.110382
63006	0.530343	-0.119668	-0.110382
63007	0.531492	-0.121651	-0.109769
63008	0.531844	-0.123453	-0.109792
63009	0.532129	-0.124084	-0.109710
63010	0.532028	-0.126472	-0.110212
63011	0.532360	-0.125880	-0.110067
63012	0.533208	-0.125861	-0.109556
63013	0.533125	-0.124595	-0.109898
63014	0.533562	-0.123926	-0.109811
63015	0.534652	-0.123323	-0.110612
63016	0.535005	-0.125125	-0.110635
63017	0.535243	-0.127016	-0.110458
63018	0.535639	-0.127583	-0.110426
63019	0.536802	-0.128298	-0.109545
63020	0.538272	-0.129476	-0.111803
63021	0.539037	-0.129533	-0.111538
63022	0.538979	-0.130685	-0.111986
63023	0.538468	-0.130100	-0.112729
63024	0.539359	-0.128846	-0.112163
63025	0.538919	-0.128236	-0.111015
63026	0.539301	-0.126282	-0.112682
63027	0.536477	-0.125636	-0.110532
63028	0.534978	-0.124294	-0.109060
63029	0.535041	-0.123076	-0.108125
63030	0.533754	-0.122281	-0.109846
63031	0.532390	-0.124095	-0.109967
63032	0.531159	-0.124585	-0.109935
63033	0.529442	-0.124454	-0.110804
63034	0.527844	-0.123060	-0.111141
63035	0.528970	-0.123748	-0.109898
63036	0.527372	-0.122354	-0.110236
63037	0.527409	-0.121201	-0.108782
63038	0.525713	-0.119756	-0.110928
63039	0.524377	-0.120280	-0.110989
63040	0.524009	-0.120834	-0.110054
63041	0.524735	-0.122117	-0.109891
63042	0.524269	-0.122620	-0.110765
63043	0.525306	-0.123355	-0.111123
63044	0.524443	-0.125730	-0.110722
63045	0.521930	-0.125622	-0.110160
63046	0.519384	-0.126634	-0.111512
63047	0.518452	-0.129170	-0.111204
63048	0.517533	-0.130259	-0.112557
63049	0.517354	-0.131482	-0.112781
63050	0.516888	-0.131985	-0.113654
63051	0.516233	-0.135035	-0.114588
63052	0.516897	-0.137435	-0.115996
63053	0.515844	-0.139839	-0.117482
63054	0.515078	-0.142265	-0.115273
63055	0.510439	-0.145140	-0.115747
63056	0.501501	-0.148420	-0.113591
63057	0.488413	-0.152901	-0.110454
63058	0.470551	-0.159541	-0.105750
63059	0.448063	-0.165383	-0.102217
63060	0.421412	-0.171675	-0.094805
63061	0.385665	-0.178800	-0.088622
63062	0.344492	-0.191170	-0.082878
63063	0.295529	-0.207657	-0.075286
63064	0.241132	-0.229332	-0.068179
63065	0.182970	-0.255272	-0.060173
63066	0.119666	-0.275252	-0.053941
63067	0.052927	-0.301284	-0.048944
63068	-0.012499	-0.324234	-0.043311
63069	-0.083586	-0.350826	-0.035402
63070	-0.157014	-0.383909	-0.029776
63071	-0.228629	-0.422613	-0.026852
63072	-0.298342	-0.465744	-0.022508
63073	-0.361588	-0.510454	-0.018986
63074	-0.425456	-0.553131	-0.020457
63075	-0.479685	-0.594502	-0.020399
63076	-0.536726	-0.633857	-0.018074
63077	-0.588187	-0.674697	-0.019992
63078	-0.637144	-0.715675	-0.017670
63079	-0.687342	-0.758433	-0.018400
63080	-0.734013	-0.800713	-0.018812
63081	-0.780571	-0.843120	-0.020975
63082	-0.824782	-0.886772	-0.020506
63083	-0.862956	-0.928809	-0.025827
63084	-0.894978	-0.970556	-0.026112
63085	-0.923714	-1.014993	-0.025905
63086	-0.950261	-1.059440	-0.028968
63087	-0.971257	-1.105395	-0.033342
63088	-0.991552	-1.155071	-0.038380
63089	-1.006465	-1.208740	-0.046734
63090	-1.016403	-1.269356	-0.058037
63091	-1.021266	-1.341324	-0.074459
63092	-1.018711	-1.420370	-0.095087
63093	-1.019944	-1.490601	-0.114682
63094	-1.043395	-1.591815	-0.146275
63095	-1.095308	-1.713411	-0.179211
63096	-1.197036	-1.859657	-0.236696
63097	-1.329942	-2.053513	-0.293846
63098	-1.460784	-2.333908	-0.331415
63099	-1.541073	-2.711125	-0.330841
63100	-1.605459	-3.184146	-0.313049
63101	-1.674370	-3.749963	-0.283607
63102	-1.784855	-4.442760	-0.297883
63103	-1.844710	-5.252264	-0.277723
63104	-1.908149	-6.161667	-0.242876
63105	-1.995600	-7.161228	-0.233850
63106	-2.057839	-8.275607	-0.220590
63107	-2.027084	-9.487795	-0.177084
63108	-2.129664	-10.822768	-0.209321
63109	-2.372680	-12.208211	-0.529978
63110	-2.925449	-13.887738	-0.924027
63111	-3.908192	-15.620748	-1.371736
63112	-5.417474	-17.243708	-1.897207
63113	-7.049832	-18.781168	-2.439307
63114	-8.207407	-20.166190	-2.863773
63115	-8.771888	-21.555871	-3.107899
63116	-8.838974	-23.028382	-3.185753
63117	-8.649105	-24.580932	-3.201201
63118	-8.415073	-26.185984	-3.260662
63119	-8.239955	-27.846448	-3.447228
63120	-8.124898	-29.563715	-3.786421
63121	-8.020755	-31.334485	-4.278282
63122	-7.879416	-33.116892	-4.898976
63123	-7.676958	-34.853525	-5.628978
63124	-7.412989	-36.457347	-6.428851
63125	-7.056710	-37.850246	-7.258601
63126	-6.629134	-38.989290	-8.055921
63127	-6.165619	-39.883880	-8.790817
63128	-5.676432	-40.563433	-9.429195
63129	-5.160081	-41.099271	-9.922544
63130	-4.632606	-41.567361	-10.262370
63131	-4.109922	-41.989196	-10.493602
63132	-3.573163	-42.310262	-10.684236
63133	-2.973042	-42.494930	-10.921962
63134	-2.301323	-42.549108	-11.256145
63135	-1.522694	-42.483652	-11.742613
63136	-0.610597	-42.299145	-12.394577
63137	0.449360	-41.983532	-13.192864
63138	1.637445	-41.500253	-14.117282
63139	2.909388	-40.826366	-15.131731
63140	4.210725	-39.935508	-16.211553
63141	5.480420	-38.798512	-17.294299
63142	6.686154	-37.443279	-18.320975
63143	7.790178	-35.946675	-19.218979
63144	8.755793	-34.387631	-19.942332
63145	9.535474	-32.788103	-20.462881
63146	10.102494	-31.149105	-20.775294
63147	10.466899	-29.480062	-20.865196
63148	10.668975	-27.801142	-20.723853
63149	10.750326	-26.088507	-20.378525
63150	10.733475	-24.351159	-19.874525
63151	10.652813	-22.622977	-19.283523
63152	10.524514	-20.954240	-18.659898
63153	10.337389	-19.384112	-18.035185
63154	10.111544	-17.893139	-17.426192
63155	9.888464	-16.450085	-16.821486
63156	9.691821	-15.062086	-16.228011
63157	9.494345	-13.740265	-15.635104
63158	9.238311	-12.521482	-15.032845
63159	8.871163	-11.399232	-14.425949
63160	8.399735	-10.355892	-13.772728
63161	7.914104	-9.390355	-13.033601
63162	7.493143	-8.510468	-12.214751
63163	7.130853	-7.692277	-11.390670
63164	6.807773	-6.905833	-10.665570
63165	6.522379	-6.136382	-10.069950
63166	6.270830	-5.406318	-9.604485
63167	6.074145	-4.729108	-9.231757
63168	5.976999	-4.115976	-8.890519
63169	5.960628	-3.598200	-8.562443
63170	5.969103	-3.197097	-8.269994
63171	5.954680	-2.902478	-8.003388
63172	5.871078	-2.706294	-7.743238
63173	5.707600	-2.624026	-7.427807
63174	5.420111	-2.665256	-7.022993
63175	5.003173	-2.808644	-6.549514
63176	4.436971	-2.638814	-6.417430
63177	4.094261	-2.178160	-6.697879
63178	3.332178	-1.894469	-7.134948
63179	2.944544	-1.599001	-7.210774
63180	2.756120	-1.504796	-6.849172
63181	2.696717	-1.562562	-6.427329
63182	2.612424	-1.656687	-6.329609
63183	2.494315	-1.819310	-6.524986
63184	2.420660	-1.985416	-6.694021
63185	2.418949	-2.142169	-6.739091
63186	2.439633	-2.256994	-6.829715
63187	2.426394	-2.300243	-7.012787
63188	2.400130	-2.264793	-7.227727
63189	2.384836	-2.166916	-7.370277
63190	2.383630	-2.026863	-7.446179
63191	2.396606	-1.851987	-7.527007
63192	2.426962	-1.650881	-7.642256
63193	2.492048	-1.450461	-7.746867
63194	2.543427	-1.289589	-7.849702
63195	2.569946	-1.193265	-7.951171
63196	2.582462	-1.154500	-8.080680
63197	2.609550	-1.157122	-8.223261
63198	2.680231	-1.182551	-8.352617
63199	2.782088	-1.222069	-8.468827
63200	2.899291	-1.260309	-8.582779
63201	3.014870	-1.295758	-8.690314
63202	3.110246	-1.337246	-8.779226
63203	3.185890	-1.393323	-8.860619
63204	3.261185	-1.467562	-8.932996
63205	3.336906	-1.565362	-8.981723
63206	3.419854	-1.682144	-9.026778
63207	3.493465	-1.809992	-9.080567
63208	3.564866	-1.919775	-9.133885
63209	3.639993	-2.022741	-9.210093
63210	3.714449	-2.129331	-9.272828
63211	3.795191	-2.235937	-9.344395
63212	3.880099	-2.331333	-9.444328
63213	3.967876	-2.422396	-9.553606
63214	4.063734	-2.508989	-9.666434
63215	4.161656	-2.590035	-9.787610
63216	4.263835	-2.661754	-9.890479
63217	4.361075	-2.733845	-9.958177
63218	4.433625	-2.808617	-9.981817
63219	4.472914	-2.854298	-10.006172
63220	4.496143	-2.890651	-10.017467
63221	4.502392	-2.905326	-10.010004
63222	4.486375	-2.896810	-9.996963
63223	4.424961	-2.884992	-9.944882
63224	4.315808	-2.886943	-9.852942
63225	4.152343	-2.906730	-9.731872
63226	3.975079	-2.937518	-9.590694
63227	3.822439	-2.984304	-9.421651
63228	3.703269	-3.048006	-9.195228
63229	3.614497	-3.123528	-8.888371
63230	3.523398	-3.196611	-8.509942
63231	3.427121	-3.247835	-8.118000
63232	3.344494	-3.229591	-7.742837
63233	3.297491	-3.114608	-7.414895
63234	3.265224	-2.933866	-7.113184
63235	3.227056	-2.768048	-6.924979
63236	3.158704	-2.712675	-6.869354
63237	3.040126	-2.709595	-6.872345
63238	2.874514	-2.756030	-6.908596
63239	2.692753	-2.823233	-6.948403
63240	2.518601	-2.911978	-7.044037
63241	2.319009	-3.050733	-7.177341
63242	2.076927	-3.197637	-7.284252
63243	1.829928	-3.312744	-7.350849
63244	1.604478	-3.397984	-7.363293
63245	1.394105	-3.460168	-7.327036
63246	1.209473	-3.484687	-7.246561
63247	1.049641	-3.464491	-7.099463
63248	0.923038	-3.388383	-6.884570
63249	0.830155	-3.269874	-6.641612
63250	0.754135	-3.132729	-6.419386
63251	0.710992	-2.956523	-6.213902
63252	0.685247	-2.762895	-6.019145
63253	0.669576	-2.586439	-5.878257
63254	0.638265	-2.458167	-5.798616
63255	0.571200	-2.428342	-5.814020
63256	0.470997	-2.446963	-5.841963
63257	0.351643	-2.465768	-5.850405
63258	0.226351	-2.478042	-5.840991
63259	0.085488	-2.486046	-5.811465
63260	-0.075143	-2.519226	-5.780976
63261	-0.266259	-2.565236	-5.736003
63262	-0.478317	-2.619007	-5.690029
63263	-0.714838	-2.679622	-5.644927
63264	-0.958274	-2.738767	-5.591446
63265	-1.180363	-2.774503	-5.528658
63266	-1.386574	-2.783893	-5.461130
63267	-1.584949	-2.800033	-5.398488
63268	-1.779880	-2.829995	-5.337195
63269	-1.967671	-2.856255	-5.280655
63270	-2.137097	-2.881554	-5.223747
63271	-2.288202	-2.903243	-5.171494
63272	-2.413496	-2.919689	-5.132168
63273	-2.519057	-2.927642	-5.100954
63274	-2.613217	-2.931680	-5.067708
63275	-2.709051	-2.940805	-5.036624
63276	-2.824065	-2.961373	-5.010364
63277	-2.947258	-2.979591	-4.984166
63278	-3.055534	-2.990816	-4.959065
63279	-3.155038	-3.008427	-4.933247
63280	-3.226325	-3.027198	-4.913778
63281	-3.282776	-3.036294	-4.892935
63282	-3.335207	-3.034051	-4.868875
63283	-3.377487	-3.027007	-4.832422
63284	-3.405277	-3.036498	-4.789326
63285	-3.429931	-3.053547	-4.737110
63286	-3.418230	-3.060188	-4.697716
63287	-3.367989	-3.043797	-4.661864
63288	-3.304402	-3.021822	-4.634565
63289	-3.232052	-2.989689	-4.622293
63290	-3.156775	-2.950651	-4.625169
63291	-3.094195	-2.907403	-4.629454
63292	-3.036686	-2.855876	-4.639565
63293	-2.982105	-2.781016	-4.640522
63294	-2.941975	-2.683552	-4.644600
63295	-2.905419	-2.566498	-4.635032
63296	-2.860533	-2.431347	-4.646759
63297	-2.806875	-2.277353	-4.660175
63298	-2.745780	-2.115712	-4.674217
63299	-2.685282	-1.952487	-4.690627
63300	-2.625478	-1.789598	-4.693544
63301	-2.568748	-1.649239	-4.695370
63302	-2.498223	-1.552601	-4.707077
63303	-2.429152	-1.495748	-4.719962
63304	-2.360076	-1.462765	-4.737720
63305	-2.296290	-1.434270	-4.748720
63306	-2.230334	-1.414822	-4.770687
63307	-2.165082	-1.377611	-4.787020
63308	-2.092043	-1.344542	-4.811274
63309	-2.007163	-1.305539	-4.830498
63310	-1.909686	-1.263271	-4.855477
63311	-1.810828	-1.213772	-4.876495
63312	-1.706076	-1.173915	-4.904270
63313	-1.601451	-1.118254	-4.918464
63314	-1.499055	-1.074602	-4.945247
63315	-1.402485	-1.028627	-4.969271
63316	-1.317323	-0.962073	-4.983840
63317	-1.246017	-0.916571	-5.005919
63318	-1.178102	-0.873881	-5.030468
63319	-1.108737	-0.833865	-5.053240
63320	-1.045037	-0.782029	-5.063941
63321	-0.989929	-0.750676	-5.079736
63322	-0.938975	-0.723428	-5.095252
63323	-0.891545	-0.711934	-5.102513
63324	-0.846691	-0.705778	-5.111401
63325	-0.805279	-0.699778	-5.120373
63326	-0.775266	-0.695462	-5.126271
63327	-0.749122	-0.689442	-5.132649
63328	-0.727632	-0.680753	-5.138973
63329	-0.709171	-0.671620	-5.144871
63330	-0.692956	-0.661044	-5.151664
63331	-0.676864	-0.650713	-5.154737
63332	-0.659535	-0.634534	-5.163646
63333	-0.647112	-0.621091	-5.167119
63334	-0.630887	-0.606835	-5.171897
63335	-0.616478	-0.592755	-5.176724
63336	-0.600232	-0.576059	-5.179533
63337	-0.584614	-0.557682	-5.182774
63338	-0.567966	-0.539142	-5.185038
63339	-0.543926	-0.516442	-5.189402
63340	-0.521613	-0.495465	-5.190556
63341	-0.497946	-0.472172	-5.193495
63342	-0.473628	-0.446885	-5.193985
63343	-0.451210	-0.421706	-5.198274
63344	-0.427388	-0.395712	-5.202962
63345	-0.404167	-0.371747	-5.208223
63346	-0.374600	-0.329877	-5.203779
63347	-0.349770	-0.303443	-5.208920
63348	-0.323470	-0.278707	-5.212678
63349	-0.298086	-0.257921	-5.213804
63350	-0.274174	-0.234431	-5.216704
63351	-0.254446	-0.209939	-5.216832
63352	-0.236589	-0.185820	-5.219328
63353	-0.220095	-0.160080	-5.219455
63354	-0.206708	-0.130394	-5.221338
63355	-0.199519	-0.101548	-5.221023
63356	-0.194172	-0.071877	-5.221161
63357	-0.188133	-0.041227	-5.218459
63358	-0.180323	-0.011586	-5.217631
63359	-0.176664	0.016583	-5.214133
63360	-0.176925	0.043779	-5.213539
63361	-0.186655	0.068953	-5.212735
63362	-0.200638	0.094940	-5.211502
63363	-0.210443	0.117730	-5.214560
63364	-0.216292	0.137509	-5.213428
63365	-0.219853	0.153377	-5.211479
63366	-0.217209	0.167597	-5.211806
63367	-0.210225	0.184641	-5.208689
63368	-0.198988	0.204299	-5.204446
63369	-0.182723	0.225642	-5.201474
63370	-0.159832	0.245949	-5.200272
63371	-0.135514	0.266076	-5.199066
63372	-0.109059	0.285829	-5.201098
63373	-0.085195	0.304161	-5.202308
63374	-0.062373	0.319614	-5.205029
63375	-0.045762	0.337950	-5.205436
63376	-0.033806	0.354004	-5.205995
63377	-0.026902	0.371136	-5.206629
63378	-0.018042	0.393244	-5.201406
63379	-0.010710	0.409739	-5.201587
63380	-0.003602	0.424575	-5.202285
63381	0.008236	0.439173	-5.201041
63382	0.016653	0.455776	-5.198369
63383	0.022017	0.470398	-5.197252
63384	0.027153	0.483352	-5.196652
63385	0.030071	0.495537	-5.196608
63386	0.031982	0.503560	-5.196248
63387	0.032984	0.512585	-5.193074
63388	0.036888	0.517547	-5.194189
63389	0.042227	0.524810	-5.195209
63390	0.049426	0.530948	-5.194340
63391	0.057283	0.536898	-5.192543
63392	0.065265	0.543056	-5.192595
63393	0.077929	0.549037	-5.192574
63394	0.091137	0.555830	-5.193904
63395	0.102602	0.561184	-5.193461
63396	0.112107	0.562490	-5.197405
63397	0.121549	0.561074	-5.197712
63398	0.130281	0.558653	-5.200868
63399	0.138045	0.558527	-5.203040
63400	0.145574	0.556717	-5.205730
63401	0.154970	0.552879	-5.208003
63402	0.165387	0.547932	-5.209343
63403	0.175204	0.543466	-5.211163
63404	0.186408	0.537306	-5.213472
63405	0.191851	0.527233	-5.213241
63406	0.201098	0.510540	-5.214569
63407	0.208142	0.488166	-5.216638
63408	0.212136	0.462237	-5.218887
63409	0.211924	0.438630	-5.220213
63410	0.211828	0.417684	-5.223301
63411	0.213695	0.400798	-5.221996
63412	0.214412	0.388474	-5.223813
63413	0.219033	0.377199	-5.224595
63414	0.222974	0.371042	-5.226121
63415	0.225947	0.368418	-5.226608
63416	0.228715	0.368999	-5.225558
63417	0.232043	0.370733	-5.227281
63418	0.235535	0.373858	-5.228935
63419	0.239752	0.375515	-5.227830
63420	0.248539	0.375519	-5.229036
63421	0.258843	0.370373	-5.228546
63422	0.267237	0.362360	-5.230534
63423	0.275521	0.351680	-5.230765
63424	0.281582	0.337420	-5.230225
63425	0.287084	0.315005	-5.230494
63426	0.291971	0.292705	-5.229824
63427	0.294612	0.267254	-5.231679
63428	0.296332	0.238735	-5.229441
63429	0.292230	0.199013	-5.228700
63430	0.288340	0.149535	-5.228340
63431	0.284217	0.096343	-5.231909
63432	0.275111	0.037629	-5.232502
63433	0.263025	-0.019347	-5.232626
63434	0.247036	-0.076170	-5.233741
63435	0.228008	-0.127499	-5.236098
63436	0.205559	-0.175700	-5.235086
63437	0.184575	-0.221557	-5.233966
63438	0.161721	-0.267890	-5.233353
63439	0.136721	-0.312526	-5.231301
63440	0.113903	-0.355200	-5.228657
63441	0.097827	-0.396189	-5.225390
63442	0.092726	-0.432651	-5.225998
63443	0.091581	-0.469331	-5.223765
63444	0.093492	-0.510254	-5.220267
63445	0.095189	-0.553674	-5.220653
63446	0.094317	-0.603816	-5.219023
63447	0.080978	-0.666016	-5.232161
63448	0.053929	-0.737626	-5.258069
63449	0.008415	-0.824288	-5.302228
63450	-0.056104	-0.942689	-5.359277
63451	-0.094882	-1.104799	-5.381948
63452	-0.122262	-1.320006	-5.382220
63453	-0.165063	-1.579924	-5.375609
63454	-0.208223	-1.891942	-5.362540
63455	-0.264718	-2.263267	-5.351226
63456	-0.336440	-2.713258	-5.336902
63457	-0.396416	-3.249475	-5.312251
63458	-0.456213	-3.847884	-5.282737
63459	-0.520382	-4.495075	-5.255173
63460	-0.584633	-5.208965	-5.223946
63461	-0.605670	-5.970523	-5.172431
63462	-0.599245	-6.800451	-5.117910
63463	-0.605183	-7.722017	-5.073413
63464	-0.604632	-8.757658	-5.025766
63465	-0.623538	-9.898761	-4.970044
63466	-0.670338	-11.143902	-4.944573
63467	-0.790770	-12.733000	-4.841101
63468	-0.887016	-14.595266	-4.572086
63469	-1.201210	-16.415867	-4.139653
63470	-1.813221	-18.356797	-3.537448
63471	-2.537252	-20.185479	-2.778296
63472	-3.103431	-21.743278	-1.884176
63473	-3.492730	-23.115944	-0.867153
63474	-3.716461	-24.419049	0.213370
63475	-3.853683	-25.773630	1.296527
63476	-3.997994	-27.258154	2.324515
63477	-4.226999	-28.897002	3.234564
63478	-4.560762	-30.673483	3.982948
63479	-4.974610	-32.569468	4.545775
63480	-5.422355	-34.571423	4.935224
63481	-5.893094	-36.683499	5.180313
63482	-6.357029	-38.871383	5.298676
63483	-6.783846	-41.055095	5.310859
63484	-7.143702	-43.153036	5.208949
63485	-7.402357	-45.062988	4.997044
63486	-7.530254	-46.685891	4.671932
63487	-7.535664	-47.920959	4.232291
63488	-7.471122	-48.776934	3.678652
63489	-7.349790	-49.341563	3.021428
63490	-7.152177	-49.681624	2.300025
63491	-6.864584	-49.807067	1.546927
63492	-6.503157	-49.699473	0.784979
63493	-6.052803	-49.410840	0.013836
63494	-5.537034	-48.996689	-0.752461
63495	-4.956194	-48.490399	-1.558465
63496	-4.315271	-47.886705	-2.457785
63497	-3.582564	-47.180055	-3.473420
63498	-2.718202	-46.427041	-4.609176
63499	-1.676153	-45.646915	-5.857443
63500	-0.428536	-44.815211	-7.220120
63501	1.003256	-43.895741	-8.725763
63502	2.532441	-42.862264	-10.366434
63503	4.123582	-41.685945	-12.114954
63504	5.718770	-40.377044	-13.838786
63505	7.297640	-38.945150	-15.458453
63506	8.771469	-37.401908	-16.890493
63507	10.056187	-35.778386	-18.082896
63508	11.107303	-34.121663	-18.998432
63509	11.908182	-32.473408	-19.603126
63510	12.444463	-30.868286	-19.891395
63511	12.718247	-29.309583	-19.869733
63512	12.746938	-27.806922	-19.535062
63513	12.579495	-26.376314	-18.913871
63514	12.252753	-25.037938	-18.062907
63515	11.767440	-23.800441	-17.055191
63516	11.167437	-22.633435	-16.007930
63517	10.538275	-21.486652	-14.978530
63518	9.954328	-20.332461	-14.040197
63519	9.462680	-19.172979	-13.255677
63520	9.035354	-18.045428	-12.677685
63521	8.621783	-16.973887	-12.311189
63522	8.203486	-15.969940	-12.099003
63523	7.766294	-15.034176	-11.961298
63524	7.302200	-14.168980	-11.822932
63525	6.808106	-13.380880	-11.616603
63526	6.273062	-12.673474	-11.328395
63527	5.752173	-12.057924	-10.952039
63528	5.257726	-11.559165	-10.513678
63529	4.759262	-11.211018	-10.049184
63530	4.255462	-11.024649	-9.567038
63531	3.763793	-10.994615	-9.039214
63532	3.268250	-11.088050	-8.472358
63533	2.723355	-11.256456	-7.878411
63534	2.140152	-11.492743	-7.260267
63535	1.580000	-11.808008	-6.599429
63536	1.073877	-12.200701	-5.888515
63537	0.579803	-12.600744	-5.180284
63538	0.110306	-12.890828	-4.511812
63539	-0.147804	-12.950614	-3.929974
63540	0.475857	-11.999759	-3.804097
63541	0.467713	-11.282942	-4.308079
63542	0.442376	-10.580430	-4.631454
63543	0.554536	-10.033434	-4.511602
63544	0.583337	-9.617201	-4.363652
63545	0.593753	-9.250453	-4.422584
63546	0.674942	-8.974018	-4.507929
63547	0.784927	-8.792649	-4.537607
63548	0.900796	-8.664632	-4.577711
63549	1.031068	-8.562004	-4.646731
63550	1.173413	-8.482882	-4.694248
63551	1.298681	-8.429714	-4.711680
63552	1.388720	-8.395562	-4.703766
63553	1.474249	-8.369433	-4.686146
63554	1.568019	-8.352892	-4.704878
63555	1.674408	-8.325266	-4.728795
63556	1.789906	-8.282001	-4.752033
63557	1.926071	-8.197685	-4.785943
63558	2.093804	-8.090110	-4.839863
63559	2.278118	-7.966545	-4.909386
63560	2.456672	-7.838144	-4.991140
63561	2.608298	-7.699155	-5.057637
63562	2.737883	-7.558658	-5.129581
63563	2.844954	-7.433143	-5.235208
63564	2.938296	-7.325734	-5.352057
63565	3.034409	-7.221483	-5.481749
63566	3.139623	-7.103760	-5.611010
63567	3.255799	-6.975746	-5.737433
63568	3.384159	-6.836058	-5.874295
63569	3.522474	-6.669832	-6.019694
63570	3.675911	-6.470606	-6.165847
63571	3.830470	-6.247271	-6.309647
63572	3.983609	-5.969485	-6.429079
63573	4.141304	-5.628458	-6.528402
63574	4.310062	-5.239581	-6.617997
63575	4.492814	-4.843947	-6.698007
63576	4.690197	-4.471435	-6.755347
63577	4.889100	-4.122428	-6.815937
63578	5.062741	-3.812996	-6.872962
63579	5.160942	-3.583540	-6.916000
63580	5.167660	-3.449029	-6.965088
63581	5.123172	-3.376231	-6.994053
63582	5.085284	-3.287530	-6.964138
63583	5.078815	-3.190571	-6.900587
63584	5.073200	-3.087803	-6.802648
63585	5.040934	-2.996740	-6.694034
63586	4.984251	-2.929224	-6.584298
63587	4.917571	-2.886168	-6.481579
63588	4.842771	-2.850838	-6.379960
63589	4.745553	-2.817455	-6.288126
63590	4.622566	-2.772714	-6.213965
63591	4.472942	-2.721114	-6.132857
63592	4.304270	-2.674145	-6.041903
63593	4.126664	-2.620494	-5.938486
63594	3.955462	-2.573757	-5.835469
63595	3.793028	-2.538441	-5.726814
63596	3.661376	-2.493676	-5.592358
63597	3.558029	-2.432736	-5.416806
63598	3.457350	-2.379229	-5.200511
63599	3.420871	-2.312258	-4.986943
63600	3.390377	-2.227144	-4.749497
63601	3.321204	-2.112821	-4.486522
63602	3.287770	-1.961613	-4.195938
63603	3.261884	-1.791854	-3.875619
63604	3.210966	-1.642369	-3.565463
63605	3.126389	-1.521184	-3.267313
63606	3.018134	-1.435690	-3.019669
63607	2.902111	-1.373106	-2.844492
63608	2.804737	-1.327949	-2.737561
63609	2.700160	-1.304550	-2.684873
63610	2.565859	-1.303946	-2.662746
63611	2.450655	-1.336013	-2.718620
63612	2.354450	-1.431119	-2.849436
63613	2.220906	-1.553726	-2.963502
63614	2.069464	-1.683036	-3.060388
63615	1.907802	-1.842494	-3.165226
63616	1.746768	-2.011234	-3.245230
63617	1.609751	-2.143297	-3.290979
63618	1.482584	-2.234781	-3.303533
63619	1.367875	-2.295626	-3.289141
63620	1.285049	-2.321248	-3.253692
63621	1.260954	-2.294664	-3.196722
63622	1.255551	-2.219817	-3.112789
63623	1.240724	-2.116104	-3.006796
63624	1.233489	-1.993062	-2.903066
63625	1.238961	-1.858564	-2.804855
63626	1.240908	-1.724817	-2.711500
63627	1.248697	-1.593871	-2.635527
63628	1.280935	-1.472354	-2.598401
63629	1.321606	-1.361936	-2.573906
63630	1.344921	-1.264995	-2.551658
63631	1.362158	-1.182945	-2.529393
63632	1.404608	-1.102083	-2.520905
63633	1.462172	-1.025434	-2.515332
63634	1.514079	-0.955580	-2.516606
63635	1.524267	-0.897524	-2.508655
63636	1.484734	-0.853894	-2.488507
63637	1.434793	-0.814467	-2.483441
63638	1.367565	-0.769881	-2.467272
63639	1.278748	-0.734521	-2.441314
63640	1.198217	-0.711753	-2.410538
63641	1.121791	-0.692107	-2.385938
63642	1.053367	-0.671906	-2.359922
63643	0.996383	-0.651416	-2.354949
63644	0.932210	-0.631556	-2.338666
63645	0.872790	-0.601929	-2.327418
63646	0.807099	-0.584704	-2.321966
63647	0.762613	-0.549088	-2.263970
63648	0.743767	-0.484691	-2.177268
63649	0.668952	-0.453853	-2.132079
63650	0.513812	-0.467652	-2.131164
63651	0.426357	-0.442794	-2.075681
63652	0.331157	-0.417739	-2.029176
63653	0.244686	-0.381642	-1.994080
63654	0.227148	-0.323367	-1.977859
63655	0.236501	-0.264496	-1.975738
63656	0.258100	-0.198079	-1.983150
63657	0.269599	-0.126368	-1.999749
63658	0.247505	-0.072707	-2.010060
63659	0.197479	-0.031524	-1.994979
63660	0.117056	-0.009762	-1.973650
63661	-0.004687	-0.000758	-1.942008
63662	-0.148132	0.002074	-1.898021
63663	-0.283266	-0.002301	-1.851925
63664	-0.394175	-0.008308	-1.810824
63665	-0.488592	-0.018514	-1.775867
63666	-0.578468	-0.030829	-1.753702
63667	-0.666625	-0.037575	-1.740044
63668	-0.742363	-0.038698	-1.739147
63669	-0.813675	-0.037478	-1.747224
63670	-0.886677	-0.040505	-1.748658
63671	-0.948023	-0.042304	-1.747431
63672	-1.002959	-0.042763	-1.753300
63673	-1.055352	-0.050728	-1.768449
63674	-1.097014	-0.058952	-1.780523
63675	-1.133399	-0.060754	-1.791800
63676	-1.154470	-0.058650	-1.798360
63677	-1.154685	-0.054995	-1.802350
63678	-1.134971	-0.048720	-1.806976
63679	-1.100816	-0.039415	-1.809210
63680	-1.056151	-0.022278	-1.810433
63681	-1.004150	-0.008627	-1.811964
63682	-0.947441	0.003100	-1.810202
63683	-0.892935	0.020410	-1.812482
63684	-0.845710	0.039918	-1.812658
63685	-0.796068	0.065361	-1.811674
63686	-0.748668	0.092324	-1.813465
63687	-0.706676	0.121187	-1.815831
63688	-0.660957	0.149532	-1.821291
63689	-0.620983	0.166149	-1.825900
63690	-0.584015	0.180502	-1.828846
63691	-0.555496	0.188817	-1.832239
63692	-0.531394	0.196931	-1.840814
63693	-0.513070	0.203799	-1.846865
63694	-0.495452	0.210901	-1.855679
63695	-0.482898	0.216802	-1.864689
63696	-0.470964	0.221604	-1.872840
63697	-0.460127	0.223853	-1.882015
63698	-0.444644	0.222917	-1.887938
63699	-0.422139	0.225440	-1.898110
63700	-0.401341	0.226174	-1.903361
63701	-0.379981	0.228059	-1.911306
63702	-0.358153	0.237443	-1.917180
63703	-0.333342	0.246634	-1.924795
63704	-0.304345	0.255858	-1.933197
63705	-0.274866	0.261244	-1.942619
63706	-0.246380	0.264893	-1.949844
63707	-0.214785	0.268257	-1.955153
63708	-0.185826	0.271217	-1.960105
63709	-0.155370	0.273941	-1.963190
63710	-0.119641	0.274867	-1.969384
63711	-0.079923	0.276690	-1.972688
63712	-0.035459	0.282834	-1.976176
63713	0.011355	0.293740	-1.980357
63714	0.055548	0.306767	-1.985927
63715	0.092180	0.317460	-1.992716
63716	0.126973	0.323934	-1.996504
63717	0.154246	0.329315	-2.001467
63718	0.176577	0.335511	-2.003344
63719	0.190552	0.340667	-2.007329
63720	0.203993	0.348419	-2.010327
63721	0.218864	0.359811	-2.016818
63722	0.231573	0.371327	-2.020622
63723	0.245803	0.382595	-2.022555
63724	0.258190	0.399758	-2.028461
63725	0.266371	0.415649	-2.033616
63726	0.271680	0.434135	-2.035104
63727	0.279968	0.451201	-2.038383
63728	0.291430	0.460892	-2.041828
63729	0.301115	0.470509	-2.045326
63730	0.308866	0.478482	-2.049399
63731	0.313993	0.483905	-2.052720
63732	0.318061	0.488863	-2.055633
63733	0.326765	0.493603	-2.060245
63734	0.331127	0.494210	-2.062843
63735	0.336518	0.494056	-2.065893
63736	0.343604	0.491500	-2.068978
63737	0.350102	0.488238	-2.072562
63738	0.357657	0.484975	-2.073369
63739	0.366622	0.484138	-2.077712
63740	0.377964	0.485065	-2.077802
63741	0.389026	0.486002	-2.081564
63742	0.397907	0.487039	-2.082640
63743	0.409038	0.487912	-2.084569
63744	0.422410	0.490676	-2.085911
63745	0.432764	0.491545	-2.086948
63746	0.440057	0.491337	-2.086285
63747	0.446000	0.492954	-2.086968
63748	0.450795	0.491620	-2.087335
63749	0.457004	0.490187	-2.089494
63750	0.464599	0.488161	-2.090263
63751	0.470765	0.482962	-2.090727
63752	0.473796	0.476740	-2.091324
63753	0.476251	0.469824	-2.092418
63754	0.478030	0.461772	-2.092660
63755	0.479649	0.454916	-2.094694
63756	0.481859	0.444918	-2.092703
63757	0.488654	0.432259	-2.092508
63758	0.494807	0.419694	-2.091417
63759	0.498029	0.407724	-2.089929
63760	0.498145	0.395954	-2.088527
63761	0.499056	0.389033	-2.087838
63762	0.499728	0.384092	-2.087544
63763	0.497575	0.380911	-2.084970
63764	0.495227	0.383484	-2.084485
63765	0.492684	0.383483	-2.084097
63766	0.489182	0.385397	-2.081379
63767	0.485160	0.387853	-2.079111
63768	0.479262	0.389813	-2.075546
63769	0.473660	0.393557	-2.073278
63770	0.468614	0.397994	-2.070515
63771	0.461103	0.406140	-2.068603
63772	0.450197	0.415016	-2.063565
63773	0.428721	0.422794	-2.056131
63774	0.404590	0.430079	-2.046517
63775	0.375069	0.436830	-2.037548
63776	0.343544	0.445754	-2.032703
63777	0.303171	0.456002	-2.025348
63778	0.247286	0.464832	-2.012604
63779	0.180251	0.469645	-2.001755
63780	0.110481	0.474043	-1.990597
63781	0.032994	0.475141	-1.988081
63782	-0.041209	0.475010	-1.985542
63783	-0.109462	0.475261	-1.985111
63784	-0.173972	0.473580	-1.982358
63785	-0.230830	0.473413	-1.979773
63786	-0.286734	0.472009	-1.974472
63787	-0.344427	0.466861	-1.969361
63788	-0.407018	0.454175	-1.973362
63789	-0.476745	0.429452	-1.985296
63790	-0.546280	0.403474	-1.993609
63791	-0.609608	0.380203	-1.998417
63792	-0.666233	0.360463	-2.001058
63793	-0.720629	0.344785	-1.999390
63794	-0.778423	0.332372	-1.996406
63795	-0.839485	0.319977	-1.993557
63796	-0.900754	0.305718	-1.985746
63797	-0.954829	0.292397	-1.978557
63798	-1.003664	0.278411	-1.972564
63799	-1.043664	0.262758	-1.963519
63800	-1.077540	0.250131	-1.956453
63801	-1.105777	0.237181	-1.946424
63802	-1.128575	0.225945	-1.933855
63803	-1.146616	0.213199	-1.919299
63804	-1.164036	0.202327	-1.902391
63805	-1.179203	0.190090	-1.886339
63806	-1.198726	0.178726	-1.871817
63807	-1.212683	0.167084	-1.856161
63808	-1.224076	0.156652	-1.839465
63809	-1.234391	0.145500	-1.823197
63810	-1.245465	0.131962	-1.806106
63811	-1.253832	0.116377	-1.787580
63812	-1.260881	0.096395	-1.764081
63813	-1.263265	0.076218	-1.742229
63814	-1.264652	0.054749	-1.715808
63815	-1.266291	0.028281	-1.689517
63816	-1.267033	0.003097	-1.664085
63817	-1.264979	-0.022927	-1.635372
63818	-1.260841	-0.049597	-1.606150
63819	-1.265400	-0.079048	-1.579623
63820	-1.280688	-0.111226	-1.549480
63821	-1.305115	-0.149273	-1.520746
63822	-1.327396	-0.185492	-1.491435
63823	-1.346073	-0.223813	-1.457934
63824	-1.359076	-0.264823	-1.421557
63825	-1.373504	-0.308874	-1.386685
63826	-1.384520	-0.351844	-1.348025
63827	-1.400255	-0.404361	-1.319815
63828	-1.422885	-0.463434	-1.288847
63829	-1.447432	-0.524814	-1.263480
63830	-1.475649	-0.589103	-1.238783
63831	-1.498310	-0.660314	-1.219988
63832	-1.504996	-0.756798	-1.205865
63833	-1.490260	-0.868280	-1.195571
63834	-1.446855	-0.980682	-1.197226
63835	-1.368106	-1.084415	-1.206804
63836	-1.258675	-1.173815	-1.219376
63837	-1.138198	-1.242633	-1.230345
63838	-1.014803	-1.289897	-1.240313
63839	-0.896558	-1.314613	-1.254376
63840	-0.784088	-1.319054	-1.275285
63841	-0.678853	-1.313144	-1.304274
63842	-0.580393	-1.295637	-1.335795
63843	-0.492253	-1.266568	-1.369880
63844	-0.422367	-1.225119	-1.396186
63845	-0.374090	-1.174295	-1.421712
63846	-0.352240	-1.111991	-1.441499
63847	-0.356115	-1.046461	-1.458150
63848	-0.375596	-0.984713	-1.469459
63849	-0.401791	-0.931536	-1.479487
63850	-0.425291	-0.887714	-1.486652
63851	-0.436048	-0.850751	-1.490101
63852	-0.444809	-0.816876	-1.493174
63853	-0.455312	-0.785496	-1.496395
63854	-0.466965	-0.754616	-1.499231
63855	-0.479462	-0.722528	-1.502972
63856	-0.495787	-0.686529	-1.505796
63857	-0.509260	-0.647620	-1.508909
63858	-0.526538	-0.607368	-1.507556
63859	-0.548448	-0.572606	-1.506096
63860	-0.573254	-0.545794	-1.500917
63861	-0.595858	-0.530436	-1.489677
63862	-0.617835	-0.519897	-1.481329
63863	-0.639485	-0.512577	-1.470800
63864	-0.661984	-0.508895	-1.459516
63865	-0.682743	-0.514662	-1.446201
63866	-0.697697	-0.528619	-1.433421
63867	-0.707465	-0.557716	-1.418220
63868	-0.714541	-0.596283	-1.398228
63869	-0.718091	-0.651152	-1.375925
63870	-0.711579	-0.723821	-1.349362
63871	-0.684094	-0.814253	-1.313243
63872	-0.628903	-0.919139	-1.263727
63873	-0.561492	-1.062508	-1.205926
63874	-0.531417	-1.301249	-1.141240
63875	-0.527664	-1.609348	-1.078672
63876	-0.586358	-2.037014	-1.015364
63877	-0.666628	-2.583106	-0.970480
63878	-0.752391	-3.226808	-0.936310
63879	-0.840823	-3.970899	-0.906282
63880	-1.049129	-4.896985	-0.973499
63881	-1.385286	-6.031943	-1.160665
63882	-1.438836	-7.135791	-1.162396
63883	-1.478647	-8.464464	-1.037412
63884	-1.714583	-10.013880	-0.893670
63885	-2.276081	-11.829428	-0.688752
63886	-3.127439	-13.695596	-0.424837
63887	-4.162226	-15.574831	-0.069754
63888	-4.814829	-17.279254	0.444764
63889	-4.944970	-18.837867	1.196807
63890	-4.747147	-20.411132	2.092936
63891	-4.480629	-22.111977	3.011307
63892	-4.342455	-23.970828	3.799763
63893	-4.402395	-25.999087	4.360904
63894	-4.603295	-28.169162	4.650440
63895	-4.811373	-30.442123	4.662958
63896	-4.930367	-32.766594	4.433132
63897	-4.927697	-35.087507	3.978084
63898	-4.863176	-37.350024	3.323973
63899	-4.759416	-39.501208	2.497873
63900	-4.591169	-41.492861	1.540832
63901	-4.313345	-43.301172	0.526313
63902	-3.920494	-44.899242	-0.487755
63903	-3.483788	-46.242557	-1.446058
63904	-3.014355	-47.276594	-2.345151
63905	-2.512774	-48.002672	-3.123120
63906	-1.944124	-48.464154	-3.796873
63907	-1.307281	-48.744800	-4.425769
63908	-0.611869	-48.884970	-5.097637
63909	0.174253	-48.883548	-5.907903
63910	1.106115	-48.742518	-6.934575
63911	2.267377	-48.470099	-8.222917
63912	3.673992	-48.061896	-9.738744
63913	5.294494	-47.536169	-11.447347
63914	7.054581	-46.866101	-13.284356
63915	8.853468	-46.011366	-15.170456
63916	10.604064	-44.953225	-17.023554
63917	12.241404	-43.687669	-18.756887
63918	13.676102	-42.229790	-20.276313
63919	14.889123	-40.621150	-21.518607
63920	15.878565	-38.922227	-22.442393
63921	16.636806	-37.191671	-23.043815
63922	17.144107	-35.471392	-23.361836
63923	17.382874	-33.768258	-23.410370
63924	17.345029	-32.096775	-23.194762
63925	17.043727	-30.461007	-22.713800
63926	16.489287	-28.861146	-21.966982
63927	15.762525	-27.297303	-21.003623
63928	14.967291	-25.795083	-19.878616
63929	14.183190	-24.366714	-18.638157
63930	13.413239	-23.007319	-17.352244
63931	12.631226	-21.716626	-16.086361
63932	11.824423	-20.510476	-14.851440
63933	10.985375	-19.400194	-13.654131
63934	10.108505	-18.382650	-12.473566
63935	9.169116	-17.428596	-11.296633
63936	8.212369	-16.521045	-10.120516
63937	7.354510	-15.670278	-8.962543
63938	6.605350	-14.894110	-7.898746
63939	5.948582	-14.160835	-7.047252
63940	5.396341	-13.441795	-6.477920
63941	4.962159	-12.736032	-6.164298
63942	4.606856	-12.064419	-6.052419
63943	4.304496	-11.457406	-6.057445
63944	4.048317	-10.943946	-6.062994
63945	3.787431	-10.558237	-5.972047
63946	3.469382	-10.324889	-5.735212
63947	3.104526	-10.251617	-5.312375
63948	2.717114	-10.334975	-4.707445
63949	2.331739	-10.550208	-3.965179
63950	1.974044	-10.840787	-3.140654
63951	1.655852	-11.162958	-2.321412
63952	1.396343	-11.478150	-1.591305
63953	0.993964	-10.931058	-1.664351
63954	1.045882	-9.934539	-2.170044
63955	0.838946	-9.310534	-2.240087
63956	0.770034	-8.713488	-1.937998
63957	0.737959	-8.245004	-1.755197
63958	0.638720	-7.789952	-1.802027
63959	0.592078	-7.458263	-1.836592
63960	0.637745	-7.231937	-1.781359
63961	0.672623	-7.091234	-1.785076
63962	0.726248	-7.011436	-1.855560
63963	0.807566	-7.011850	-1.932313
63964	0.909085	-7.041160	-2.054345
63965	1.030973	-7.062477	-2.230835
63966	1.113447	-7.053322	-2.398416
63967	1.165493	-7.001637	-2.525093
63968	1.213990	-6.891142	-2.626814
63969	1.276991	-6.725609	-2.724759
63970	1.351982	-6.524178	-2.820782
63971	1.425790	-6.301645	-2.921338
63972	1.515943	-6.055377	-3.012514
63973	1.624777	-5.798008	-3.117144
63974	1.769903	-5.541339	-3.264628
63975	1.943880	-5.273500	-3.449870
63976	2.157972	-4.983332	-3.669046
63977	2.413917	-4.677508	-3.919940
63978	2.692688	-4.371965	-4.211707
63979	2.969873	-4.074740	-4.522711
63980	3.197402	-3.794462	-4.772458
63981	3.365443	-3.550408	-4.900822
63982	3.491534	-3.358412	-4.984010
63983	3.581587	-3.220056	-5.068134
63984	3.633432	-3.152956	-5.123879
63985	3.637718	-3.153296	-5.159094
63986	3.618463	-3.209936	-5.172302
63987	3.604194	-3.305439	-5.161018
63988	3.608523	-3.412467	-5.135747
63989	3.622811	-3.512718	-5.082917
63990	3.634248	-3.595364	-5.014405
63991	3.643750	-3.655898	-4.933983
63992	3.641399	-3.702492	-4.837056
63993	3.636335	-3.728394	-4.725518
63994	3.640334	-3.729860	-4.599339
63995	3.661314	-3.720825	-4.467982
63996	3.694154	-3.682977	-4.333828
63997	3.725276	-3.612360	-4.209699
63998	3.740160	-3.535905	-4.103905
63999	3.752584	-3.436918	-4.002567
64000	3.779255	-3.297358	-3.898833
64001	3.801028	-3.119828	-3.771235
64002	3.768497	-2.927552	-3.624099
64003	3.718549	-2.742220	-3.461186
64004	3.661724	-2.563837	-3.271209
64005	3.602191	-2.423732	-3.062931
64006	3.525204	-2.312040	-2.863050
64007	3.429654	-2.232219	-2.707215
64008	3.329306	-2.166256	-2.578697
64009	3.232025	-2.094021	-2.461546
64010	3.137292	-2.021600	-2.333256
64011	3.059100	-1.959244	-2.189554
64012	3.008930	-1.892446	-2.037161
64013	2.984734	-1.805346	-1.886298
64014	2.982904	-1.698446	-1.755769
64015	3.001893	-1.581916	-1.634766
64016	3.046473	-1.441686	-1.540977
64017	3.092095	-1.302185	-1.469710
64018	3.137992	-1.173783	-1.407987
64019	3.197064	-1.049531	-1.360663
64020	3.232797	-0.941449	-1.305976
64021	3.276078	-0.850999	-1.254295
64022	3.331684	-0.769250	-1.218200
64023	3.406351	-0.682289	-1.191154
64024	3.506407	-0.580892	-1.180694
64025	3.605698	-0.466961	-1.165221
64026	3.712915	-0.351936	-1.159159
64027	3.837593	-0.258964	-1.169908
64028	3.961770	-0.161981	-1.172614
64029	4.074358	-0.059351	-1.180446
64030	4.157045	0.050779	-1.178427
64031	4.218293	0.166695	-1.169334
64032	4.262045	0.284446	-1.165328
64033	4.267505	0.395198	-1.174566
64034	4.217926	0.479802	-1.193204
64035	4.124696	0.539536	-1.206928
64036	4.011081	0.588412	-1.220500
64037	3.870605	0.636404	-1.226553
64038	3.701545	0.672626	-1.232767
64039	3.519645	0.699760	-1.246468
64040	3.302218	0.701503	-1.247221
64041	3.051793	0.668373	-1.235958
64042	2.795863	0.596155	-1.228163
64043	2.536881	0.488660	-1.219273
64044	2.293788	0.352834	-1.211043
64045	2.050793	0.180583	-1.192760
64046	1.811703	-0.010635	-1.167008
64047	1.592178	-0.189030	-1.139071
64048	1.397933	-0.341869	-1.105949
64049	1.213917	-0.474699	-1.057864
64050	1.052765	-0.586041	-1.007225
64051	0.928881	-0.685760	-0.973234
64052	0.775862	-0.783901	-0.929444
64053	0.615833	-0.891192	-0.897128
64054	0.436955	-0.994219	-0.852372
64055	0.271064	-1.087334	-0.805449
64056	0.121472	-1.194120	-0.752765
64057	-0.059460	-1.317962	-0.703428
64058	-0.266882	-1.445405	-0.650396
64059	-0.467297	-1.590888	-0.603737
64060	-0.670620	-1.723074	-0.551580
64061	-0.886261	-1.823827	-0.493976
64062	-1.090447	-1.875038	-0.420208
64063	-1.263766	-1.891357	-0.359816
64064	-1.375386	-1.873427	-0.315070
64065	-1.435377	-1.829802	-0.286485
64066	-1.454995	-1.768676	-0.261981
64067	-1.455387	-1.695536	-0.240560
64068	-1.434890	-1.612678	-0.222242
64069	-1.406951	-1.521560	-0.207942
64070	-1.365211	-1.425861	-0.201186
64071	-1.314045	-1.329306	-0.203101
64072	-1.269251	-1.242752	-0.208730
64073	-1.228834	-1.174092	-0.211884
64074	-1.186615	-1.120159	-0.219948
64075	-1.146461	-1.084143	-0.228163
64076	-1.102907	-1.056270	-0.236055
64077	-1.059275	-1.026067	-0.240241
64078	-1.019275	-0.984029	-0.238321
64079	-0.975233	-0.930519	-0.235428
64080	-0.934094	-0.881091	-0.234129
64081	-0.893694	-0.837262	-0.233467
64082	-0.854451	-0.795164	-0.232455
64083	-0.821316	-0.760188	-0.234596
64084	-0.791944	-0.731793	-0.235734
64085	-0.769403	-0.707978	-0.240884
64086	-0.750708	-0.685266	-0.241700
64087	-0.731206	-0.668165	-0.244912
64088	-0.714436	-0.651492	-0.247798
64089	-0.701066	-0.635906	-0.252650
64090	-0.690979	-0.622508	-0.259514
64091	-0.679826	-0.613703	-0.261498
64092	-0.665364	-0.610415	-0.268509
64093	-0.652095	-0.615865	-0.273122
64094	-0.640190	-0.626770	-0.277517
64095	-0.631627	-0.632096	-0.278693
64096	-0.618514	-0.635717	-0.280100
64097	-0.607398	-0.637434	-0.281970
64098	-0.599779	-0.639628	-0.280830
64099	-0.592003	-0.638230	-0.277752
64100	-0.591029	-0.635755	-0.277169
64101	-0.598084	-0.633000	-0.275069
64102	-0.602758	-0.639513	-0.275444
64103	-0.602592	-0.653067	-0.277212
64104	-0.598785	-0.667392	-0.278419
64105	-0.594913	-0.679266	-0.279542
64106	-0.593491	-0.684208	-0.280086
64107	-0.591878	-0.674959	-0.280610
64108	-0.586463	-0.661485	-0.282214
64109	-0.576745	-0.639518	-0.286089
64110	-0.563001	-0.608390	-0.290876
64111	-0.545557	-0.563763	-0.298701
64112	-0.524241	-0.512381	-0.309334
64113	-0.497181	-0.456287	-0.322304
64114	-0.467653	-0.409583	-0.334121
64115	-0.439170	-0.369119	-0.343458
64116	-0.405433	-0.329513	-0.352158
64117	-0.368940	-0.278776	-0.364914
64118	-0.338450	-0.236351	-0.379081
64119	-0.309093	-0.185350	-0.389396
64120	-0.285214	-0.155597	-0.403778
64121	-0.261306	-0.124635	-0.418116
64122	-0.241458	-0.079951	-0.428570
64123	-0.229523	-0.048504	-0.440673
64124	-0.221456	-0.018489	-0.458876
64125	-0.217338	0.012879	-0.476300
64126	-0.213261	0.048458	-0.488624
64127	-0.209309	0.080222	-0.499263
64128	-0.210480	0.092906	-0.504826
64129	-0.213203	0.104268	-0.506871
64130	-0.216373	0.113787	-0.507638
64131	-0.216924	0.126823	-0.507277
64132	-0.213269	0.137982	-0.510872
64133	-0.211162	0.151712	-0.516266
64134	-0.207952	0.162288	-0.520352
64135	-0.206014	0.172313	-0.525868
64136	-0.203250	0.181009	-0.528672
64137	-0.201427	0.189868	-0.536042
64138	-0.202887	0.200274	-0.547138
64139	-0.206395	0.210139	-0.558794
64140	-0.211791	0.220638	-0.567348
64141	-0.218009	0.229867	-0.575070
64142	-0.224124	0.240307	-0.580944
64143	-0.227787	0.249275	-0.584033
64144	-0.232118	0.259449	-0.584401
64145	-0.240096	0.267866	-0.583626
64146	-0.246034	0.276818	-0.582294
64147	-0.253948	0.283876	-0.577936
64148	-0.262558	0.289332	-0.579550
64149	-0.276384	0.292835	-0.590523
64150	-0.302702	0.296305	-0.601623
64151	-0.335244	0.302439	-0.611130
64152	-0.370194	0.309982	-0.621630
64153	-0.402277	0.316690	-0.630672
64154	-0.430401	0.321979	-0.638672
64155	-0.453935	0.326249	-0.641504
64156	-0.480850	0.325404	-0.653253
64157	-0.516160	0.320138	-0.670968
64158	-0.550566	0.310581	-0.691026
64159	-0.584638	0.300691	-0.702012
64160	-0.620560	0.292668	-0.709869
64161	-0.660702	0.278595	-0.717184
64162	-0.711950	0.260758	-0.726500
64163	-0.767106	0.241747	-0.733322
64164	-0.812898	0.225387	-0.738261
64165	-0.851985	0.211074	-0.739194
64166	-0.885695	0.202141	-0.741093
64167	-0.917025	0.196012	-0.736915
64168	-0.943093	0.192793	-0.733769
64169	-0.965728	0.193119	-0.730373
64170	-0.982112	0.196132	-0.721614
64171	-0.997561	0.194876	-0.716992
64172	-1.016594	0.196949	-0.714744
64173	-1.029992	0.197488	-0.711342
64174	-1.040676	0.199886	-0.711841
64175	-1.049429	0.205797	-0.708538
64176	-1.054913	0.212762	-0.703231
64177	-1.058028	0.218402	-0.698742
64178	-1.058643	0.227668	-0.694950
64179	-1.064896	0.234694	-0.690595
64180	-1.070704	0.243543	-0.685724
64181	-1.081301	0.252662	-0.682914
64182	-1.090367	0.260425	-0.678241
64183	-1.094442	0.269159	-0.671480
64184	-1.093162	0.281955	-0.663896
64185	-1.087050	0.300025	-0.652778
64186	-1.075012	0.325208	-0.640287
64187	-1.063231	0.349706	-0.624659
64188	-1.047020	0.377141	-0.610997
64189	-1.032164	0.407068	-0.595548
64190	-1.021150	0.429938	-0.587700
64191	-1.009234	0.454032	-0.580688
64192	-0.995833	0.476812	-0.573622
64193	-0.983256	0.499712	-0.569319
64194	-0.977772	0.519905	-0.567717
64195	-0.975783	0.534133	-0.568245
64196	-0.975201	0.545313	-0.568457
64197	-0.967487	0.555003	-0.571035
64198	-0.956453	0.565667	-0.569784
64199	-0.938297	0.574846	-0.570898
64200	-0.915003	0.583142	-0.571294
64201	-0.890371	0.591964	-0.570251
64202	-0.864899	0.600660	-0.566446
64203	-0.842957	0.610160	-0.563272
64204	-0.827040	0.619250	-0.558165
64205	-0.818085	0.624040	-0.564400
64206	-0.812402	0.626398	-0.567239
64207	-0.806587	0.629997	-0.570047
64208	-0.800132	0.632346	-0.573750
64209	-0.797972	0.635516	-0.577220
64210	-0.800308	0.638251	-0.580486
64211	-0.805448	0.637971	-0.581709
64212	-0.812534	0.638295	-0.579850
64213	-0.817221	0.637311	-0.578800
64214	-0.825970	0.633896	-0.573489
64215	-0.832643	0.629774	-0.567632
64216	-0.835424	0.626763	-0.564252
64217	-0.834121	0.614264	-0.559497
64218	-0.826309	0.583608	-0.558849
64219	-0.816757	0.550293	-0.552748
64220	-0.809267	0.520232	-0.550766
64221	-0.809147	0.513904	-0.542327
64222	-0.811418	0.491177	-0.542978
64223	-0.813267	0.470476	-0.548553
64224	-0.812060	0.445769	-0.550426
64225	-0.807321	0.424608	-0.550232
64226	-0.807358	0.392615	-0.555065
64227	-0.814868	0.361642	-0.559828
64228	-0.819460	0.336105	-0.566570
64229	-0.822219	0.315585	-0.576734
64230	-0.823896	0.298492	-0.580412
64231	-0.820336	0.281909	-0.586985
64232	-0.814589	0.268152	-0.589295
64233	-0.803686	0.265855	-0.587902
64234	-0.793630	0.250054	-0.590496
64235	-0.781818	0.236739	-0.594763
64236	-0.766220	0.224887	-0.592907
64237	-0.750469	0.215591	-0.592805
64238	-0.733794	0.211194	-0.593437
64239	-0.716084	0.209226	-0.593058
64240	-0.696738	0.209625	-0.592532
64241	-0.677808	0.208230	-0.592536
64242	-0.657683	0.208621	-0.592882
64243	-0.644328	0.208754	-0.594039
64244	-0.635320	0.210849	-0.593094
64245	-0.627104	0.211801	-0.593131
64246	-0.622186	0.214174	-0.595104
64247	-0.617438	0.218395	-0.595687
64248	-0.614901	0.220852	-0.596873
64249	-0.612205	0.223276	-0.596250
64250	-0.608241	0.221953	-0.597461
64251	-0.605279	0.221259	-0.596449
64252	-0.598987	0.219914	-0.600262
64253	-0.594979	0.217390	-0.601510
64254	-0.589475	0.213463	-0.600899
64255	-0.583423	0.210152	-0.599800
64256	-0.577528	0.206868	-0.600513
64257	-0.571084	0.204201	-0.600736
64258	-0.565905	0.202159	-0.600548
64259	-0.559017	0.200077	-0.600289
64260	-0.555828	0.198762	-0.600635
64261	-0.555750	0.195043	-0.597585
64262	-0.556273	0.192062	-0.598616
64263	-0.557195	0.186007	-0.598397
64264	-0.555463	0.179179	-0.598511
64265	-0.554394	0.172399	-0.597764
64266	-0.552158	0.167389	-0.597351
64267	-0.550193	0.163070	-0.597395
64268	-0.544682	0.160438	-0.598567
64269	-0.540610	0.157860	-0.598003
64270	-0.535157	0.153994	-0.599211
64271	-0.529599	0.148871	-0.598647
64272	-0.521329	0.144209	-0.598377
64273	-0.512556	0.140233	-0.599431
64274	-0.507930	0.136437	-0.601587
64275	-0.500431	0.130649	-0.602306
64276	-0.493498	0.122942	-0.601737
64277	-0.488107	0.115419	-0.603063
64278	-0.483941	0.108446	-0.602160
64279	-0.479328	0.100931	-0.602614
64280	-0.474216	0.096358	-0.600693
64281	-0.471028	0.092616	-0.601116
64282	-0.467522	0.088119	-0.599274
64283	-0.463946	0.083730	-0.599262
64284	-0.461777	0.076187	-0.597119
