// General information: 
//  MT Manager version: 2021.4.0 
//  XDA version: 2021.4.0 build 6323 rev 112641 built on 2021-09-28
// Device information: 
//  DeviceId: 00B43856
//  ProductCode: MTW2-3A7G6
//  Firmware Version: 4.3.4
//  Hardware Version: 1.1.0
// Device settings: 
//  Filter Profile: human(46.1)
//  Option Flags: Orientation Smoother Disabled, Position/Velocity Smoother Disabled, Continuous Zero Rotation Update Disabled, AHS Disabled, ICC Disabled
// Coordinate system: ENU
PacketCounter	Roll	Pitch	Yaw
62821	-1.079145	-0.715700	0.046277
62822	-1.089877	-0.702040	0.053642
62823	-1.094936	-0.693286	0.054697
62824	-1.095424	-0.689512	0.049116
62825	-1.095381	-0.683186	0.041914
62826	-1.091862	-0.678080	0.034126
62827	-1.087754	-0.681261	0.020382
62828	-1.086566	-0.687288	-0.008853
62829	-1.086047	-0.691367	-0.036814
62830	-1.083568	-0.687709	-0.055192
62831	-1.079988	-0.683564	-0.068861
62832	-1.074266	-0.685963	-0.086695
62833	-1.069923	-0.691072	-0.106000
62834	-1.066931	-0.696128	-0.120647
62835	-1.064190	-0.703193	-0.131394
62836	-1.066819	-0.718781	-0.138271
62837	-1.071238	-0.731135	-0.151470
62838	-1.078867	-0.741459	-0.163426
62839	-1.087940	-0.751593	-0.172793
62840	-1.091599	-0.762752	-0.180838
62841	-1.100014	-0.759639	-0.178740
62842	-1.103916	-0.756639	-0.165280
62843	-1.105470	-0.754371	-0.148324
62844	-1.107128	-0.752632	-0.139536
62845	-1.106798	-0.750235	-0.127864
62846	-1.102447	-0.746456	-0.112815
62847	-1.096821	-0.743273	-0.094887
62848	-1.088457	-0.739486	-0.079114
62849	-1.080639	-0.735804	-0.069942
62850	-1.082042	-0.727569	-0.068558
62851	-1.083023	-0.723957	-0.072591
62852	-1.080945	-0.726555	-0.079411
62853	-1.085631	-0.721705	-0.074457
62854	-1.090573	-0.717072	-0.065138
62855	-1.094081	-0.715838	-0.055389
62856	-1.095192	-0.722995	-0.054208
62857	-1.093889	-0.739815	-0.061871
62858	-1.095344	-0.754663	-0.070191
62859	-1.098901	-0.762963	-0.067011
62860	-1.102173	-0.767760	-0.054157
62861	-1.104185	-0.770475	-0.037902
62862	-1.101474	-0.779533	-0.016900
62863	-1.101678	-0.777091	0.005320
62864	-1.105501	-0.765732	0.030505
62865	-1.108826	-0.757735	0.052588
62866	-1.107037	-0.760948	0.069733
62867	-1.107832	-0.765076	0.084007
62868	-1.114312	-0.765180	0.099887
62869	-1.122059	-0.767767	0.109102
62870	-1.125301	-0.776784	0.114976
62871	-1.128093	-0.786300	0.120600
62872	-1.133300	-0.791443	0.119986
62873	-1.136196	-0.798188	0.119826
62874	-1.132472	-0.808355	0.120853
62875	-1.128486	-0.816735	0.116933
62876	-1.133505	-0.822291	0.110365
62877	-1.138097	-0.823157	0.109246
62878	-1.145664	-0.828217	0.111486
62879	-1.155455	-0.836988	0.108424
62880	-1.166711	-0.844997	0.105406
62881	-1.178856	-0.850893	0.091307
62882	-1.186439	-0.859584	0.078901
62883	-1.191705	-0.870031	0.072953
62884	-1.199167	-0.885051	0.052542
62885	-1.211270	-0.897487	0.028744
62886	-1.219921	-0.905393	0.009683
62887	-1.228278	-0.908086	-0.003123
62888	-1.233757	-0.908489	-0.010154
62889	-1.236144	-0.909568	-0.014839
62890	-1.239339	-0.904168	-0.008709
62891	-1.243073	-0.901807	0.002916
62892	-1.249801	-0.900821	0.020008
62893	-1.253175	-0.906022	0.028831
62894	-1.257357	-0.911200	0.031568
62895	-1.264610	-0.911780	0.029598
62896	-1.274026	-0.908838	0.028891
62897	-1.280189	-0.906605	0.032576
62898	-1.281094	-0.911351	0.028738
62899	-1.281286	-0.922068	0.022716
62900	-1.281207	-0.924002	0.016539
62901	-1.289019	-0.919460	0.021425
62902	-1.288473	-0.925382	0.034454
62903	-1.290315	-0.927963	0.044497
62904	-1.292150	-0.934504	0.056638
62905	-1.296204	-0.938385	0.071777
62906	-1.299521	-0.941500	0.092668
62907	-1.301707	-0.943793	0.115920
62908	-1.305942	-0.944158	0.133490
62909	-1.311621	-0.943516	0.143090
62910	-1.313912	-0.952793	0.148188
62911	-1.315796	-0.958329	0.146384
62912	-1.313943	-0.968441	0.140389
62913	-1.315250	-0.972524	0.126486
62914	-1.317373	-0.973530	0.119568
62915	-1.317561	-0.975509	0.116492
62916	-1.320087	-0.977260	0.116341
62917	-1.325164	-0.975873	0.119014
62918	-1.332361	-0.971041	0.115687
62919	-1.335166	-0.967556	0.116886
62920	-1.334443	-0.968811	0.119135
62921	-1.331597	-0.978653	0.114077
62922	-1.330555	-0.991185	0.105692
62923	-1.333255	-0.991926	0.099277
62924	-1.336157	-0.992852	0.096062
62925	-1.340907	-0.991799	0.100440
62926	-1.341636	-0.996269	0.099099
62927	-1.345572	-1.001464	0.094697
62928	-1.349435	-1.007001	0.090692
62929	-1.352298	-1.008682	0.086776
62930	-1.355412	-1.006003	0.083699
62931	-1.358690	-1.005286	0.077482
62932	-1.364531	-1.005241	0.069057
62933	-1.368484	-1.005365	0.060966
62934	-1.372030	-1.004785	0.050176
62935	-1.374177	-1.008492	0.045090
62936	-1.374179	-1.015736	0.040571
62937	-1.374744	-1.020395	0.038861
62938	-1.377585	-1.020361	0.040830
62939	-1.381325	-1.018804	0.048783
62940	-1.382308	-1.018216	0.053149
62941	-1.385942	-1.012148	0.056462
62942	-1.385870	-1.014175	0.056072
62943	-1.381686	-1.015111	0.059259
62944	-1.378351	-1.014687	0.060435
62945	-1.377492	-1.014658	0.059374
62946	-1.381767	-1.007254	0.052126
62947	-1.387106	-1.001824	0.044814
62948	-1.387178	-1.004729	0.031376
62949	-1.387701	-1.012192	0.011692
62950	-1.389239	-1.021166	-0.013708
62951	-1.391790	-1.024629	-0.029314
62952	-1.391389	-1.027692	-0.036945
62953	-1.390004	-1.029921	-0.041844
62954	-1.388246	-1.030810	-0.046492
62955	-1.389061	-1.023397	-0.050020
62956	-1.390473	-1.015208	-0.049018
62957	-1.391197	-1.009926	-0.037033
62958	-1.388899	-1.008629	-0.026833
62959	-1.389133	-1.004890	-0.023856
62960	-1.388629	-1.000587	-0.018493
62961	-1.388183	-0.996008	-0.013643
62962	-1.389181	-0.990728	-0.019541
62963	-1.391678	-0.984657	-0.028528
62964	-1.395354	-0.983323	-0.043370
62965	-1.396656	-0.987401	-0.057318
62966	-1.399800	-0.996383	-0.077337
62967	-1.404132	-0.999185	-0.084070
62968	-1.404587	-1.001881	-0.076087
62969	-1.405717	-1.000786	-0.061186
62970	-1.407031	-1.002019	-0.043544
62971	-1.405830	-0.998031	-0.026487
62972	-1.405778	-0.992088	-0.002568
62973	-1.411246	-0.981152	0.017240
62974	-1.414325	-0.977693	0.033455
62975	-1.418870	-0.977924	0.042007
62976	-1.427019	-0.978859	0.045092
62977	-1.432228	-0.980570	0.042022
62978	-1.437794	-0.981586	0.028641
62979	-1.436419	-0.983813	0.023728
62980	-1.438704	-0.988654	0.015272
62981	-1.439186	-0.995313	-0.000806
62982	-1.440450	-1.008315	-0.017988
62983	-1.440530	-1.018883	-0.030243
62984	-1.442775	-1.028273	-0.044605
62985	-1.450139	-1.027575	-0.050841
62986	-1.456795	-1.017067	-0.052878
62987	-1.455910	-1.010531	-0.044248
62988	-1.453176	-1.012157	-0.041288
62989	-1.450917	-1.017687	-0.043173
62990	-1.448676	-1.020758	-0.044028
62991	-1.449562	-1.020083	-0.036238
62992	-1.454597	-1.015963	-0.028244
62993	-1.460033	-1.014406	-0.021200
62994	-1.462479	-1.016290	-0.023722
62995	-1.463156	-1.024757	-0.026031
62996	-1.461239	-1.033892	-0.026073
62997	-1.458794	-1.041339	-0.033510
62998	-1.459438	-1.044450	-0.036958
62999	-1.461212	-1.042618	-0.040414
63000	-1.464913	-1.036963	-0.038509
63001	-1.467530	-1.027542	-0.028581
63002	-1.469456	-1.021597	-0.022607
63003	-1.465403	-1.023493	-0.016964
63004	-1.463484	-1.027171	-0.014243
63005	-1.466050	-1.027836	-0.011919
63006	-1.465535	-1.031588	-0.006697
63007	-1.462344	-1.036774	0.001098
63008	-1.460010	-1.039403	0.004945
63009	-1.468148	-1.028092	0.009015
63010	-1.473353	-1.023701	0.013683
63011	-1.471549	-1.027700	0.020770
63012	-1.470950	-1.032277	0.018895
63013	-1.471447	-1.037659	0.022275
63014	-1.470282	-1.036962	0.026874
63015	-1.469552	-1.033519	0.029780
63016	-1.469544	-1.033837	0.030348
63017	-1.471774	-1.031101	0.026142
63018	-1.473534	-1.030368	0.018361
63019	-1.473643	-1.029336	0.012148
63020	-1.471801	-1.029456	0.011396
63021	-1.464510	-1.035263	0.009430
63022	-1.460745	-1.042913	0.005555
63023	-1.461840	-1.044606	0.002452
63024	-1.466808	-1.041420	0.005101
63025	-1.472742	-1.035389	0.009275
63026	-1.476038	-1.033865	0.010462
63027	-1.477410	-1.035943	0.010807
63028	-1.481785	-1.044042	0.011402
63029	-1.480891	-1.051242	0.005729
63030	-1.479245	-1.058497	0.001831
63031	-1.477308	-1.063692	-0.001799
63032	-1.478888	-1.064215	-0.003325
63033	-1.480208	-1.067642	-0.007567
63034	-1.482033	-1.070443	-0.012483
63035	-1.486004	-1.072054	-0.019083
63036	-1.491369	-1.074551	-0.021128
63037	-1.493115	-1.075571	-0.027647
63038	-1.495359	-1.082471	-0.037697
63039	-1.496046	-1.088708	-0.046745
63040	-1.493138	-1.099016	-0.052654
63041	-1.490484	-1.106236	-0.057474
63042	-1.492575	-1.108543	-0.053239
63043	-1.492314	-1.110081	-0.051074
63044	-1.490235	-1.113962	-0.047654
63045	-1.487882	-1.127442	-0.049024
63046	-1.486818	-1.139369	-0.056438
63047	-1.485675	-1.153568	-0.064057
63048	-1.487371	-1.163380	-0.071504
63049	-1.492107	-1.163134	-0.070815
63050	-1.491719	-1.163243	-0.068445
63051	-1.489157	-1.168392	-0.073847
63052	-1.484123	-1.171283	-0.083666
63053	-1.481912	-1.177602	-0.089245
63054	-1.478706	-1.183935	-0.094505
63055	-1.470505	-1.193673	-0.103253
63056	-1.458059	-1.206928	-0.103872
63057	-1.449903	-1.215321	-0.108039
63058	-1.441642	-1.227263	-0.122499
63059	-1.429495	-1.249396	-0.149825
63060	-1.412109	-1.277803	-0.191053
63061	-1.402485	-1.310907	-0.246424
63062	-1.384995	-1.351637	-0.306758
63063	-1.364354	-1.393586	-0.379480
63064	-1.343369	-1.435616	-0.467475
63065	-1.320734	-1.485397	-0.562741
63066	-1.291302	-1.539533	-0.667608
63067	-1.256556	-1.596412	-0.766148
63068	-1.221131	-1.653988	-0.856803
63069	-1.182180	-1.708839	-0.950091
63070	-1.148509	-1.759744	-1.049158
63071	-1.115089	-1.804138	-1.156935
63072	-1.070345	-1.848226	-1.270035
63073	-1.007798	-1.886041	-1.384611
63074	-0.932558	-1.913994	-1.506594
63075	-0.848028	-1.938606	-1.630470
63076	-0.758091	-1.960333	-1.763865
63077	-0.669316	-1.981133	-1.910896
63078	-0.582175	-1.998282	-2.069467
63079	-0.482773	-2.022812	-2.235913
63080	-0.374927	-2.034536	-2.406032
63081	-0.257315	-2.036142	-2.570664
63082	-0.127234	-2.036253	-2.736626
63083	0.014591	-2.036443	-2.914206
63084	0.167445	-2.038034	-3.101307
63085	0.334879	-2.041834	-3.297678
63086	0.527443	-2.043456	-3.498932
63087	0.746535	-2.038431	-3.701473
63088	0.991341	-2.011877	-3.895840
63089	1.254068	-1.946089	-4.083074
63090	1.539828	-1.840769	-4.277925
63091	1.834417	-1.680108	-4.458011
63092	2.154525	-1.500117	-4.637842
63093	2.497095	-1.336419	-4.833822
63094	2.854721	-1.184404	-5.070169
63095	3.225847	-1.045548	-5.357007
63096	3.605454	-0.907307	-5.693114
63097	3.998699	-0.759140	-6.063155
63098	4.418845	-0.598837	-6.453551
63099	4.866705	-0.420950	-6.866618
63100	5.349220	-0.220782	-7.295755
63101	5.872594	0.012451	-7.735788
63102	6.448694	0.296170	-8.147972
63103	7.090250	0.605294	-8.469783
63104	7.794478	0.938277	-8.670874
63105	8.562111	1.287247	-8.780588
63106	9.400287	1.643343	-8.773584
63107	10.312153	1.989951	-8.665994
63108	11.292406	2.209355	-8.697702
63109	12.265925	2.523317	-8.761242
63110	13.260536	2.861157	-8.796228
63111	14.345603	3.194325	-8.672381
63112	15.571059	3.391913	-8.480764
63113	16.900324	3.691485	-8.132397
63114	18.301730	3.986338	-7.692512
63115	19.772695	4.205124	-7.303237
63116	21.312201	4.388232	-6.977172
63117	22.856411	4.626045	-6.668204
63118	24.357561	4.899549	-6.411684
63119	25.829436	5.196024	-6.224022
63120	27.227799	5.612770	-6.117096
63121	28.594903	6.067906	-5.988657
63122	30.023129	6.464124	-5.816593
63123	31.442227	6.906895	-5.557638
63124	32.947289	7.171581	-5.378896
63125	34.414452	7.425724	-5.229220
63126	35.838942	7.740522	-5.151041
63127	37.110849	7.958254	-5.161147
63128	38.348245	8.090518	-5.121036
63129	39.723620	7.838918	-4.927076
63130	41.224447	7.638348	-4.645659
63131	42.707896	7.352772	-4.489948
63132	44.174460	6.965449	-4.084227
63133	45.622316	6.443545	-3.620081
63134	46.975341	5.934014	-3.204398
63135	48.230816	5.508969	-2.839014
63136	49.354506	5.084396	-2.518060
63137	50.418057	4.654307	-2.264355
63138	51.441266	4.144944	-2.011862
63139	52.373466	3.698786	-1.860524
63140	53.199070	3.304535	-1.756893
63141	53.916987	2.959313	-1.707061
63142	54.560088	2.590048	-1.648697
63143	55.141006	2.163462	-1.569837
63144	55.664962	1.706563	-1.491156
63145	56.130365	1.200456	-1.398585
63146	56.530364	0.652635	-1.291141
63147	56.866325	0.076634	-1.144400
63148	57.111290	-0.458187	-1.062835
63149	57.248624	-0.884596	-1.001332
63150	57.291814	-1.293095	-0.968792
63151	57.241493	-1.676673	-0.926798
63152	57.146118	-2.066817	-0.910837
63153	57.048873	-2.462077	-0.936323
63154	56.940353	-2.782037	-1.013260
63155	56.781825	-2.967196	-1.142612
63156	56.575985	-3.066378	-1.308864
63157	56.336217	-3.110051	-1.497781
63158	56.071463	-3.104600	-1.686754
63159	55.769008	-3.042166	-1.874253
63160	55.427965	-2.935483	-2.071668
63161	55.056916	-2.817027	-2.257827
63162	54.668586	-2.739398	-2.413660
63163	54.295741	-2.732363	-2.552927
63164	53.934281	-2.823923	-2.628301
63165	53.586526	-2.980248	-2.637963
63166	53.254570	-3.110304	-2.656905
63167	52.917426	-3.162383	-2.696536
63168	52.568510	-3.168786	-2.743059
63169	52.212667	-3.167194	-2.779994
63170	51.832117	-3.144955	-2.777424
63171	51.424891	-3.068579	-2.769360
63172	51.013657	-2.918865	-2.800032
63173	50.606805	-2.714820	-2.842554
63174	50.208613	-2.479472	-2.883521
63175	49.816631	-2.246995	-2.913665
63176	49.443578	-2.047645	-2.955715
63177	49.098064	-1.909820	-3.010459
63178	48.799896	-1.848926	-3.037527
63179	48.534584	-1.842620	-2.946791
63180	48.334649	-1.838507	-2.808131
63181	48.250044	-1.809122	-2.739873
63182	48.273858	-1.716988	-2.729378
63183	48.393500	-1.628925	-2.717697
63184	48.586106	-1.557391	-2.684443
63185	48.820511	-1.493850	-2.632674
63186	49.050125	-1.422156	-2.568160
63187	49.230370	-1.342134	-2.472053
63188	49.340532	-1.277936	-2.357378
63189	49.377036	-1.213171	-2.250021
63190	49.344896	-1.130960	-2.159600
63191	49.251000	-1.007028	-2.078496
63192	49.113910	-0.846477	-1.996471
63193	48.962909	-0.669619	-1.905866
63194	48.836626	-0.485528	-1.815489
63195	48.765065	-0.287933	-1.728471
63196	48.771458	-0.111680	-1.615648
63197	48.846614	0.067853	-1.447355
63198	48.983584	0.261382	-1.246905
63199	49.173848	0.456852	-1.067960
63200	49.386755	0.643914	-0.905249
63201	49.587364	0.813172	-0.753733
63202	49.752614	0.974662	-0.598360
63203	49.860063	1.155681	-0.435540
63204	49.919835	1.352734	-0.296568
63205	49.951454	1.558995	-0.184332
63206	49.975482	1.748299	-0.130195
63207	49.982272	1.980140	-0.131896
63208	49.990870	2.258553	-0.160549
63209	50.021856	2.510806	-0.218108
63210	50.072475	2.733158	-0.292650
63211	50.153975	2.872495	-0.449977
63212	50.215397	3.010682	-0.643125
63213	50.243098	3.127295	-0.854659
63214	50.233625	3.218802	-1.056848
63215	50.183132	3.299104	-1.292591
63216	50.062177	3.382122	-1.521219
63217	49.870373	3.482219	-1.726882
63218	49.610266	3.597738	-1.841423
63219	49.280139	3.758498	-1.972548
63220	48.878774	3.910152	-2.147472
63221	48.420684	3.961743	-2.338540
63222	47.813252	4.084250	-2.511993
63223	47.070080	4.251201	-2.616656
63224	46.187991	4.429919	-2.683529
63225	45.195550	4.567506	-2.704587
63226	44.139108	4.670651	-2.672330
63227	43.052412	4.763496	-2.591628
63228	41.973412	4.858608	-2.476623
63229	40.896645	4.999841	-2.394938
63230	39.852116	5.172881	-2.341132
63231	38.831750	5.351517	-2.325529
63232	37.838716	5.491516	-2.336894
63233	36.855192	5.616336	-2.386308
63234	35.870124	5.746867	-2.471825
63235	34.867943	5.895475	-2.615338
63236	33.850280	6.037644	-2.808953
63237	32.826810	6.170375	-3.030130
63238	31.799422	6.260876	-3.241512
63239	30.759958	6.331507	-3.435917
63240	29.691705	6.397771	-3.646152
63241	28.607712	6.471957	-3.892590
63242	27.525620	6.567967	-4.179333
63243	26.469157	6.656140	-4.456819
63244	25.432619	6.746625	-4.738367
63245	24.413516	6.825332	-5.033123
63246	23.416855	6.883940	-5.320998
63247	22.439157	6.922513	-5.616268
63248	21.490896	6.914703	-5.894086
63249	20.582268	6.887814	-6.166016
63250	19.700600	6.849073	-6.435104
63251	18.848717	6.804348	-6.693445
63252	17.994382	6.785881	-6.984964
63253	17.152951	6.750655	-7.319719
63254	16.318569	6.711696	-7.680023
63255	15.471552	6.666602	-8.073787
63256	14.584640	6.626284	-8.483683
63257	13.697215	6.558119	-8.903844
63258	12.838867	6.464226	-9.298285
63259	12.073170	6.294567	-9.590933
63260	11.367598	6.075275	-9.823747
63261	10.699076	5.887869	-10.029413
63262	10.078264	5.701077	-10.210268
63263	9.510440	5.515723	-10.355648
63264	8.992828	5.314010	-10.413422
63265	8.460697	5.226414	-10.415810
63266	7.992632	5.087865	-10.436542
63267	7.539071	4.828868	-10.546887
63268	7.101712	4.654159	-10.597612
63269	6.684641	4.539610	-10.563996
63270	6.319312	4.401015	-10.458243
63271	5.970664	4.237267	-10.370485
63272	5.651255	4.101314	-10.338585
63273	5.386957	3.953412	-10.305535
63274	5.148684	3.857439	-10.227238
63275	4.904021	3.788104	-10.134316
63276	4.653558	3.656686	-10.118186
63277	4.384362	3.513343	-10.145100
63278	4.099718	3.361552	-10.194780
63279	3.819062	3.215169	-10.215643
63280	3.546161	3.088007	-10.251977
63281	3.319367	2.931752	-10.261528
63282	3.113836	2.792489	-10.230636
63283	2.886426	2.650242	-10.248688
63284	2.670623	2.503926	-10.244580
63285	2.454395	2.376277	-10.194409
63286	2.233572	2.292280	-10.060420
63287	1.998777	2.221312	-9.823558
63288	1.751978	2.115533	-9.613217
63289	1.514738	1.985389	-9.413367
63290	1.277258	1.819421	-9.211167
63291	1.013712	1.665525	-8.994798
63292	0.730311	1.477016	-8.811993
63293	0.435494	1.258395	-8.616220
63294	0.128860	1.064637	-8.353035
63295	-0.168423	0.907452	-7.992158
63296	-0.456314	0.760015	-7.585464
63297	-0.745303	0.648884	-7.190028
63298	-1.007256	0.540924	-6.828165
63299	-1.230210	0.454028	-6.509486
63300	-1.413031	0.407971	-6.248493
63301	-1.552452	0.384861	-6.079203
63302	-1.652167	0.391347	-5.966435
63303	-1.707927	0.410148	-5.878617
63304	-1.707855	0.427917	-5.816670
63305	-1.659610	0.428847	-5.779522
63306	-1.591045	0.444093	-5.717782
63307	-1.511941	0.465607	-5.631993
63308	-1.447175	0.508094	-5.531782
63309	-1.403415	0.560398	-5.433814
63310	-1.371967	0.603606	-5.350317
63311	-1.363632	0.627641	-5.316133
63312	-1.354396	0.636357	-5.290874
63313	-1.330596	0.650079	-5.216972
63314	-1.297175	0.662431	-5.092765
63315	-1.269314	0.688300	-4.942694
63316	-1.249469	0.689780	-4.807811
63317	-1.239870	0.652640	-4.690500
63318	-1.234846	0.600820	-4.590364
63319	-1.235128	0.577224	-4.453805
63320	-1.235075	0.583288	-4.286073
63321	-1.233850	0.602096	-4.159316
63322	-1.226053	0.595704	-4.112263
63323	-1.216205	0.572891	-4.126189
63324	-1.196752	0.539584	-4.159985
63325	-1.176052	0.501850	-4.236487
63326	-1.165421	0.473444	-4.333352
63327	-1.153558	0.429336	-4.429361
63328	-1.137771	0.384173	-4.504596
63329	-1.128722	0.364191	-4.563850
63330	-1.120932	0.334627	-4.632924
63331	-1.114114	0.284451	-4.721184
63332	-1.115288	0.246220	-4.789115
63333	-1.121834	0.216079	-4.846621
63334	-1.126625	0.170725	-4.893877
63335	-1.135029	0.130451	-4.926612
63336	-1.154882	0.115863	-4.924597
63337	-1.168895	0.101540	-4.901551
63338	-1.172233	0.082288	-4.880234
63339	-1.166348	0.062152	-4.859173
63340	-1.169504	0.054743	-4.839496
63341	-1.170566	0.049597	-4.810353
63342	-1.163933	0.030714	-4.778977
63343	-1.162571	0.028210	-4.754895
63344	-1.156456	0.031450	-4.709655
63345	-1.140589	0.038154	-4.655698
63346	-1.130999	0.063998	-4.621215
63347	-1.118077	0.094514	-4.578697
63348	-1.103458	0.129599	-4.518921
63349	-1.074282	0.134454	-4.473613
63350	-1.042016	0.125535	-4.430663
63351	-1.012536	0.111544	-4.385939
63352	-1.000148	0.111797	-4.350506
63353	-0.990791	0.109866	-4.319163
63354	-0.972175	0.089408	-4.282828
63355	-0.953560	0.049310	-4.274607
63356	-0.940117	-0.011113	-4.297227
63357	-0.930186	-0.060909	-4.312614
63358	-0.929318	-0.072233	-4.287409
63359	-0.927610	-0.076451	-4.243731
63360	-0.925582	-0.088332	-4.225935
63361	-0.917158	-0.112507	-4.214068
63362	-0.901795	-0.141712	-4.192161
63363	-0.881678	-0.157540	-4.157983
63364	-0.851492	-0.173252	-4.092896
63365	-0.827474	-0.173373	-4.023279
63366	-0.800401	-0.178015	-3.988083
63367	-0.768265	-0.203065	-3.950305
63368	-0.743751	-0.215901	-3.912072
63369	-0.731450	-0.198749	-3.880226
63370	-0.713452	-0.201472	-3.836530
63371	-0.691233	-0.234757	-3.794828
63372	-0.683140	-0.220170	-3.778793
63373	-0.661838	-0.231507	-3.769419
63374	-0.636795	-0.257779	-3.769082
63375	-0.613167	-0.274127	-3.791490
63376	-0.605699	-0.305451	-3.823692
63377	-0.601775	-0.341790	-3.861401
63378	-0.609294	-0.366050	-3.912174
63379	-0.630295	-0.369056	-3.964454
63380	-0.645271	-0.375362	-4.008271
63381	-0.650156	-0.389674	-4.059194
63382	-0.646240	-0.425391	-4.115922
63383	-0.642536	-0.459033	-4.162369
63384	-0.637482	-0.481379	-4.180323
63385	-0.633290	-0.484412	-4.172018
63386	-0.631665	-0.477349	-4.171760
63387	-0.619359	-0.485764	-4.181831
63388	-0.602497	-0.492765	-4.177081
63389	-0.589333	-0.488454	-4.161152
63390	-0.585076	-0.485246	-4.144361
63391	-0.578695	-0.490983	-4.126589
63392	-0.566764	-0.510376	-4.112284
63393	-0.556504	-0.524460	-4.102493
63394	-0.548865	-0.539280	-4.101846
63395	-0.536132	-0.563234	-4.113041
63396	-0.515362	-0.590267	-4.112146
63397	-0.506098	-0.602132	-4.093774
63398	-0.502890	-0.605317	-4.067276
63399	-0.499506	-0.617641	-4.043475
63400	-0.493974	-0.636896	-4.018241
63401	-0.485526	-0.658054	-3.984395
63402	-0.481418	-0.671223	-3.945313
63403	-0.476722	-0.679671	-3.915401
63404	-0.467233	-0.693756	-3.884766
63405	-0.465886	-0.703911	-3.871482
63406	-0.469509	-0.710684	-3.855618
63407	-0.473812	-0.716601	-3.829671
63408	-0.472629	-0.739167	-3.813257
63409	-0.471812	-0.773326	-3.816343
63410	-0.479462	-0.803030	-3.830187
63411	-0.491871	-0.814973	-3.838828
63412	-0.489586	-0.841024	-3.835812
63413	-0.490758	-0.865825	-3.832583
63414	-0.505193	-0.893473	-3.838702
63415	-0.513291	-0.926640	-3.844240
63416	-0.516855	-0.955815	-3.848115
63417	-0.519119	-0.977153	-3.856927
63418	-0.522615	-0.997320	-3.877214
63419	-0.525113	-1.004067	-3.895913
63420	-0.538221	-0.994635	-3.900376
63421	-0.549322	-0.980057	-3.914826
63422	-0.553078	-0.980704	-3.930450
63423	-0.552038	-0.990509	-3.944362
63424	-0.548532	-1.001591	-3.952152
63425	-0.544500	-1.004824	-3.946700
63426	-0.539314	-1.007172	-3.938318
63427	-0.523091	-1.016761	-3.914346
63428	-0.507529	-1.016353	-3.888366
63429	-0.496504	-1.014314	-3.871136
63430	-0.482231	-1.022714	-3.865894
63431	-0.469549	-1.044303	-3.884123
63432	-0.452474	-1.076426	-3.911691
63433	-0.428464	-1.107891	-3.937540
63434	-0.400879	-1.133563	-3.963185
63435	-0.365908	-1.148927	-3.978877
63436	-0.320501	-1.172231	-3.998117
63437	-0.257296	-1.195237	-4.025047
63438	-0.185752	-1.218894	-4.060484
63439	-0.104368	-1.244105	-4.118422
63440	-0.006443	-1.264222	-4.185826
63441	0.109596	-1.257290	-4.257510
63442	0.244589	-1.221744	-4.338534
63443	0.401038	-1.169163	-4.447886
63444	0.571849	-1.106303	-4.595929
63445	0.760285	-1.032853	-4.795848
63446	0.975496	-0.949104	-5.032751
63447	1.215513	-0.850086	-5.295700
63448	1.493870	-0.744760	-5.559793
63449	1.796456	-0.605641	-5.814042
63450	2.105769	-0.423397	-6.053883
63451	2.434078	-0.216421	-6.276128
63452	2.780415	0.005429	-6.506238
63453	3.146761	0.230771	-6.756331
63454	3.538401	0.465206	-7.000306
63455	3.976579	0.712727	-7.208363
63456	4.453382	0.999872	-7.359868
63457	4.971635	1.320575	-7.428369
63458	5.550956	1.633348	-7.375139
63459	6.188494	1.944119	-7.214884
63460	6.864338	2.247292	-6.999447
63461	7.580000	2.486918	-6.813006
63462	8.317600	2.700434	-6.621524
63463	9.053282	2.927448	-6.455688
63464	9.813316	3.158743	-6.335991
63465	10.600613	3.408216	-6.240456
63466	11.428600	3.739977	-6.164928
63467	12.272926	4.172678	-6.124646
63468	13.142880	4.638809	-6.133736
63469	14.071194	5.120588	-6.014524
63470	15.108343	5.588693	-5.712375
63471	16.241718	6.090834	-5.211984
63472	17.521567	6.542304	-4.584647
63473	18.817507	7.069596	-3.854282
63474	20.109368	7.648479	-3.101810
63475	21.513192	8.036631	-2.494464
63476	22.915823	8.313214	-2.017686
63477	24.341223	8.676681	-1.487922
63478	25.803668	8.972958	-1.063806
63479	27.242757	9.285941	-0.641445
63480	28.693557	9.643097	-0.162414
63481	30.136657	10.001975	0.277166
63482	31.629702	10.351194	0.695670
63483	33.150612	10.680676	1.036475
63484	34.669078	10.957694	1.269134
63485	36.130391	11.154897	1.410812
63486	37.524353	11.265041	1.545583
63487	38.904894	11.423989	1.601054
63488	40.268172	11.455932	1.524987
63489	41.662946	11.440816	1.495895
63490	43.040670	11.372545	1.408167
63491	44.392007	11.190223	1.318571
63492	45.728892	10.926265	1.268341
63493	47.027291	10.549979	1.192342
63494	48.269124	10.082305	1.132130
63495	49.428064	9.576896	1.033488
63496	50.509513	9.059072	0.900193
63497	51.507789	8.524259	0.740691
63498	52.450003	7.920306	0.566873
63499	53.331071	7.248580	0.405104
63500	54.137206	6.546788	0.251883
63501	54.870824	5.870996	0.094995
63502	55.537131	5.220433	-0.050725
63503	56.117726	4.623976	-0.160088
63504	56.601936	4.078439	-0.279618
63505	57.016149	3.580783	-0.368338
63506	57.373338	3.075299	-0.442396
63507	57.648300	2.585721	-0.519536
63508	57.856726	2.109786	-0.560988
63509	57.997355	1.636137	-0.611469
63510	58.063841	1.174577	-0.679064
63511	58.065367	0.751721	-0.746085
63512	57.985112	0.406121	-0.845456
63513	57.830701	0.148329	-0.981012
63514	57.607020	-0.032489	-1.150466
63515	57.300638	-0.094024	-1.359179
63516	56.938799	-0.048244	-1.622724
63517	56.573925	0.008111	-1.918178
63518	56.227706	0.027013	-2.221243
63519	55.905649	0.004355	-2.542731
63520	55.596575	-0.002147	-2.857998
63521	55.284883	0.009624	-3.192190
63522	54.943137	0.065327	-3.509200
63523	54.555310	0.118797	-3.789913
63524	54.151967	0.126777	-3.979559
63525	53.752646	0.108620	-4.127955
63526	53.363660	0.074012	-4.225665
63527	53.000716	0.032509	-4.267830
63528	52.684329	-0.016968	-4.305114
63529	52.394243	-0.054369	-4.344265
63530	52.123418	-0.108765	-4.357404
63531	51.846257	-0.176579	-4.346478
63532	51.537873	-0.194234	-4.333278
63533	51.199363	-0.160972	-4.341582
63534	50.842309	-0.085061	-4.376447
63535	50.469855	0.029000	-4.438701
63536	50.075964	0.202860	-4.529090
63537	49.654949	0.433938	-4.632609
63538	49.212499	0.678513	-4.725921
63539	48.772069	0.906396	-4.807966
63540	48.337652	1.112558	-4.868057
63541	47.922895	1.213020	-4.850423
63542	47.536318	1.220005	-4.716275
63543	47.164495	1.224227	-4.413120
63544	46.889260	1.188740	-4.124540
63545	46.690057	1.193743	-3.862603
63546	46.534419	1.241660	-3.586225
63547	46.438700	1.256329	-3.308693
63548	46.391195	1.229760	-2.997620
63549	46.362839	1.171461	-2.632849
63550	46.346801	1.075946	-2.230185
63551	46.321752	0.984657	-1.795952
63552	46.267088	0.937647	-1.361270
63553	46.191417	0.938108	-0.952537
63554	46.086144	0.994454	-0.589941
63555	45.944396	1.152731	-0.302551
63556	45.779797	1.405032	-0.088101
63557	45.599762	1.708757	0.096048
63558	45.426208	1.970152	0.307928
63559	45.264168	2.168539	0.541164
63560	45.096016	2.346277	0.798431
63561	44.916309	2.513082	1.093824
63562	44.736972	2.647271	1.414734
63563	44.563514	2.751710	1.750891
63564	44.400468	2.846008	2.088795
63565	44.245444	2.949265	2.424822
63566	44.091168	3.068113	2.766513
63567	43.939287	3.179277	3.095188
63568	43.792948	3.269859	3.399304
63569	43.657231	3.313490	3.657533
63570	43.508780	3.311405	3.817353
63571	43.341406	3.332814	3.891590
63572	43.149550	3.364911	3.937173
63573	42.914636	3.408163	3.982512
63574	42.620450	3.499483	3.993058
63575	42.259843	3.674043	3.983882
63576	41.879108	3.855085	4.008198
63577	41.511936	4.017218	4.057186
63578	41.198146	4.129521	4.114138
63579	40.950363	4.163374	4.180517
63580	40.728488	4.214263	4.290803
63581	40.533731	4.301849	4.455059
63582	40.348491	4.347315	4.615978
63583	40.187157	4.278991	4.776833
63584	40.015810	4.170523	4.843694
63585	39.751016	4.157308	4.821682
63586	39.379595	4.262833	4.740714
63587	38.936908	4.434350	4.617609
63588	38.456970	4.623660	4.485779
63589	37.950800	4.839219	4.332802
63590	37.441075	5.029646	4.188164
63591	36.919782	5.234286	4.051670
63592	36.380385	5.435168	3.920405
63593	35.815459	5.614760	3.823850
63594	35.193930	5.753807	3.748044
63595	34.513869	5.864805	3.689416
63596	33.801141	5.956893	3.662139
63597	33.078744	6.042644	3.638306
63598	32.352343	6.136261	3.613438
63599	31.614427	6.245355	3.575105
63600	30.834130	6.414981	3.445961
63601	30.036897	6.632525	3.274761
63602	29.267044	6.810920	3.153630
63603	28.477855	6.997617	2.993478
63604	27.676383	7.171157	2.794780
63605	26.872098	7.330005	2.565803
63606	26.091732	7.460141	2.326944
63607	25.332377	7.539770	2.092323
63608	24.570229	7.582129	1.833994
63609	23.799287	7.605140	1.547623
63610	23.027154	7.626552	1.207269
63611	22.238023	7.666104	0.805577
63612	21.439974	7.707208	0.372368
63613	20.641805	7.727526	-0.066991
63614	19.840153	7.728360	-0.501010
63615	19.056147	7.698722	-0.887377
63616	18.258309	7.660685	-1.227233
63617	17.474095	7.614430	-1.465303
63618	16.696410	7.556861	-1.628855
63619	15.909007	7.506581	-1.749588
63620	15.127806	7.462796	-1.806272
63621	14.380125	7.399863	-1.860786
63622	13.638465	7.356592	-1.947376
63623	12.919527	7.309379	-2.022176
63624	12.221609	7.251760	-2.097437
63625	11.552791	7.162170	-2.178418
63626	10.863430	7.068916	-2.344574
63627	10.142006	6.970313	-2.619060
63628	9.433647	6.842966	-2.859333
63629	8.767048	6.678220	-3.043802
63630	8.100667	6.524486	-3.192682
63631	7.420324	6.405630	-3.311898
63632	6.811164	6.269130	-3.337603
63633	6.221115	6.124806	-3.332503
63634	5.693635	6.032806	-3.284707
63635	5.212837	5.881657	-3.251285
63636	4.779854	5.766959	-3.199404
63637	4.378136	5.753579	-3.061622
63638	4.059080	5.609515	-2.928787
63639	3.766880	5.357621	-2.859237
63640	3.468570	5.162984	-2.733586
63641	3.142505	4.984077	-2.627413
63642	2.793677	4.838430	-2.560849
63643	2.453795	4.673861	-2.491224
63644	2.078326	4.515641	-2.468082
63645	1.693024	4.386864	-2.463807
63646	1.343958	4.189858	-2.476390
63647	1.038853	3.963072	-2.464412
63648	0.748143	3.730730	-2.447872
63649	0.482030	3.519344	-2.433809
63650	0.195081	3.302706	-2.412897
63651	-0.132420	3.075005	-2.455876
63652	-0.452045	2.848908	-2.512797
63653	-0.753861	2.652119	-2.542987
63654	-1.038472	2.487376	-2.554765
63655	-1.298748	2.358269	-2.528819
63656	-1.512799	2.222578	-2.445941
63657	-1.664644	2.098448	-2.344862
63658	-1.759633	2.005663	-2.246230
63659	-1.821262	1.951385	-2.145815
63660	-1.865771	1.936818	-2.079248
63661	-1.921595	1.920322	-2.157706
63662	-1.982329	1.859712	-2.390181
63663	-2.018121	1.771244	-2.665925
63664	-2.034839	1.690084	-2.893057
63665	-2.068093	1.672264	-3.097452
63666	-2.108128	1.670046	-3.268034
63667	-2.140651	1.611401	-3.453132
63668	-2.164759	1.509927	-3.622326
63669	-2.201766	1.416720	-3.736445
63670	-2.251943	1.333594	-3.857209
63671	-2.295822	1.249537	-3.990917
63672	-2.319489	1.152206	-4.092306
63673	-2.346001	1.067756	-4.198004
63674	-2.380618	1.007952	-4.294894
63675	-2.417133	0.946599	-4.387721
63676	-2.450917	0.883229	-4.493604
63677	-2.464216	0.815089	-4.603894
63678	-2.462631	0.788058	-4.668321
63679	-2.451832	0.785526	-4.705488
63680	-2.427152	0.801575	-4.714451
63681	-2.402944	0.817174	-4.740861
63682	-2.395591	0.835648	-4.769665
63683	-2.396653	0.843318	-4.786006
63684	-2.406609	0.841183	-4.780515
63685	-2.421829	0.857046	-4.742681
63686	-2.423011	0.858582	-4.639872
63687	-2.421325	0.849484	-4.525453
63688	-2.425062	0.842386	-4.378149
63689	-2.431139	0.804860	-4.215800
63690	-2.457385	0.762463	-4.091076
63691	-2.479971	0.698372	-3.993982
63692	-2.505719	0.625715	-3.914850
63693	-2.540647	0.568638	-3.871075
63694	-2.584737	0.525037	-3.865591
63695	-2.623698	0.477514	-3.896963
63696	-2.657610	0.424108	-3.974500
63697	-2.678549	0.344877	-4.087526
63698	-2.696503	0.258121	-4.206523
63699	-2.718702	0.192755	-4.309122
63700	-2.731028	0.144612	-4.361262
63701	-2.741004	0.111919	-4.396065
63702	-2.749029	0.080416	-4.431496
63703	-2.750287	0.047647	-4.455366
63704	-2.748424	0.013630	-4.459434
63705	-2.747573	0.000032	-4.433394
63706	-2.746891	0.005447	-4.371992
63707	-2.735025	0.007558	-4.289417
63708	-2.716839	0.011282	-4.204706
63709	-2.695410	0.024557	-4.129120
63710	-2.661854	0.032063	-4.038251
63711	-2.628851	0.046937	-3.942479
63712	-2.609068	0.088685	-3.845443
63713	-2.588580	0.132654	-3.746282
63714	-2.572793	0.180330	-3.655564
63715	-2.556395	0.228889	-3.580983
63716	-2.533928	0.271787	-3.507435
63717	-2.500728	0.303225	-3.457560
63718	-2.464953	0.315128	-3.432895
63719	-2.435869	0.304384	-3.435966
63720	-2.415989	0.289442	-3.451601
63721	-2.406048	0.273062	-3.453254
63722	-2.402969	0.260480	-3.446127
63723	-2.401201	0.245660	-3.455677
63724	-2.414760	0.230337	-3.487029
63725	-2.427555	0.215830	-3.514673
63726	-2.433175	0.200313	-3.528893
63727	-2.434255	0.190628	-3.536613
63728	-2.439379	0.178297	-3.542127
63729	-2.443008	0.154675	-3.542617
63730	-2.441683	0.132510	-3.519341
63731	-2.433270	0.119291	-3.470959
63732	-2.427087	0.118374	-3.423837
63733	-2.423522	0.120214	-3.379874
63734	-2.414842	0.119265	-3.351652
63735	-2.406562	0.115824	-3.340134
63736	-2.401390	0.110164	-3.349692
63737	-2.392229	0.103346	-3.362182
63738	-2.379099	0.097204	-3.361884
63739	-2.366797	0.107801	-3.352143
63740	-2.355706	0.125647	-3.328401
63741	-2.337942	0.136726	-3.305945
63742	-2.327572	0.138542	-3.287084
63743	-2.319176	0.145772	-3.250185
63744	-2.303440	0.149698	-3.188702
63745	-2.288280	0.149421	-3.131689
63746	-2.279550	0.156094	-3.084149
63747	-2.267485	0.154153	-3.032018
63748	-2.260371	0.159257	-2.983939
63749	-2.253148	0.168068	-2.951327
63750	-2.248765	0.177223	-2.916849
63751	-2.253307	0.185126	-2.903329
63752	-2.254655	0.176561	-2.910799
63753	-2.252777	0.157627	-2.932816
63754	-2.252842	0.147886	-2.953038
63755	-2.245601	0.144684	-2.954980
63756	-2.247143	0.143781	-2.956500
63757	-2.253561	0.148625	-2.967751
63758	-2.266755	0.152872	-2.985391
63759	-2.273036	0.151565	-3.004100
63760	-2.276717	0.141340	-3.022664
63761	-2.281257	0.133694	-3.037213
63762	-2.288816	0.132488	-3.042424
63763	-2.293425	0.129448	-3.048023
63764	-2.300322	0.124715	-3.066455
63765	-2.305536	0.113446	-3.086199
63766	-2.303905	0.095519	-3.121460
63767	-2.303720	0.078576	-3.162897
63768	-2.307760	0.074469	-3.200928
63769	-2.316915	0.083360	-3.225785
63770	-2.321023	0.087649	-3.254126
63771	-2.325295	0.088235	-3.294931
63772	-2.329805	0.078405	-3.337709
63773	-2.328622	0.071850	-3.367312
63774	-2.330256	0.064275	-3.386294
63775	-2.330265	0.054540	-3.404857
63776	-2.333367	0.039257	-3.430752
63777	-2.337573	0.015753	-3.467329
63778	-2.346531	-0.012601	-3.521918
63779	-2.351484	-0.057466	-3.589728
63780	-2.356772	-0.112261	-3.672078
63781	-2.366708	-0.176462	-3.767296
63782	-2.375894	-0.241033	-3.873429
63783	-2.386298	-0.297962	-3.968331
63784	-2.399541	-0.345870	-4.055125
63785	-2.411763	-0.380237	-4.135751
63786	-2.420973	-0.408740	-4.197980
63787	-2.422922	-0.432328	-4.247552
63788	-2.416985	-0.450129	-4.292271
63789	-2.414344	-0.464878	-4.331042
63790	-2.408106	-0.481207	-4.381855
63791	-2.395279	-0.504605	-4.444160
63792	-2.383280	-0.534879	-4.522362
63793	-2.369910	-0.566943	-4.615599
63794	-2.360926	-0.596779	-4.712962
63795	-2.348449	-0.627747	-4.811634
63796	-2.332139	-0.657245	-4.902774
63797	-2.320317	-0.685216	-4.975521
63798	-2.304982	-0.710616	-5.038637
63799	-2.290299	-0.744409	-5.089918
63800	-2.273235	-0.780606	-5.126199
63801	-2.255788	-0.814443	-5.146554
63802	-2.231609	-0.844054	-5.143231
63803	-2.207311	-0.857979	-5.112946
63804	-2.178341	-0.855480	-5.062814
63805	-2.135989	-0.848809	-4.995505
63806	-2.090563	-0.845396	-4.926198
63807	-2.048576	-0.843995	-4.862823
63808	-2.003699	-0.849510	-4.807342
63809	-1.952115	-0.857317	-4.762437
63810	-1.897102	-0.859727	-4.734644
63811	-1.841487	-0.857165	-4.719467
63812	-1.781314	-0.860802	-4.723876
63813	-1.707795	-0.865456	-4.746835
63814	-1.627656	-0.867047	-4.776548
63815	-1.541667	-0.855777	-4.811796
63816	-1.447814	-0.840476	-4.853621
63817	-1.361167	-0.808696	-4.900042
63818	-1.273490	-0.778076	-4.948649
63819	-1.174924	-0.761178	-5.004075
63820	-1.066104	-0.747933	-5.078838
63821	-0.946368	-0.741772	-5.177428
63822	-0.821162	-0.731291	-5.290978
63823	-0.684477	-0.716280	-5.411309
63824	-0.542527	-0.696154	-5.538274
63825	-0.398999	-0.665380	-5.676047
63826	-0.259327	-0.625364	-5.825871
63827	-0.124131	-0.566879	-5.967948
63828	0.006084	-0.487403	-6.116510
63829	0.128824	-0.391648	-6.263224
63830	0.249732	-0.302564	-6.411730
63831	0.374498	-0.224489	-6.553886
63832	0.479440	-0.126241	-6.662307
63833	0.565615	-0.019297	-6.733844
63834	0.644396	0.072081	-6.796790
63835	0.716352	0.147413	-6.834444
63836	0.779341	0.210318	-6.830035
63837	0.817955	0.290861	-6.768657
63838	0.828683	0.388002	-6.622784
63839	0.831354	0.471854	-6.431657
63840	0.827148	0.525112	-6.220923
63841	0.817162	0.555147	-5.998267
63842	0.796903	0.569754	-5.771090
63843	0.761386	0.585295	-5.543011
63844	0.716813	0.595596	-5.321847
63845	0.662120	0.594356	-5.114811
63846	0.594353	0.590370	-4.930506
63847	0.525665	0.589498	-4.777073
63848	0.466803	0.567174	-4.664514
63849	0.421477	0.529011	-4.595978
63850	0.380744	0.476801	-4.573452
63851	0.339120	0.420606	-4.586572
63852	0.300304	0.359619	-4.624444
63853	0.261162	0.300380	-4.678439
63854	0.222758	0.261518	-4.716831
63855	0.181897	0.228522	-4.737558
63856	0.141233	0.203292	-4.748324
63857	0.112906	0.165744	-4.743835
63858	0.089207	0.128460	-4.707400
63859	0.067028	0.087366	-4.664632
63860	0.046809	0.040373	-4.630352
63861	0.033102	-0.013098	-4.614273
63862	0.028467	-0.076436	-4.618516
63863	0.036670	-0.138547	-4.647671
63864	0.060593	-0.200090	-4.705271
63865	0.092651	-0.251424	-4.785469
63866	0.131989	-0.288315	-4.883493
63867	0.184293	-0.318248	-4.996929
63868	0.256194	-0.336608	-5.143189
63869	0.344619	-0.336110	-5.318682
63870	0.458612	-0.316052	-5.539186
63871	0.598226	-0.283442	-5.804294
63872	0.765716	-0.225089	-6.102281
63873	0.958209	-0.127963	-6.425957
63874	1.181320	0.003679	-6.776490
63875	1.441457	0.193976	-7.141587
63876	1.745737	0.457014	-7.475459
63877	2.110959	0.782846	-7.748844
63878	2.552861	1.160780	-7.931625
63879	3.074491	1.593927	-8.014039
63880	3.691489	2.065776	-8.010842
63881	4.395615	2.555065	-7.923509
63882	5.178343	3.073222	-7.765301
63883	6.027162	3.614557	-7.533769
63884	6.973242	4.203908	-7.235422
63885	8.021333	4.804833	-6.900950
63886	9.174108	5.313544	-6.463065
63887	10.566929	5.700611	-5.979769
63888	11.994312	6.158677	-5.265866
63889	13.548715	6.719188	-4.362965
63890	15.238853	7.212101	-3.430655
63891	16.983303	7.641284	-2.575328
63892	18.811631	8.115172	-1.814156
63893	20.591946	8.463171	-1.244119
63894	22.304506	8.803459	-0.872704
63895	23.948850	9.140480	-0.595756
63896	25.520699	9.570757	-0.385203
63897	27.112133	9.983809	-0.161547
63898	28.700792	10.390100	0.056578
63899	30.246752	10.683793	0.188563
63900	31.848065	11.027367	0.240315
63901	33.547311	11.191849	0.298564
63902	35.314636	11.215506	0.413830
63903	37.084223	11.172209	0.537788
63904	38.822380	10.991222	0.645086
63905	40.529593	10.671100	0.782580
63906	42.193586	10.255063	0.922652
63907	43.812415	9.711910	1.024681
63908	45.364704	9.053584	1.125909
63909	46.829646	8.338588	1.237564
63910	48.219049	7.553893	1.366684
63911	49.534985	6.679301	1.484306
63912	50.775577	5.743251	1.545777
63913	51.929056	4.808732	1.547106
63914	52.974475	3.927700	1.487416
63915	53.903278	3.112931	1.370059
63916	54.701528	2.434699	1.183332
63917	55.381147	1.867772	0.957026
63918	55.972051	1.368138	0.724197
63919	56.479550	0.886766	0.500027
63920	56.899660	0.444771	0.276753
63921	57.245354	0.017597	0.060244
63922	57.512371	-0.380915	-0.142771
63923	57.703649	-0.759919	-0.329449
63924	57.813243	-1.134090	-0.532593
63925	57.840916	-1.487467	-0.692746
63926	57.796699	-1.828435	-0.826409
63927	57.663696	-2.118232	-0.950354
63928	57.459457	-2.369120	-1.043644
63929	57.231900	-2.628879	-1.147337
63930	56.989308	-2.880898	-1.260511
63931	56.720353	-3.053373	-1.378883
63932	56.394190	-3.091826	-1.548347
63933	55.995939	-2.998191	-1.781873
63934	55.529360	-2.820107	-2.079795
63935	55.009070	-2.567151	-2.393572
63936	54.459248	-2.277715	-2.686946
63937	53.910693	-2.046415	-2.942057
63938	53.384223	-1.895870	-3.149856
63939	52.883810	-1.780643	-3.280799
63940	52.428934	-1.730541	-3.349413
63941	52.015076	-1.722879	-3.390140
63942	51.621735	-1.701950	-3.422223
63943	51.235731	-1.674270	-3.430513
63944	50.843936	-1.689997	-3.387125
63945	50.446888	-1.705813	-3.329502
63946	50.046867	-1.711431	-3.285747
63947	49.643417	-1.700111	-3.242069
63948	49.253049	-1.681117	-3.194774
63949	48.889848	-1.649849	-3.150670
63950	48.556368	-1.597979	-3.110552
63951	48.234928	-1.521880	-3.054755
63952	47.891331	-1.409980	-2.976632
63953	47.532863	-1.275652	-2.913146
63954	47.168968	-1.164776	-2.871075
63955	46.822992	-1.104013	-2.764536
63956	46.433514	-0.992630	-2.510035
63957	46.068291	-0.867618	-2.251109
63958	45.783778	-0.739540	-2.116495
63959	45.576304	-0.606888	-2.006586
63960	45.475768	-0.531088	-1.884099
63961	45.478355	-0.514541	-1.706709
63962	45.521409	-0.484072	-1.449808
63963	45.542403	-0.393313	-1.109836
63964	45.561321	-0.295878	-0.764796
63965	45.564611	-0.193212	-0.468547
63966	45.520606	-0.061072	-0.225371
63967	45.424119	0.109967	-0.029822
63968	45.277341	0.304146	0.147680
63969	45.090516	0.515154	0.324204
63970	44.877256	0.735253	0.474413
63971	44.652353	0.938873	0.622290
63972	44.428549	1.102699	0.798646
63973	44.215494	1.240209	0.987506
63974	44.017287	1.381182	1.167952
63975	43.846255	1.524312	1.323204
63976	43.698012	1.677691	1.453428
63977	43.553733	1.853388	1.581215
63978	43.402512	2.044978	1.697066
63979	43.239980	2.218442	1.806826
63980	43.060712	2.387210	1.919359
63981	42.874754	2.547645	2.033405
63982	42.709769	2.656053	2.122759
63983	42.556590	2.765388	2.218086
63984	42.417196	2.899915	2.296642
63985	42.300420	3.064143	2.321450
63986	42.216944	3.225198	2.330417
63987	42.186993	3.308461	2.328380
63988	42.201120	3.318554	2.360959
63989	42.232927	3.259484	2.364195
63990	42.186232	3.310007	2.311139
63991	42.047995	3.428598	2.192664
63992	41.827114	3.566073	2.085345
63993	41.558224	3.676881	1.962806
63994	41.263947	3.777241	1.847504
63995	40.947276	3.844814	1.821952
63996	40.638924	3.872115	1.865339
63997	40.338413	3.910214	1.896578
63998	40.000297	4.028540	1.881252
63999	39.640149	4.111197	1.798661
64000	39.247166	4.094054	1.708468
64001	38.759016	4.110638	1.615543
64002	38.150685	4.200079	1.524647
64003	37.408325	4.360792	1.458639
64004	36.574614	4.538564	1.422294
64005	35.726891	4.657288	1.473013
64006	34.897277	4.754158	1.542481
64007	34.083429	4.860195	1.620175
64008	33.283350	4.962619	1.726353
64009	32.490493	5.045329	1.851299
64010	31.679485	5.137569	1.960938
64011	30.860465	5.236446	2.059178
64012	30.036870	5.341421	2.131895
64013	29.219344	5.449442	2.171132
64014	28.396265	5.585366	2.165128
64015	27.560460	5.725945	2.101110
64016	26.708590	5.871074	2.009499
64017	25.820715	5.996660	1.906546
64018	24.893774	6.096186	1.785182
64019	23.965633	6.167936	1.687066
64020	23.065024	6.231196	1.616020
64021	22.190892	6.293738	1.575869
64022	21.331546	6.355928	1.537031
64023	20.484070	6.404740	1.496351
64024	19.649576	6.438014	1.460791
64025	18.803087	6.483267	1.427189
64026	17.960884	6.520628	1.441286
64027	17.119799	6.551299	1.484570
64028	16.278856	6.583745	1.521225
64029	15.480906	6.559537	1.592857
64030	14.702093	6.523206	1.713078
64031	13.949560	6.479079	1.877651
64032	13.204562	6.424721	2.067999
64033	12.469632	6.379432	2.240768
64034	11.740568	6.303130	2.371351
64035	11.010581	6.204292	2.459311
64036	10.304594	6.070039	2.553887
64037	9.622012	5.888343	2.624633
64038	8.943852	5.696596	2.596826
64039	8.284945	5.487831	2.618501
64040	7.662279	5.228842	2.684352
64041	7.049684	4.969622	2.752064
64042	6.455500	4.860070	2.890276
64043	5.883977	4.764229	3.108774
64044	5.365731	4.457087	3.238904
64045	4.906135	4.179405	3.435182
64046	4.449562	3.967179	3.639050
64047	4.005288	3.786045	3.766383
64048	3.580315	3.626312	3.828481
64049	3.184232	3.460429	3.885889
64050	2.798101	3.267001	3.865853
64051	2.396113	3.147225	3.773866
64052	2.028945	3.037600	3.695992
64053	1.698009	2.903665	3.607519
64054	1.382058	2.775328	3.500660
64055	1.126071	2.561734	3.404850
64056	0.880969	2.220307	3.260197
64057	0.625036	2.076684	3.209664
64058	0.382992	1.945800	3.191086
64059	0.181727	1.835203	3.173798
64060	0.027974	1.726836	3.125146
64061	-0.099095	1.592969	2.968814
64062	-0.191918	1.440828	2.744728
64063	-0.285770	1.299653	2.555168
64064	-0.414970	1.236827	2.406055
64065	-0.546198	1.199663	2.245075
64066	-0.659751	1.181184	2.101026
64067	-0.739648	1.159677	1.977130
64068	-0.803125	1.142222	1.838687
64069	-0.843618	1.085308	1.698793
64070	-0.860882	0.994876	1.545738
64071	-0.876410	0.935789	1.418257
64072	-0.902724	0.916324	1.273150
64073	-0.932699	0.915266	1.097225
64074	-0.954420	0.923412	0.939558
64075	-0.971685	0.938632	0.778098
64076	-0.971612	0.922824	0.623710
64077	-0.945438	0.889818	0.512627
64078	-0.928773	0.860646	0.414306
64079	-0.912591	0.836808	0.337156
64080	-0.895107	0.829203	0.307903
64081	-0.876501	0.842821	0.312141
64082	-0.845125	0.844118	0.337210
64083	-0.814540	0.856484	0.392654
64084	-0.767550	0.837652	0.467342
64085	-0.726721	0.826841	0.561179
64086	-0.690698	0.829969	0.697015
64087	-0.643221	0.841714	0.863401
64088	-0.591796	0.846607	1.047050
64089	-0.562194	0.863018	1.220848
64090	-0.550555	0.919011	1.383062
64091	-0.529920	0.970827	1.538248
64092	-0.492246	0.992674	1.671153
64093	-0.461744	1.009909	1.758157
64094	-0.434828	1.023825	1.794310
64095	-0.389427	1.011594	1.819721
64096	-0.340098	0.966839	1.817183
64097	-0.311124	0.934085	1.786183
64098	-0.312844	0.927351	1.736601
64099	-0.311482	0.920975	1.694052
64100	-0.310060	0.897899	1.647717
64101	-0.316598	0.861183	1.565523
64102	-0.319335	0.815050	1.475946
64103	-0.327242	0.789645	1.392703
64104	-0.326051	0.774426	1.343683
64105	-0.312338	0.735844	1.305017
64106	-0.309602	0.678118	1.217792
64107	-0.310687	0.614574	1.103188
64108	-0.316281	0.572959	0.993408
64109	-0.325327	0.555156	0.899395
64110	-0.328874	0.540476	0.810343
64111	-0.330926	0.511664	0.700635
64112	-0.341795	0.494261	0.572535
64113	-0.340911	0.485771	0.477720
64114	-0.325136	0.478863	0.432805
64115	-0.306743	0.475514	0.400918
64116	-0.292933	0.457947	0.360481
64117	-0.271607	0.424867	0.333898
64118	-0.259787	0.398523	0.333249
64119	-0.261630	0.391862	0.341600
64120	-0.267259	0.385477	0.359575
64121	-0.287574	0.388937	0.384270
64122	-0.304552	0.374743	0.416146
64123	-0.322697	0.347228	0.443221
64124	-0.340319	0.306742	0.467243
64125	-0.362023	0.264938	0.499694
64126	-0.391779	0.238344	0.544348
64127	-0.421200	0.220606	0.606710
64128	-0.445041	0.207648	0.683989
64129	-0.460181	0.193521	0.754863
64130	-0.468230	0.175032	0.821155
64131	-0.478018	0.160248	0.873547
64132	-0.484538	0.162529	0.928081
64133	-0.482917	0.163973	0.978941
64134	-0.482303	0.157047	0.999216
64135	-0.486820	0.155740	0.989637
64136	-0.475124	0.147413	0.995690
64137	-0.464239	0.163041	1.026393
64138	-0.450010	0.184408	1.074828
64139	-0.425338	0.188907	1.122818
64140	-0.398656	0.185061	1.168807
64141	-0.384051	0.197577	1.229026
64142	-0.374551	0.223058	1.336270
64143	-0.368373	0.261108	1.461923
64144	-0.356644	0.289355	1.602368
64145	-0.347475	0.309184	1.742481
64146	-0.330797	0.318151	1.887623
64147	-0.323389	0.327849	2.024217
64148	-0.332971	0.338633	2.143691
64149	-0.346406	0.339231	2.260731
64150	-0.369893	0.349501	2.366110
64151	-0.397258	0.351293	2.463465
64152	-0.423922	0.360505	2.551267
64153	-0.439130	0.377912	2.652879
64154	-0.445865	0.388405	2.757083
64155	-0.457652	0.396117	2.846056
64156	-0.475475	0.411670	2.933279
64157	-0.486519	0.434477	3.018714
64158	-0.488822	0.461471	3.115253
64159	-0.494507	0.487084	3.200345
64160	-0.503440	0.519696	3.275002
64161	-0.500724	0.541616	3.340479
64162	-0.499623	0.562909	3.397252
64163	-0.497831	0.579631	3.436858
64164	-0.488340	0.584488	3.473806
64165	-0.492708	0.591526	3.497584
64166	-0.495666	0.607935	3.529403
64167	-0.499501	0.622834	3.568511
64168	-0.504393	0.633501	3.598999
64169	-0.513719	0.643137	3.622441
64170	-0.529835	0.647367	3.629338
64171	-0.549196	0.654066	3.625750
64172	-0.565325	0.658932	3.625150
64173	-0.579059	0.668914	3.629114
64174	-0.596181	0.687283	3.634063
64175	-0.612345	0.713067	3.644921
64176	-0.615883	0.725461	3.651171
64177	-0.623144	0.740239	3.644377
64178	-0.626501	0.748585	3.638706
64179	-0.629728	0.751577	3.629308
64180	-0.636253	0.751147	3.591983
64181	-0.654542	0.754345	3.512965
64182	-0.677696	0.760741	3.393833
64183	-0.703925	0.756557	3.245860
64184	-0.740566	0.733318	3.066145
64185	-0.783451	0.705177	2.885892
64186	-0.833683	0.685508	2.732854
64187	-0.880826	0.673934	2.612232
64188	-0.927859	0.661076	2.513434
64189	-0.966984	0.637923	2.443101
64190	-1.002121	0.622996	2.397696
64191	-1.035641	0.607045	2.375157
64192	-1.069306	0.609004	2.384828
64193	-1.091051	0.607665	2.412674
64194	-1.112674	0.607641	2.432234
64195	-1.131495	0.612514	2.436692
64196	-1.145821	0.610639	2.439657
64197	-1.163255	0.615947	2.430546
64198	-1.180816	0.635212	2.421955
64199	-1.199062	0.663084	2.427252
64200	-1.215376	0.690480	2.439248
64201	-1.229525	0.707595	2.448143
64202	-1.241084	0.720194	2.458580
64203	-1.250929	0.722933	2.464314
64204	-1.258128	0.719533	2.477216
64205	-1.270399	0.716806	2.497069
64206	-1.284563	0.710594	2.522058
64207	-1.304584	0.712407	2.543664
64208	-1.330752	0.725084	2.577795
64209	-1.356166	0.736056	2.628612
64210	-1.382044	0.743358	2.682800
64211	-1.408311	0.754656	2.737853
64212	-1.435290	0.759106	2.787901
64213	-1.463369	0.763716	2.831160
64214	-1.487424	0.764283	2.853957
64215	-1.514982	0.768786	2.856325
64216	-1.538092	0.759725	2.842137
64217	-1.563093	0.749159	2.800389
64218	-1.593064	0.737668	2.738743
64219	-1.625356	0.716519	2.655361
64220	-1.651002	0.691700	2.571198
64221	-1.676639	0.654941	2.494619
64222	-1.704786	0.612878	2.415069
64223	-1.733877	0.569294	2.342830
64224	-1.775994	0.534330	2.283375
64225	-1.821475	0.500440	2.236915
64226	-1.866305	0.465686	2.206464
64227	-1.906566	0.432380	2.181544
64228	-1.953381	0.402385	2.158943
64229	-2.002326	0.374367	2.145317
64230	-2.052465	0.355776	2.137983
64231	-2.098086	0.345565	2.142833
64232	-2.138908	0.347346	2.158042
64233	-2.173985	0.351407	2.183225
64234	-2.201782	0.348353	2.203478
64235	-2.223233	0.339731	2.206421
64236	-2.243147	0.333253	2.201273
64237	-2.264249	0.327896	2.191273
64238	-2.281911	0.321431	2.176774
64239	-2.294183	0.308602	2.160145
64240	-2.310418	0.309387	2.138724
64241	-2.327435	0.317780	2.129225
64242	-2.342868	0.333154	2.131489
64243	-2.357420	0.343223	2.135190
64244	-2.375048	0.344715	2.124961
64245	-2.391629	0.337227	2.117954
64246	-2.404825	0.321666	2.116851
64247	-2.416378	0.309029	2.126725
64248	-2.421703	0.292220	2.145134
64249	-2.431226	0.289680	2.162361
64250	-2.442575	0.293797	2.184396
64251	-2.449680	0.288105	2.194991
64252	-2.454255	0.275702	2.192177
64253	-2.464692	0.260649	2.185309
64254	-2.474473	0.247526	2.177988
64255	-2.485856	0.240780	2.179746
64256	-2.499241	0.235336	2.186830
64257	-2.514758	0.231330	2.193379
64258	-2.535938	0.232008	2.205061
64259	-2.553860	0.231168	2.218221
64260	-2.570446	0.227625	2.237540
64261	-2.585946	0.222067	2.258219
64262	-2.601996	0.208571	2.280531
64263	-2.618762	0.202183	2.300990
64264	-2.630840	0.188060	2.326631
64265	-2.646049	0.176746	2.353688
64266	-2.665556	0.169904	2.379908
64267	-2.685882	0.164288	2.403841
64268	-2.699354	0.151985	2.429813
64269	-2.719033	0.143319	2.446266
64270	-2.741245	0.138483	2.465987
64271	-2.757715	0.127396	2.481954
64272	-2.768541	0.116758	2.487057
64273	-2.779800	0.107943	2.489152
64274	-2.794420	0.102733	2.485134
64275	-2.809687	0.095600	2.481569
64276	-2.825862	0.095836	2.476079
64277	-2.849047	0.096433	2.484249
64278	-2.867395	0.102185	2.513189
64279	-2.882011	0.104415	2.550744
64280	-2.895087	0.101251	2.581029
64281	-2.908558	0.091459	2.603222
64282	-2.924161	0.087729	2.626677
64283	-2.945802	0.091462	2.654180
64284	-2.961723	0.085535	2.679679
