// General information: 
//  MT Manager version: 2021.4.0 
//  XDA version: 2021.4.0 build 6323 rev 112641 built on 2021-09-28
// Device information: 
//  DeviceId: 00B43773
//  ProductCode: MTW2-3A7G6
//  Firmware Version: 4.3.4
//  Hardware Version: 1.1.0
// Device settings: 
//  Filter Profile: human(46.1)
//  Option Flags: Orientation Smoother Disabled, Position/Velocity Smoother Disabled, Continuous Zero Rotation Update Disabled, AHS Disabled, ICC Disabled
// Coordinate system: ENU
PacketCounter	SampleTimeFine	Roll	Pitch	Yaw
26251		0.538828	-0.160637	0.000829
26252		0.522386	-0.187093	0.000022
26253		0.503874	-0.213293	-0.003531
26254		0.486534	-0.237805	-0.002687
26255		0.469176	-0.263432	-0.005435
26256		0.449857	-0.291429	-0.006732
26257		0.431930	-0.317395	-0.008417
26258		0.415774	-0.345074	-0.009670
26259		0.400167	-0.372288	-0.011213
26260		0.385391	-0.400301	-0.013730
26261		0.370969	-0.429406	-0.013023
26262		0.351864	-0.459721	-0.015617
26263		0.333530	-0.487252	-0.013585
26264		0.312849	-0.517273	-0.011950
26265		0.293311	-0.540528	-0.010694
26266		0.273759	-0.560210	-0.007770
26267		0.252697	-0.572056	-0.003849
26268		0.233771	-0.580408	0.001822
26269		0.214088	-0.584166	0.006022
26270		0.194476	-0.586793	0.010906
26271		0.174753	-0.585665	0.015110
26272		0.154962	-0.580953	0.021048
26273		0.134782	-0.576403	0.026040
26274		0.115155	-0.569072	0.032005
26275		0.093920	-0.558955	0.037383
26276		0.076549	-0.548164	0.042449
26277		0.054753	-0.540797	0.047418
26278		0.037243	-0.523824	0.055904
26279		0.018028	-0.512661	0.061921
26280		-0.000410	-0.492576	0.069200
26281		-0.018808	-0.473653	0.076515
26282		-0.037255	-0.453580	0.084121
26283		-0.059268	-0.432945	0.093644
26284		-0.087705	-0.409635	0.102823
26285		-0.113355	-0.387251	0.111638
26286		-0.144102	-0.362743	0.120729
26287		-0.171215	-0.338697	0.129234
26288		-0.201261	-0.322312	0.135872
26289		-0.230281	-0.316393	0.142293
26290		-0.263491	-0.317639	0.149628
26291		-0.298909	-0.326168	0.157779
26292		-0.336067	-0.339344	0.166516
26293		-0.371338	-0.351448	0.172971
26294		-0.396940	-0.370641	0.176839
26295		-0.418894	-0.380609	0.185216
26296		-0.434627	-0.393291	0.189640
26297		-0.445140	-0.408129	0.193233
26298		-0.451555	-0.425646	0.195343
26299		-0.455225	-0.447840	0.196774
26300		-0.456897	-0.468889	0.195880
26301		-0.458806	-0.495050	0.197076
26302		-0.461696	-0.527798	0.197194
26303		-0.471526	-0.559450	0.201279
26304		-0.478503	-0.589496	0.202968
26305		-0.487643	-0.619526	0.204280
26306		-0.496185	-0.654086	0.204621
26307		-0.504164	-0.685956	0.205288
26308		-0.512872	-0.716932	0.204334
26309		-0.518691	-0.746459	0.206846
26310		-0.524389	-0.777026	0.203327
26311		-0.529518	-0.802496	0.204502
26312		-0.535085	-0.831788	0.202147
26313		-0.541508	-0.861601	0.199906
26314		-0.549110	-0.889546	0.198311
26315		-0.556290	-0.913648	0.197363
26316		-0.558587	-0.932598	0.193216
26317		-0.561754	-0.949628	0.190661
26318		-0.554824	-0.958775	0.189889
26319		-0.547619	-0.965327	0.185724
26320		-0.537118	-0.963963	0.184201
26321		-0.523294	-0.962071	0.180936
26322		-0.507309	-0.960210	0.178059
26323		-0.489991	-0.961365	0.174282
26324		-0.472544	-0.961190	0.171727
26325		-0.458560	-0.962885	0.166756
26326		-0.442300	-0.958420	0.163359
26327		-0.426762	-0.953174	0.161269
26328		-0.414138	-0.946958	0.157219
26329		-0.397919	-0.935205	0.155243
26330		-0.383880	-0.923345	0.152937
26331		-0.371299	-0.909842	0.150292
26332		-0.360152	-0.899521	0.147450
26333		-0.351883	-0.890807	0.146925
26334		-0.343778	-0.880910	0.146651
26335		-0.341700	-0.876763	0.148768
26336		-0.338650	-0.870788	0.148928
26337		-0.338476	-0.863959	0.150110
26338		-0.338321	-0.857089	0.151241
26339		-0.335842	-0.849014	0.151103
26340		-0.330223	-0.836760	0.150847
26341		-0.323409	-0.826407	0.152957
26342		-0.312156	-0.812381	0.152653
26343		-0.303647	-0.796212	0.154488
26344		-0.296312	-0.780616	0.155559
26345		-0.288378	-0.764775	0.158451
26346		-0.280477	-0.746437	0.159777
26347		-0.271141	-0.724931	0.161470
26348		-0.258809	-0.700544	0.161658
26349		-0.244757	-0.670427	0.164797
26350		-0.231330	-0.635689	0.166059
26351		-0.215172	-0.598328	0.168132
26352		-0.200085	-0.555392	0.170735
26353		-0.184749	-0.505061	0.175542
26354		-0.170384	-0.447850	0.178926
26355		-0.155192	-0.380532	0.185127
26356		-0.138196	-0.301308	0.192312
26357		-0.118536	-0.217049	0.198736
26358		-0.097027	-0.133060	0.204820
26359		-0.071959	-0.043604	0.209943
26360		-0.044426	0.045844	0.216298
26361		-0.009305	0.138035	0.220456
26362		0.019391	0.234076	0.226176
26363		0.042441	0.333068	0.234677
26364		0.062827	0.435457	0.243785
26365		0.074129	0.538967	0.256055
26366		0.084672	0.648031	0.269452
26367		0.092956	0.759496	0.281043
26368		0.099214	0.866063	0.295071
26369		0.107376	0.968845	0.304005
26370		0.117195	1.066365	0.311535
26371		0.126459	1.151527	0.315812
26372		0.143215	1.227293	0.315486
26373		0.171355	1.295711	0.314958
26374		0.202409	1.356077	0.309043
26375		0.244360	1.404025	0.301319
26376		0.281893	1.444725	0.296195
26377		0.309963	1.473280	0.290998
26378		0.328467	1.500394	0.288905
26379		0.331257	1.513457	0.281856
26380		0.327061	1.524100	0.273393
26381		0.317607	1.539158	0.269632
26382		0.298079	1.547712	0.267272
26383		0.272534	1.555430	0.269815
26384		0.245213	1.560993	0.271675
26385		0.217398	1.565113	0.274054
26386		0.185542	1.569554	0.276834
26387		0.149288	1.572788	0.282982
26388		0.114859	1.576914	0.289143
26389		0.082410	1.577278	0.295785
26390		0.053636	1.578324	0.301926
26391		0.020806	1.576212	0.303298
26392		-0.016304	1.564767	0.298204
26393		-0.058549	1.553225	0.287317
26394		-0.095610	1.543074	0.277640
26395		-0.124682	1.534689	0.269133
26396		-0.146948	1.529721	0.261790
26397		-0.163855	1.522815	0.254603
26398		-0.171637	1.522894	0.251974
26399		-0.177238	1.519411	0.247650
26400		-0.175620	1.520767	0.246425
26401		-0.172496	1.521732	0.246739
26402		-0.168189	1.521997	0.249597
26403		-0.157502	1.522064	0.250889
26404		-0.142112	1.520821	0.255453
26405		-0.124416	1.519671	0.258769
26406		-0.107718	1.508363	0.261419
26407		-0.088801	1.494536	0.265953
26408		-0.066602	1.477583	0.269471
26409		-0.045045	1.460304	0.273691
26410		-0.028384	1.440513	0.276247
26411		-0.012752	1.416603	0.276690
26412		0.003844	1.390761	0.275926
26413		0.021193	1.365364	0.274684
26414		0.037426	1.339387	0.272722
26415		0.053295	1.315630	0.271148
26416		0.070743	1.291534	0.268613
26417		0.090749	1.271146	0.266677
26418		0.112720	1.254235	0.264464
26419		0.134073	1.237028	0.259869
26420		0.153935	1.220179	0.256536
26421		0.170924	1.205510	0.252479
26422		0.189829	1.190633	0.248149
26423		0.206262	1.175641	0.245127
26424		0.218432	1.157356	0.239402
26425		0.229872	1.136147	0.235393
26426		0.238708	1.113648	0.228775
26427		0.247341	1.083752	0.222778
26428		0.256605	1.049384	0.215719
26429		0.264053	1.010386	0.209211
26430		0.271321	0.972543	0.202404
26431		0.274392	0.925187	0.195319
26432		0.273367	0.878123	0.191304
26433		0.267342	0.823453	0.187921
26434		0.260202	0.763389	0.183143
26435		0.256563	0.702633	0.179944
26436		0.250097	0.641665	0.177420
26437		0.242982	0.583816	0.177573
26438		0.232200	0.516792	0.175539
26439		0.217361	0.439025	0.175663
26440		0.201733	0.348688	0.177318
26441		0.173766	0.227407	0.176120
26442		0.135020	0.078430	0.178579
26443		0.076814	-0.097082	0.187047
26444		-0.001554	-0.305432	0.202065
26445		-0.095022	-0.565000	0.209065
26446		-0.198184	-0.875538	0.222041
26447		-0.326225	-1.243175	0.220194
26448		-0.423604	-1.748408	0.240921
26449		-0.590204	-2.367397	0.221184
26450		-0.782228	-3.122642	0.197404
26451		-1.008331	-4.012720	0.148900
26452		-1.196541	-5.045835	0.110106
26453		-1.329914	-6.239766	0.123570
26454		-1.496789	-7.553729	0.078921
26455		-1.593139	-9.040252	0.016392
26456		-1.606025	-10.636881	-0.029923
26457		-1.528809	-12.396264	-0.099863
26458		-1.437197	-14.298547	-0.173330
26459		-1.251088	-16.207080	-0.165051
26460		-1.154799	-18.186681	-0.051034
26461		-1.247970	-19.712043	0.130730
26462		-1.484583	-20.814500	0.326902
26463		-1.703274	-21.768780	0.498444
26464		-1.810207	-22.787146	0.598391
26465		-1.806194	-23.913641	0.578732
26466		-1.722002	-25.107403	0.403597
26467		-1.571803	-26.286712	0.057143
26468		-1.335110	-27.398684	-0.453067
26469		-0.981292	-28.442965	-1.096328
26470		-0.518190	-29.435231	-1.804012
26471		0.008566	-30.390495	-2.515661
26472		0.566835	-31.305330	-3.191328
26473		1.135984	-32.160490	-3.800140
26474		1.698473	-32.955994	-4.340166
26475		2.235864	-33.718457	-4.814734
26476		2.727960	-34.447927	-5.225863
26477		3.177901	-35.131595	-5.576917
26478		3.601482	-35.765637	-5.875484
26479		4.023862	-36.327653	-6.143062
26480		4.445523	-36.761207	-6.414019
26481		4.870192	-37.062890	-6.690390
26482		5.300620	-37.239900	-6.952509
26483		5.731953	-37.302346	-7.163669
26484		6.133596	-37.291416	-7.294422
26485		6.456222	-37.230703	-7.326555
26486		6.677522	-37.108052	-7.261090
26487		6.782439	-36.879559	-7.087998
26488		6.781137	-36.480721	-6.785430
26489		6.669214	-35.888422	-6.335745
26490		6.492034	-35.182227	-5.728179
26491		6.214149	-34.490468	-5.009175
26492		5.812154	-33.776590	-4.236635
26493		5.312776	-32.969218	-3.429125
26494		4.800874	-32.043956	-2.592427
26495		4.302922	-31.070890	-1.796663
26496		3.812432	-30.069682	-1.092976
26497		3.356971	-28.951674	-0.489144
26498		2.962604	-27.691059	0.016371
26499		2.627029	-26.351967	0.403031
26500		2.332532	-24.961894	0.668609
26501		2.056544	-23.513827	0.835891
26502		1.786977	-22.002774	0.934880
26503		1.514508	-20.458217	1.008741
26504		1.217421	-18.879737	1.081664
26505		0.883347	-17.293077	1.168031
26506		0.500369	-15.731046	1.265606
26507		0.064502	-14.222424	1.376794
26508		-0.420089	-12.799305	1.506357
26509		-0.949377	-11.484216	1.657331
26510		-1.482813	-10.243868	1.823863
26511		-1.974241	-9.027228	1.988040
26512		-2.433940	-7.842068	2.110973
26513		-2.877965	-6.733797	2.164272
26514		-3.275308	-5.739109	2.179763
26515		-3.581932	-4.861844	2.209706
26516		-3.793222	-4.070579	2.254486
26517		-3.932558	-3.377936	2.273787
26518		-4.019172	-2.837389	2.257838
26519		-4.059376	-2.425886	2.231293
26520		-4.067003	-2.122021	2.217328
26521		-4.050359	-1.920070	2.209166
26522		-3.993536	-1.738946	2.203018
26523		-3.905936	-1.557847	2.195297
26524		-3.813279	-1.396023	2.174645
26525		-3.711374	-1.227331	2.153084
26526		-3.609805	-1.084293	2.140906
26527		-3.546870	-1.012214	2.134941
26528		-3.528977	-1.012834	2.120901
26529		-3.528674	-1.077862	2.103232
26530		-3.544172	-1.196372	2.084240
26531		-3.600651	-1.370147	2.064013
26532		-3.729703	-1.593328	2.019670
26533		-3.902225	-1.762853	1.950104
26534		-4.042368	-1.797977	1.867222
26535		-4.129106	-1.745521	1.785630
26536		-4.212588	-1.728412	1.694517
26537		-4.312651	-1.790983	1.583041
26538		-4.405453	-1.911734	1.457682
26539		-4.468609	-2.055024	1.322557
26540		-4.496240	-2.196525	1.183881
26541		-4.489612	-2.348523	1.060938
26542		-4.460516	-2.504035	0.952882
26543		-4.389006	-2.641836	0.855097
26544		-3.801788	-2.596904	0.848770
26545		-3.371635	-2.076925	0.889310
26546		-2.888519	-1.858879	0.845997
26547		-2.616739	-1.764143	0.780818
26548		-2.539846	-1.845258	0.722154
26549		-2.580187	-1.993699	0.626174
26550		-2.683745	-2.136281	0.482772
26551		-2.776598	-2.279598	0.286543
26552		-2.759128	-2.437563	0.113635
26553		-2.696696	-2.623906	0.015632
26554		-2.635893	-2.781940	-0.091731
26555		-2.557483	-2.893258	-0.213060
26556		-2.437735	-2.959390	-0.296905
26557		-2.270438	-2.960713	-0.357760
26558		-2.065509	-2.874049	-0.442727
26559		-1.829154	-2.694914	-0.532613
26560		-1.570773	-2.440021	-0.612121
26561		-1.338742	-2.132797	-0.675466
26562		-1.120404	-1.869510	-0.690393
26563		-0.956053	-1.688740	-0.709138
26564		-0.833887	-1.599750	-0.716423
26565		-0.720862	-1.560390	-0.722850
26566		-0.591537	-1.527118	-0.735597
26567		-0.421035	-1.496051	-0.765304
26568		-0.217558	-1.466936	-0.814706
26569		0.015297	-1.413131	-0.876806
26570		0.245770	-1.338514	-0.954701
26571		0.463644	-1.219968	-1.047918
26572		0.674766	-1.102693	-1.148302
26573		0.887073	-0.979736	-1.251700
26574		1.097311	-0.854307	-1.352005
26575		1.285987	-0.714808	-1.430990
26576		1.432091	-0.548168	-1.488242
26577		1.564706	-0.353358	-1.529194
26578		1.687356	-0.137405	-1.557117
26579		1.784991	0.085629	-1.575978
26580		1.845592	0.283253	-1.585484
26581		1.881937	0.439397	-1.586482
26582		1.899977	0.543797	-1.586513
26583		1.912630	0.607556	-1.592555
26584		1.937177	0.654265	-1.599172
26585		1.950015	0.685149	-1.610028
26586		1.950242	0.710397	-1.620787
26587		1.950020	0.735685	-1.638349
26588		1.944092	0.762581	-1.651165
26589		1.929660	0.794796	-1.661769
26590		1.896241	0.823861	-1.663293
26591		1.846407	0.856357	-1.658078
26592		1.789787	0.888772	-1.655123
26593		1.717537	0.906168	-1.677951
26594		1.613833	0.927351	-1.704955
26595		1.506979	0.950510	-1.730887
26596		1.410069	0.984747	-1.752213
26597		1.308252	1.016176	-1.761194
26598		1.203330	1.037010	-1.763674
26599		1.112476	1.055594	-1.756407
26600		1.026411	1.070324	-1.741259
26601		0.933289	1.082410	-1.714157
26602		0.850527	1.092474	-1.679195
26603		0.787960	1.100121	-1.639902
26604		0.723878	1.100633	-1.595715
26605		0.668410	1.103473	-1.548335
26606		0.627979	1.099798	-1.510780
26607		0.586525	1.097085	-1.483644
26608		0.543124	1.098125	-1.462168
26609		0.520183	1.099489	-1.447621
26610		0.540740	1.107292	-1.444368
26611		0.571685	1.118509	-1.448913
26612		0.597590	1.135459	-1.457984
26613		0.616455	1.160812	-1.458845
26614		0.619895	1.182541	-1.457601
26615		0.615951	1.207753	-1.457856
26616		0.608039	1.233070	-1.455140
26617		0.599889	1.262023	-1.450722
26618		0.582410	1.295504	-1.444148
26619		0.541911	1.326422	-1.436475
26620		0.487961	1.353659	-1.435103
26621		0.419099	1.386405	-1.438015
26622		0.343985	1.411922	-1.440813
26623		0.268377	1.444534	-1.440289
26624		0.194583	1.471831	-1.438276
26625		0.135089	1.498474	-1.435955
26626		0.080847	1.528994	-1.433194
26627		0.036862	1.559118	-1.430069
26628		0.007880	1.588683	-1.424713
26629		-0.011178	1.615314	-1.424263
26630		-0.032547	1.628481	-1.430639
26631		-0.061856	1.643610	-1.443655
26632		-0.119827	1.657619	-1.458933
26633		-0.212280	1.685732	-1.471433
26634		-0.343776	1.715332	-1.474536
26635		-0.519107	1.748874	-1.465870
26636		-0.750488	1.785352	-1.454622
26637		-0.991474	1.829734	-1.442126
26638		-1.190568	1.871132	-1.432288
26639		-1.356068	1.910352	-1.427909
26640		-1.484542	1.940540	-1.429763
26641		-1.581238	1.959244	-1.429187
26642		-1.655456	1.959870	-1.423062
26643		-1.728533	1.955190	-1.417159
26644		-1.812897	1.967098	-1.414736
26645		-1.901663	1.988790	-1.409771
26646		-1.996274	2.005863	-1.396443
26647		-2.100942	2.012648	-1.378715
26648		-2.223881	2.022426	-1.359365
26649		-2.360279	2.036880	-1.343214
26650		-2.489789	2.054847	-1.335943
26651		-2.587565	2.054325	-1.320215
26652		-2.633708	2.031721	-1.291113
26653		-2.636678	2.003032	-1.263802
26654		-2.598867	1.944976	-1.226790
26655		-2.531235	1.859925	-1.196953
26656		-2.452653	1.748115	-1.162321
26657		-2.367368	1.622985	-1.128678
26658		-2.288932	1.514385	-1.102766
26659		-2.222734	1.430499	-1.078016
26660		-2.168846	1.350542	-1.053833
26661		-2.127067	1.280873	-1.034064
26662		-2.092191	1.214509	-1.017100
26663		-2.072915	1.138265	-1.012908
26664		-2.037298	1.050306	-1.001810
26665		-1.984304	0.951355	-0.985982
26666		-1.901917	0.841716	-0.968236
26667		-1.794165	0.729026	-0.946492
26668		-1.672273	0.626304	-0.926659
26669		-1.547248	0.531338	-0.898738
26670		-1.431465	0.450513	-0.873236
26671		-1.340936	0.378897	-0.852977
26672		-1.275393	0.317773	-0.830838
26673		-1.228929	0.266972	-0.810183
26674		-1.190041	0.222854	-0.789466
26675		-1.153426	0.178790	-0.772160
26676		-1.118586	0.142169	-0.755055
26677		-1.083757	0.115411	-0.740131
26678		-1.040753	0.091770	-0.728582
26679		-0.994211	0.068931	-0.720722
26680		-0.945491	0.039812	-0.713563
26681		-0.903755	0.003284	-0.708050
26682		-0.874230	-0.038822	-0.703511
26683		-0.863240	-0.083635	-0.698874
26684		-0.867724	-0.128461	-0.689464
26685		-0.885343	-0.179153	-0.683773
26686		-0.906762	-0.233273	-0.673847
26687		-0.928752	-0.283934	-0.666090
26688		-0.947735	-0.331844	-0.656594
26689		-0.964810	-0.376153	-0.647905
26690		-0.978260	-0.413699	-0.641773
26691		-0.986621	-0.439761	-0.636772
26692		-0.988458	-0.451326	-0.632665
26693		-0.987084	-0.451196	-0.629190
26694		-0.984342	-0.439403	-0.625850
26695		-0.979928	-0.417973	-0.620217
26696		-0.974335	-0.389909	-0.615587
26697		-0.967317	-0.354808	-0.611025
26698		-0.958328	-0.316328	-0.607280
26699		-0.947413	-0.274222	-0.604347
26700		-0.937111	-0.230156	-0.601854
26701		-0.928783	-0.189498	-0.598547
26702		-0.924378	-0.147464	-0.594004
26703		-0.924903	-0.105552	-0.586358
26704		-0.927819	-0.060212	-0.580409
26705		-0.935436	-0.012425	-0.571931
26706		-0.946977	0.042833	-0.564056
26707		-0.960248	0.103372	-0.554855
26708		-0.970692	0.167713	-0.546623
26709		-0.980540	0.221513	-0.543414
26710		-0.987269	0.267087	-0.539506
26711		-0.997777	0.304628	-0.537148
26712		-1.007122	0.324367	-0.534358
26713		-1.009895	0.339284	-0.535992
26714		-1.008677	0.352587	-0.535928
26715		-1.006918	0.366311	-0.536916
26716		-1.009432	0.377578	-0.537299
26717		-1.015137	0.387234	-0.539180
26718		-1.025624	0.400244	-0.535392
26719		-1.039043	0.411787	-0.535093
26720		-1.050686	0.424161	-0.532123
26721		-1.061327	0.435992	-0.529519
26722		-1.069072	0.449269	-0.526352
26723		-1.072209	0.462747	-0.524275
26724		-1.075442	0.480916	-0.522290
26725		-1.080582	0.499388	-0.519823
26726		-1.086209	0.521114	-0.516638
26727		-1.094510	0.543946	-0.514599
26728		-1.103908	0.563612	-0.514795
26729		-1.115733	0.578436	-0.519206
26730		-1.128269	0.591526	-0.526665
26731		-1.138772	0.603416	-0.534848
26732		-1.147375	0.614992	-0.543517
26733		-1.150031	0.632369	-0.551617
26734		-1.147150	0.650200	-0.558002
26735		-1.142651	0.673903	-0.561799
26736		-1.134329	0.697119	-0.563639
26737		-1.123491	0.724265	-0.564422
26738		-1.109857	0.751576	-0.562884
26739		-1.099752	0.779522	-0.562371
26740		-1.091993	0.804833	-0.558822
26741		-1.091839	0.828571	-0.560614
26742		-1.097722	0.846471	-0.568833
26743		-1.107781	0.863438	-0.575286
26744		-1.115430	0.876725	-0.582939
26745		-1.119799	0.887065	-0.588979
26746		-1.119481	0.897395	-0.593173
26747		-1.118452	0.907026	-0.598656
26748		-1.120883	0.920722	-0.605518
26749		-1.133407	0.929050	-0.615866
26750		-1.165045	0.935340	-0.635745
26751		-1.212107	0.944259	-0.660369
26752		-1.265201	0.958211	-0.681715
26753		-1.320473	0.972283	-0.700626
26754		-1.387534	0.985795	-0.721767
26755		-1.470793	1.008720	-0.745378
26756		-1.558824	1.036086	-0.768122
26757		-1.634544	1.060572	-0.786499
26758		-1.699539	1.081074	-0.797321
26759		-1.757532	1.100677	-0.806072
26760		-1.810930	1.115379	-0.810861
26761		-1.864380	1.127710	-0.819994
26762		-1.924312	1.141137	-0.832329
26763		-1.988798	1.155800	-0.842487
26764		-2.055971	1.167582	-0.853491
26765		-2.116060	1.172480	-0.860483
26766		-2.158807	1.171080	-0.862718
26767		-2.181038	1.162995	-0.860046
26768		-2.187795	1.150009	-0.856823
26769		-2.186755	1.139041	-0.853120
26770		-2.185417	1.131739	-0.851787
26771		-2.185609	1.126135	-0.850818
26772		-2.189588	1.124361	-0.852231
26773		-2.194748	1.122047	-0.854459
26774		-2.197420	1.116147	-0.854902
26775		-2.198623	1.112373	-0.858278
26776		-2.195670	1.108378	-0.858719
26777		-2.197252	1.103186	-0.861267
26778		-2.196796	1.099007	-0.863117
26779		-2.195197	1.095592	-0.864148
26780		-2.191743	1.091837	-0.868569
26781		-2.191632	1.091194	-0.874655
26782		-2.191557	1.090379	-0.883671
26783		-2.193944	1.089550	-0.891168
26784		-2.187409	1.089933	-0.895610
26785		-2.173256	1.083735	-0.899982
26786		-2.155687	1.075666	-0.904456
26787		-2.134251	1.065006	-0.908319
26788		-2.108340	1.055485	-0.913008
26789		-2.076370	1.043373	-0.916620
26790		-2.039129	1.025555	-0.920441
26791		-1.998500	1.006071	-0.924380
26792		-1.946864	0.974331	-0.928045
26793		-1.892312	0.928500	-0.929937
26794		-1.847905	0.872060	-0.930338
26795		-1.805376	0.806150	-0.928081
26796		-1.764986	0.720679	-0.921880
26797		-1.732952	0.626986	-0.913280
26798		-1.713542	0.515241	-0.895118
26799		-1.705549	0.376438	-0.878044
26800		-1.710671	0.218030	-0.850586
26801		-1.743941	0.017045	-0.823869
26802		-1.799184	-0.221005	-0.799285
26803		-1.885442	-0.497668	-0.788480
26804		-1.945663	-0.829308	-0.780830
26805		-2.086633	-1.262680	-0.840842
26806		-2.233785	-1.809710	-1.013688
26807		-2.441002	-2.456831	-1.280001
26808		-2.679420	-3.178917	-1.603125
26809		-2.763142	-4.007466	-1.862799
26810		-2.854911	-4.921848	-1.983086
26811		-2.958350	-5.683188	-2.003286
26812		-3.054379	-6.420862	-1.959250
26813		-3.096085	-7.340608	-1.913174
26814		-3.074152	-8.445710	-1.917411
26815		-3.026603	-9.637446	-2.007393
26816		-2.944215	-10.889500	-2.194959
26817		-2.803106	-12.226207	-2.482449
26818		-2.610018	-13.663401	-2.866276
26819		-2.384353	-15.190989	-3.329783
26820		-2.138634	-16.763228	-3.828611
26821		-1.885564	-18.314594	-4.313383
26822		-1.638771	-19.781621	-4.737489
26823		-1.409381	-21.148069	-5.099314
26824		-1.197098	-22.468477	-5.392228
26825		-1.013318	-23.787444	-5.634657
26826		-0.859550	-25.085446	-5.830221
26827		-0.712174	-26.313486	-5.974866
26828		-0.559032	-27.461850	-6.073057
26829		-0.391738	-28.546063	-6.157228
26830		-0.196987	-29.580479	-6.251553
26831		0.031042	-30.561239	-6.348325
26832		0.283614	-31.486514	-6.448232
26833		0.548294	-32.367549	-6.549026
26834		0.825679	-33.221137	-6.649679
26835		1.106544	-34.057469	-6.740632
26836		1.386717	-34.869194	-6.828669
26837		1.689090	-35.644278	-6.929927
26838		2.021314	-36.385168	-7.071534
26839		2.383474	-37.090570	-7.270844
26840		2.790726	-37.717782	-7.527404
26841		3.226533	-38.256150	-7.795976
26842		3.673270	-38.730618	-8.066216
26843		4.105867	-39.133096	-8.327816
26844		4.512427	-39.430598	-8.567049
26845		4.893921	-39.641763	-8.782538
26846		5.241454	-39.728376	-8.968095
26847		5.565012	-39.639020	-9.125490
26848		5.885978	-39.353811	-9.270959
26849		6.225325	-38.844313	-9.439809
26850		6.632883	-38.163287	-9.678775
26851		7.101443	-37.483322	-10.011513
26852		7.583987	-36.804966	-10.404240
26853		8.050635	-36.042707	-10.792435
26854		8.479791	-35.222343	-11.152948
26855		8.817641	-34.379917	-11.442556
26856		9.007913	-33.482517	-11.587535
26857		9.056711	-32.540302	-11.479347
26858		8.877870	-31.638489	-11.088477
26859		8.402146	-30.728459	-10.383126
26860		7.674714	-29.750168	-9.393506
26861		6.784962	-28.739542	-8.229198
26862		5.807640	-27.708057	-7.010734
26863		4.820461	-26.604237	-5.830354
26864		3.911375	-25.406049	-4.783752
26865		3.131660	-24.130941	-3.928399
26866		2.523484	-22.770583	-3.282759
26867		2.068508	-21.373324	-2.837607
26868		1.693692	-19.975239	-2.556787
26869		1.344168	-18.557609	-2.392230
26870		0.999598	-17.106710	-2.311058
26871		0.642337	-15.654014	-2.258448
26872		0.249908	-14.219885	-2.196968
26873		-0.191133	-12.847628	-2.092445
26874		-0.690002	-11.572422	-1.939918
26875		-1.237392	-10.403282	-1.754915
26876		-1.755499	-9.323314	-1.574762
26877		-2.200248	-8.362188	-1.427609
26878		-2.558339	-7.489196	-1.300002
26879		-2.818155	-6.642274	-1.195171
26880		-2.979019	-5.851614	-1.099021
26881		-3.090544	-5.195230	-1.008396
26882		-3.175129	-4.658645	-0.913852
26883		-3.237652	-4.200433	-0.781327
26884		-3.298932	-3.828615	-0.624492
26885		-3.361626	-3.579577	-0.483879
26886		-3.416620	-3.457598	-0.368110
26887		-3.474349	-3.426019	-0.268840
26888		-3.537523	-3.417776	-0.178938
26889		-3.589968	-3.415677	-0.110185
26890		-3.631638	-3.439913	-0.074663
26891		-3.677177	-3.506512	-0.071162
26892		-3.729186	-3.606031	-0.076261
26893		-3.781749	-3.694613	-0.051420
26894		-3.839900	-3.744838	0.009146
26895		-3.906903	-3.789165	0.118206
26896		-3.920436	-3.894575	0.271427
26897		-3.410564	-3.392449	0.200262
26898		-3.151724	-2.956691	-0.175199
26899		-2.908838	-2.693986	-0.310512
26900		-2.770142	-2.628150	-0.303763
26901		-2.662709	-2.676641	-0.368619
26902		-2.593434	-2.783911	-0.417553
26903		-2.524106	-2.932948	-0.411164
26904		-2.455196	-3.090209	-0.447909
26905		-2.382476	-3.213190	-0.494393
26906		-2.305651	-3.277674	-0.533709
26907		-2.221929	-3.253174	-0.577525
26908		-2.081690	-3.138648	-0.644281
26909		-1.870217	-2.919782	-0.755431
26910		-1.613503	-2.618742	-0.883562
26911		-1.358762	-2.238100	-1.016624
26912		-1.101221	-1.870448	-1.086976
26913		-0.890630	-1.618533	-1.133756
26914		-0.732922	-1.493323	-1.172453
26915		-0.592894	-1.425973	-1.197776
26916		-0.451928	-1.355835	-1.214931
26917		-0.300700	-1.242748	-1.222688
26918		-0.160935	-1.113035	-1.233948
26919		-0.051900	-0.981786	-1.241855
26920		0.034606	-0.859619	-1.232901
26921		0.131180	-0.733078	-1.220702
26922		0.251092	-0.600328	-1.212043
26923		0.358935	-0.454559	-1.205551
26924		0.461344	-0.314692	-1.209389
26925		0.572250	-0.165238	-1.219275
26926		0.674881	0.000082	-1.229720
26927		0.752120	0.180906	-1.226863
26928		0.819043	0.378813	-1.223896
26929		0.892532	0.571621	-1.216617
26930		0.961460	0.744325	-1.207055
26931		0.993377	0.885949	-1.181714
26932		0.976039	1.000450	-1.138857
26933		0.892604	1.060067	-1.088821
26934		0.777363	1.092489	-1.031533
26935		0.653091	1.100847	-0.970965
26936		0.526616	1.085953	-0.915292
26937		0.397400	1.058915	-0.858420
26938		0.254619	1.025515	-0.801463
26939		0.094789	0.988017	-0.741321
26940		-0.068574	0.944666	-0.683358
26941		-0.215981	0.900519	-0.631350
26942		-0.341026	0.854826	-0.584845
26943		-0.468248	0.814288	-0.537925
26944		-0.607564	0.764488	-0.502473
26945		-0.748978	0.708928	-0.473452
26946		-0.883074	0.655763	-0.441728
26947		-1.003970	0.608803	-0.408129
26948		-1.109188	0.572508	-0.371385
26949		-1.192901	0.546974	-0.337840
26950		-1.246873	0.537356	-0.309402
26951		-1.284372	0.541879	-0.276559
26952		-1.316410	0.547918	-0.233005
26953		-1.327066	0.556162	-0.193142
26954		-1.313421	0.571260	-0.162587
26955		-1.293142	0.597473	-0.137517
26956		-1.291193	0.629190	-0.117887
26957		-1.308446	0.666498	-0.100657
26958		-1.336904	0.694985	-0.095000
26959		-1.371111	0.715749	-0.099158
26960		-1.392467	0.739573	-0.104760
26961		-1.416287	0.767160	-0.112119
26962		-1.443266	0.789116	-0.117745
26963		-1.455155	0.806219	-0.120925
26964		-1.441150	0.828664	-0.124241
26965		-1.407524	0.860804	-0.128487
26966		-1.361788	0.890772	-0.133896
26967		-1.314552	0.919378	-0.136014
26968		-1.270601	0.950771	-0.139767
26969		-1.222600	0.973701	-0.148874
26970		-1.172363	0.993965	-0.158918
26971		-1.129958	1.018683	-0.168363
26972		-1.092648	1.050068	-0.176403
26973		-1.056182	1.078813	-0.185715
26974		-1.023569	1.116103	-0.194549
26975		-0.993433	1.153496	-0.201850
26976		-0.962346	1.192361	-0.211015
26977		-0.945173	1.231191	-0.217030
26978		-0.939451	1.265987	-0.221091
26979		-0.937361	1.300277	-0.224455
26980		-0.945002	1.331462	-0.226105
26981		-0.961953	1.353039	-0.226391
26982		-0.986874	1.370054	-0.226603
26983		-1.018388	1.389787	-0.223921
26984		-1.056770	1.411577	-0.222223
26985		-1.097767	1.432202	-0.220201
26986		-1.146334	1.459317	-0.218253
26987		-1.180560	1.489607	-0.219072
26988		-1.196808	1.519696	-0.222983
26989		-1.209258	1.543651	-0.225931
26990		-1.226243	1.569700	-0.220629
26991		-1.248463	1.585936	-0.213937
26992		-1.261004	1.592683	-0.203199
26993		-1.266654	1.591353	-0.192507
26994		-1.262533	1.583016	-0.184194
26995		-1.243131	1.572330	-0.176825
26996		-1.208669	1.556300	-0.172757
26997		-1.166791	1.548105	-0.171005
26998		-1.116446	1.540643	-0.172971
26999		-1.067352	1.539969	-0.185239
27000		-1.038824	1.537614	-0.197048
27001		-1.040958	1.524984	-0.211570
27002		-1.068330	1.496061	-0.220252
27003		-1.125022	1.462369	-0.227069
27004		-1.192465	1.420154	-0.232863
27005		-1.257452	1.372227	-0.238253
27006		-1.307413	1.312835	-0.234297
27007		-1.342784	1.243458	-0.232448
27008		-1.362741	1.168887	-0.230057
27009		-1.380015	1.086279	-0.236516
27010		-1.391775	0.982174	-0.246914
27011		-1.401061	0.860172	-0.259060
27012		-1.410970	0.733872	-0.272770
27013		-1.419389	0.618206	-0.278224
27014		-1.421259	0.508262	-0.281279
27015		-1.416540	0.411798	-0.279709
27016		-1.405739	0.322053	-0.276452
27017		-1.384293	0.245606	-0.271514
27018		-1.350452	0.182969	-0.270995
27019		-1.305972	0.133612	-0.274643
27020		-1.253915	0.083271	-0.280275
27021		-1.190313	0.034557	-0.286511
27022		-1.127512	-0.017285	-0.294128
27023		-1.073225	-0.066301	-0.301268
27024		-1.033931	-0.118874	-0.307433
27025		-1.012034	-0.167351	-0.311700
27026		-1.003696	-0.212491	-0.315025
27027		-1.004855	-0.250396	-0.314822
27028		-1.008288	-0.277589	-0.316982
27029		-1.011598	-0.299599	-0.318287
27030		-1.004388	-0.317315	-0.321315
27031		-0.983182	-0.333256	-0.326471
27032		-0.951869	-0.346361	-0.335472
27033		-0.915100	-0.352609	-0.347529
27034		-0.880147	-0.355197	-0.359431
27035		-0.850385	-0.354277	-0.369491
27036		-0.828952	-0.355687	-0.375974
27037		-0.815235	-0.351299	-0.380558
27038		-0.812925	-0.353392	-0.384486
27039		-0.816789	-0.347578	-0.380664
27040		-0.825192	-0.344496	-0.377170
27041		-0.838730	-0.340295	-0.370329
27042		-0.856753	-0.335116	-0.361213
27043		-0.879979	-0.326420	-0.350255
27044		-0.905620	-0.318067	-0.337764
27045		-0.928860	-0.303287	-0.328644
27046		-0.948337	-0.280572	-0.315074
27047		-0.964881	-0.260919	-0.306710
27048		-0.972952	-0.247887	-0.301529
27049		-0.974062	-0.241799	-0.298334
27050		-0.972892	-0.244474	-0.297216
27051		-0.970613	-0.246323	-0.298204
27052		-0.967740	-0.241977	-0.299158
27053		-0.964609	-0.237232	-0.296249
27054		-0.961796	-0.230472	-0.295783
27055		-0.956625	-0.214859	-0.294337
27056		-0.953312	-0.199280	-0.292411
27057		-0.950042	-0.177383	-0.289384
27058		-0.949314	-0.157119	-0.286000
27059		-0.950229	-0.136306	-0.284115
27060		-0.950996	-0.114429	-0.281062
27061		-0.954835	-0.092779	-0.278333
27062		-0.956913	-0.070398	-0.272934
27063		-0.959558	-0.044446	-0.269728
27064		-0.961878	-0.018559	-0.265598
27065		-0.960930	0.014216	-0.262037
27066		-0.957083	0.048322	-0.257913
27067		-0.948244	0.084159	-0.255682
27068		-0.937994	0.116858	-0.254303
27069		-0.924454	0.150369	-0.251648
27070		-0.912657	0.179024	-0.251352
27071		-0.900896	0.207888	-0.251047
27072		-0.891327	0.232881	-0.250873
27073		-0.882826	0.258741	-0.250331
27074		-0.875659	0.281202	-0.250039
27075		-0.870299	0.305346	-0.248087
27076		-0.863525	0.326370	-0.246982
27077		-0.857094	0.353514	-0.245722
27078		-0.853882	0.377451	-0.244235
27079		-0.848604	0.403954	-0.243793
27080		-0.842708	0.430555	-0.241488
27081		-0.835038	0.459559	-0.241161
27082		-0.830252	0.489180	-0.240008
27083		-0.826245	0.519826	-0.237558
27084		-0.825531	0.549647	-0.236395
27085		-0.825974	0.576639	-0.240386
27086		-0.826798	0.601964	-0.246497
27087		-0.827901	0.624945	-0.254955
27088		-0.829353	0.652350	-0.258608
27089		-0.829908	0.678053	-0.260865
27090		-0.829104	0.703038	-0.262551
27091		-0.829700	0.725074	-0.264479
27092		-0.836485	0.744720	-0.271210
27093		-0.847208	0.757608	-0.282173
27094		-0.862676	0.768889	-0.296188
27095		-0.881608	0.778517	-0.309740
27096		-0.897085	0.789779	-0.323767
27097		-0.911662	0.799338	-0.336396
27098		-0.927562	0.805515	-0.349278
27099		-0.942234	0.813803	-0.360164
27100		-0.954776	0.820594	-0.368840
27101		-0.961694	0.833107	-0.374925
27102		-0.965565	0.838575	-0.377053
27103		-0.969121	0.842021	-0.379649
27104		-0.972258	0.846675	-0.383067
27105		-0.973249	0.851516	-0.386010
27106		-0.975972	0.857612	-0.387320
27107		-0.979028	0.863753	-0.389561
27108		-0.978681	0.870317	-0.387592
27109		-0.974803	0.874187	-0.385971
27110		-0.968380	0.881641	-0.383293
27111		-0.961287	0.884838	-0.381553
27112		-0.951439	0.890527	-0.376065
27113		-0.938711	0.895584	-0.371390
27114		-0.923644	0.901690	-0.365077
27115		-0.907287	0.907507	-0.358173
27116		-0.892220	0.913605	-0.351859
27117		-0.875982	0.918136	-0.346128
27118		-0.862330	0.923459	-0.338647
27119		-0.848715	0.928980	-0.331161
27120		-0.835004	0.931907	-0.325090
27121		-0.821833	0.932337	-0.319374
27122		-0.807887	0.931756	-0.314951
27123		-0.795573	0.931717	-0.309121
27124		-0.784665	0.930694	-0.305055
27125		-0.774886	0.932906	-0.299222
27126		-0.769254	0.933861	-0.294569
27127		-0.764989	0.935501	-0.290497
27128		-0.765220	0.934487	-0.283868
27129		-0.769711	0.928963	-0.278072
27130		-0.780084	0.917618	-0.272888
27131		-0.795840	0.901148	-0.266433
27132		-0.818394	0.880782	-0.259060
27133		-0.853327	0.856333	-0.249594
27134		-0.897383	0.838823	-0.235783
27135		-0.950888	0.813969	-0.225030
27136		-1.003759	0.789233	-0.212399
27137		-1.056059	0.762598	-0.199292
27138		-1.106485	0.737968	-0.185240
27139		-1.153911	0.717605	-0.171171
27140		-1.200611	0.698626	-0.156982
27141		-1.247863	0.677151	-0.140216
27142		-1.293535	0.657527	-0.123445
27143		-1.341145	0.638294	-0.103279
27144		-1.387291	0.619631	-0.084281
27145		-1.431107	0.603669	-0.065394
27146		-1.468719	0.589634	-0.050478
27147		-1.500910	0.582412	-0.035679
27148		-1.526578	0.577318	-0.020998
27149		-1.547620	0.570087	-0.011678
27150		-1.567157	0.560998	-0.007849
27151		-1.585609	0.552701	-0.006117
27152		-1.614063	0.542278	-0.014097
27153		-1.639929	0.531035	-0.023818
27154		-1.666671	0.521526	-0.032030
27155		-1.689142	0.514579	-0.037900
27156		-1.704215	0.510276	-0.041084
27157		-1.717339	0.507231	-0.046484
27158		-1.732507	0.505251	-0.054117
27159		-1.745415	0.504737	-0.060112
27160		-1.753536	0.505388	-0.068913
27161		-1.768978	0.510688	-0.081131
27162		-1.782368	0.516898	-0.092656
27163		-1.790768	0.524827	-0.106046
27164		-1.793917	0.532976	-0.121537
27165		-1.795572	0.546940	-0.143243
27166		-1.790219	0.556045	-0.165387
27167		-1.783586	0.564863	-0.186939
27168		-1.772356	0.575971	-0.211069
27169		-1.764133	0.584435	-0.234023
27170		-1.757405	0.594257	-0.260269
27171		-1.746444	0.603009	-0.283806
27172		-1.741621	0.603292	-0.310258
27173		-1.742362	0.603117	-0.338478
27174		-1.752019	0.600221	-0.368009
27175		-1.764202	0.593722	-0.395657
27176		-1.776141	0.585954	-0.420615
27177		-1.783481	0.574885	-0.443317
27178		-1.792675	0.560199	-0.462267
27179		-1.792124	0.545048	-0.479663
27180		-1.788152	0.520702	-0.493504
27181		-1.777771	0.495243	-0.507093
27182		-1.765460	0.462228	-0.514571
27183		-1.754036	0.415578	-0.519316
27184		-1.740267	0.356709	-0.519826
27185		-1.723103	0.286578	-0.515293
27186		-1.704977	0.201002	-0.506790
27187		-1.675841	0.101032	-0.493650
27188		-1.635283	-0.015937	-0.476412
27189		-1.602890	-0.150781	-0.459522
27190		-1.577001	-0.304146	-0.441490
27191		-1.562426	-0.489418	-0.421618
27192		-1.572581	-0.720707	-0.406886
27193		-1.608790	-0.974314	-0.405476
27194		-1.673020	-1.276124	-0.404721
27195		-1.816742	-1.600096	-0.421264
27196		-2.062085	-1.959393	-0.534610
27197		-2.316181	-2.400696	-0.693709
27198		-2.663378	-2.935339	-0.993769
27199		-2.985204	-3.632348	-1.403977
27200		-3.114020	-4.581342	-1.783846
27201		-2.999359	-5.440432	-2.069706
27202		-2.795134	-6.195394	-2.372147
27203		-2.586877	-7.115255	-2.784958
27204		-2.317036	-8.293554	-3.332859
27205		-1.964499	-9.623806	-4.004025
27206		-1.548818	-11.023327	-4.771969
27207		-1.086565	-12.506287	-5.585584
27208		-0.597131	-14.106228	-6.390837
27209		-0.116046	-15.790549	-7.159977
27210		0.326277	-17.523335	-7.862944
27211		0.728219	-19.251301	-8.470929
27212		1.089256	-20.917605	-8.971070
27213		1.395751	-22.540365	-9.381508
27214		1.626706	-24.134235	-9.740587
27215		1.774054	-25.654473	-10.052167
27216		1.842542	-27.108626	-10.324402
27217		1.844737	-28.518882	-10.554733
27218		1.810283	-29.869296	-10.736328
27219		1.742542	-31.149319	-10.857258
27220		1.626477	-32.296544	-10.910065
27221		1.502369	-33.299093	-10.918001
27222		1.400367	-34.219186	-10.897216
27223		1.317847	-35.078226	-10.870621
27224		1.252031	-35.854448	-10.865040
27225		1.239863	-36.559370	-10.901369
27226		1.297913	-37.208449	-10.976411
27227		1.431990	-37.805834	-11.112169
27228		1.630377	-38.343171	-11.295113
27229		1.874869	-38.786327	-11.500847
27230		2.162805	-39.096692	-11.742359
27231		2.521818	-39.275779	-12.003565
27232		2.947069	-39.329677	-12.250539
27233		3.411576	-39.243822	-12.483107
27234		3.890094	-39.035639	-12.707588
27235		4.357336	-38.729263	-12.941099
27236		4.814601	-38.318083	-13.185873
27237		5.278688	-37.790424	-13.414668
27238		5.699527	-37.161228	-13.563040
27239		6.007541	-36.447697	-13.575524
27240		6.140385	-35.644802	-13.412052
27241		6.065952	-34.780183	-13.058099
27242		5.786756	-33.852611	-12.492402
27243		5.307947	-32.860802	-11.722630
27244		4.638125	-31.786043	-10.841719
27245		3.900042	-30.595491	-10.007156
27246		3.241456	-29.307117	-9.329528
27247		2.719086	-27.943323	-8.842594
27248		2.311221	-26.468255	-8.525757
27249		1.988228	-24.896766	-8.320301
27250		1.711701	-23.285812	-8.171825
27251		1.436304	-21.688098	-7.997315
27252		1.096647	-20.123065	-7.734163
27253		0.635579	-18.619021	-7.389333
27254		0.091118	-17.122904	-7.021594
27255		-0.438764	-15.616061	-6.692303
27256		-0.897571	-14.147874	-6.450023
27257		-1.296971	-12.756751	-6.297743
27258		-1.670208	-11.453691	-6.180398
27259		-2.027120	-10.237077	-6.037039
27260		-2.368558	-9.141128	-5.832043
27261		-2.709560	-8.205444	-5.569245
27262		-3.044181	-7.407900	-5.277381
27263		-3.354021	-6.707117	-4.985966
27264		-3.614166	-6.038791	-4.690783
27265		-3.818087	-5.380448	-4.399826
27266		-3.960843	-4.765060	-4.131488
27267		-4.065597	-4.209671	-3.910701
27268		-4.121793	-3.666789	-3.731018
27269		-4.140904	-3.160265	-3.561892
27270		-4.161540	-2.736368	-3.392340
27271		-4.196728	-2.400114	-3.227157
27272		-4.238532	-2.113574	-3.073290
27273		-4.271942	-1.837771	-2.944926
27274		-4.302783	-1.606591	-2.864205
27275		-4.329348	-1.433464	-2.840144
27276		-4.331045	-1.275745	-2.863500
27277		-4.305423	-1.131904	-2.911104
27278		-4.277248	-1.038909	-2.980459
27279		-4.257615	-0.957351	-3.069072
27280		-4.215202	-0.847566	-3.165825
27281		-4.157578	-0.734306	-3.276510
27282		-4.086754	-0.649638	-3.356292
27283		-4.020448	-0.600943	-3.352128
27284		-4.004156	-0.579908	-3.259899
27285		-4.044114	-0.568801	-3.095292
27286		-4.117337	-0.581145	-2.900042
27287		-4.207732	-0.636073	-2.707204
27288		-4.286492	-0.715685	-2.546191
27289		-4.334740	-0.771062	-2.436710
27290		-4.354898	-0.815970	-2.389802
27291		-3.964768	-1.039217	-2.509683
27292		-3.477961	-0.992812	-2.618512
27293		-3.259947	-1.029047	-2.561096
27294		-3.215294	-1.188689	-2.569484
27295		-3.182222	-1.341731	-2.652393
27296		-3.119377	-1.503221	-2.703973
27297		-3.031044	-1.611429	-2.744868
27298		-2.910403	-1.676390	-2.774294
27299		-2.758286	-1.715130	-2.809483
27300		-2.584830	-1.736762	-2.873748
27301		-2.407115	-1.733267	-2.940073
27302		-2.231064	-1.693012	-2.993120
27303		-2.063216	-1.646338	-3.049978
27304		-1.894409	-1.600720	-3.107231
27305		-1.733752	-1.545344	-3.151051
27306		-1.605715	-1.474908	-3.197759
27307		-1.499502	-1.410733	-3.241051
27308		-1.391219	-1.348202	-3.285062
27309		-1.278857	-1.283100	-3.332627
27310		-1.175640	-1.219676	-3.372211
27311		-1.095588	-1.162872	-3.398305
27312		-1.020213	-1.116337	-3.416087
27313		-0.937672	-1.085301	-3.436450
27314		-0.844079	-1.051664	-3.452190
27315		-0.735964	-1.014050	-3.464038
27316		-0.617021	-0.968078	-3.479029
27317		-0.500466	-0.904694	-3.496245
27318		-0.399472	-0.828335	-3.510072
27319		-0.303078	-0.724907	-3.533636
27320		-0.203003	-0.603752	-3.561693
27321		-0.114883	-0.474312	-3.585239
27322		-0.026089	-0.326535	-3.615360
27323		0.070414	-0.171688	-3.649059
27324		0.169562	-0.016966	-3.680312
27325		0.259711	0.136437	-3.711519
27326		0.357653	0.293996	-3.736815
27327		0.451679	0.452062	-3.755071
27328		0.525413	0.600395	-3.771950
27329		0.570068	0.732357	-3.780771
27330		0.608366	0.843045	-3.783902
27331		0.649593	0.939675	-3.789360
27332		0.678582	1.021568	-3.789500
27333		0.691173	1.102962	-3.790797
27334		0.689272	1.169497	-3.793238
27335		0.699863	1.218883	-3.801871
27336		0.727332	1.259098	-3.815156
27337		0.758406	1.301757	-3.824950
27338		0.774848	1.344393	-3.825218
27339		0.784131	1.385947	-3.810143
27340		0.799910	1.411477	-3.775634
27341		0.807637	1.420756	-3.720396
27342		0.803035	1.430018	-3.663161
27343		0.783175	1.436950	-3.613711
27344		0.737442	1.434885	-3.567626
27345		0.677585	1.415155	-3.540322
27346		0.598911	1.392705	-3.530787
27347		0.511545	1.379037	-3.524624
27348		0.432966	1.377266	-3.521318
27349		0.361667	1.377527	-3.518475
27350		0.291915	1.379487	-3.515641
27351		0.229849	1.380080	-3.511983
27352		0.172246	1.381607	-3.509157
27353		0.122854	1.385765	-3.503919
27354		0.086105	1.395616	-3.495644
27355		0.055340	1.410581	-3.481023
27356		0.016550	1.419191	-3.476476
27357		-0.043820	1.438955	-3.475908
27358		-0.113552	1.459116	-3.473061
27359		-0.169119	1.496378	-3.465711
27360		-0.224446	1.535865	-3.456042
27361		-0.300710	1.561210	-3.448037
27362		-0.374223	1.563322	-3.438688
27363		-0.429106	1.559427	-3.426840
27364		-0.469920	1.547365	-3.415612
27365		-0.480282	1.514199	-3.397258
27366		-0.476258	1.489294	-3.363945
27367		-0.493892	1.467005	-3.327235
27368		-0.517103	1.444875	-3.289148
27369		-0.559521	1.428740	-3.271380
27370		-0.625243	1.420617	-3.264597
27371		-0.703805	1.421177	-3.264341
27372		-0.798674	1.436296	-3.267725
27373		-0.888055	1.459809	-3.269125
27374		-0.973244	1.481763	-3.265811
27375		-1.071153	1.511453	-3.258455
27376		-1.170251	1.531484	-3.250453
27377		-1.248145	1.547146	-3.237263
27378		-1.325469	1.560385	-3.221614
27379		-1.406515	1.569216	-3.210885
27380		-1.487164	1.582828	-3.198461
27381		-1.567009	1.603376	-3.184235
27382		-1.638264	1.622594	-3.164245
27383		-1.691114	1.627156	-3.145889
27384		-1.728124	1.605178	-3.128343
27385		-1.759753	1.573289	-3.108702
27386		-1.773654	1.527207	-3.081416
27387		-1.749635	1.453925	-3.036483
27388		-1.692878	1.378801	-2.983482
27389		-1.633086	1.306912	-2.927867
27390		-1.580199	1.257544	-2.872041
27391		-1.532361	1.204166	-2.818803
27392		-1.515272	1.188360	-2.783976
27393		-1.535797	1.145108	-2.747093
27394		-1.546051	1.117320	-2.707027
27395		-1.561350	1.082927	-2.679749
27396		-1.568157	1.049259	-2.659152
27397		-1.578677	1.011188	-2.643409
27398		-1.570888	0.976181	-2.622443
27399		-1.529723	0.938410	-2.611605
27400		-1.476874	0.917974	-2.603541
27401		-1.423737	0.901353	-2.605816
27402		-1.386987	0.876422	-2.600749
27403		-1.368657	0.850851	-2.599491
27404		-1.352254	0.818954	-2.599777
27405		-1.332424	0.783059	-2.604536
27406		-1.310716	0.730865	-2.607480
27407		-1.285954	0.672153	-2.609355
27408		-1.252036	0.592596	-2.614865
27409		-1.207783	0.505671	-2.622182
27410		-1.156092	0.419082	-2.628295
27411		-1.104653	0.338685	-2.633457
27412		-1.056696	0.258396	-2.639804
27413		-1.017898	0.180518	-2.641742
27414		-0.993807	0.114805	-2.642066
27415		-0.982704	0.051650	-2.642877
27416		-0.981010	0.002469	-2.642950
27417		-0.986232	-0.038103	-2.641919
27418		-0.992746	-0.074741	-2.638867
27419		-0.994505	-0.098499	-2.635785
27420		-0.987787	-0.114013	-2.634246
27421		-0.970907	-0.117284	-2.635062
27422		-0.955186	-0.114182	-2.637398
27423		-0.942861	-0.102831	-2.637556
27424		-0.934445	-0.090316	-2.636519
27425		-0.931069	-0.074170	-2.632724
27426		-0.933134	-0.055297	-2.628082
27427		-0.936102	-0.031690	-2.622472
27428		-0.943167	-0.005810	-2.615434
27429		-0.950660	0.015083	-2.613148
27430		-0.952515	0.032821	-2.608760
27431		-0.948392	0.048025	-2.609240
27432		-0.944824	0.061373	-2.609849
27433		-0.941955	0.078326	-2.609731
27434		-0.943914	0.094655	-2.609496
27435		-0.946660	0.113275	-2.609726
27436		-0.954093	0.128937	-2.608309
27437		-0.961537	0.146156	-2.605703
27438		-0.971244	0.155603	-2.603833
27439		-0.978189	0.163200	-2.603978
27440		-0.980940	0.175390	-2.603292
27441		-0.977790	0.178969	-2.603568
27442		-0.970742	0.173409	-2.605288
27443		-0.964502	0.165177	-2.608313
27444		-0.963105	0.151482	-2.609104
27445		-0.966303	0.135411	-2.610250
27446		-0.969616	0.120224	-2.611160
27447		-0.975469	0.105128	-2.610526
27448		-0.984896	0.087673	-2.610371
27449		-0.990601	0.075100	-2.610322
27450		-0.993041	0.065346	-2.610509
27451		-0.992602	0.059994	-2.610685
27452		-0.989391	0.058388	-2.611806
27453		-0.985833	0.059734	-2.612562
27454		-0.980702	0.062934	-2.613318
27455		-0.974897	0.065538	-2.615375
27456		-0.967764	0.074850	-2.614579
27457		-0.960244	0.083375	-2.616031
27458		-0.952268	0.093169	-2.615352
27459		-0.942978	0.103968	-2.615851
27460		-0.929669	0.116754	-2.617891
27461		-0.918135	0.128804	-2.619689
27462		-0.909171	0.141598	-2.619711
27463		-0.900998	0.151806	-2.618077
27464		-0.895410	0.162665	-2.617628
27465		-0.888779	0.174429	-2.616343
27466		-0.882927	0.180528	-2.615787
27467		-0.879697	0.185409	-2.614876
27468		-0.878211	0.186576	-2.613148
27469		-0.880889	0.188081	-2.611415
27470		-0.884031	0.189070	-2.608622
27471		-0.884298	0.194446	-2.605814
27472		-0.885770	0.196307	-2.606217
27473		-0.885974	0.202898	-2.605183
27474		-0.884046	0.211636	-2.605212
27475		-0.881080	0.221271	-2.604408
27476		-0.878596	0.230295	-2.605503
27477		-0.872377	0.244280	-2.603739
27478		-0.868183	0.259211	-2.604227
27479		-0.863096	0.272517	-2.603295
27480		-0.853823	0.290429	-2.601522
27481		-0.843675	0.306619	-2.601288
27482		-0.834715	0.319390	-2.601302
27483		-0.826485	0.330784	-2.601434
27484		-0.819502	0.342400	-2.602163
27485		-0.812056	0.349673	-2.601831
27486		-0.808158	0.359554	-2.601146
27487		-0.801905	0.369788	-2.601993
27488		-0.795186	0.381300	-2.600707
27489		-0.791176	0.390278	-2.600258
27490		-0.787915	0.398560	-2.599695
27491		-0.784399	0.408460	-2.599955
27492		-0.780643	0.415818	-2.598683
27493		-0.776633	0.424792	-2.598233
27494		-0.774010	0.431478	-2.597794
27495		-0.769614	0.438131	-2.600783
27496		-0.763826	0.447851	-2.600568
27497		-0.759675	0.459338	-2.600704
27498		-0.755720	0.470422	-2.601792
27499		-0.754677	0.480084	-2.603480
27500		-0.755166	0.489786	-2.606714
27501		-0.754414	0.499256	-2.609352
27502		-0.755689	0.509689	-2.614247
27503		-0.755145	0.520269	-2.616647
27504		-0.753578	0.532423	-2.617979
27505		-0.752952	0.544303	-2.619193
27506		-0.751031	0.553018	-2.619228
27507		-0.749433	0.558120	-2.619860
27508		-0.748432	0.560217	-2.618844
27509		-0.748249	0.559619	-2.619135
27510		-0.746591	0.554664	-2.621446
27511		-0.745557	0.549707	-2.619730
27512		-0.744304	0.542141	-2.619440
27513		-0.743766	0.538106	-2.618435
27514		-0.741734	0.534647	-2.618610
27515		-0.739016	0.530650	-2.617123
27516		-0.737744	0.528013	-2.615996
27517		-0.735876	0.528375	-2.616518
27518		-0.734115	0.529656	-2.616804
27519		-0.732453	0.531130	-2.617087
27520		-0.731452	0.533233	-2.616070
27521		-0.731682	0.534859	-2.615886
27522		-0.731524	0.536482	-2.614754
27523		-0.732595	0.537629	-2.614455
27524		-0.733421	0.536258	-2.612621
27525		-0.732890	0.537062	-2.613739
27526		-0.732998	0.538588	-2.610595
27527		-0.732196	0.534652	-2.611602
27528		-0.731091	0.529418	-2.612850
27529		-0.728744	0.523928	-2.613501
27530		-0.725461	0.518732	-2.614268
27531		-0.723733	0.516579	-2.614203
27532		-0.720308	0.513898	-2.615558
27533		-0.718209	0.513238	-2.613357
27534		-0.713942	0.511039	-2.614826
27535		-0.709769	0.509023	-2.616294
27536		-0.706897	0.506054	-2.616586
27537		-0.701594	0.504709	-2.617220
27538		-0.696690	0.504104	-2.618566
27539		-0.693567	0.502720	-2.619682
27540		-0.689587	0.500335	-2.622102
27541		-0.688000	0.495666	-2.621453
27542		-0.685598	0.493715	-2.619493
27543		-0.684035	0.488956	-2.621806
27544		-0.683051	0.486147	-2.621630
27545		-0.682950	0.484245	-2.623112
27546		-0.683732	0.479173	-2.623895
27547		-0.683425	0.476158	-2.625616
27548		-0.683017	0.472968	-2.627338
27549		-0.683691	0.466958	-2.628359
27550		-0.684310	0.464492	-2.626765
27551		-0.685191	0.459594	-2.627546
27552		-0.687988	0.457090	-2.626432
27553		-0.689490	0.455530	-2.626496
27554		-0.690130	0.452974	-2.627865
27555		-0.691425	0.450301	-2.628168
27556		-0.689886	0.447787	-2.629055
27557		-0.689703	0.447187	-2.629349
27558		-0.687114	0.444040	-2.630591
27559		-0.684531	0.447298	-2.629802
27560		-0.684537	0.446338	-2.631046
27561		-0.681828	0.447180	-2.631684
27562		-0.679780	0.448676	-2.631020
27563		-0.680440	0.447595	-2.631200
27564		-0.680364	0.447940	-2.631255
27565		-0.681357	0.450388	-2.629768
27566		-0.681281	0.450734	-2.629823
27567		-0.681305	0.451246	-2.629878
27568		-0.680434	0.455792	-2.627433
27569		-0.679743	0.459199	-2.626175
27570		-0.679240	0.462252	-2.625868
27571		-0.677995	0.465948	-2.625674
27572		-0.677779	0.468811	-2.626316
27573		-0.676326	0.471395	-2.626362
27574		-0.675395	0.477153	-2.625691
27575		-0.675834	0.479888	-2.625269
27576		-0.675456	0.485357	-2.623535
27577		-0.674419	0.490164	-2.623103
27578		-0.673486	0.495921	-2.622433
27579		-0.673706	0.502470	-2.621409
27580		-0.673616	0.507749	-2.620625
27581		-0.673410	0.517000	-2.619240
27582		-0.671555	0.524540	-2.617496
27583		-0.673170	0.530317	-2.615296
27584		-0.674336	0.537340	-2.613922
27585		-0.676033	0.541814	-2.612911
27586		-0.677545	0.547436	-2.610712
27587		-0.678399	0.552389	-2.609816
27588		-0.678517	0.558781	-2.608796
27589		-0.678748	0.560401	-2.608614
27590		-0.676478	0.565723	-2.607349
27591		-0.675164	0.565791	-2.606808
27592		-0.673239	0.569714	-2.604717
27593		-0.672629	0.571813	-2.604649
27594		-0.671626	0.573956	-2.603632
27595		-0.670382	0.577645	-2.603441
27596		-0.668953	0.582490	-2.602062
27597		-0.666579	0.586848	-2.601034
27598		-0.667605	0.586634	-2.598964
27599		-0.665600	0.589501	-2.600074
27600		-0.662280	0.594196	-2.599160
27601		-0.661036	0.597883	-2.598969
27602		-0.659607	0.602730	-2.597590
27603		-0.658155	0.605307	-2.597637
27604		-0.656944	0.606344	-2.596858
27605		-0.655493	0.608920	-2.596905
27606		-0.654075	0.608850	-2.596364
27607		-0.650661	0.607655	-2.596526
27608		-0.650245	0.604508	-2.598247
27609		-0.649011	0.603274	-2.598895
27610		-0.648306	0.600318	-2.599666
27611		-0.648259	0.597205	-2.599375
27612		-0.647000	0.594539	-2.601209
27613		-0.647667	0.588536	-2.602231
27614		-0.646823	0.588092	-2.603589
27615		-0.646936	0.582377	-2.605674
27616		-0.645020	0.581394	-2.604421
27617		-0.645261	0.578090	-2.605080
27618		-0.644347	0.574028	-2.606089
27619		-0.643746	0.571203	-2.606861
27620		-0.643385	0.566852	-2.606807
27621		-0.644122	0.564468	-2.608178
27622		-0.643968	0.561229	-2.607887
27623		-0.643000	0.559896	-2.606521
