// General information: 
//  MT Manager version: 2021.4.0 
//  XDA version: 2021.4.0 build 6323 rev 112641 built on 2021-09-28
// Device information: 
//  DeviceId: 00B43773
//  ProductCode: MTW2-3A7G6
//  Firmware Version: 4.3.4
//  Hardware Version: 1.1.0
// Device settings: 
//  Filter Profile: human(46.1)
//  Option Flags: Orientation Smoother Disabled, Position/Velocity Smoother Disabled, Continuous Zero Rotation Update Disabled, AHS Disabled, ICC Disabled
// Coordinate system: ENU
PacketCounter	Roll	Pitch	Yaw
47721	0.982952	0.934744	0.244660
47722	0.981770	0.937149	0.245435
47723	0.981021	0.938810	0.244829
47724	0.978564	0.939813	0.246065
47725	0.977298	0.940706	0.246259
47726	0.976039	0.940312	0.248196
47727	0.974277	0.940407	0.249457
47728	0.975629	0.941679	0.247415
47729	0.976654	0.939780	0.249183
47730	0.979786	0.938913	0.248801
47731	0.982277	0.938454	0.249194
47732	0.982903	0.937494	0.249784
47733	0.983322	0.936388	0.249957
47734	0.982062	0.935995	0.251895
47735	0.981191	0.934900	0.251703
47736	0.979993	0.933368	0.250583
47737	0.978457	0.931598	0.250515
47738	0.977846	0.930636	0.250983
47739	0.976133	0.928155	0.250414
47740	0.973671	0.927845	0.251018
47741	0.972102	0.925971	0.252298
47742	0.971458	0.924923	0.253980
47743	0.968135	0.923862	0.253347
47744	0.968149	0.924871	0.254822
47745	0.968213	0.921895	0.252053
47746	0.968257	0.921677	0.251684
47747	0.967701	0.921286	0.251907
47748	0.968326	0.920326	0.252495
47749	0.968739	0.917961	0.251256
47750	0.970566	0.916918	0.253177
47751	0.969361	0.917466	0.250027
47752	0.970605	0.917165	0.250990
47753	0.971923	0.916724	0.250738
47754	0.971965	0.916506	0.250369
47755	0.973383	0.917370	0.250853
47756	0.974013	0.917723	0.252072
47757	0.973773	0.918631	0.252454
47758	0.975085	0.918502	0.250991
47759	0.975122	0.918824	0.251144
47760	0.973895	0.918517	0.251867
47761	0.972406	0.916866	0.250269
47762	0.972414	0.916562	0.251111
47763	0.973301	0.915438	0.250215
47764	0.975199	0.915881	0.250340
47765	0.975521	0.914928	0.248956
47766	0.975597	0.914796	0.247373
47767	0.974760	0.915020	0.248074
47768	0.976004	0.914719	0.249036
47769	0.975766	0.914577	0.245492
47770	0.973918	0.913612	0.245838
47771	0.972765	0.911301	0.244539
47772	0.970950	0.910422	0.243673
47773	0.970471	0.907339	0.244070
47774	0.970542	0.905895	0.241854
47775	0.970804	0.904765	0.242982
47776	0.974520	0.904470	0.244182
47777	0.978018	0.902976	0.241457
47778	0.978059	0.902758	0.241085
47779	0.980132	0.903096	0.239082
47780	0.980798	0.904849	0.239717
47781	0.980325	0.905783	0.240379
47782	0.978509	0.904904	0.239512
47783	0.979050	0.905164	0.239728
47784	0.976560	0.907394	0.242807
47785	0.976107	0.907393	0.237893
47786	0.978658	0.908580	0.237178
47787	0.981327	0.909608	0.235322
47788	0.982646	0.912106	0.235119
47789	0.982464	0.913047	0.235532
47790	0.981897	0.916111	0.236679
47791	0.978807	0.917626	0.237395
47792	0.977683	0.918890	0.235108
47793	0.974094	0.921069	0.235581
47794	0.969815	0.922810	0.235737
47795	0.969273	0.924406	0.235511
47796	0.970520	0.925418	0.237102
47797	0.972330	0.927007	0.237445
47798	0.974851	0.929421	0.238574
47799	0.976643	0.929847	0.236015
47800	0.975489	0.932338	0.235571
47801	0.973770	0.935972	0.236975
47802	0.973199	0.937722	0.237489
47803	0.971288	0.942017	0.237715
47804	0.969486	0.945078	0.238740
47805	0.968259	0.948686	0.238723
47806	0.967006	0.950920	0.241919
47807	0.968927	0.953974	0.240867
47808	0.969005	0.955154	0.239911
47809	0.969761	0.957502	0.240511
47810	0.970389	0.957856	0.241727
47811	0.970529	0.958075	0.243022
47812	0.971805	0.957860	0.242768
47813	0.973316	0.956871	0.242070
47814	0.975823	0.955346	0.241305
47815	0.977491	0.952884	0.241622
47816	0.982532	0.950224	0.238036
47817	0.984891	0.949708	0.239571
47818	0.989871	0.948189	0.239043
47819	0.992850	0.948297	0.240750
47820	0.994130	0.949394	0.241126
47821	0.993745	0.950457	0.240075
47822	0.995025	0.951554	0.240451
47823	0.998042	0.953351	0.238006
47824	1.000487	0.952967	0.240297
47825	1.002847	0.952828	0.236684
47826	1.004780	0.954670	0.236221
47827	1.006022	0.955759	0.233600
47828	1.006653	0.957425	0.235445
47829	1.005705	0.959156	0.234637
47830	1.005782	0.960336	0.233679
47831	1.004649	0.962125	0.232490
47832	1.004725	0.963305	0.231532
47833	1.007024	0.965574	0.232013
47834	1.008345	0.969383	0.232437
47835	1.007849	0.972296	0.232353
47836	1.008517	0.975362	0.233615
47837	1.007340	0.977699	0.232073
47838	1.006809	0.982160	0.232632
47839	1.003322	0.983727	0.233148
47840	1.000869	0.987355	0.235640
47841	0.998305	0.989849	0.232330
47842	0.995195	0.991420	0.235030
47843	0.993345	0.992970	0.235339
47844	0.991532	0.993403	0.235099
47845	0.990808	0.996350	0.235782
47846	0.988966	0.998010	0.237386
47847	0.986505	0.999746	0.236452
47848	0.984089	1.004774	0.238358
47849	0.981867	1.005435	0.240583
47850	0.980711	1.007925	0.240134
47851	0.980451	1.008943	0.240187
47852	0.981109	1.009382	0.240185
47853	0.981113	1.008943	0.239675
47854	0.982416	1.007500	0.237573
47855	0.981667	1.006330	0.237821
47856	0.985382	1.006035	0.239018
47857	0.986381	1.004583	0.235296
47858	0.985118	1.004190	0.237228
47859	0.985108	1.003946	0.236993
47860	0.983873	1.002325	0.237080
47861	0.982365	1.001109	0.236845
47862	0.981751	1.000146	0.237307
47863	0.979682	0.997634	0.237822
47864	0.979692	0.998643	0.239289
47865	0.979680	0.994195	0.237719
47866	0.981571	0.993324	0.237206
47867	0.981508	0.992829	0.237770
47868	0.980889	0.990552	0.237601
47869	0.979609	0.988782	0.237016
47870	0.978991	0.986506	0.236847
47871	0.978070	0.983958	0.237674
47872	0.975644	0.986358	0.238319
47873	0.974072	0.985934	0.237803
47874	0.973522	0.985141	0.235836
47875	0.973276	0.986193	0.234613
47876	0.974554	0.987290	0.234985
47877	0.975046	0.987709	0.233278
47878	0.978172	0.986842	0.232883
47879	0.981423	0.985797	0.231636
47880	0.986406	0.985592	0.231735
47881	0.991124	0.981378	0.228322
47882	0.996135	0.979945	0.226574
47883	0.999364	0.979815	0.223792
47884	1.001841	0.979517	0.224865
47885	1.002227	0.977644	0.223837
47886	1.002849	0.976684	0.224415
47887	1.001199	0.974202	0.224196
47888	1.002440	0.973901	0.225150
47889	1.003660	0.969645	0.221650
47890	1.003009	0.967283	0.222692
47891	1.003841	0.965560	0.221544
47892	1.004495	0.964685	0.220907
47893	1.004360	0.962898	0.221801
47894	1.003785	0.964647	0.222308
47895	1.002911	0.966193	0.223979
47896	1.001680	0.965884	0.224695
47897	0.999084	0.968133	0.225494
47898	0.993532	0.969781	0.226740
47899	0.988966	0.971267	0.228876
47900	0.985270	0.973578	0.230615
47901	0.980857	0.975025	0.232840
47902	0.975921	0.976018	0.233829
47903	0.974198	0.974744	0.234952
47904	0.970495	0.974428	0.235429
47905	0.967768	0.972487	0.237399
47906	0.967798	0.969640	0.235756
47907	0.967265	0.967953	0.235519
47908	0.966030	0.966331	0.235603
47909	0.964424	0.964540	0.235962
47910	0.965044	0.963580	0.236539
47911	0.965775	0.962363	0.237854
47912	0.964608	0.962223	0.236139
47913	0.963184	0.964637	0.234784
47914	0.960720	0.965639	0.236010
47915	0.959119	0.967222	0.234366
47916	0.956692	0.969622	0.235008
47917	0.953651	0.971105	0.236198
47918	0.951803	0.971451	0.237168
47919	0.952123	0.971695	0.236964
47920	0.952189	0.970246	0.234737
47921	0.954334	0.968775	0.231514
47922	0.955020	0.967984	0.229661
47923	0.954680	0.967641	0.228959
47924	0.951595	0.967984	0.229809
47925	0.949151	0.968859	0.230787
47926	0.946070	0.970516	0.232267
47927	0.944107	0.970754	0.232060
47928	0.942875	0.970445	0.232773
47929	0.940010	0.968552	0.235286
47930	0.938194	0.968983	0.235040
47931	0.936831	0.968437	0.236586
47932	0.937452	0.967477	0.237162
47933	0.937863	0.966356	0.237431
47934	0.936634	0.967362	0.238774
47935	0.934902	0.966090	0.239914
47936	0.934873	0.965702	0.241960
47937	0.931022	0.966471	0.242745
47938	0.928554	0.966159	0.243338
47939	0.926658	0.964918	0.243513
47940	0.929783	0.964051	0.243112
47941	0.931233	0.961858	0.240626
47942	0.931229	0.958926	0.240196
47943	0.931531	0.955138	0.238776
47944	0.930255	0.950802	0.238812
47945	0.923844	0.944968	0.236717
47946	0.908180	0.936878	0.239883
47947	0.884258	0.928076	0.240183
47948	0.851185	0.918359	0.244690
47949	0.817155	0.907943	0.247306
47950	0.784044	0.896825	0.252387
47951	0.749454	0.890021	0.253370
47952	0.713329	0.883657	0.257910
47953	0.679822	0.878365	0.263115
47954	0.648670	0.870784	0.266280
47955	0.617364	0.865523	0.273245
47956	0.587457	0.861895	0.278404
47957	0.559442	0.858864	0.284724
47958	0.534516	0.856655	0.289771
47959	0.512264	0.855186	0.294068
47960	0.492319	0.854397	0.299009
47961	0.472641	0.852425	0.297942
47962	0.455231	0.850489	0.300067
47963	0.438067	0.851347	0.298247
47964	0.422011	0.856241	0.299976
47965	0.407775	0.864541	0.300329
47966	0.399321	0.876452	0.299847
47967	0.395469	0.890190	0.298701
47968	0.394469	0.903535	0.298369
47969	0.397162	0.918148	0.297491
47970	0.401825	0.932415	0.294384
47971	0.411669	0.943788	0.291530
47972	0.421852	0.954711	0.288636
47973	0.435066	0.964742	0.288408
47974	0.448921	0.974288	0.286477
47975	0.457646	0.985613	0.283811
47976	0.465258	0.996285	0.284311
47977	0.469150	1.004174	0.282584
47978	0.472986	1.013351	0.284515
47979	0.477113	1.021853	0.285694
47980	0.481628	1.030533	0.284946
47981	0.484568	1.038189	0.285434
47982	0.487812	1.045466	0.285151
47983	0.490214	1.052482	0.285157
47984	0.490330	1.057689	0.284840
47985	0.489449	1.065229	0.286718
47986	0.485793	1.070258	0.288456
47987	0.483776	1.076362	0.290832
47988	0.479504	1.082046	0.292819
47989	0.474122	1.086084	0.295512
47990	0.469843	1.089135	0.296250
47991	0.472336	1.093477	0.294060
47992	0.473650	1.095978	0.293835
47993	0.473682	1.098286	0.294746
47994	0.474991	1.099470	0.293898
47995	0.475236	1.097864	0.290872
47996	0.476476	1.096257	0.291207
47997	0.473420	1.092486	0.290238
47998	0.468430	1.085502	0.288668
47999	0.458228	1.077363	0.288244
48000	0.455735	1.067837	0.284461
48001	0.458389	1.060830	0.280731
48002	0.455250	1.051879	0.278412
48003	0.445775	1.044202	0.274763
48004	0.435803	1.034474	0.272659
48005	0.428134	1.020544	0.270623
48006	0.419997	1.002264	0.264649
48007	0.415728	0.972820	0.260127
48008	0.411729	0.939018	0.253477
48009	0.403138	0.898121	0.246521
48010	0.399062	0.852290	0.236649
48011	0.395624	0.794757	0.226120
48012	0.387555	0.720570	0.212392
48013	0.382632	0.626929	0.192747
48014	0.366771	0.506170	0.149676
48015	0.397002	0.350332	0.112014
48016	0.411664	0.156112	0.039859
48017	0.406628	-0.080800	-0.053101
48018	0.457165	-0.379192	-0.125882
48019	0.504780	-0.740296	-0.204845
48020	0.559719	-1.181599	-0.269552
48021	0.607359	-1.704184	-0.334682
48022	0.658594	-2.323703	-0.394318
48023	0.715442	-3.049631	-0.444878
48024	0.781907	-3.892113	-0.492122
48025	0.868994	-4.857773	-0.529282
48026	0.968820	-5.946068	-0.559847
48027	1.080359	-7.158332	-0.583334
48028	1.184477	-8.489756	-0.635949
48029	1.299372	-9.967644	-0.776191
48030	1.436629	-11.675407	-1.107897
48031	1.613073	-13.590074	-1.646669
48032	1.744463	-15.572626	-2.278382
48033	1.851925	-17.268091	-2.786759
48034	1.999716	-18.873379	-3.226083
48035	2.076918	-20.248380	-3.587834
48036	2.181440	-21.040650	-3.891057
48037	2.270888	-20.983763	-4.174024
48038	2.454451	-20.656567	-4.673959
48039	2.933395	-20.367478	-5.446993
48040	3.698263	-20.064096	-6.447451
48041	4.577705	-19.577135	-7.640674
48042	5.479308	-18.850028	-9.007059
48043	6.413892	-17.973374	-10.481307
48044	7.395953	-17.072127	-11.974851
48045	8.388801	-16.198473	-13.414799
48046	9.329051	-15.359436	-14.738819
48047	10.168543	-14.566952	-15.897060
48048	10.864419	-13.841644	-16.873304
48049	11.433897	-13.196565	-17.653750
48050	11.886205	-12.636067	-18.233658
48051	12.207357	-12.132481	-18.639145
48052	12.391789	-11.672208	-18.917199
48053	12.472496	-11.239681	-19.092816
48054	12.467065	-10.784199	-19.189535
48055	12.418762	-10.271149	-19.245615
48056	12.349689	-9.707756	-19.305728
48057	12.260704	-9.086574	-19.375752
48058	12.148218	-8.422610	-19.428882
48059	11.995331	-7.739078	-19.450372
48060	11.788806	-7.068562	-19.439988
48061	11.525112	-6.416341	-19.377151
48062	11.213458	-5.772127	-19.240927
48063	10.842138	-5.141662	-19.043121
48064	10.411243	-4.541473	-18.780585
48065	9.926178	-3.961528	-18.447583
48066	9.377047	-3.399328	-18.045542
48067	8.759606	-2.852777	-17.594237
48068	8.090493	-2.334159	-17.104642
48069	7.373374	-1.833461	-16.582893
48070	6.595261	-1.337345	-16.050311
48071	5.761766	-0.839697	-15.523007
48072	4.905407	-0.348784	-14.998663
48073	4.029085	0.140860	-14.477347
48074	3.126293	0.633729	-13.976619
48075	2.229409	1.129325	-13.480694
48076	1.358628	1.639288	-12.976563
48077	0.511098	2.161903	-12.451682
48078	-0.324621	2.682163	-11.894530
48079	-1.147533	3.193290	-11.297807
48080	-1.927968	3.686374	-10.652968
48081	-2.650880	4.148069	-9.970480
48082	-3.343693	4.557879	-9.298267
48083	-3.949910	4.894075	-8.654830
48084	-4.409556	5.148100	-8.049208
48085	-4.789349	5.350410	-7.519965
48086	-5.175127	5.574242	-7.093541
48087	-5.528922	5.790686	-6.732103
48088	-5.776201	5.915370	-6.370128
48089	-5.922917	5.930520	-5.962397
48090	-5.990453	5.850326	-5.501779
48091	-5.779608	5.541208	-4.945082
48092	-5.346608	4.551605	-4.517534
48093	-5.060396	3.275194	-4.093532
48094	-4.701037	2.319167	-3.742075
48095	-4.351805	2.156652	-3.694634
48096	-4.124194	2.198802	-3.828710
48097	-3.890575	1.923091	-3.906930
48098	-3.621836	1.628186	-3.883548
48099	-3.320043	1.398100	-3.904730
48100	-2.957872	1.216767	-3.991490
48101	-2.656448	1.165176	-4.092365
48102	-2.381168	1.077258	-4.140346
48103	-2.123615	0.980518	-4.165990
48104	-1.937142	0.902764	-4.222922
48105	-1.845111	0.873267	-4.278337
48106	-1.822827	0.920563	-4.302713
48107	-1.813019	1.021308	-4.309694
48108	-1.778804	1.164001	-4.320567
48109	-1.736919	1.300107	-4.337813
48110	-1.672317	1.383883	-4.363251
48111	-1.584534	1.416685	-4.394996
48112	-1.470746	1.403998	-4.451768
48113	-1.336464	1.376424	-4.522764
48114	-1.205551	1.352012	-4.579963
48115	-1.075672	1.337322	-4.633800
48116	-0.947748	1.329038	-4.689175
48117	-0.837737	1.314527	-4.741527
48118	-0.751101	1.298727	-4.766844
48119	-0.661047	1.279471	-4.773726
48120	-0.547728	1.254622	-4.785227
48121	-0.402107	1.224481	-4.794130
48122	-0.238407	1.190801	-4.800035
48123	-0.045821	1.171319	-4.788630
48124	0.169683	1.174531	-4.748766
48125	0.403042	1.199187	-4.678449
48126	0.652160	1.238785	-4.579095
48127	0.928625	1.285498	-4.464033
48128	1.227982	1.333132	-4.343115
48129	1.523270	1.389783	-4.216563
48130	1.783088	1.433202	-4.089800
48131	2.007270	1.470267	-3.970922
48132	2.189628	1.505650	-3.859676
48133	2.339976	1.543899	-3.763079
48134	2.447738	1.591406	-3.679035
48135	2.500053	1.638591	-3.610580
48136	2.518417	1.685405	-3.542235
48137	2.523400	1.726374	-3.481056
48138	2.531798	1.763710	-3.429944
48139	2.555084	1.802860	-3.383032
48140	2.586506	1.846365	-3.341473
48141	2.619194	1.889710	-3.302632
48142	2.660019	1.933006	-3.264211
48143	2.709428	1.984684	-3.230952
48144	2.769516	2.035249	-3.201209
48145	2.825923	2.081146	-3.170538
48146	2.884282	2.122363	-3.135436
48147	2.938920	2.163151	-3.101916
48148	2.986357	2.194560	-3.068726
48149	3.030217	2.211726	-3.032936
48150	3.069527	2.206032	-2.996901
48151	3.102983	2.178620	-2.967917
48152	3.129892	2.138684	-2.941931
48153	3.148360	2.079388	-2.919049
48154	3.134267	2.000902	-2.893138
48155	3.073838	1.906363	-2.866338
48156	2.971896	1.805596	-2.832108
48157	2.838329	1.698696	-2.796822
48158	2.676946	1.587922	-2.762330
48159	2.483393	1.471945	-2.731369
48160	2.265619	1.348908	-2.693714
48161	2.028066	1.225255	-2.662715
48162	1.784835	1.103539	-2.629653
48163	1.547023	0.990511	-2.598748
48164	1.314608	0.890837	-2.568364
48165	1.082499	0.802049	-2.534015
48166	0.851973	0.723500	-2.494604
48167	0.639682	0.658572	-2.451189
48168	0.453890	0.613475	-2.411142
48169	0.305019	0.587070	-2.371830
48170	0.183835	0.565611	-2.349215
48171	0.053135	0.540102	-2.342231
48172	-0.093423	0.510526	-2.341336
48173	-0.275675	0.395159	-2.408485
48174	-0.485208	0.195031	-2.541048
48175	-0.698246	0.007128	-2.673533
48176	-0.903679	-0.114883	-2.768280
48177	-1.102298	-0.187132	-2.824702
48178	-1.282400	-0.201780	-2.845191
48179	-1.444775	-0.179637	-2.857129
48180	-1.603616	-0.117079	-2.861733
48181	-1.754121	-0.013375	-2.857057
48182	-1.880149	0.139930	-2.844307
48183	-1.990931	0.320143	-2.837681
48184	-2.097360	0.513937	-2.837953
48185	-2.186545	0.718972	-2.843364
48186	-2.253488	0.934967	-2.852581
48187	-2.294859	1.144340	-2.868802
48188	-2.320264	1.342319	-2.900788
48189	-2.345379	1.529315	-2.949647
48190	-2.378298	1.724154	-2.993200
48191	-2.407390	1.929918	-3.030365
48192	-2.427578	2.140745	-3.051772
48193	-2.439136	2.340391	-3.063607
48194	-2.441773	2.517386	-3.056965
48195	-2.424049	2.666722	-3.054220
48196	-2.374935	2.770405	-3.059953
48197	-2.287656	2.824692	-3.074035
48198	-2.178439	2.834423	-3.079041
48199	-2.060415	2.829030	-3.070763
48200	-1.949063	2.811583	-3.044476
48201	-1.856508	2.792271	-3.002348
48202	-1.798531	2.758889	-2.946384
48203	-1.775630	2.701127	-2.890752
48204	-1.809353	2.592630	-2.867227
48205	-1.886959	2.440360	-2.863263
48206	-2.019961	2.272505	-2.875333
48207	-2.164839	2.049330	-2.906940
48208	-2.300567	1.796888	-2.966257
48209	-2.414576	1.535730	-3.041226
48210	-2.530259	1.267902	-3.132562
48211	-2.638658	1.012927	-3.212447
48212	-2.714918	0.764569	-3.302459
48213	-2.778250	0.528806	-3.410288
48214	-2.827104	0.322202	-3.509080
48215	-2.889033	0.148093	-3.600455
48216	-2.939250	0.017314	-3.670525
48217	-2.986632	-0.071536	-3.740037
48218	-3.041875	-0.128827	-3.795492
48219	-3.107481	-0.155311	-3.841197
48220	-3.160426	-0.170560	-3.881465
48221	-3.182001	-0.171217	-3.925278
48222	-3.178403	-0.162447	-3.965810
48223	-3.169958	-0.148246	-4.009096
48224	-3.151107	-0.133763	-4.046298
48225	-3.130557	-0.128961	-4.092329
48226	-3.111100	-0.126572	-4.139236
48227	-3.104692	-0.127464	-4.184977
48228	-3.106326	-0.130616	-4.227873
48229	-3.104373	-0.136692	-4.265503
48230	-3.095968	-0.143277	-4.308579
48231	-3.074387	-0.159599	-4.348869
48232	-3.024374	-0.185170	-4.394354
48233	-2.925548	-0.221356	-4.443733
48234	-2.779440	-0.259453	-4.492042
48235	-2.594266	-0.291355	-4.527499
48236	-2.380948	-0.303951	-4.528661
48237	-2.146537	-0.292431	-4.497941
48238	-1.940129	-0.276576	-4.467273
48239	-1.776593	-0.263408	-4.434816
48240	-1.663234	-0.268367	-4.424800
48241	-1.586897	-0.275896	-4.420598
48242	-1.524953	-0.273682	-4.419127
48243	-1.476156	-0.265050	-4.421387
48244	-1.436461	-0.243048	-4.420683
48245	-1.394081	-0.212484	-4.416516
48246	-1.340591	-0.178156	-4.412171
48247	-1.278658	-0.141067	-4.404691
48248	-1.207342	-0.107931	-4.394168
48249	-1.122834	-0.074777	-4.371262
48250	-1.023033	-0.030081	-4.329614
48251	-0.912500	0.028420	-4.267325
48252	-0.798223	0.097023	-4.190202
48253	-0.694820	0.170280	-4.105353
48254	-0.604800	0.240199	-4.020821
48255	-0.533170	0.300302	-3.934125
48256	-0.477739	0.349705	-3.852372
48257	-0.433207	0.392760	-3.774613
48258	-0.397524	0.431182	-3.705272
48259	-0.367734	0.465111	-3.644242
48260	-0.345002	0.495215	-3.590786
48261	-0.327607	0.521543	-3.544749
48262	-0.316204	0.546709	-3.502499
48263	-0.313898	0.567889	-3.466405
48264	-0.318162	0.585884	-3.434590
48265	-0.323621	0.602175	-3.405043
48266	-0.336255	0.616005	-3.381217
48267	-0.345745	0.627656	-3.359532
48268	-0.353831	0.637127	-3.340159
48269	-0.356255	0.643208	-3.323717
48270	-0.345377	0.647195	-3.314466
48271	-0.324482	0.648742	-3.309697
48272	-0.295449	0.650400	-3.305706
48273	-0.262658	0.652023	-3.305794
48274	-0.230503	0.657372	-3.305472
48275	-0.198386	0.660970	-3.305035
48276	-0.164306	0.665813	-3.306905
48277	-0.134012	0.668675	-3.307372
48278	-0.115475	0.671974	-3.306227
48279	-0.104408	0.670356	-3.302653
48280	-0.100012	0.668250	-3.301938
48281	-0.101799	0.662775	-3.301717
48282	-0.103541	0.654854	-3.298956
48283	-0.107108	0.644513	-3.298226
48284	-0.115526	0.631594	-3.297262
48285	-0.124573	0.617642	-3.297621
48286	-0.136709	0.604544	-3.296565
48287	-0.150164	0.588153	-3.292474
48288	-0.165362	0.574267	-3.292303
48289	-0.181786	0.557244	-3.292715
48290	-0.194434	0.539384	-3.292353
48291	-0.202079	0.521550	-3.296097
48292	-0.204138	0.504986	-3.298631
48293	-0.205645	0.490156	-3.302269
48294	-0.203432	0.477199	-3.304898
48295	-0.198202	0.467475	-3.309177
48296	-0.197267	0.458599	-3.313219
48297	-0.198903	0.450563	-3.316846
48298	-0.196883	0.444301	-3.317048
48299	-0.195578	0.442470	-3.319296
48300	-0.193703	0.444389	-3.319973
48301	-0.196937	0.449733	-3.319936
48302	-0.205221	0.456385	-3.315051
48303	-0.216638	0.464632	-3.312401
48304	-0.229892	0.472426	-3.307876
48305	-0.239442	0.480072	-3.305030
48306	-0.250906	0.488542	-3.298376
48307	-0.265444	0.495896	-3.294201
48308	-0.280580	0.502858	-3.288181
48309	-0.290133	0.507692	-3.283161
48310	-0.296458	0.511087	-3.279532
48311	-0.302908	0.515382	-3.274346
48312	-0.307398	0.518126	-3.269314
48313	-0.304395	0.519625	-3.267985
48314	-0.298909	0.522951	-3.265614
48315	-0.290938	0.523309	-3.263923
48316	-0.279211	0.525603	-3.262429
48317	-0.270059	0.528728	-3.260522
48318	-0.266540	0.536690	-3.257372
48319	-0.268015	0.542651	-3.253998
48320	-0.268870	0.551042	-3.249775
48321	-0.268505	0.559162	-3.247168
48322	-0.268121	0.567612	-3.242973
48323	-0.266560	0.577118	-3.239667
48324	-0.265500	0.586389	-3.238144
48325	-0.266373	0.594447	-3.235504
48326	-0.268434	0.602828	-3.232457
48327	-0.269888	0.610217	-3.230769
48328	-0.276818	0.615703	-3.229059
48329	-0.280110	0.620934	-3.226604
48330	-0.285217	0.627147	-3.223970
48331	-0.290973	0.630879	-3.220975
48332	-0.298545	0.635595	-3.217801
48333	-0.301167	0.638838	-3.215846
48334	-0.304351	0.641743	-3.213262
48335	-0.310602	0.642151	-3.212673
48336	-0.313685	0.641020	-3.211061
48337	-0.311863	0.639746	-3.209939
48338	-0.313647	0.638776	-3.210774
48339	-0.312438	0.636782	-3.209396
48340	-0.308055	0.636058	-3.209169
48341	-0.301261	0.636452	-3.209854
48342	-0.294371	0.635898	-3.210893
48343	-0.289371	0.632804	-3.211538
48344	-0.284915	0.630802	-3.213246
48345	-0.281798	0.626879	-3.212396
48346	-0.279194	0.624098	-3.213820
48347	-0.277925	0.622204	-3.214857
48348	-0.279069	0.619194	-3.214985
48349	-0.279025	0.615862	-3.215511
48350	-0.277616	0.611692	-3.217632
48351	-0.273887	0.608487	-3.217037
48352	-0.269414	0.607915	-3.220434
48353	-0.263829	0.608299	-3.222295
48354	-0.261313	0.608174	-3.222263
48355	-0.258877	0.610426	-3.223565
48356	-0.255762	0.612401	-3.224270
48357	-0.252714	0.615372	-3.225826
48358	-0.251451	0.616568	-3.226246
48359	-0.247809	0.616017	-3.224195
48360	-0.243292	0.614116	-3.228318
48361	-0.236384	0.609092	-3.229486
48362	-0.226196	0.604111	-3.234950
48363	-0.213614	0.598819	-3.239629
48364	-0.200306	0.591917	-3.244441
48365	-0.185277	0.586692	-3.247965
48366	-0.170788	0.582558	-3.252557
48367	-0.157087	0.579927	-3.254597
48368	-0.147613	0.578264	-3.258827
48369	-0.140777	0.577324	-3.260224
48370	-0.133887	0.576766	-3.261254
48371	-0.130170	0.577747	-3.263302
48372	-0.126981	0.578444	-3.265936
48373	-0.124488	0.577984	-3.267476
48374	-0.120703	0.577968	-3.268676
48375	-0.118211	0.577508	-3.270215
48376	-0.113648	0.574279	-3.275059
48377	-0.110499	0.573212	-3.277578
48378	-0.104818	0.572647	-3.279785
48379	-0.104161	0.572840	-3.282729
48380	-0.105286	0.571258	-3.284546
48381	-0.105196	0.569403	-3.287963
48382	-0.102544	0.565290	-3.290110
48383	-0.101170	0.562166	-3.294281
48384	-0.095473	0.563033	-3.298175
48385	-0.091132	0.560539	-3.297826
48386	-0.089106	0.559899	-3.302365
48387	-0.085300	0.558221	-3.305863
48388	-0.082036	0.554828	-3.308262
48389	-0.078736	0.548394	-3.312479
48390	-0.076588	0.542337	-3.317512
48391	-0.072552	0.534020	-3.324641
48392	-0.066748	0.528037	-3.327341
48393	-0.062145	0.521767	-3.333997
48394	-0.060638	0.517750	-3.339733
48395	-0.061786	0.515831	-3.343119
48396	-0.062282	0.516400	-3.346873
48397	-0.061030	0.515877	-3.348380
48398	-0.060411	0.519111	-3.349502
48399	-0.056697	0.520088	-3.351543
48400	-0.052362	0.523501	-3.352746
48401	-0.050576	0.524974	-3.352573
48402	-0.045614	0.527727	-3.353549
48403	-0.040081	0.529431	-3.354662
48404	-0.038255	0.532672	-3.354603
48405	-0.038334	0.534743	-3.354629
48406	-0.040836	0.537083	-3.354236
48407	-0.049696	0.542771	-3.353098
48408	-0.062875	0.546464	-3.348369
48409	-0.081093	0.552286	-3.344855
48410	-0.097391	0.555087	-3.338610
48411	-0.111250	0.559051	-3.334468
48412	-0.126937	0.565384	-3.330641
48413	-0.152098	0.574170	-3.324552
48414	-0.185344	0.584923	-3.316221
48415	-0.224175	0.594371	-3.309089
48416	-0.259837	0.602292	-3.300934
48417	-0.286890	0.611625	-3.293819
48418	-0.313817	0.620070	-3.288271
48419	-0.339497	0.628283	-3.285526
48420	-0.360780	0.633602	-3.280105
48421	-0.379591	0.637325	-3.275826
48422	-0.395813	0.641655	-3.273660
48423	-0.413386	0.645440	-3.269407
48424	-0.434146	0.651333	-3.260613
48425	-0.459823	0.653935	-3.253502
48426	-0.479806	0.656607	-3.248339
48427	-0.497348	0.660441	-3.245283
48428	-0.509283	0.664200	-3.240559
48429	-0.521899	0.668233	-3.236415
48430	-0.540001	0.671734	-3.232742
48431	-0.560065	0.673973	-3.226717
48432	-0.583049	0.670339	-3.220489
48433	-0.610984	0.660565	-3.212537
48434	-0.645500	0.642020	-3.204506
48435	-0.686659	0.615407	-3.199978
48436	-0.734266	0.578812	-3.199672
48437	-0.793628	0.522636	-3.211772
48438	-0.871059	0.441465	-3.245164
48439	-0.986927	0.288465	-3.381253
48440	-1.132223	-0.016354	-3.666812
48441	-1.278375	-0.434241	-3.984306
48442	-1.515230	-0.929941	-4.278063
48443	-1.814967	-1.501665	-4.502835
48444	-2.165056	-2.145300	-4.675096
48445	-2.548744	-2.864508	-4.818235
48446	-2.918220	-3.597333	-4.890095
48447	-3.215097	-4.396659	-4.914868
48448	-3.452164	-5.295676	-4.944981
48449	-3.549171	-6.353379	-4.990169
48450	-3.343761	-7.756585	-5.009286
48451	-3.026247	-9.281573	-5.164772
48452	-2.675820	-10.766343	-5.762135
48453	-1.931022	-11.919701	-6.672788
48454	-0.844722	-12.777594	-7.907598
48455	0.412773	-13.650898	-9.596299
48456	1.998469	-14.593932	-11.561526
48457	3.838049	-15.436801	-13.595501
48458	5.700014	-16.086475	-15.636238
48459	7.517500	-16.651918	-17.606951
48460	9.312914	-17.252572	-19.389665
48461	11.023261	-17.901639	-20.906334
48462	12.537756	-18.543119	-22.159404
48463	13.817256	-19.149525	-23.186052
48464	14.933622	-19.755456	-24.002913
48465	15.931327	-20.355335	-24.648593
48466	16.813067	-20.900142	-25.167884
48467	17.579384	-21.348179	-25.596622
48468	18.257184	-21.692061	-25.953566
48469	18.861315	-21.942936	-26.255816
48470	19.386771	-22.102803	-26.525132
48471	19.846823	-22.154838	-26.768211
48472	20.261112	-22.116598	-26.982282
48473	20.607074	-22.007819	-27.157654
48474	20.863501	-21.834494	-27.275725
48475	21.024033	-21.600991	-27.319281
48476	21.097505	-21.327039	-27.303638
48477	21.070134	-21.012060	-27.251904
48478	20.959079	-20.650480	-27.164649
48479	20.781266	-20.243852	-27.048879
48480	20.518706	-19.801274	-26.906237
48481	20.181726	-19.326669	-26.729428
48482	19.767687	-18.825522	-26.508179
48483	19.261872	-18.308423	-26.252555
48484	18.680385	-17.769594	-25.955197
48485	18.037622	-17.210682	-25.616950
48486	17.340717	-16.644996	-25.239299
48487	16.575313	-16.067826	-24.821399
48488	15.747003	-15.475924	-24.382868
48489	14.890987	-14.857321	-23.954329
48490	14.029997	-14.209252	-23.554789
48491	13.179865	-13.524697	-23.177198
48492	12.335830	-12.815951	-22.807301
48493	11.472309	-12.080408	-22.435287
48494	10.610584	-11.332769	-22.045055
48495	9.755395	-10.597321	-21.613919
48496	8.889887	-9.874905	-21.144163
48497	8.027533	-9.175132	-20.604831
48498	7.151350	-8.517130	-19.971070
48499	6.250676	-7.909748	-19.239182
48500	5.336244	-7.333868	-18.402691
48501	4.394613	-6.756240	-17.488673
48502	3.415286	-6.152331	-16.611077
48503	2.504144	-5.517113	-15.822987
48504	1.733900	-4.837098	-15.118006
48505	1.060025	-4.103186	-14.520618
48506	0.445517	-3.353540	-14.044952
48507	-0.096132	-2.601227	-13.670361
48508	-0.527867	-1.870808	-13.363559
48509	-0.879691	-1.221805	-13.073386
48510	-1.189795	-0.694735	-12.751091
48511	-1.467862	-0.295018	-12.352095
48512	-1.731361	-0.036757	-11.898423
48513	-1.984462	0.032776	-11.435410
48514	-2.203103	-0.168408	-10.968154
48515	-2.350383	-0.710344	-10.451279
48516	-2.374328	-1.669854	-9.855262
48517	-2.254134	-1.656739	-9.653569
48518	-1.790536	-0.251148	-10.169698
48519	-1.643192	0.123947	-10.208258
48520	-1.484154	0.347403	-9.834898
48521	-1.254589	0.279541	-9.827944
48522	-0.992391	0.125398	-9.979175
48523	-0.656045	-0.165576	-10.024111
48524	-0.410789	-0.449310	-10.088880
48525	-0.250779	-0.696973	-10.159065
48526	-0.113168	-0.991981	-10.197911
48527	0.026821	-1.241620	-10.215429
48528	0.047096	-1.455034	-10.244973
48529	0.025727	-1.587507	-10.206494
48530	0.030183	-1.641666	-10.103905
48531	0.014890	-1.577292	-10.038293
48532	-0.057101	-1.389445	-10.037327
48533	-0.105068	-1.115849	-10.030249
48534	-0.111436	-0.781448	-10.054249
48535	-0.116677	-0.438533	-10.123059
48536	-0.138683	-0.158684	-10.160209
48537	-0.176023	-0.012068	-10.158566
48538	-0.176814	0.026863	-10.175034
48539	-0.144678	-0.025394	-10.217579
48540	-0.089322	-0.119972	-10.252975
48541	-0.014913	-0.221256	-10.284176
48542	0.068716	-0.302490	-10.321514
48543	0.118298	-0.360391	-10.365322
48544	0.149042	-0.400238	-10.387714
48545	0.179285	-0.436602	-10.403917
48546	0.243474	-0.460460	-10.424563
48547	0.314755	-0.484606	-10.453471
48548	0.390143	-0.511480	-10.466182
48549	0.484797	-0.538822	-10.479049
48550	0.604105	-0.560138	-10.499831
48551	0.725081	-0.573598	-10.516893
48552	0.837335	-0.582923	-10.523558
48553	0.955787	-0.593528	-10.527918
48554	1.060889	-0.603549	-10.542199
48555	1.125277	-0.609452	-10.557768
48556	1.146494	-0.598273	-10.568917
48557	1.170783	-0.554820	-10.586599
48558	1.218324	-0.476717	-10.606745
48559	1.274750	-0.387252	-10.625230
48560	1.313577	-0.306970	-10.632480
48561	1.311467	-0.248477	-10.622709
48562	1.265208	-0.207433	-10.603082
48563	1.193851	-0.176121	-10.567849
48564	1.128379	-0.145292	-10.519382
48565	1.061132	-0.111254	-10.461264
48566	0.958472	-0.088924	-10.389222
48567	0.828423	-0.076323	-10.308161
48568	0.701205	-0.074406	-10.229559
48569	0.619880	-0.084423	-10.157981
48570	0.589824	-0.089071	-10.091270
48571	0.618825	-0.065275	-9.997404
48572	0.735622	0.001896	-9.853611
48573	0.926942	0.097285	-9.671584
48574	1.137305	0.204963	-9.460282
48575	1.323950	0.319787	-9.229944
48576	1.480938	0.445360	-8.993327
48577	1.609125	0.580459	-8.756792
48578	1.686632	0.707162	-8.534672
48579	1.722021	0.809657	-8.338988
48580	1.747827	0.894306	-8.175810
48581	1.783341	0.964368	-8.040019
48582	1.800261	1.022982	-7.920971
48583	1.777573	1.071781	-7.804863
48584	1.720485	1.109813	-7.697063
48585	1.649615	1.136136	-7.609252
48586	1.565498	1.149416	-7.530745
48587	1.472112	1.156683	-7.469347
48588	1.363168	1.143115	-7.469859
48589	1.216959	1.098630	-7.505316
48590	1.006682	0.990332	-7.590614
48591	0.750599	0.834749	-7.717289
48592	0.468699	0.683513	-7.825642
48593	0.178099	0.560376	-7.892213
48594	-0.106826	0.470785	-7.916607
48595	-0.375091	0.419249	-7.906302
48596	-0.636890	0.401586	-7.867153
48597	-0.883160	0.412235	-7.798547
48598	-1.121976	0.405135	-7.737652
48599	-1.376270	0.347969	-7.708816
48600	-1.670284	0.278626	-7.678784
48601	-2.012629	0.172663	-7.667189
48602	-2.371204	0.078883	-7.636867
48603	-2.743111	-0.023929	-7.603158
48604	-3.166645	-0.161715	-7.565856
48605	-3.673923	-0.304647	-7.509911
48606	-4.250903	-0.411272	-7.430481
48607	-4.851967	-0.460925	-7.331971
48608	-5.417239	-0.459369	-7.228871
48609	-5.925984	-0.414871	-7.144651
48610	-6.396309	-0.343038	-7.069783
48611	-6.846152	-0.239558	-6.989384
48612	-7.240144	-0.101602	-6.926888
48613	-7.546488	0.053084	-6.887883
48614	-7.760737	0.203568	-6.857016
48615	-7.893400	0.336839	-6.832046
48616	-7.946130	0.440036	-6.818071
48617	-7.908083	0.480365	-6.803038
48618	-7.778522	0.445284	-6.786419
48619	-7.569060	0.359733	-6.766194
48620	-7.304571	0.256671	-6.738367
48621	-6.960351	0.159308	-6.705199
48622	-6.497033	0.091966	-6.667447
48623	-5.966871	0.061835	-6.632823
48624	-5.455245	0.078999	-6.584741
48625	-5.040421	0.149321	-6.522410
48626	-4.735582	0.235346	-6.445457
48627	-4.510593	0.303001	-6.375159
48628	-4.393504	0.299601	-6.347635
48629	-4.396845	0.228738	-6.372500
48630	-4.449166	0.157197	-6.398641
48631	-4.507452	0.089386	-6.418241
48632	-4.545819	0.030144	-6.429344
48633	-4.553681	-0.021224	-6.434340
48634	-4.549087	-0.061999	-6.435051
48635	-4.556814	-0.113435	-6.444696
48636	-4.611562	-0.209627	-6.491235
48637	-4.686547	-0.296119	-6.542446
48638	-4.769444	-0.361739	-6.590264
48639	-4.841379	-0.411189	-6.637028
48640	-4.897605	-0.462118	-6.684281
48641	-4.943760	-0.485444	-6.742144
48642	-4.978519	-0.487013	-6.781408
48643	-4.971120	-0.473679	-6.802815
48644	-4.960430	-0.424325	-6.809813
48645	-4.956348	-0.380935	-6.815933
48646	-4.924397	-0.345551	-6.801643
48647	-4.871945	-0.309425	-6.790073
48648	-4.785758	-0.282595	-6.784753
48649	-4.708926	-0.254234	-6.762550
48650	-4.644905	-0.222795	-6.708771
48651	-4.561899	-0.196058	-6.637771
48652	-4.475420	-0.168515	-6.555974
48653	-4.431495	-0.132478	-6.458949
48654	-4.424980	-0.102094	-6.344997
48655	-4.433037	-0.090288	-6.255619
48656	-4.475510	-0.096008	-6.215492
48657	-4.557181	-0.125257	-6.201960
48658	-4.642384	-0.144099	-6.190564
48659	-4.699258	-0.152778	-6.188149
48660	-4.728585	-0.150884	-6.186706
48661	-4.738232	-0.144970	-6.185714
48662	-4.720480	-0.129759	-6.178132
48663	-4.670419	-0.112153	-6.175480
48664	-4.601462	-0.088821	-6.166846
48665	-4.530565	-0.061641	-6.147287
48666	-4.448540	-0.032962	-6.125684
48667	-4.347356	-0.001120	-6.107537
48668	-4.239297	0.033789	-6.093641
48669	-4.132936	0.070758	-6.069100
48670	-4.029771	0.102350	-6.052317
48671	-3.942259	0.136726	-6.038962
48672	-3.886357	0.165430	-6.016073
48673	-3.851216	0.187642	-5.997739
48674	-3.830108	0.207082	-5.982133
48675	-3.813703	0.221470	-5.969727
48676	-3.803458	0.234489	-5.954912
48677	-3.794891	0.244772	-5.944263
48678	-3.783717	0.254431	-5.935251
48679	-3.779392	0.265008	-5.929319
48680	-3.775605	0.272664	-5.919357
48681	-3.769154	0.278640	-5.915252
48682	-3.756319	0.284311	-5.915359
48683	-3.746697	0.292583	-5.918097
48684	-3.741302	0.297613	-5.917776
48685	-3.734358	0.298141	-5.923387
48686	-3.721863	0.292819	-5.939324
48687	-3.709054	0.293142	-5.955595
48688	-3.701916	0.294193	-5.967934
48689	-3.688351	0.292530	-5.985816
48690	-3.668382	0.293283	-6.013643
48691	-3.632908	0.290715	-6.061096
48692	-3.573408	0.298262	-6.117051
48693	-3.498183	0.309435	-6.165765
48694	-3.421919	0.325350	-6.213303
48695	-3.342871	0.335552	-6.265047
48696	-3.266873	0.345363	-6.315946
48697	-3.223390	0.338176	-6.377916
48698	-3.216444	0.307803	-6.469814
48699	-3.233711	0.282910	-6.549732
48700	-3.275897	0.261056	-6.605163
48701	-3.330657	0.246379	-6.645984
48702	-3.384583	0.233658	-6.672941
48703	-3.438501	0.226564	-6.688463
48704	-3.489624	0.222303	-6.696365
48705	-3.526464	0.224335	-6.693381
48706	-3.549598	0.232978	-6.679760
48707	-3.555205	0.246176	-6.657019
48708	-3.547707	0.266597	-6.625030
48709	-3.530668	0.290125	-6.584366
48710	-3.506521	0.317556	-6.535395
48711	-3.483236	0.347776	-6.483255
48712	-3.459216	0.376496	-6.430013
48713	-3.443654	0.401169	-6.379090
48714	-3.444215	0.412569	-6.351667
48715	-3.456333	0.414197	-6.341983
48716	-3.470893	0.417480	-6.335880
48717	-3.486190	0.420868	-6.326798
48718	-3.498383	0.424376	-6.316126
48719	-3.501402	0.428869	-6.302997
48720	-3.498780	0.433696	-6.290760
48721	-3.493884	0.439582	-6.273607
48722	-3.484198	0.459378	-6.249526
48723	-3.478949	0.468705	-6.227797
48724	-3.471401	0.481481	-6.203366
48725	-3.458902	0.494163	-6.179503
48726	-3.442697	0.507679	-6.154326
48727	-3.417963	0.524136	-6.129741
48728	-3.392051	0.532326	-6.109776
48729	-3.366075	0.541351	-6.096506
48730	-3.345280	0.542938	-6.083358
48731	-3.327955	0.539615	-6.073513
48732	-3.312230	0.531892	-6.063831
48733	-3.295126	0.521048	-6.055857
48734	-3.282394	0.512379	-6.049294
48735	-3.274425	0.498702	-6.043619
48736	-3.277000	0.483949	-6.034496
48737	-3.289529	0.469199	-6.026865
48738	-3.304393	0.452032	-6.018949
48739	-3.320455	0.434251	-6.013625
48740	-3.337747	0.416876	-6.007918
48741	-3.353036	0.395753	-6.002503
48742	-3.367722	0.375870	-5.997058
48743	-3.385554	0.354531	-5.989135
48744	-3.403854	0.332971	-5.985314
48745	-3.423436	0.310796	-5.980540
48746	-3.434796	0.286417	-5.975773
48747	-3.437409	0.262278	-5.975299
48748	-3.431946	0.240013	-5.976387
48749	-3.423592	0.220904	-5.976872
48750	-3.418443	0.205432	-5.978171
48751	-3.414068	0.191435	-5.978154
48752	-3.406703	0.181611	-5.979288
48753	-3.399599	0.175352	-5.978736
48754	-3.393717	0.169497	-5.977811
48755	-3.386683	0.165957	-5.979466
48756	-3.379662	0.162928	-5.979637
48757	-3.374626	0.161265	-5.979606
48758	-3.372725	0.160529	-5.978181
48759	-3.374095	0.162411	-5.977002
48760	-3.377334	0.165330	-5.975673
48761	-3.381937	0.168984	-5.972742
48762	-3.385902	0.173890	-5.970973
48763	-3.387371	0.178490	-5.970823
48764	-3.386409	0.183818	-5.968145
48765	-3.387396	0.190510	-5.966442
48766	-3.389607	0.197613	-5.964368
48767	-3.387550	0.205248	-5.961910
48768	-3.382425	0.215706	-5.961263
48769	-3.377398	0.227005	-5.960253
48770	-3.370469	0.238299	-5.958779
48771	-3.365543	0.252316	-5.958790
48772	-3.359391	0.266953	-5.957383
48773	-3.349435	0.278670	-5.955445
48774	-3.337006	0.292475	-5.955021
48775	-3.324053	0.307855	-5.955693
48776	-3.313345	0.329697	-5.951197
48777	-3.307025	0.339734	-5.949709
48778	-3.297325	0.345798	-5.949822
48779	-3.283766	0.348950	-5.951754
48780	-3.271216	0.348434	-5.954145
48781	-3.260678	0.349285	-5.955146
48782	-3.251361	0.350540	-5.955786
48783	-3.240121	0.350768	-5.958914
48784	-3.232014	0.351919	-5.960666
48785	-3.233894	0.351712	-5.959853
48786	-3.237694	0.353898	-5.959415
48787	-3.240107	0.352962	-5.960669
48788	-3.237339	0.348886	-5.962704
48789	-3.226267	0.340236	-5.967186
48790	-3.212377	0.326874	-5.974169
48791	-3.195595	0.316669	-5.980520
48792	-3.178036	0.304983	-5.988201
48793	-3.156913	0.295831	-5.996200
48794	-3.132697	0.288123	-6.004322
48795	-3.114888	0.282098	-6.009905
48796	-3.103927	0.276671	-6.013932
48797	-3.094384	0.273350	-6.016851
48798	-3.082993	0.271370	-6.019829
48799	-3.070403	0.270358	-6.024842
48800	-3.059820	0.271719	-6.026707
48801	-3.051834	0.275086	-6.029754
48802	-3.038988	0.280732	-6.030913
48803	-3.023676	0.287453	-6.035342
48804	-3.006575	0.295508	-6.037471
48805	-2.990085	0.302325	-6.039597
48806	-2.972286	0.308389	-6.040984
48807	-2.955233	0.315932	-6.042206
48808	-2.941175	0.323045	-6.045086
48809	-2.929694	0.330801	-6.047458
48810	-2.920731	0.338839	-6.047070
48811	-2.914824	0.345435	-6.047738
48812	-2.909495	0.351802	-6.047838
48813	-2.901622	0.356520	-6.049007
48814	-2.891176	0.360594	-6.050679
48815	-2.877542	0.362395	-6.053194
48816	-2.873209	0.364589	-6.055239
48817	-2.866330	0.365140	-6.058350
48818	-2.859978	0.364093	-6.060393
48819	-2.853639	0.362553	-6.062712
48820	-2.846587	0.359517	-6.064025
48821	-2.843375	0.357024	-6.063592
48822	-2.840819	0.357018	-6.064788
48823	-2.838275	0.356521	-6.066260
48824	-2.830311	0.359011	-6.064949
48825	-2.814898	0.363017	-6.068293
48826	-2.795752	0.369202	-6.074388
48827	-2.773693	0.377179	-6.078125
48828	-2.756008	0.385956	-6.080457
48829	-2.740762	0.392668	-6.082439
48830	-2.726713	0.398400	-6.082406
48831	-2.716768	0.399900	-6.085887
48832	-2.708667	0.401043	-6.087583
48833	-2.707899	0.398352	-6.088202
48834	-2.708116	0.390602	-6.087657
48835	-2.706966	0.379760	-6.087600
48836	-2.701876	0.365640	-6.088285
48837	-2.692973	0.350012	-6.091247
48838	-2.688417	0.335170	-6.094001
48839	-2.697331	0.314620	-6.094873
48840	-2.729075	0.289184	-6.090801
48841	-2.776898	0.259171	-6.081655
48842	-2.848228	0.197577	-6.064543
48843	-2.953293	0.110792	-6.042333
48844	-3.091116	-0.007738	-6.017327
48845	-3.258724	-0.171013	-5.986231
48846	-3.445224	-0.390316	-5.945961
48847	-3.622081	-0.682603	-5.893176
48848	-3.859813	-1.103353	-5.910547
48849	-4.138116	-1.696398	-6.015813
48850	-4.478520	-2.427536	-6.153394
48851	-4.844759	-3.261081	-6.262988
48852	-5.160278	-4.129588	-6.259203
48853	-5.358883	-5.053387	-6.061181
48854	-5.395253	-6.165894	-5.667720
48855	-5.214614	-7.480691	-4.974053
48856	-4.869311	-9.057800	-4.138872
48857	-4.592509	-10.840465	-3.492541
48858	-4.314826	-12.721967	-3.131437
48859	-3.912150	-14.801189	-3.203639
48860	-2.861545	-16.649965	-3.593702
48861	-1.452563	-18.048683	-4.465916
48862	0.021812	-19.280422	-6.117971
48863	1.840509	-20.512462	-8.335988
48864	4.148781	-21.650054	-10.726162
48865	6.655937	-22.546600	-13.117031
48866	9.065827	-23.199408	-15.435845
48867	11.356504	-23.751192	-17.551227
48868	13.551924	-24.303713	-19.329355
48869	15.566172	-24.854529	-20.740117
48870	17.284530	-25.358472	-21.814354
48871	18.714026	-25.841900	-22.595951
48872	19.917164	-26.343999	-23.124732
48873	20.892848	-26.828182	-23.436045
48874	21.639400	-27.213625	-23.615256
48875	22.261483	-27.523245	-23.732910
48876	22.825132	-27.751792	-23.814439
48877	23.320123	-27.843899	-23.899829
48878	23.758132	-27.790946	-23.973837
48879	24.128399	-27.604913	-24.007865
48880	24.382322	-27.293352	-24.003859
48881	24.480047	-26.846881	-23.974496
48882	24.453233	-26.272103	-23.912760
48883	24.323915	-25.601718	-23.796451
48884	24.061515	-24.864170	-23.641659
48885	23.634600	-24.061986	-23.444038
48886	23.056620	-23.210794	-23.191626
48887	22.326654	-22.320522	-22.886630
48888	21.453859	-21.384296	-22.553438
48889	20.479738	-20.424713	-22.184640
48890	19.424844	-19.461027	-21.777709
48891	18.290615	-18.496263	-21.320938
48892	17.088601	-17.530917	-20.810708
48893	15.831830	-16.535810	-20.271525
48894	14.557630	-15.506952	-19.757901
48895	13.313447	-14.438462	-19.296804
48896	12.126866	-13.332109	-18.886534
48897	10.991183	-12.197560	-18.515149
48898	9.904132	-11.069397	-18.158529
48899	8.852117	-9.965657	-17.775908
48900	7.834229	-8.914205	-17.358830
48901	6.864131	-7.944549	-16.884900
48902	5.944943	-7.075723	-16.323104
48903	5.043953	-6.291630	-15.676100
48904	4.173078	-5.580416	-14.960666
48905	3.351402	-4.945236	-14.187212
48906	2.539418	-4.383437	-13.417296
48907	1.761773	-3.885062	-12.656581
48908	1.064591	-3.424166	-11.898646
48909	0.446190	-2.983779	-11.198189
48910	-0.082235	-2.585194	-10.593135
48911	-0.497372	-2.233692	-10.065074
48912	-0.838957	-1.918322	-9.642382
48913	-1.112419	-1.646894	-9.355677
48914	-1.267731	-1.455865	-9.153782
48915	-1.337374	-1.323839	-9.000793
48916	-1.366041	-1.212352	-8.864618
48917	-1.344235	-1.173142	-8.702768
48918	-1.298198	-1.237549	-8.497471
48919	-1.252535	-1.400190	-8.229018
48920	-1.191566	-1.666087	-7.878388
48921	-1.112795	-2.043068	-7.453186
48922	-1.063792	-2.490573	-6.987343
48923	-1.104027	-2.867760	-6.521458
48924	-1.214648	-3.125123	-6.076704
48925	-1.343013	-3.311624	-5.660030
48926	-1.483029	-3.472321	-5.299211
48927	-1.659421	-3.023557	-5.326111
48928	-1.282708	-1.747929	-5.957030
48929	-1.008535	-0.954313	-6.412066
48930	-0.705838	-0.291074	-6.400770
48931	-0.521068	-0.027832	-6.305794
48932	-0.427430	0.016126	-6.338705
48933	-0.351993	-0.153221	-6.399277
48934	-0.274877	-0.363526	-6.439122
48935	-0.187726	-0.550109	-6.462158
48936	-0.050560	-0.678174	-6.490471
48937	0.091052	-0.742297	-6.566075
48938	0.170563	-0.754409	-6.640663
48939	0.191008	-0.728453	-6.662978
48940	0.186424	-0.664605	-6.663261
48941	0.162894	-0.567359	-6.688437
48942	0.112092	-0.457158	-6.717567
48943	0.069742	-0.354353	-6.727300
48944	0.077334	-0.268095	-6.741036
48945	0.137185	-0.202755	-6.765162
48946	0.230447	-0.163046	-6.781945
48947	0.342139	-0.145862	-6.795867
48948	0.461597	-0.144557	-6.810591
48949	0.561770	-0.150673	-6.832529
48950	0.632735	-0.168166	-6.850244
48951	0.686948	-0.198600	-6.865292
48952	0.740038	-0.235733	-6.891421
48953	0.790078	-0.281750	-6.923083
48954	0.851599	-0.334583	-6.951864
48955	0.920759	-0.387219	-6.986866
48956	0.991106	-0.434889	-7.027671
48957	1.044942	-0.477715	-7.063787
48958	1.093692	-0.507344	-7.099336
48959	1.145613	-0.524853	-7.138244
48960	1.199625	-0.531686	-7.165304
48961	1.263442	-0.538465	-7.188127
48962	1.336057	-0.550925	-7.186638
48963	1.402911	-0.577154	-7.174131
48964	1.456908	-0.610217	-7.155567
48965	1.498864	-0.644533	-7.145193
48966	1.524820	-0.676441	-7.125014
48967	1.542527	-0.700341	-7.094269
48968	1.572397	-0.708248	-7.066013
48969	1.612385	-0.696747	-7.038863
48970	1.652683	-0.673978	-7.003507
48971	1.683926	-0.654579	-6.968718
48972	1.692937	-0.643531	-6.941237
48973	1.673936	-0.631888	-6.910121
48974	1.631989	-0.616276	-6.867451
48975	1.569814	-0.596128	-6.818907
48976	1.495758	-0.577047	-6.766149
48977	1.404382	-0.561436	-6.707048
48978	1.276399	-0.542861	-6.633692
48979	1.143904	-0.532072	-6.559206
48980	0.992676	-0.530835	-6.485522
48981	0.838134	-0.543154	-6.420159
48982	0.681489	-0.561663	-6.358843
48983	0.547594	-0.574207	-6.299732
48984	0.431128	-0.593313	-6.253846
48985	0.324249	-0.625831	-6.214014
48986	0.263087	-0.681740	-6.174689
48987	0.295036	-0.746661	-6.126905
48988	0.419369	-0.780921	-6.036186
48989	0.587502	-0.778428	-5.885534
48990	0.754421	-0.742633	-5.691175
48991	0.912380	-0.668921	-5.480849
48992	1.030637	-0.546901	-5.265324
48993	1.088646	-0.394220	-5.050995
48994	1.101207	-0.258710	-4.849844
48995	1.093235	-0.166425	-4.662121
48996	1.081852	-0.106379	-4.498939
48997	1.035894	-0.073041	-4.346933
48998	0.963669	-0.056442	-4.206225
48999	0.849104	-0.086476	-4.112060
49000	0.701548	-0.147843	-4.063926
49001	0.537914	-0.210633	-4.016507
49002	0.377399	-0.259075	-3.966147
49003	0.218901	-0.295799	-3.912932
49004	0.069661	-0.313631	-3.858569
49005	-0.062614	-0.317428	-3.804819
49006	-0.171080	-0.303342	-3.756994
49007	-0.274405	-0.278152	-3.724221
49008	-0.411486	-0.292820	-3.744834
49009	-0.572641	-0.318825	-3.776782
49010	-0.728839	-0.338322	-3.796231
49011	-0.872799	-0.345277	-3.801749
49012	-1.020590	-0.344782	-3.792708
49013	-1.172635	-0.338711	-3.770557
49014	-1.321027	-0.326002	-3.734841
49015	-1.455992	-0.296334	-3.685779
49016	-1.551460	-0.252310	-3.625549
49017	-1.595186	-0.192155	-3.565557
49018	-1.588239	-0.120135	-3.510383
49019	-1.548235	-0.044658	-3.462227
49020	-1.486843	0.028646	-3.421360
49021	-1.410993	0.098739	-3.383425
49022	-1.320215	0.160288	-3.359780
49023	-1.214254	0.212538	-3.339159
49024	-1.101045	0.259794	-3.328049
49025	-1.006450	0.299765	-3.310784
49026	-0.936263	0.330873	-3.297813
49027	-0.873975	0.353397	-3.283230
49028	-0.797062	0.372782	-3.279023
49029	-0.714300	0.387317	-3.281803
49030	-0.639976	0.395199	-3.286375
49031	-0.576245	0.385779	-3.296940
49032	-0.504186	0.365751	-3.306868
49033	-0.421900	0.340508	-3.324883
49034	-0.339461	0.313165	-3.345259
49035	-0.261838	0.279588	-3.366150
49036	-0.187307	0.245648	-3.385276
49037	-0.120940	0.211303	-3.401064
49038	-0.067116	0.178000	-3.410822
49039	-0.020107	0.137447	-3.414845
49040	0.023826	0.096568	-3.418328
49041	0.006684	0.068347	-3.420509
49042	-0.079184	0.002643	-3.412131
49043	-0.150582	-0.080151	-3.438266
49044	-0.195919	-0.159633	-3.527937
49045	-0.351606	-0.271573	-3.601656
49046	-0.572960	-0.399995	-3.697254
49047	-0.749316	-0.538111	-3.789483
49048	-0.892583	-0.682289	-3.914333
49049	-1.065603	-0.831090	-4.026060
49050	-1.250061	-0.965586	-4.136914
49051	-1.413021	-1.059292	-4.221834
49052	-1.548490	-1.101961	-4.290205
49053	-1.662733	-1.100623	-4.334565
49054	-1.756571	-1.068048	-4.374126
49055	-1.821705	-1.013850	-4.405311
49056	-1.856055	-0.938511	-4.435286
49057	-1.858669	-0.850754	-4.464067
49058	-1.839403	-0.751304	-4.493631
49059	-1.809043	-0.650371	-4.524346
49060	-1.763416	-0.558691	-4.558354
49061	-1.692046	-0.481684	-4.587668
49062	-1.593131	-0.411390	-4.598959
49063	-1.473048	-0.339852	-4.595908
49064	-1.336881	-0.266442	-4.572993
49065	-1.189006	-0.189252	-4.531656
49066	-1.045998	-0.106184	-4.477463
49067	-0.927343	-0.042278	-4.435019
49068	-0.834077	0.002450	-4.411901
49069	-0.761769	0.035262	-4.399940
49070	-0.709659	0.064011	-4.391777
49071	-0.669999	0.092709	-4.381533
49072	-0.636177	0.124868	-4.366149
49073	-0.613495	0.158532	-4.352813
49074	-0.592993	0.188700	-4.346016
49075	-0.570142	0.221100	-4.336893
49076	-0.539917	0.253070	-4.324846
49077	-0.499054	0.283093	-4.313706
49078	-0.448747	0.308067	-4.301527
49079	-0.395381	0.329047	-4.282412
49080	-0.340341	0.351149	-4.257366
49081	-0.285062	0.363013	-4.227878
49082	-0.223072	0.376376	-4.196147
49083	-0.151598	0.383561	-4.163768
49084	-0.078998	0.393980	-4.130925
49085	-0.009405	0.403034	-4.100292
49086	0.054046	0.413680	-4.073338
49087	0.115244	0.421075	-4.051485
49088	0.170996	0.426688	-4.032144
49089	0.217097	0.427274	-4.017318
49090	0.259593	0.425478	-4.003633
49091	0.299289	0.416987	-3.993890
49092	0.334834	0.405493	-3.987438
49093	0.366736	0.391931	-3.981833
49094	0.390051	0.378534	-3.979464
49095	0.405352	0.363480	-3.976922
49096	0.412428	0.350384	-3.969995
49097	0.419706	0.334186	-3.967083
49098	0.425662	0.319776	-3.963234
49099	0.427415	0.302623	-3.961181
49100	0.427483	0.281197	-3.960795
49101	0.424649	0.254339	-3.961257
49102	0.419375	0.225100	-3.960510
49103	0.415429	0.196930	-3.964030
49104	0.413329	0.170108	-3.968813
49105	0.413550	0.149764	-3.975041
49106	0.415344	0.136068	-3.978499
49107	0.415049	0.129206	-3.981187
49108	0.412006	0.128070	-3.980786
49109	0.403891	0.130181	-3.979553
49110	0.391724	0.139295	-3.974494
49111	0.375283	0.148368	-3.970990
49112	0.355538	0.159696	-3.963178
49113	0.333368	0.173199	-3.958870
49114	0.315468	0.186745	-3.953007
49115	0.303169	0.202180	-3.949365
49116	0.297558	0.220554	-3.945178
49117	0.300677	0.240342	-3.944218
49118	0.305513	0.264172	-3.943097
49119	0.304706	0.290558	-3.942079
49120	0.295778	0.314828	-3.936412
49121	0.283330	0.334302	-3.931822
49122	0.274044	0.351081	-3.927077
49123	0.266183	0.364774	-3.925169
49124	0.256474	0.376823	-3.922311
49125	0.242549	0.386082	-3.920043
49126	0.225566	0.392245	-3.916326
49127	0.206727	0.398428	-3.911814
49128	0.186091	0.403048	-3.908740
49129	0.165501	0.405726	-3.904181
49130	0.149816	0.410622	-3.901193
49131	0.135440	0.413692	-3.897935
49132	0.120964	0.418614	-3.893774
49133	0.109665	0.422546	-3.890811
49134	0.101405	0.429278	-3.889633
49135	0.092521	0.436105	-3.887679
49136	0.089093	0.445785	-3.885168
49137	0.083165	0.457565	-3.883765
49138	0.078383	0.469846	-3.879807
49139	0.076746	0.482513	-3.877529
49140	0.078092	0.497894	-3.874644
49141	0.080073	0.513480	-3.872198
49142	0.084410	0.532433	-3.869373
49143	0.086275	0.552105	-3.867169
49144	0.083763	0.571320	-3.863264
49145	0.081173	0.592686	-3.858118
49146	0.074231	0.613637	-3.852467
49147	0.069867	0.631454	-3.846083
49148	0.067480	0.646576	-3.841922
49149	0.069017	0.657390	-3.840148
49150	0.076249	0.664291	-3.838987
49151	0.086019	0.668029	-3.835893
49152	0.095217	0.670214	-3.833080
49153	0.102071	0.671929	-3.835183
49154	0.103869	0.673743	-3.833443
49155	0.103799	0.675598	-3.830900
49156	0.100532	0.679805	-3.827652
49157	0.093557	0.684680	-3.825003
49158	0.086484	0.692810	-3.823134
49159	0.081179	0.702478	-3.818612
49160	0.075059	0.717347	-3.813190
49161	0.073806	0.736069	-3.808269
49162	0.072983	0.758645	-3.800789
49163	0.068975	0.783891	-3.792247
49164	0.064879	0.810980	-3.782803
49165	0.063894	0.839830	-3.775495
49166	0.066646	0.868060	-3.768767
49167	0.070735	0.893095	-3.761273
49168	0.076944	0.911386	-3.756965
49169	0.087141	0.924090	-3.756944
49170	0.099991	0.930639	-3.756779
49171	0.115569	0.930085	-3.758018
49172	0.129917	0.928577	-3.758588
49173	0.144923	0.925928	-3.759098
49174	0.160643	0.921864	-3.762312
49175	0.175695	0.919302	-3.765207
49176	0.193811	0.916661	-3.766536
49177	0.215740	0.912452	-3.769993
49178	0.237616	0.910099	-3.773753
49179	0.256982	0.908462	-3.776928
49180	0.275772	0.906671	-3.782074
49181	0.296977	0.905825	-3.785501
49182	0.314450	0.905253	-3.788713
49183	0.322022	0.903619	-3.790779
49184	0.323858	0.904046	-3.788548
49185	0.318283	0.906433	-3.789734
49186	0.308379	0.905532	-3.787127
49187	0.297876	0.904809	-3.784915
49188	0.289233	0.904020	-3.783515
49189	0.283146	0.902981	-3.784697
49190	0.281269	0.903208	-3.782423
49191	0.276474	0.900905	-3.784337
49192	0.274677	0.899844	-3.783975
49193	0.274181	0.897004	-3.783316
49194	0.274433	0.889940	-3.783225
49195	0.276523	0.884576	-3.784031
49196	0.282376	0.878591	-3.786634
49197	0.286996	0.872033	-3.788188
49198	0.294063	0.866071	-3.789612
49199	0.303070	0.860572	-3.795036
49200	0.312661	0.854833	-3.798877
49201	0.322174	0.849878	-3.799770
49202	0.326043	0.847144	-3.801150
49203	0.329974	0.842573	-3.802212
49204	0.333321	0.837829	-3.805258
49205	0.338000	0.829943	-3.807526
49206	0.343317	0.820481	-3.808931
49207	0.347385	0.813297	-3.812619
49208	0.352207	0.801869	-3.816883
49209	0.355624	0.793874	-3.817939
49210	0.358460	0.785697	-3.820981
49211	0.358794	0.778265	-3.823428
49212	0.357803	0.772549	-3.824988
49213	0.354947	0.766922	-3.825722
49214	0.352084	0.761792	-3.827494
49215	0.348452	0.759441	-3.825830
49216	0.346712	0.757044	-3.826183
49217	0.339940	0.756589	-3.825191
49218	0.336789	0.758122	-3.823376
49219	0.336229	0.758052	-3.823656
49220	0.339399	0.758724	-3.826218
49221	0.346292	0.757687	-3.826115
49222	0.353817	0.756487	-3.826824
49223	0.362547	0.756242	-3.826981
49224	0.369494	0.754364	-3.828636
49225	0.372732	0.751794	-3.829202
49226	0.377847	0.747704	-3.828927
49227	0.383706	0.741230	-3.830479
49228	0.388872	0.737228	-3.832590
49229	0.392198	0.731953	-3.833395
49230	0.392389	0.727635	-3.834251
49231	0.394967	0.725681	-3.833850
49232	0.395651	0.723329	-3.831848
49233	0.398818	0.724940	-3.835028
49234	0.400104	0.723310	-3.833271
49235	0.400177	0.722597	-3.833314
49236	0.400219	0.722322	-3.833211
49237	0.399664	0.720844	-3.831815
49238	0.397924	0.718446	-3.832167
49239	0.399292	0.716472	-3.832942
49240	0.402560	0.713012	-3.834074
49241	0.408214	0.711921	-3.833946
49242	0.413296	0.709207	-3.834146
49243	0.419008	0.706783	-3.834734
49244	0.419710	0.705897	-3.835593
49245	0.420423	0.703115	-3.833734
49246	0.423659	0.701032	-3.835341
49247	0.425083	0.697732	-3.836826
49248	0.424503	0.695267	-3.833616
49249	0.425269	0.692577	-3.834139
49250	0.425310	0.692301	-3.834035
49251	0.427890	0.690357	-3.833626
49252	0.430432	0.690261	-3.834746
49253	0.432920	0.691030	-3.834098
49254	0.434141	0.692154	-3.833293
49255	0.435508	0.690193	-3.834060
49256	0.434973	0.689239	-3.834904
49257	0.436893	0.687909	-3.833533
49258	0.438231	0.686368	-3.834162
49259	0.440235	0.683759	-3.834693
49260	0.442868	0.680953	-3.836053
49261	0.447945	0.679198	-3.836868
49262	0.453597	0.678582	-3.837788
49263	0.457386	0.676676	-3.836194
49264	0.460537	0.675880	-3.835890
49265	0.466252	0.673472	-3.836468
49266	0.470038	0.672021	-3.835933
