// General information: 
//  MT Manager version: 2021.4.0 
//  XDA version: 2021.4.0 build 6323 rev 112641 built on 2021-09-28
// Device information: 
//  DeviceId: 00B43856
//  ProductCode: MTW2-3A7G6
//  Firmware Version: 4.3.4
//  Hardware Version: 1.1.0
// Device settings: 
//  Filter Profile: human(46.1)
//  Option Flags: Orientation Smoother Disabled, Position/Velocity Smoother Disabled, Continuous Zero Rotation Update Disabled, AHS Disabled, ICC Disabled
// Coordinate system: ENU
PacketCounter	Roll	Pitch	Yaw
47721	1.018663	-0.571468	0.514629
47722	1.014475	-0.574025	0.510115
47723	1.006518	-0.575451	0.501650
47724	0.999807	-0.581606	0.492892
47725	0.995187	-0.585447	0.490537
47726	0.996770	-0.589620	0.497720
47727	0.997234	-0.589946	0.503247
47728	0.992878	-0.582721	0.496999
47729	0.991128	-0.579148	0.499202
47730	0.995805	-0.574466	0.514917
47731	1.000641	-0.568201	0.532952
47732	0.998084	-0.559987	0.543371
47733	0.993743	-0.553114	0.555567
47734	0.990800	-0.550197	0.566258
47735	0.988088	-0.549945	0.570015
47736	0.983740	-0.551136	0.564258
47737	0.981167	-0.545707	0.563176
47738	0.977441	-0.544124	0.565085
47739	0.973679	-0.545163	0.568237
47740	0.968830	-0.544752	0.566104
47741	0.965581	-0.542918	0.569580
47742	0.964021	-0.540660	0.573177
47743	0.964351	-0.540327	0.580057
47744	0.967859	-0.541759	0.590430
47745	0.967332	-0.540953	0.597549
47746	0.962723	-0.538574	0.605729
47747	0.962829	-0.535890	0.621058
47748	0.959405	-0.530144	0.629709
47749	0.958410	-0.525338	0.638754
47750	0.959991	-0.525948	0.646022
47751	0.961743	-0.526285	0.649415
47752	0.959333	-0.524544	0.645376
47753	0.954654	-0.521689	0.643084
47754	0.951259	-0.519602	0.647815
47755	0.951094	-0.518531	0.650867
47756	0.951646	-0.519842	0.652063
47757	0.952302	-0.520283	0.649148
47758	0.951441	-0.520552	0.642128
47759	0.946369	-0.520881	0.628901
47760	0.946084	-0.526795	0.616029
47761	0.940102	-0.523921	0.615859
47762	0.936036	-0.520797	0.615216
47763	0.934966	-0.516182	0.622076
47764	0.930643	-0.509759	0.626269
47765	0.927175	-0.505228	0.628943
47766	0.927166	-0.508972	0.627194
47767	0.922137	-0.512710	0.619643
47768	0.917332	-0.512137	0.605676
47769	0.913081	-0.518427	0.586430
47770	0.912206	-0.528552	0.571689
47771	0.906862	-0.535623	0.564632
47772	0.901295	-0.540036	0.563909
47773	0.897230	-0.538907	0.573322
47774	0.892507	-0.532599	0.581410
47775	0.889492	-0.528291	0.600695
47776	0.888196	-0.525853	0.617242
47777	0.885708	-0.522784	0.627556
47778	0.885986	-0.521822	0.631064
47779	0.888026	-0.526539	0.628150
47780	0.892127	-0.531505	0.616775
47781	0.895521	-0.543422	0.598872
47782	0.897528	-0.551620	0.578388
47783	0.898675	-0.556901	0.569986
47784	0.896454	-0.559371	0.560163
47785	0.895067	-0.557748	0.558265
47786	0.893279	-0.552156	0.557342
47787	0.891309	-0.543660	0.558765
47788	0.892395	-0.537586	0.560672
47789	0.893737	-0.536998	0.562411
47790	0.895927	-0.539182	0.559041
47791	0.895645	-0.543786	0.554122
47792	0.891120	-0.545326	0.543271
47793	0.888675	-0.544990	0.540769
47794	0.885404	-0.545779	0.538476
47795	0.887403	-0.549647	0.539098
47796	0.892237	-0.554906	0.536878
47797	0.898992	-0.555202	0.540185
47798	0.914587	-0.558449	0.548092
47799	0.923175	-0.562568	0.549521
47800	0.928109	-0.564994	0.547363
47801	0.935188	-0.566407	0.550123
47802	0.936571	-0.569896	0.537267
47803	0.932119	-0.570214	0.522982
47804	0.927215	-0.568379	0.512128
47805	0.921095	-0.564497	0.504084
47806	0.917610	-0.561338	0.497487
47807	0.917968	-0.563722	0.491528
47808	0.926197	-0.572658	0.493124
47809	0.939521	-0.583477	0.500632
47810	0.953258	-0.593989	0.507300
47811	0.967186	-0.606200	0.517254
47812	0.976727	-0.612633	0.530003
47813	0.987077	-0.615146	0.555172
47814	0.995066	-0.616952	0.572403
47815	0.989496	-0.606448	0.583251
47816	0.984018	-0.593254	0.591294
47817	0.982595	-0.588905	0.602218
47818	0.982110	-0.585640	0.607505
47819	0.978680	-0.584163	0.606617
47820	0.978477	-0.586170	0.606884
47821	0.979720	-0.592432	0.606345
47822	0.985074	-0.604561	0.604826
47823	0.988349	-0.610662	0.603279
47824	0.996375	-0.613368	0.609006
47825	1.005602	-0.615629	0.618620
47826	1.011614	-0.621238	0.613163
47827	1.015937	-0.625699	0.602976
47828	1.020925	-0.633715	0.589456
47829	1.023527	-0.641313	0.570453
47830	1.018359	-0.640724	0.548468
47831	1.020317	-0.641646	0.530624
47832	1.019085	-0.636624	0.521217
47833	1.025409	-0.637858	0.513596
47834	1.031923	-0.640233	0.510236
47835	1.038786	-0.645625	0.512092
47836	1.043706	-0.651884	0.505902
47837	1.047427	-0.657523	0.502466
47838	1.050174	-0.662245	0.495218
47839	1.046289	-0.660862	0.486978
47840	1.042910	-0.661413	0.483339
47841	1.048150	-0.665672	0.487865
47842	1.053533	-0.665125	0.496897
47843	1.056515	-0.659362	0.505300
47844	1.058368	-0.657393	0.513968
47845	1.061787	-0.655616	0.520422
47846	1.066636	-0.653246	0.527793
47847	1.074845	-0.655412	0.533275
47848	1.078777	-0.656535	0.528671
47849	1.083322	-0.655146	0.528634
47850	1.090983	-0.657347	0.522701
47851	1.092713	-0.655094	0.516863
47852	1.097454	-0.647632	0.510807
47853	1.108830	-0.645584	0.508859
47854	1.119684	-0.642948	0.506527
47855	1.127976	-0.637901	0.505058
47856	1.133971	-0.637323	0.500716
47857	1.143279	-0.636821	0.503289
47858	1.155341	-0.639246	0.509765
47859	1.162294	-0.637793	0.513898
47860	1.163246	-0.634201	0.517280
47861	1.164729	-0.630187	0.526965
47862	1.172590	-0.627783	0.540310
47863	1.171038	-0.626875	0.543306
47864	1.170586	-0.622848	0.544048
47865	1.169665	-0.616675	0.549603
47866	1.170934	-0.614359	0.553878
47867	1.174499	-0.614068	0.555418
47868	1.175181	-0.615344	0.543509
47869	1.170668	-0.612542	0.532836
47870	1.170485	-0.611333	0.528465
47871	1.167326	-0.617243	0.517689
47872	1.163044	-0.622469	0.503968
47873	1.155916	-0.626298	0.497434
47874	1.152396	-0.626601	0.497374
47875	1.151647	-0.631995	0.503550
47876	1.154079	-0.635306	0.513919
47877	1.158672	-0.634667	0.532351
47878	1.164438	-0.631213	0.544681
47879	1.169660	-0.627988	0.552851
47880	1.174465	-0.622966	0.556729
47881	1.173035	-0.613450	0.549279
47882	1.175986	-0.601273	0.540764
47883	1.181978	-0.596938	0.533760
47884	1.183472	-0.595543	0.518192
47885	1.181945	-0.593696	0.504893
47886	1.182922	-0.595932	0.492574
47887	1.184891	-0.597563	0.493200
47888	1.193157	-0.606096	0.496092
47889	1.196272	-0.608483	0.499463
47890	1.202742	-0.610164	0.504247
47891	1.207256	-0.609718	0.520495
47892	1.210971	-0.610771	0.533861
47893	1.210513	-0.608961	0.546695
47894	1.202266	-0.599839	0.557076
47895	1.194853	-0.593210	0.564043
47896	1.192162	-0.595134	0.564668
47897	1.179224	-0.590447	0.555097
47898	1.169588	-0.590995	0.546314
47899	1.163275	-0.592231	0.543117
47900	1.160291	-0.595357	0.540955
47901	1.156837	-0.601346	0.536413
47902	1.152862	-0.605907	0.529083
47903	1.148875	-0.607269	0.527868
47904	1.146993	-0.607833	0.525846
47905	1.146946	-0.605183	0.527560
47906	1.148362	-0.598843	0.542025
47907	1.151353	-0.587000	0.557601
47908	1.154766	-0.575605	0.572371
47909	1.156896	-0.565506	0.588155
47910	1.156553	-0.554929	0.597682
47911	1.154834	-0.549937	0.596390
47912	1.154098	-0.555363	0.587061
47913	1.149811	-0.559482	0.579261
47914	1.146774	-0.565294	0.570035
47915	1.145337	-0.571120	0.564475
47916	1.143505	-0.575462	0.557815
47917	1.141552	-0.582756	0.548405
47918	1.135152	-0.579289	0.543487
47919	1.133545	-0.574947	0.540828
47920	1.138370	-0.569681	0.538894
47921	1.146197	-0.569545	0.539200
47922	1.147629	-0.565916	0.533499
47923	1.150797	-0.565523	0.529845
47924	1.154729	-0.572304	0.523426
47925	1.156331	-0.585564	0.517283
47926	1.154629	-0.592497	0.511349
47927	1.155595	-0.600484	0.509902
47928	1.155933	-0.607801	0.512846
47929	1.154643	-0.614649	0.515148
47930	1.155449	-0.617634	0.522822
47931	1.154023	-0.616917	0.537221
47932	1.146064	-0.608208	0.548968
47933	1.146463	-0.603822	0.565126
47934	1.146623	-0.597335	0.585825
47935	1.144359	-0.590874	0.604105
47936	1.148260	-0.592889	0.623484
47937	1.149135	-0.594512	0.639810
47938	1.153386	-0.601696	0.645894
47939	1.160020	-0.607009	0.656092
47940	1.169764	-0.606515	0.670818
47941	1.178246	-0.605948	0.682821
47942	1.183274	-0.603838	0.690657
47943	1.188902	-0.607649	0.693242
47944	1.188119	-0.613606	0.683664
47945	1.186163	-0.622531	0.667155
47946	1.185694	-0.634738	0.648533
47947	1.182945	-0.644396	0.637958
47948	1.183105	-0.652682	0.630008
47949	1.183197	-0.667094	0.618069
47950	1.178715	-0.679711	0.605695
47951	1.182957	-0.704534	0.595846
47952	1.190154	-0.728926	0.574745
47953	1.203010	-0.754314	0.551835
47954	1.215292	-0.770335	0.527699
47955	1.230386	-0.778217	0.513364
47956	1.248558	-0.781134	0.512339
47957	1.270139	-0.784366	0.520033
47958	1.292848	-0.784143	0.525148
47959	1.316884	-0.784146	0.520760
47960	1.342874	-0.786141	0.502818
47961	1.371697	-0.788112	0.464840
47962	1.404581	-0.796487	0.401254
47963	1.432667	-0.797384	0.326033
47964	1.460026	-0.799966	0.247255
47965	1.483192	-0.810115	0.172723
47966	1.501235	-0.817159	0.114945
47967	1.519663	-0.820118	0.077673
47968	1.537005	-0.824052	0.055041
47969	1.554023	-0.821936	0.051839
47970	1.579544	-0.823354	0.067215
47971	1.603174	-0.819516	0.084642
47972	1.622043	-0.812693	0.104472
47973	1.642338	-0.811248	0.125004
47974	1.654073	-0.805124	0.135400
47975	1.663248	-0.799120	0.130171
47976	1.681961	-0.805970	0.116834
47977	1.702591	-0.822274	0.081166
47978	1.719022	-0.844142	0.029682
47979	1.732055	-0.869238	-0.032296
47980	1.740812	-0.897022	-0.093331
47981	1.740577	-0.917921	-0.151784
47982	1.743032	-0.942787	-0.191678
47983	1.740538	-0.967898	-0.219577
47984	1.689368	-0.899684	-0.164708
47985	1.682076	-0.930022	-0.171920
47986	1.686771	-0.972125	-0.166188
47987	1.683597	-1.000342	-0.166159
47988	1.678421	-1.024291	-0.177466
47989	1.676506	-1.055239	-0.203055
47990	1.677474	-1.087777	-0.221024
47991	1.680926	-1.119422	-0.234531
47992	1.680226	-1.151668	-0.249919
47993	1.677401	-1.190178	-0.271946
47994	1.669042	-1.225246	-0.295795
47995	1.659131	-1.253431	-0.331317
47996	1.641573	-1.266825	-0.332263
47997	1.634033	-1.294795	-0.353023
47998	1.633340	-1.354816	-0.368426
47999	1.631711	-1.415841	-0.383995
48000	1.626836	-1.471482	-0.384847
48001	1.621490	-1.525035	-0.365998
48002	1.616947	-1.580031	-0.332536
48003	1.601338	-1.632943	-0.279318
48004	1.591982	-1.700616	-0.230155
48005	1.592784	-1.779971	-0.183637
48006	1.591377	-1.850847	-0.121336
48007	1.593060	-1.908995	-0.065242
48008	1.611494	-2.003336	-0.014964
48009	1.634364	-2.077763	0.061355
48010	1.671190	-2.136082	0.134803
48011	1.728501	-2.194774	0.189171
48012	1.804274	-2.247766	0.245387
48013	1.918515	-2.293622	0.277404
48014	2.081724	-2.324770	0.323613
48015	2.301886	-2.352054	0.346457
48016	2.572474	-2.373661	0.324250
48017	2.875660	-2.365606	0.254351
48018	3.233118	-2.364466	0.118543
48019	3.640868	-2.366266	-0.085223
48020	4.095040	-2.368394	-0.345341
48021	4.596240	-2.377248	-0.641900
48022	5.157187	-2.389358	-0.953802
48023	5.782061	-2.415380	-1.252586
48024	6.488165	-2.483021	-1.506324
48025	7.271369	-2.588359	-1.678143
48026	8.133681	-2.694072	-1.778440
48027	9.060454	-2.853186	-1.795625
48028	10.056118	-3.040398	-1.731688
48029	11.095401	-3.279252	-1.635788
48030	12.133846	-3.534249	-1.534605
48031	13.136407	-3.754215	-1.450500
48032	14.147320	-3.975133	-1.393096
48033	15.188326	-4.215106	-1.397321
48034	16.246473	-4.443909	-1.491428
48035	17.301486	-4.648043	-1.596098
48036	18.336043	-4.794007	-1.700099
48037	19.335952	-4.817906	-1.835633
48038	20.321145	-4.708043	-2.010512
48039	21.297793	-4.498966	-2.195190
48040	22.241210	-4.209165	-2.324540
48041	23.209623	-3.914529	-2.356397
48042	24.254853	-3.670961	-2.291107
48043	25.377918	-3.475567	-2.162134
48044	26.512765	-3.263281	-2.043133
48045	27.626464	-3.042790	-2.004708
48046	28.701403	-2.823947	-2.056502
48047	29.740915	-2.621258	-2.149620
48048	30.762757	-2.450465	-2.217843
48049	31.756558	-2.294966	-2.215426
48050	32.744965	-2.159722	-2.103650
48051	33.740635	-2.059099	-1.868735
48052	34.740367	-1.979666	-1.526218
48053	35.759235	-1.934101	-1.134524
48054	36.802271	-1.932591	-0.710993
48055	37.837380	-1.946358	-0.281263
48056	38.864930	-1.976606	0.155899
48057	39.864819	-2.007197	0.593488
48058	40.844700	-2.051156	1.037704
48059	41.819687	-2.110532	1.507539
48060	42.798715	-2.180010	1.983251
48061	43.760688	-2.243053	2.451273
48062	44.689981	-2.289511	2.906829
48063	45.578920	-2.297902	3.322617
48064	46.418074	-2.264166	3.682565
48065	47.205577	-2.198598	3.995662
48066	47.939306	-2.095788	4.270517
48067	48.611731	-1.964092	4.511327
48068	49.225014	-1.816249	4.715483
48069	49.787941	-1.658707	4.860442
48070	50.307916	-1.515418	4.948108
48071	50.782925	-1.413646	5.039047
48072	51.204411	-1.338157	5.160180
48073	51.575427	-1.292950	5.305438
48074	51.894391	-1.263793	5.457861
48075	52.166075	-1.251091	5.592932
48076	52.412450	-1.267245	5.704378
48077	52.641889	-1.304398	5.779984
48078	52.841423	-1.354877	5.826842
48079	52.998656	-1.389518	5.877484
48080	53.094617	-1.387673	5.926277
48081	53.155564	-1.370921	5.952057
48082	53.198147	-1.371212	5.953350
48083	53.217234	-1.391500	5.975169
48084	53.190700	-1.412669	6.007695
48085	53.139590	-1.471478	6.026301
48086	53.099892	-1.596698	6.051307
48087	53.049189	-1.726564	6.083320
48088	52.944919	-1.820496	6.099179
48089	52.787999	-1.873209	6.092882
48090	52.596302	-1.879689	6.059515
48091	52.382947	-1.850918	6.015096
48092	52.183175	-1.818638	5.974983
48093	52.126155	-1.858556	5.916873
48094	52.182134	-1.835818	5.932236
48095	52.198608	-1.631160	5.985497
48096	52.162611	-1.385963	6.050232
48097	52.062637	-1.160589	6.153377
48098	51.903468	-1.017399	6.251567
48099	51.753067	-0.997203	6.302729
48100	51.651578	-1.042458	6.319704
48101	51.557135	-1.042460	6.334922
48102	51.416500	-0.949643	6.392073
48103	51.218847	-0.812210	6.544432
48104	51.000706	-0.693481	6.818166
48105	50.798405	-0.583063	7.187388
48106	50.600584	-0.440674	7.598852
48107	50.374378	-0.225631	7.964751
48108	50.105682	0.077344	8.244136
48109	49.797259	0.455337	8.432738
48110	49.463186	0.899374	8.541260
48111	49.118435	1.405487	8.572739
48112	48.777897	1.935849	8.537006
48113	48.432645	2.482693	8.457501
48114	48.069266	2.990242	8.335724
48115	47.701279	3.371853	8.173336
48116	47.328421	3.625794	8.025900
48117	46.923112	3.793426	7.948759
48118	46.503282	3.899021	7.962913
48119	46.099588	3.959145	8.053807
48120	45.702852	4.002721	8.193807
48121	45.278706	4.059697	8.354739
48122	44.812629	4.167854	8.532758
48123	44.311527	4.345897	8.741105
48124	43.804862	4.548231	8.900169
48125	43.252509	4.797927	8.914030
48126	42.625488	5.129125	8.848414
48127	41.940221	5.496589	8.763865
48128	41.238404	5.869869	8.652384
48129	40.509703	6.266203	8.470731
48130	39.732068	6.667719	8.232570
48131	38.928442	7.070108	7.970709
48132	38.103383	7.469625	7.652789
48133	37.249173	7.865287	7.318878
48134	36.392887	8.206385	7.058079
48135	35.555738	8.496189	6.882391
48136	34.726912	8.760118	6.774808
48137	33.917191	8.971808	6.672739
48138	33.126820	9.151262	6.581261
48139	32.336227	9.315155	6.501474
48140	31.572595	9.449658	6.433018
48141	30.836298	9.601952	6.402936
48142	30.144371	9.767253	6.408296
48143	29.450236	9.963712	6.370697
48144	28.764401	10.191258	6.305240
48145	28.093870	10.411205	6.229943
48146	27.414047	10.662669	6.135722
48147	26.738629	10.932730	6.036692
48148	26.088857	11.206731	5.949384
48149	25.473394	11.475807	5.880005
48150	24.863402	11.763594	5.821580
48151	24.271532	12.031333	5.759252
48152	23.664297	12.295087	5.665894
48153	23.046276	12.532204	5.556045
48154	22.413596	12.768515	5.422703
48155	21.777370	12.969910	5.240004
48156	21.123441	13.157100	5.011215
48157	20.487831	13.308041	4.793060
48158	19.858065	13.418419	4.566498
48159	19.211108	13.500909	4.300811
48160	18.551341	13.536559	4.017703
48161	17.890978	13.536671	3.723969
48162	17.227783	13.530396	3.450085
48163	16.606599	13.487689	3.205511
48164	15.966110	13.454992	2.934614
48165	15.320376	13.417131	2.629115
48166	14.671411	13.372632	2.303829
48167	14.045164	13.334586	1.995865
48168	13.427975	13.298096	1.689414
48169	12.866175	13.228926	1.386360
48170	12.353087	13.132657	1.116180
48171	11.877722	13.013675	0.885409
48172	11.424605	12.893420	0.713586
48173	10.972264	12.781090	0.594509
48174	10.561606	12.620487	0.504625
48175	10.251671	12.427720	0.327841
48176	9.801348	12.205208	0.153554
48177	9.429114	12.013612	0.063582
48178	8.996782	11.873552	-0.096353
48179	8.560519	11.705541	-0.253811
48180	8.172711	11.520947	-0.357122
48181	7.800205	11.372637	-0.428056
48182	7.431109	11.226702	-0.494162
48183	7.090841	11.074999	-0.571145
48184	6.764782	10.938700	-0.648001
48185	6.473220	10.803864	-0.674951
48186	6.204118	10.712746	-0.643322
48187	5.962478	10.647782	-0.576097
48188	5.777242	10.594060	-0.441391
48189	5.667796	10.539600	-0.263901
48190	5.594086	10.518928	-0.077660
48191	5.513109	10.523539	0.047441
48192	5.456201	10.530055	0.147327
48193	5.380291	10.530033	0.212632
48194	5.281253	10.545364	0.243560
48195	5.153517	10.566103	0.245571
48196	5.027382	10.547431	0.241534
48197	4.894055	10.474557	0.194553
48198	4.704735	10.426264	0.135958
48199	4.502510	10.398548	0.095822
48200	4.312494	10.357534	0.130250
48201	4.146752	10.316917	0.251851
48202	4.007598	10.213694	0.388342
48203	3.884832	10.051627	0.552937
48204	3.793029	9.852788	0.745480
48205	3.699045	9.663942	0.960683
48206	3.622556	9.440388	1.136765
48207	3.558468	9.246343	1.326683
48208	3.556106	9.041916	1.472464
48209	3.603463	8.855462	1.533385
48210	3.684214	8.726820	1.514684
48211	3.793954	8.661580	1.477539
48212	3.929829	8.590144	1.407193
48213	4.024992	8.511935	1.233400
48214	4.096410	8.428098	0.972175
48215	4.114370	8.346751	0.642485
48216	4.088760	8.270840	0.266565
48217	4.066195	8.149954	-0.135717
48218	4.013723	7.942406	-0.617744
48219	3.925605	7.675431	-1.153770
48220	3.790825	7.433242	-1.675148
48221	3.660199	7.120523	-2.219321
48222	3.513647	6.856452	-2.643905
48223	3.397254	6.658854	-2.916283
48224	3.311228	6.526605	-3.025511
48225	3.264007	6.412266	-3.016252
48226	3.271010	6.258443	-2.924559
48227	3.292947	6.146771	-2.789947
48228	3.323515	6.048255	-2.712379
48229	3.349022	5.943848	-2.745812
48230	3.399316	5.728660	-2.946317
48231	3.419999	5.554485	-3.185546
48232	3.409711	5.399686	-3.477604
48233	3.406148	5.154190	-3.859237
48234	3.346514	4.995491	-4.169553
48235	3.311742	4.805466	-4.501082
48236	3.267576	4.581676	-4.754594
48237	3.226510	4.412101	-4.936678
48238	3.203531	4.179220	-5.142463
48239	3.159558	3.993733	-5.249133
48240	3.117213	3.861063	-5.279315
48241	3.093761	3.725545	-5.264878
48242	3.061914	3.610441	-5.171052
48243	3.019281	3.527416	-5.054829
48244	2.978976	3.437493	-4.965170
48245	2.923438	3.359559	-4.920864
48246	2.874222	3.302664	-4.866936
48247	2.830484	3.262236	-4.801373
48248	2.785258	3.234474	-4.737914
48249	2.744312	3.219693	-4.660283
48250	2.729752	3.198924	-4.574842
48251	2.711547	3.178651	-4.525776
48252	2.685626	3.155952	-4.513481
48253	2.653991	3.119309	-4.539508
48254	2.600670	3.071021	-4.607685
48255	2.539278	3.025346	-4.707605
48256	2.482801	2.961921	-4.824560
48257	2.422044	2.885912	-4.944451
48258	2.354965	2.818235	-5.065323
48259	2.282589	2.755209	-5.186593
48260	2.206644	2.687959	-5.312201
48261	2.122313	2.621209	-5.445606
48262	2.046945	2.552379	-5.565413
48263	1.977120	2.484224	-5.659929
48264	1.908770	2.429938	-5.730170
48265	1.848611	2.389413	-5.767432
48266	1.791926	2.356742	-5.787971
48267	1.740351	2.346711	-5.794702
48268	1.707657	2.352653	-5.772556
48269	1.679916	2.363804	-5.754276
48270	1.646834	2.393432	-5.754557
48271	1.629445	2.424018	-5.755949
48272	1.614212	2.449379	-5.771056
48273	1.593339	2.480510	-5.801238
48274	1.575110	2.496720	-5.852282
48275	1.553770	2.518218	-5.927419
48276	1.526577	2.547095	-6.001921
48277	1.506680	2.559394	-6.075380
48278	1.478414	2.562589	-6.143551
48279	1.435682	2.556479	-6.215775
48280	1.383686	2.547640	-6.271798
48281	1.344019	2.537308	-6.277026
48282	1.305819	2.521531	-6.254903
48283	1.262888	2.511522	-6.210085
48284	1.216017	2.502893	-6.141831
48285	1.178421	2.487295	-6.053692
48286	1.139573	2.475554	-5.962630
48287	1.104252	2.462840	-5.886204
48288	1.063977	2.452872	-5.830993
48289	1.028665	2.457916	-5.773691
48290	1.010622	2.466468	-5.713250
48291	0.998498	2.471783	-5.662147
48292	0.982485	2.476502	-5.633937
48293	0.972545	2.486135	-5.607690
48294	0.970983	2.492213	-5.577197
48295	0.967108	2.505174	-5.561347
48296	0.953313	2.520146	-5.562532
48297	0.932418	2.525683	-5.588590
48298	0.896614	2.542358	-5.621515
48299	0.868103	2.553733	-5.638969
48300	0.833858	2.556756	-5.645497
48301	0.796350	2.559892	-5.639885
48302	0.765186	2.559081	-5.619430
48303	0.724149	2.562733	-5.590861
48304	0.680169	2.559042	-5.564996
48305	0.643717	2.552220	-5.526852
48306	0.613348	2.546925	-5.476518
48307	0.581689	2.541447	-5.416427
48308	0.564518	2.535917	-5.335573
48309	0.561331	2.531327	-5.237427
48310	0.567165	2.527302	-5.144863
48311	0.573382	2.526212	-5.063593
48312	0.577629	2.524352	-5.002120
48313	0.589107	2.528987	-4.946067
48314	0.603931	2.538689	-4.898445
48315	0.611387	2.555492	-4.854388
48316	0.619630	2.576367	-4.808450
48317	0.628678	2.586015	-4.756257
48318	0.632904	2.587200	-4.712596
48319	0.632873	2.581223	-4.677625
48320	0.627387	2.576139	-4.651834
48321	0.611265	2.567118	-4.651107
48322	0.585388	2.557650	-4.672951
48323	0.566415	2.547494	-4.664137
48324	0.554099	2.539474	-4.621434
48325	0.538506	2.536861	-4.562927
48326	0.528993	2.536745	-4.473584
48327	0.526567	2.538438	-4.360977
48328	0.519286	2.538882	-4.258689
48329	0.503086	2.536471	-4.187384
48330	0.480543	2.531536	-4.135518
48331	0.465180	2.515180	-4.078752
48332	0.452804	2.496207	-4.026781
48333	0.438288	2.478786	-3.993023
48334	0.425169	2.461270	-3.974480
48335	0.417059	2.444824	-3.960700
48336	0.413419	2.430190	-3.945260
48337	0.411316	2.415117	-3.942702
48338	0.412772	2.401573	-3.951403
48339	0.409316	2.392721	-3.963830
48340	0.408003	2.387175	-3.971655
48341	0.409070	2.385280	-3.980732
48342	0.409859	2.379053	-3.996427
48343	0.409453	2.378206	-4.002802
48344	0.412455	2.375311	-4.004093
48345	0.415273	2.368374	-4.008280
48346	0.413301	2.360533	-4.005501
48347	0.414730	2.353777	-3.992488
48348	0.413671	2.346216	-3.976794
48349	0.415033	2.342068	-3.946475
48350	0.425818	2.337620	-3.905045
48351	0.429513	2.327829	-3.872302
48352	0.417389	2.330683	-3.851081
48353	0.413500	2.327536	-3.829723
48354	0.408617	2.321910	-3.809779
48355	0.402249	2.311761	-3.798262
48356	0.397128	2.303033	-3.793723
48357	0.389417	2.295581	-3.790411
48358	0.381632	2.296155	-3.791788
48359	0.385465	2.285639	-3.803140
48360	0.388606	2.269217	-3.828279
48361	0.400126	2.262972	-3.852650
48362	0.425757	2.251830	-3.870489
48363	0.455846	2.241737	-3.892043
48364	0.483844	2.233621	-3.922327
48365	0.514858	2.224426	-3.950960
48366	0.551944	2.215466	-3.970257
48367	0.575628	2.207980	-3.999968
48368	0.594765	2.205832	-4.031304
48369	0.601393	2.197985	-4.063873
48370	0.600116	2.193427	-4.095779
48371	0.603001	2.185896	-4.122735
48372	0.607036	2.174935	-4.143110
48373	0.614107	2.161922	-4.159095
48374	0.620753	2.146446	-4.177578
48375	0.626137	2.127261	-4.200913
48376	0.630270	2.113477	-4.222735
48377	0.637846	2.101750	-4.237037
48378	0.650526	2.084490	-4.242747
48379	0.660522	2.073922	-4.252279
48380	0.669276	2.063284	-4.269471
48381	0.677569	2.051690	-4.294442
48382	0.680638	2.040175	-4.323653
48383	0.689554	2.019971	-4.356240
48384	0.690126	1.999550	-4.389898
48385	0.688943	1.989595	-4.421204
48386	0.688247	1.977097	-4.459361
48387	0.685401	1.962932	-4.503455
48388	0.684139	1.951391	-4.543250
48389	0.691167	1.938751	-4.575181
48390	0.699009	1.924391	-4.598567
48391	0.718354	1.902859	-4.611960
48392	0.724933	1.880327	-4.628776
48393	0.726513	1.864336	-4.645094
48394	0.733968	1.848772	-4.658402
48395	0.742082	1.826807	-4.669466
48396	0.752791	1.801999	-4.678003
48397	0.766367	1.779181	-4.677954
48398	0.785857	1.763594	-4.672528
48399	0.807981	1.750818	-4.663427
48400	0.837613	1.746222	-4.645309
48401	0.866365	1.743593	-4.630226
48402	0.884471	1.751307	-4.632143
48403	0.906736	1.754761	-4.643686
48404	0.933375	1.744661	-4.662612
48405	0.960816	1.734298	-4.678259
48406	0.982392	1.732025	-4.691922
48407	1.007930	1.731776	-4.710891
48408	1.026566	1.738705	-4.732618
48409	0.989783	1.799731	-4.674538
48410	1.011749	1.820514	-4.682832
48411	1.032491	1.825623	-4.690250
48412	1.053412	1.842900	-4.699225
48413	1.067421	1.854246	-4.718175
48414	1.074119	1.858443	-4.748326
48415	1.075013	1.864419	-4.781301
48416	1.018586	1.946415	-4.745204
48417	1.023567	1.955224	-4.777965
48418	1.040314	1.932731	-4.794377
48419	1.063620	1.923982	-4.798300
48420	1.053892	1.974482	-4.755624
48421	1.082623	1.983039	-4.737970
48422	1.112792	1.976876	-4.719640
48423	1.112959	2.031216	-4.661124
48424	1.148419	2.021977	-4.655362
48425	1.193738	2.008291	-4.644474
48426	1.227664	2.007731	-4.599817
48427	1.277492	2.008944	-4.580360
48428	1.324163	1.969797	-4.587297
48429	1.357680	1.957386	-4.557055
48430	1.406572	1.946155	-4.553955
48431	1.453178	1.893736	-4.598789
48432	1.480626	1.862019	-4.625910
48433	1.535551	1.802987	-4.675780
48434	1.586076	1.737982	-4.696637
48435	1.649177	1.700794	-4.691572
48436	1.743526	1.630777	-4.687147
48437	1.862704	1.595956	-4.641702
48438	2.047381	1.545055	-4.628644
48439	2.272531	1.490995	-4.614072
48440	2.553659	1.448757	-4.610673
48441	2.917193	1.345707	-4.652473
48442	3.365851	1.177904	-4.718559
48443	3.885848	0.992320	-4.761248
48444	4.472869	0.786474	-4.850070
48445	5.068411	0.620511	-5.061455
48446	5.650239	0.556893	-5.382295
48447	6.292619	0.515391	-5.732034
48448	7.051443	0.438418	-6.064549
48449	7.854699	0.402588	-6.321089
48450	8.680928	0.378260	-6.487110
48451	9.553690	0.381281	-6.613975
48452	10.540631	0.383966	-6.842667
48453	11.569906	0.365962	-7.211174
48454	12.598307	0.347671	-7.664914
48455	13.615035	0.338500	-8.171309
48456	14.612739	0.324116	-8.676991
48457	15.589026	0.331038	-9.100846
48458	16.572504	0.282928	-9.470213
48459	17.562271	0.195609	-9.757463
48460	18.567158	0.093129	-9.944951
48461	19.552325	0.030639	-9.990366
48462	20.515564	0.015045	-9.890489
48463	21.494765	0.007226	-9.635669
48464	22.483700	-0.018536	-9.224782
48465	23.478123	-0.085284	-8.649603
48466	24.512491	-0.211974	-7.915313
48467	25.568527	-0.352925	-7.083905
48468	26.635689	-0.529034	-6.251654
48469	27.706885	-0.748133	-5.480483
48470	28.776145	-0.975777	-4.772083
48471	29.807357	-1.145054	-4.145432
48472	30.803881	-1.273347	-3.615114
48473	31.832142	-1.417081	-3.136088
48474	32.865315	-1.521197	-2.672507
48475	33.851788	-1.532906	-2.243419
48476	34.804985	-1.503301	-1.871612
48477	35.740206	-1.463105	-1.533589
48478	36.647099	-1.384065	-1.224641
48479	37.513995	-1.281755	-0.947320
48480	38.358046	-1.170300	-0.699748
48481	39.160871	-1.025130	-0.484846
48482	39.931954	-0.866089	-0.309322
48483	40.701161	-0.728537	-0.149259
48484	41.454189	-0.594636	0.022021
48485	42.199221	-0.494987	0.224367
48486	42.935274	-0.406034	0.463484
48487	43.663687	-0.326709	0.711142
48488	44.378737	-0.278282	0.998210
48489	45.087435	-0.260143	1.308160
48490	45.772148	-0.248957	1.615182
48491	46.409260	-0.217455	1.891371
48492	47.003471	-0.182116	2.132744
48493	47.562565	-0.151736	2.371643
48494	48.073958	-0.089416	2.610644
48495	48.518226	0.009462	2.824277
48496	48.909916	0.117452	3.012752
48497	49.250689	0.250903	3.155943
48498	49.529882	0.422756	3.246752
48499	49.760808	0.609187	3.303863
48500	49.935661	0.833495	3.293588
48501	50.046470	1.082642	3.228265
48502	50.134920	1.294779	3.210008
48503	50.183561	1.532800	3.240982
48504	50.138536	1.810580	3.240489
48505	50.056248	2.015613	3.239502
48506	50.036520	2.072761	3.299795
48507	50.080460	2.061231	3.466524
48508	50.107904	2.053304	3.697119
48509	50.073653	2.040273	3.937754
48510	49.983234	2.014760	4.182744
48511	49.838858	2.000664	4.421335
48512	49.627933	2.031359	4.652689
48513	49.358493	2.112041	4.883887
48514	49.019221	2.251903	5.098021
48515	48.589472	2.460029	5.257834
48516	48.083049	2.718197	5.338438
48517	47.532347	2.993842	5.362883
48518	47.020454	3.200765	5.350027
48519	46.786001	3.193951	5.291673
48520	46.597074	3.362032	5.346652
48521	46.389566	3.726419	5.567024
48522	46.381886	4.029708	5.968874
48523	46.433133	4.313916	6.282953
48524	46.580460	4.406010	6.478940
48525	46.760458	4.312339	6.594792
48526	46.885677	4.121873	6.634113
48527	46.889174	3.954667	6.617899
48528	46.774177	3.868267	6.572741
48529	46.574972	3.848913	6.503660
48530	46.308297	3.897250	6.402979
48531	45.991115	4.000872	6.312316
48532	45.646683	4.110090	6.279449
48533	45.303954	4.221686	6.331323
48534	44.974183	4.339643	6.461997
48535	44.686408	4.421406	6.635371
48536	44.477954	4.445566	6.835176
48537	44.387582	4.443808	7.090044
48538	44.383000	4.504757	7.418133
48539	44.413946	4.637490	7.740322
48540	44.439315	4.744819	7.952490
48541	44.445103	4.743294	8.045638
48542	44.404905	4.697610	8.066233
48543	44.275240	4.705426	8.032098
48544	44.058365	4.800631	7.938431
48545	43.788262	4.968710	7.781044
48546	43.491253	5.200429	7.582760
48547	43.175444	5.492333	7.417127
48548	42.861711	5.797551	7.317409
48549	42.555300	6.110726	7.264037
48550	42.245968	6.453270	7.212480
48551	41.901069	6.820689	7.178810
48552	41.533100	7.114736	7.142182
48553	41.167279	7.320119	7.028231
48554	40.754744	7.543071	6.915191
48555	40.311671	7.751376	6.852512
48556	39.831371	7.951946	6.774419
48557	39.250571	8.250839	6.611231
48558	38.593127	8.609614	6.378627
48559	37.866013	9.038484	6.108954
48560	37.051128	9.514517	5.777009
48561	36.215473	9.950096	5.476391
48562	35.368893	10.362064	5.265451
48563	34.537891	10.680318	5.148195
48564	33.793801	10.839567	5.171858
48565	33.108943	10.877399	5.317337
48566	32.449583	10.861429	5.508611
48567	31.777859	10.858200	5.684645
48568	31.071501	10.891321	5.809008
48569	30.338888	10.961673	5.885691
48570	29.595420	11.045653	5.907758
48571	28.852349	11.142414	5.847357
48572	28.076496	11.285342	5.682278
48573	27.305848	11.435006	5.517199
48574	26.595482	11.565179	5.436480
48575	25.934383	11.686114	5.394583
48576	25.307146	11.803355	5.393806
48577	24.722979	11.898702	5.426992
48578	24.150976	12.010925	5.452347
48579	23.570611	12.147956	5.420781
48580	22.965871	12.296504	5.353210
48581	22.345208	12.460887	5.264892
48582	21.713902	12.642498	5.151711
48583	21.051548	12.855815	4.981495
48584	20.368787	13.115217	4.789692
48585	19.728152	13.374778	4.581346
48586	19.111112	13.615803	4.346336
48587	18.471570	13.888987	4.053239
48588	17.831290	14.141842	3.686844
48589	17.191757	14.345059	3.271118
48590	16.532234	14.504998	2.799523
48591	15.877646	14.598110	2.301339
48592	15.227210	14.639261	1.817782
48593	14.565918	14.653474	1.307434
48594	13.905075	14.638484	0.790775
48595	13.269340	14.600469	0.256894
48596	12.762877	14.570409	-0.433741
48597	12.094014	14.383078	-0.960888
48598	11.508204	14.340450	-1.345818
48599	10.929383	14.291274	-1.682757
48600	10.395402	14.118193	-2.011124
48601	9.897711	13.907891	-2.325751
48602	9.463379	13.705177	-2.559136
48603	9.053615	13.521063	-2.704502
48604	8.660342	13.341863	-2.861895
48605	8.247272	13.129784	-3.091869
48606	7.847874	12.891778	-3.322606
48607	7.458532	12.669914	-3.502749
48608	7.079621	12.507823	-3.628445
48609	6.747022	12.327351	-3.725234
48610	6.455990	12.128519	-3.789551
48611	6.173929	11.958522	-3.870402
48612	5.882778	11.817666	-3.999866
48613	5.628657	11.648206	-4.175395
48614	5.388046	11.490419	-4.392895
48615	5.136145	11.435316	-4.603310
48616	4.890182	11.418140	-4.807864
48617	4.711524	11.376916	-4.984861
48618	4.611077	11.237484	-5.191923
48619	4.516234	11.135323	-5.344210
48620	4.436915	11.024101	-5.499017
48621	4.295819	10.987415	-5.627850
48622	4.144740	10.989232	-5.735480
48623	3.997343	11.003519	-5.797472
48624	3.885804	10.955604	-5.823268
48625	3.761061	10.878621	-5.845276
48626	3.607033	10.805741	-5.885515
48627	3.478899	10.670452	-5.929967
48628	3.361133	10.551368	-5.900765
48629	3.249689	10.388509	-5.870748
48630	3.125789	10.215107	-5.844229
48631	3.020024	10.042360	-5.807029
48632	2.942773	9.851130	-5.772800
48633	2.873224	9.657046	-5.735442
48634	2.812344	9.539393	-5.661940
48635	2.762024	9.445057	-5.570800
48636	2.734551	9.285899	-5.514405
48637	2.688662	9.206085	-5.438929
48638	2.648042	9.150405	-5.360892
48639	2.648230	8.999742	-5.342961
48640	2.635400	8.893495	-5.320694
48641	2.651890	8.780512	-5.281253
48642	2.653106	8.671440	-5.229923
48643	2.639931	8.633291	-5.141904
48644	2.678232	8.476890	-5.107797
48645	2.694799	8.414267	-5.010846
48646	2.738910	8.446207	-4.862596
48647	2.868127	8.341075	-4.778512
48648	2.923009	8.284823	-4.663377
48649	2.969052	8.299763	-4.557931
48650	3.008674	8.247855	-4.522601
48651	3.035968	8.102279	-4.581137
48652	3.034411	7.846297	-4.690305
48653	2.960372	7.665712	-4.773231
48654	2.865943	7.443528	-4.869198
48655	2.755168	7.142190	-4.938466
48656	2.617646	6.888286	-4.961678
48657	2.472900	6.663818	-4.956731
48658	2.338224	6.447504	-4.918433
48659	2.223912	6.259960	-4.829118
48660	2.139357	6.105092	-4.682436
48661	2.077305	5.991381	-4.499332
48662	2.049365	5.916029	-4.280134
48663	2.042840	5.861201	-4.049483
48664	2.047937	5.835596	-3.823846
48665	2.071315	5.825698	-3.611801
48666	2.110242	5.815231	-3.459065
48667	2.151405	5.799816	-3.386394
48668	2.181786	5.787877	-3.393015
48669	2.212756	5.791959	-3.463281
48670	2.236240	5.789604	-3.609570
48671	2.225934	5.749621	-3.856977
48672	2.189358	5.673686	-4.164425
48673	2.146371	5.569026	-4.471527
48674	2.088730	5.449824	-4.760386
48675	2.025394	5.320813	-5.006200
48676	1.955343	5.187458	-5.179479
48677	1.891366	5.077339	-5.242547
48678	1.846909	4.986012	-5.191302
48679	1.822268	4.903154	-5.047019
48680	1.801784	4.837091	-4.850074
48681	1.792717	4.787283	-4.602682
48682	1.795292	4.742064	-4.344098
48683	1.789892	4.709239	-4.124160
48684	1.778805	4.675653	-3.962148
48685	1.774786	4.621812	-3.860429
48686	1.763642	4.564332	-3.824363
48687	1.753868	4.502859	-3.849460
48688	1.741552	4.441531	-3.909175
48689	1.729001	4.382128	-3.978393
48690	1.721140	4.326544	-4.034148
48691	1.713127	4.279391	-4.071195
48692	1.700704	4.244276	-4.092307
48693	1.689243	4.223032	-4.102665
48694	1.691251	4.201922	-4.098542
48695	1.708620	4.178561	-4.061352
48696	1.730189	4.160266	-3.988453
48697	1.744292	4.153572	-3.902516
48698	1.763738	4.144073	-3.822786
48699	1.782757	4.132245	-3.762385
48700	1.802368	4.097162	-3.751113
48701	1.807759	4.038901	-3.815022
48702	1.806756	3.975241	-3.928124
48703	1.807462	3.894889	-4.057561
48704	1.792028	3.814768	-4.207004
48705	1.780334	3.731699	-4.334313
48706	1.766272	3.660346	-4.424182
48707	1.754838	3.612517	-4.471311
48708	1.755479	3.576692	-4.485706
48709	1.765758	3.540137	-4.485628
48710	1.771878	3.504391	-4.488346
48711	1.778221	3.464359	-4.493220
48712	1.784284	3.430242	-4.497249
48713	1.795910	3.399108	-4.490078
48714	1.809730	3.354587	-4.491354
48715	1.812256	3.313061	-4.509875
48716	1.809169	3.271340	-4.538115
48717	1.802220	3.233519	-4.571543
48718	1.801983	3.204395	-4.599691
48719	1.804287	3.189922	-4.618931
48720	1.812004	3.180711	-4.630335
48721	1.817398	3.172549	-4.638789
48722	1.831029	3.161463	-4.649303
48723	1.847746	3.140936	-4.664891
48724	1.856952	3.117754	-4.689254
48725	1.862139	3.107303	-4.718398
48726	1.867699	3.095549	-4.749466
48727	1.868005	3.088088	-4.784360
48728	1.867599	3.080415	-4.816218
48729	1.871378	3.066948	-4.828541
48730	1.876551	3.057421	-4.819478
48731	1.882897	3.045166	-4.803154
48732	1.875822	3.035061	-4.789486
48733	1.863403	3.030705	-4.786419
48734	1.850288	3.018716	-4.787527
48735	1.824834	3.001082	-4.795267
48736	1.792529	2.979511	-4.800573
48737	1.758036	2.955823	-4.800294
48738	1.722038	2.937254	-4.780023
48739	1.697521	2.917706	-4.729394
48740	1.670360	2.897440	-4.665116
48741	1.638457	2.888411	-4.599935
48742	1.607925	2.882764	-4.533176
48743	1.586817	2.875935	-4.468491
48744	1.568099	2.867573	-4.421050
48745	1.554262	2.858698	-4.384799
48746	1.548833	2.859956	-4.338275
48747	1.554213	2.867584	-4.286601
48748	1.564609	2.873695	-4.244687
48749	1.578309	2.875323	-4.209532
48750	1.584359	2.882492	-4.184134
48751	1.578116	2.898235	-4.170712
48752	1.571671	2.911571	-4.155450
48753	1.560720	2.921079	-4.144068
48754	1.543031	2.923439	-4.146012
48755	1.521705	2.912921	-4.162065
48756	1.497081	2.903079	-4.170200
48757	1.470208	2.903581	-4.163984
48758	1.450500	2.906176	-4.135576
48759	1.426656	2.907077	-4.099165
48760	1.397459	2.913262	-4.057701
48761	1.371057	2.915545	-4.020485
48762	1.344413	2.916658	-3.978671
48763	1.327358	2.908278	-3.937883
48764	1.313360	2.891508	-3.906114
48765	1.297882	2.886473	-3.871169
48766	1.289441	2.885160	-3.830428
48767	1.291407	2.878485	-3.785308
48768	1.287885	2.884313	-3.748493
48769	1.284237	2.892394	-3.730765
48770	1.278555	2.890918	-3.734252
48771	1.276531	2.882218	-3.743743
48772	1.278122	2.869530	-3.763137
48773	1.275951	2.861592	-3.795844
48774	1.273984	2.858701	-3.835681
48775	1.274294	2.856041	-3.868926
48776	1.278839	2.850482	-3.900786
48777	1.279985	2.847382	-3.934310
48778	1.283979	2.840601	-3.967906
48779	1.293299	2.833738	-3.999502
48780	1.301311	2.822615	-4.031317
48781	1.305026	2.811585	-4.065965
48782	1.308781	2.800895	-4.100567
48783	1.311918	2.795451	-4.131155
48784	1.310374	2.783136	-4.161029
48785	1.307770	2.772997	-4.177721
48786	1.303632	2.753292	-4.188827
48787	1.299193	2.734910	-4.197987
48788	1.301524	2.721346	-4.200737
48789	1.314288	2.706425	-4.194879
48790	1.330177	2.691818	-4.188113
48791	1.348333	2.675752	-4.173450
48792	1.359966	2.662157	-4.168067
48793	1.377103	2.659954	-4.162109
48794	1.402223	2.643841	-4.155483
48795	1.427483	2.622274	-4.168877
48796	1.451278	2.598712	-4.197420
48797	1.479258	2.569177	-4.230325
48798	1.504452	2.538455	-4.266055
48799	1.535212	2.510964	-4.300225
48800	1.557248	2.485198	-4.340725
48801	1.578094	2.463210	-4.384428
48802	1.597022	2.444793	-4.424118
48803	1.621585	2.427155	-4.452785
48804	1.649079	2.410647	-4.470329
48805	1.680783	2.386776	-4.485515
48806	1.710431	2.361749	-4.489575
48807	1.736346	2.345482	-4.482044
48808	1.762647	2.326544	-4.469667
48809	1.792864	2.299031	-4.454444
48810	1.820608	2.259729	-4.449945
48811	1.843204	2.214514	-4.457968
48812	1.862189	2.172620	-4.464199
48813	1.883631	2.131731	-4.469868
48814	1.899213	2.095187	-4.481645
48815	1.922278	2.058850	-4.490381
48816	1.948485	2.024027	-4.495383
48817	1.975682	1.984604	-4.517975
48818	1.999812	1.940984	-4.552515
48819	2.024176	1.897511	-4.589107
48820	2.051152	1.854547	-4.618215
48821	2.084527	1.812408	-4.635251
48822	2.125576	1.763142	-4.648185
48823	2.158656	1.719334	-4.666211
48824	2.201539	1.687946	-4.679308
48825	2.256636	1.653592	-4.689302
48826	2.318498	1.617895	-4.702900
48827	2.345770	1.592208	-4.646885
48828	2.422006	1.579809	-4.667069
48829	2.509329	1.528546	-4.711485
48830	2.598591	1.495932	-4.765477
48831	2.676005	1.496818	-4.774047
48832	2.791081	1.471181	-4.819703
48833	2.922679	1.445087	-4.855885
48834	3.015925	1.470952	-4.832398
48835	3.135174	1.516722	-4.862404
48836	3.272872	1.528330	-4.908749
48837	3.411616	1.551806	-4.957142
48838	3.544467	1.575308	-5.028277
48839	3.646980	1.629750	-5.086150
48840	3.781682	1.638962	-5.223556
48841	3.911185	1.620397	-5.376678
48842	4.028317	1.648814	-5.498142
48843	4.196308	1.605773	-5.690990
48844	4.364485	1.603184	-5.816298
48845	4.605975	1.562051	-5.968053
48846	4.864903	1.552980	-6.017494
48847	5.207931	1.521069	-6.072540
48848	5.600356	1.453830	-6.083973
48849	6.047885	1.392889	-6.062437
48850	6.539863	1.299176	-6.066012
48851	7.021666	1.240504	-6.130651
48852	7.510416	1.212522	-6.294967
48853	8.023013	1.214261	-6.495268
48854	8.641032	1.214546	-6.679705
48855	9.336901	1.253797	-6.834415
48856	10.075363	1.371526	-6.953907
48857	10.877079	1.458766	-7.012958
48858	11.789533	1.560406	-6.997497
48859	12.816024	1.648069	-6.927480
48860	13.927537	1.683448	-6.736885
48861	15.122259	1.701279	-6.440578
48862	16.339271	1.691287	-6.107766
48863	17.552147	1.662071	-5.768611
48864	18.744664	1.498547	-5.444527
48865	20.028505	1.204384	-5.108609
48866	21.320656	0.945451	-4.785218
48867	22.538598	0.817204	-4.491291
48868	23.705336	0.834082	-4.143120
48869	24.855665	0.922027	-3.676383
48870	26.032973	1.001352	-3.066351
48871	27.261135	1.025203	-2.322600
48872	28.529094	1.015960	-1.503521
48873	29.797489	0.951780	-0.705634
48874	31.065044	0.847929	0.054338
48875	32.294898	0.767910	0.720743
48876	33.513944	0.658101	1.330207
48877	34.745698	0.542942	1.917665
48878	35.989677	0.473053	2.481489
48879	37.292618	0.405615	2.997505
48880	38.644008	0.358499	3.461261
48881	39.993086	0.356989	3.900198
48882	41.278165	0.401330	4.293699
48883	42.489442	0.427748	4.616228
48884	43.669027	0.401872	4.919335
48885	44.838426	0.341614	5.246055
48886	45.968889	0.276208	5.565935
48887	47.038883	0.185713	5.837212
48888	48.025287	0.087249	6.071761
48889	48.904612	0.044658	6.250230
48890	49.708549	0.024077	6.355172
48891	50.457452	-0.003787	6.414410
48892	51.178642	-0.028755	6.452495
48893	51.881980	-0.046657	6.516383
48894	52.542445	-0.063483	6.630169
48895	53.132388	-0.076963	6.783123
48896	53.652258	-0.077154	6.924834
48897	54.107996	-0.105298	7.049038
48898	54.520025	-0.173104	7.185877
48899	54.885742	-0.239570	7.331836
48900	55.185329	-0.283774	7.468474
48901	55.406716	-0.279652	7.543762
48902	55.551660	-0.224386	7.537498
48903	55.628190	-0.127963	7.472594
48904	55.621534	0.010477	7.397353
48905	55.536263	0.189280	7.279052
48906	55.406350	0.353921	7.145597
48907	55.233440	0.545722	6.997974
48908	55.009198	0.742701	6.827848
48909	54.763449	0.863137	6.686056
48910	54.513744	0.880678	6.628254
48911	54.255846	0.819051	6.633383
48912	54.016915	0.651800	6.698444
48913	53.787692	0.434989	6.829796
48914	53.526940	0.233640	6.966708
48915	53.238166	0.025333	7.101976
48916	52.939149	-0.171231	7.235218
48917	52.641834	-0.339580	7.325745
48918	52.332216	-0.448297	7.360266
48919	51.984676	-0.478860	7.345566
48920	51.584357	-0.439511	7.289524
48921	51.152283	-0.363109	7.191226
48922	50.701324	-0.281956	7.082367
48923	50.244163	-0.231077	7.012863
48924	49.778691	-0.223335	6.978772
48925	49.298561	-0.231638	6.956327
48926	48.783026	-0.217238	6.923339
48927	48.220023	-0.179531	6.883664
48928	47.657882	-0.174573	6.881102
48929	47.246232	-0.257726	6.950126
48930	46.932653	-0.252076	7.215728
48931	46.737348	-0.098539	7.728514
48932	46.860840	0.136242	8.540080
48933	47.030899	0.670819	9.448819
48934	47.105049	1.259148	10.113079
48935	47.126803	1.513347	10.457275
48936	47.117314	1.516522	10.631416
48937	47.014133	1.460630	10.695047
48938	46.794402	1.513857	10.686881
48939	46.444316	1.705185	10.604335
48940	46.003418	1.967664	10.435670
48941	45.528276	2.209906	10.221765
48942	45.060662	2.419377	10.018239
48943	44.607601	2.673219	9.855863
48944	44.160696	3.036270	9.774826
48945	43.760249	3.488995	9.850841
48946	43.458781	3.940229	10.101311
48947	43.280315	4.243852	10.521502
48948	43.236374	4.290466	11.065193
48949	43.291386	4.100689	11.693740
48950	43.368019	3.785944	12.396104
48951	43.415800	3.417441	13.055573
48952	43.374318	3.097249	13.542382
48953	43.200045	2.949450	13.789057
48954	42.904871	3.028581	13.770968
48955	42.507805	3.373983	13.533786
48956	42.022387	3.949719	13.157777
48957	41.480050	4.649704	12.688967
48958	40.924128	5.378578	12.183009
48959	40.387049	6.081273	11.698675
48960	39.910785	6.663002	11.247529
48961	39.449781	7.149020	10.886775
48962	38.998241	7.567022	10.658858
48963	38.578899	7.880726	10.531765
48964	38.164046	8.116025	10.445470
48965	37.730194	8.261771	10.379359
48966	37.248292	8.355941	10.367309
48967	36.727898	8.451990	10.359289
48968	36.149789	8.616424	10.302418
48969	35.512834	8.849494	10.218933
48970	34.816493	9.143742	10.078321
48971	34.088843	9.441451	9.916532
48972	33.337065	9.743928	9.789588
48973	32.571437	10.029950	9.680033
48974	31.820121	10.255434	9.607261
48975	31.059481	10.470173	9.573845
48976	30.273605	10.667122	9.540471
48977	29.468719	10.843125	9.489702
48978	28.687339	10.959116	9.450529
48979	27.902319	11.088200	9.416124
48980	27.105872	11.250766	9.375853
48981	26.345901	11.392672	9.340602
48982	25.625223	11.508775	9.320880
48983	24.936034	11.591678	9.286695
48984	24.263113	11.685092	9.226664
48985	23.609444	11.771731	9.114981
48986	22.991208	11.845711	8.969116
48987	22.407945	11.939907	8.813270
48988	21.827440	12.036237	8.599550
48989	21.210073	12.138966	8.307700
48990	20.543596	12.283481	7.974251
48991	19.844982	12.504254	7.630545
48992	19.162929	12.767040	7.309875
48993	18.509828	13.049226	7.027548
48994	17.860251	13.356150	6.714334
48995	17.188925	13.703158	6.367087
48996	16.504198	14.018305	5.980414
48997	15.813929	14.230359	5.561841
48998	15.153851	14.291295	5.165178
48999	14.524867	14.286604	4.825277
49000	13.917455	14.285535	4.511823
49001	13.402159	14.236337	4.080323
49002	12.774539	14.142717	3.662311
49003	12.223217	13.993567	3.353839
49004	11.654104	13.917368	3.099720
49005	11.113232	13.813916	2.865004
49006	10.574704	13.681311	2.624536
49007	10.079105	13.544037	2.398137
49008	9.601484	13.361212	2.150506
49009	9.146660	13.143350	1.915042
49010	8.693036	12.969950	1.687475
49011	8.244613	12.785401	1.391103
49012	7.814490	12.557770	1.086236
49013	7.392536	12.384223	0.843970
49014	6.994255	12.204689	0.588116
49015	6.615545	11.993576	0.309863
49016	6.260106	11.791145	0.061765
49017	5.927599	11.620880	-0.138598
49018	5.606177	11.466989	-0.321994
49019	5.282142	11.354575	-0.499912
49020	4.979730	11.288229	-0.648039
49021	4.738762	11.165638	-0.805647
49022	4.555324	10.976762	-0.933685
49023	4.347308	10.875144	-1.055068
49024	4.146082	10.813284	-1.173008
49025	3.986139	10.763876	-1.200078
49026	3.850380	10.695845	-1.172637
49027	3.700603	10.640574	-1.142694
49028	3.559470	10.593645	-1.115906
49029	3.466394	10.485566	-1.061272
49030	3.372762	10.348327	-1.008401
49031	3.277097	10.280491	-0.936505
49032	3.209964	10.157637	-0.900406
49033	3.116877	10.100326	-0.870544
49034	3.056704	10.033984	-0.836480
49035	3.013757	9.945988	-0.808163
49036	2.952175	9.844676	-0.841521
49037	2.882511	9.689624	-0.966261
49038	2.794121	9.536574	-1.107465
49039	2.734280	9.330594	-1.283913
49040	2.700326	9.089966	-1.393298
49041	2.702368	8.823999	-1.454385
49042	2.677163	8.600253	-1.415333
49043	2.652625	8.462955	-1.286659
49044	2.684905	8.206925	-1.165980
49045	2.654386	8.035976	-0.996521
49046	2.624408	7.931790	-0.889635
49047	2.669827	7.706995	-0.917918
49048	2.708224	7.472258	-0.995260
49049	2.701961	7.324034	-1.123657
49050	2.683647	7.195702	-1.272685
49051	2.689417	7.039198	-1.418823
49052	2.676784	6.883541	-1.587257
49053	2.626590	6.730757	-1.805261
49054	2.560693	6.534417	-2.059842
49055	2.498342	6.308949	-2.297596
49056	2.443858	6.031020	-2.536239
49057	2.352684	5.816488	-2.720579
49058	2.266511	5.665306	-2.845743
49059	2.201919	5.522872	-2.914438
49060	2.152800	5.381062	-2.954283
49061	2.109433	5.244419	-2.986865
49062	2.083545	5.097729	-3.011700
49063	2.084269	4.900983	-3.077561
49064	2.037149	4.750019	-3.148232
49065	1.969474	4.682311	-3.211295
49066	1.906542	4.585357	-3.280830
49067	1.867283	4.413489	-3.407095
49068	1.842512	4.173750	-3.534433
49069	1.809840	4.021703	-3.589676
49070	1.758594	3.879894	-3.624496
49071	1.694202	3.743015	-3.638533
49072	1.665966	3.534804	-3.668592
49073	1.602557	3.383680	-3.595424
49074	1.535866	3.257336	-3.492551
49075	1.477585	3.123555	-3.371517
49076	1.433043	2.999679	-3.226694
49077	1.399763	2.883610	-3.077153
49078	1.383405	2.782681	-2.936643
49079	1.403304	2.631404	-2.854556
49080	1.415571	2.541325	-2.760330
49081	1.433921	2.458084	-2.698113
49082	1.453385	2.369920	-2.687056
49083	1.464728	2.290840	-2.721013
49084	1.471500	2.216859	-2.794920
49085	1.473431	2.136455	-2.902155
49086	1.455399	2.043588	-3.062396
49087	1.422518	1.956978	-3.247323
49088	1.394780	1.875080	-3.419298
49089	1.365134	1.803129	-3.567388
49090	1.339002	1.741961	-3.676479
49091	1.311937	1.685437	-3.743081
49092	1.284726	1.647405	-3.754351
49093	1.272782	1.617190	-3.706329
49094	1.256876	1.584649	-3.628230
49095	1.234344	1.545450	-3.533971
49096	1.204755	1.506849	-3.427249
49097	1.159372	1.498006	-3.306365
49098	1.124354	1.491359	-3.175507
49099	1.089786	1.473838	-3.053872
49100	1.050974	1.445388	-2.948856
49101	1.002328	1.422017	-2.858632
49102	0.952086	1.401687	-2.781783
49103	0.907292	1.374179	-2.717724
49104	0.870246	1.339365	-2.665726
49105	0.825973	1.326678	-2.630023
49106	0.783403	1.321843	-2.614800
49107	0.742454	1.310186	-2.618301
49108	0.697297	1.298472	-2.644046
49109	0.650681	1.289456	-2.699151
49110	0.595219	1.288291	-2.780435
49111	0.549567	1.286790	-2.851793
49112	0.511593	1.293014	-2.893817
49113	0.479737	1.307929	-2.921887
49114	0.453096	1.342903	-2.930874
49115	0.445489	1.372466	-2.923706
49116	0.444826	1.392968	-2.922929
49117	0.447861	1.410911	-2.937670
49118	0.448968	1.428630	-2.969486
49119	0.453980	1.440386	-3.008003
49120	0.448895	1.451872	-3.054565
49121	0.438972	1.468732	-3.097953
49122	0.432862	1.493235	-3.128852
49123	0.426672	1.521090	-3.153705
49124	0.421704	1.540586	-3.163857
49125	0.420827	1.535808	-3.165019
49126	0.408639	1.524112	-3.172357
49127	0.391295	1.519278	-3.180010
49128	0.379165	1.506846	-3.179195
49129	0.366710	1.501054	-3.171637
49130	0.359623	1.494596	-3.159350
49131	0.356702	1.493225	-3.138239
49132	0.360867	1.500943	-3.105094
49133	0.362377	1.514368	-3.067712
49134	0.369495	1.525825	-3.031662
49135	0.376532	1.537638	-3.009383
49136	0.383803	1.549270	-2.995687
49137	0.399336	1.553371	-2.986645
49138	0.412455	1.552356	-2.980160
49139	0.409658	1.562940	-2.985715
49140	0.412247	1.581374	-2.978740
49141	0.425057	1.587183	-2.960057
49142	0.437505	1.587568	-2.931410
49143	0.455470	1.581119	-2.895112
49144	0.459757	1.581475	-2.857442
49145	0.467189	1.590792	-2.804489
49146	0.479675	1.595468	-2.738293
49147	0.491994	1.605011	-2.667374
49148	0.506809	1.615128	-2.608000
49149	0.524624	1.616281	-2.570790
49150	0.536499	1.627458	-2.542690
49151	0.549642	1.636518	-2.524390
49152	0.555847	1.650120	-2.513829
49153	0.562461	1.659743	-2.503374
49154	0.567971	1.668967	-2.491960
49155	0.573693	1.676493	-2.477253
49156	0.580540	1.674464	-2.465629
49157	0.581685	1.672916	-2.460919
49158	0.577411	1.661995	-2.463057
49159	0.575574	1.644446	-2.443391
49160	0.569746	1.633309	-2.408231
49161	0.567213	1.634100	-2.350831
49162	0.561968	1.646100	-2.283964
49163	0.561637	1.669616	-2.209051
49164	0.568869	1.690460	-2.133895
49165	0.581045	1.701102	-2.075245
49166	0.591083	1.707372	-2.030559
49167	0.604860	1.717719	-1.995609
49168	0.622518	1.717742	-1.976032
49169	0.629991	1.721341	-1.981689
49170	0.639490	1.724199	-1.991072
49171	0.650340	1.727890	-2.003265
49172	0.657224	1.729691	-2.017277
49173	0.663949	1.728682	-2.027533
49174	0.678340	1.731337	-2.014879
49175	0.696500	1.738760	-1.995605
49176	0.715488	1.742448	-1.969820
49177	0.732943	1.752593	-1.935156
49178	0.749507	1.765387	-1.892563
49179	0.758676	1.773527	-1.858524
49180	0.756544	1.787150	-1.826140
49181	0.758553	1.799842	-1.781764
49182	0.759228	1.805061	-1.738188
49183	0.747318	1.810248	-1.708871
49184	0.742469	1.813273	-1.676799
49185	0.735602	1.810586	-1.654195
49186	0.729216	1.804513	-1.640846
49187	0.724639	1.789680	-1.642032
49188	0.718806	1.784524	-1.647405
49189	0.714144	1.788836	-1.644542
49190	0.714439	1.794688	-1.635740
49191	0.720146	1.802808	-1.619657
49192	0.726247	1.811989	-1.609292
49193	0.740370	1.825609	-1.599186
49194	0.757764	1.835216	-1.595631
49195	0.777830	1.842800	-1.601917
49196	0.790980	1.858602	-1.619231
49197	0.805488	1.870639	-1.648353
49198	0.826396	1.877096	-1.676552
49199	0.841482	1.883869	-1.717120
49200	0.845063	1.891538	-1.765022
49201	0.848736	1.904927	-1.814156
49202	0.856578	1.905650	-1.857584
49203	0.863556	1.901764	-1.900371
49204	0.868095	1.903618	-1.934485
49205	0.870960	1.907803	-1.954495
49206	0.877841	1.915310	-1.962188
49207	0.884508	1.919229	-1.958014
49208	0.890786	1.917543	-1.949289
49209	0.888431	1.915848	-1.953016
49210	0.881425	1.909657	-1.968500
49211	0.872418	1.906182	-1.985632
49212	0.857227	1.907782	-2.000624
49213	0.842366	1.913613	-2.013394
49214	0.831960	1.913708	-2.024189
49215	0.828134	1.910274	-2.026651
49216	0.825657	1.902275	-2.030546
49217	0.823708	1.895846	-2.031553
49218	0.813310	1.895153	-2.034134
49219	0.804500	1.902528	-2.037864
49220	0.797233	1.910831	-2.054968
49221	0.796356	1.913590	-2.073419
49222	0.792150	1.920783	-2.087061
49223	0.786005	1.932105	-2.094120
49224	0.787652	1.940823	-2.085935
49225	0.797294	1.938453	-2.070438
49226	0.807041	1.941514	-2.049860
49227	0.821081	1.941616	-2.024722
49228	0.835851	1.934088	-2.006870
49229	0.841238	1.925591	-1.997696
49230	0.843904	1.909240	-1.994763
49231	0.833374	1.895044	-2.004883
49232	0.819624	1.887877	-2.014137
49233	0.805043	1.877811	-2.018554
49234	0.790234	1.877786	-2.011122
49235	0.779029	1.878617	-1.995890
49236	0.772594	1.880459	-1.972724
49237	0.769620	1.879962	-1.944830
49238	0.775773	1.875770	-1.904458
49239	0.786319	1.871854	-1.862152
49240	0.790406	1.868016	-1.834248
49241	0.788865	1.870019	-1.815744
49242	0.786194	1.876131	-1.807683
49243	0.782226	1.883237	-1.804374
49244	0.780002	1.888860	-1.808268
49245	0.773974	1.890067	-1.825139
49246	0.767329	1.887177	-1.840907
49247	0.761038	1.881457	-1.854096
49248	0.751585	1.870017	-1.872290
49249	0.748575	1.854796	-1.887676
49250	0.744182	1.841616	-1.895401
49251	0.743601	1.833617	-1.885638
49252	0.741382	1.826035	-1.869243
49253	0.733181	1.831184	-1.849703
49254	0.717955	1.839923	-1.837306
49255	0.707585	1.842665	-1.831763
49256	0.702922	1.834724	-1.831344
49257	0.702953	1.822655	-1.830252
49258	0.706409	1.811452	-1.821236
49259	0.714348	1.803965	-1.807428
49260	0.719232	1.798570	-1.797801
49261	0.713441	1.803611	-1.800851
49262	0.711672	1.808257	-1.808722
49263	0.711190	1.805536	-1.816336
49264	0.708062	1.810309	-1.828195
49265	0.712827	1.806029	-1.847628
49266	0.714843	1.798694	-1.873763
