// General information: 
//  MT Manager version: 2021.4.0 
//  XDA version: 2021.4.0 build 6323 rev 112641 built on 2021-09-28
// Device information: 
//  DeviceId: 00B43773
//  ProductCode: MTW2-3A7G6
//  Firmware Version: 4.3.4
//  Hardware Version: 1.1.0
// Device settings: 
//  Filter Profile: human(46.1)
//  Option Flags: Orientation Smoother Disabled, Position/Velocity Smoother Disabled, Continuous Zero Rotation Update Disabled, AHS Disabled, ICC Disabled
// Coordinate system: ENU
PacketCounter	Roll	Pitch	Yaw
51819	0.172240	0.185547	0.037771
51820	0.173797	0.183558	0.037182
51821	0.174651	0.182418	0.036628
51822	0.173761	0.180876	0.038185
51823	0.172881	0.178856	0.036790
51824	0.171228	0.175369	0.034079
51825	0.171564	0.170409	0.034262
51826	0.172240	0.166695	0.033108
51827	0.171945	0.162848	0.032813
51828	0.172363	0.158103	0.032323
51829	0.173145	0.152614	0.031096
51830	0.173080	0.148427	0.032415
51831	0.169882	0.145781	0.029235
51832	0.166662	0.144465	0.029236
51833	0.165930	0.143714	0.030882
51834	0.164406	0.140604	0.031050
51835	0.164380	0.136827	0.029550
51836	0.164164	0.130514	0.027670
51837	0.165568	0.124784	0.027241
51838	0.168423	0.118718	0.024443
51839	0.169802	0.112159	0.024019
51840	0.176091	0.106002	0.022195
51841	0.180829	0.099771	0.019459
51842	0.186035	0.095227	0.018536
51843	0.190550	0.090660	0.017141
51844	0.195778	0.087863	0.016539
51845	0.199216	0.085788	0.016332
51846	0.202232	0.082721	0.016892
51847	0.204846	0.082340	0.016424
51848	0.208968	0.079409	0.016402
51849	0.213691	0.073252	0.013969
51850	0.220860	0.068820	0.012705
51851	0.229302	0.065304	0.010766
51852	0.234508	0.060759	0.009839
51853	0.239034	0.057064	0.008597
51854	0.245109	0.053371	0.008073
51855	0.249309	0.052576	0.005232
51856	0.252314	0.048634	0.005628
51857	0.254231	0.044992	0.003909
51858	0.257720	0.040493	0.002494
51859	0.263594	0.037064	-0.000223
51860	0.269905	0.032654	-0.001734
51861	0.278311	0.028242	-0.003864
51862	0.284870	0.023991	-0.006201
51863	0.291949	0.019271	-0.007090
51864	0.299376	0.015872	-0.009024
51865	0.305792	0.009601	-0.011059
51866	0.312114	0.006066	-0.012412
51867	0.320501	-0.000115	-0.014953
51868	0.329882	-0.004275	-0.017391
51869	0.339659	-0.009167	-0.020927
51870	0.346001	-0.010955	-0.021959
51871	0.354153	-0.014561	-0.022676
51872	0.358790	-0.015428	-0.024031
51873	0.360706	-0.019008	-0.025679
51874	0.363368	-0.020863	-0.026857
51875	0.366214	-0.021878	-0.028155
51876	0.368887	-0.022858	-0.029171
51877	0.370590	-0.024021	-0.029615
51878	0.375236	-0.024014	-0.030809
51879	0.379989	-0.025738	-0.032083
51880	0.382909	-0.026560	-0.033924
51881	0.388289	-0.026850	-0.034163
51882	0.395747	-0.027626	-0.035617
51883	0.402224	-0.029414	-0.036509
51884	0.407449	-0.032210	-0.037123
51885	0.412221	-0.035784	-0.039473
51886	0.415731	-0.038535	-0.040573
51887	0.417198	-0.041667	-0.041076
51888	0.420118	-0.042489	-0.042918
51889	0.422657	-0.045361	-0.043285
51890	0.426435	-0.046205	-0.044885
51891	0.430083	-0.046326	-0.045305
51892	0.434264	-0.044016	-0.044364
51893	0.436828	-0.041669	-0.043609
51894	0.441257	-0.039200	-0.043492
51895	0.444952	-0.036769	-0.043736
51896	0.447417	-0.034414	-0.043278
51897	0.449981	-0.035535	-0.043525
51898	0.449367	-0.034304	-0.042308
51899	0.450023	-0.033830	-0.042235
51900	0.450484	-0.035083	-0.042087
51901	0.451995	-0.034682	-0.041809
51902	0.455308	-0.033224	-0.041272
51903	0.456796	-0.031049	-0.040210
51904	0.456450	-0.027911	-0.039492
51905	0.455095	-0.027614	-0.039026
51906	0.456692	-0.026110	-0.038973
51907	0.457332	-0.025723	-0.038969
51908	0.456946	-0.026080	-0.038901
51909	0.458381	-0.027350	-0.038351
51910	0.457994	-0.027708	-0.038283
51911	0.456604	-0.029928	-0.037694
51912	0.456217	-0.030285	-0.037625
51913	0.453194	-0.029931	-0.037751
51914	0.449996	-0.029505	-0.037423
51915	0.447837	-0.028265	-0.037256
51916	0.444659	-0.026092	-0.036603
51917	0.440785	-0.024019	-0.036782
51918	0.438207	-0.022902	-0.035225
51919	0.433474	-0.019758	-0.034591
51920	0.432592	-0.020433	-0.032873
51921	0.433455	-0.019901	-0.033620
51922	0.431145	-0.016877	-0.032563
51923	0.432854	-0.016269	-0.032465
51924	0.433336	-0.015774	-0.031992
51925	0.432831	-0.014459	-0.030200
51926	0.432571	-0.014442	-0.027253
51927	0.432840	-0.013719	-0.028925
51928	0.429788	-0.011172	-0.025393
51929	0.429529	-0.011553	-0.025363
51930	0.428936	-0.008574	-0.023821
51931	0.428661	-0.008055	-0.023241
51932	0.429123	-0.009308	-0.023092
51933	0.430849	-0.009537	-0.023364
51934	0.433047	-0.009087	-0.022406
51935	0.435033	-0.008363	-0.023646
51936	0.433551	-0.007983	-0.022833
51937	0.433907	-0.007635	-0.021447
51938	0.429367	-0.006632	-0.019550
51939	0.426277	-0.004452	-0.018373
51940	0.421984	-0.003289	-0.017301
51941	0.419775	-0.000385	-0.016206
51942	0.416113	0.002344	-0.013743
51943	0.410905	0.006845	-0.011677
51944	0.407233	0.008700	-0.009376
51945	0.404212	0.010786	-0.009266
51946	0.401656	0.013652	-0.007386
51947	0.399173	0.014765	-0.005274
51948	0.396854	0.016916	-0.004381
51949	0.397293	0.019837	-0.002945
51950	0.397806	0.022954	-0.001987
51951	0.400941	0.026340	-0.003695
51952	0.403534	0.029071	-0.000359
51953	0.407745	0.030927	-0.002674
51954	0.409136	0.035769	-0.001149
51955	0.410679	0.038820	-0.000542
51956	0.410344	0.042833	0.000336
51957	0.409695	0.047433	0.002967
51958	0.408769	0.053374	0.003100
51959	0.409098	0.056264	0.005268
51960	0.408152	0.060458	0.005078
51961	0.407419	0.065103	0.008372
51962	0.405938	0.065484	0.009184
51963	0.404533	0.068505	0.011338
51964	0.401603	0.070838	0.011163
51965	0.399448	0.072033	0.011277
51966	0.396252	0.072459	0.011603
51967	0.392117	0.072627	0.012126
51968	0.390015	0.072315	0.011708
51969	0.389285	0.073294	0.013512
51970	0.389748	0.072042	0.013661
51971	0.390606	0.069989	0.012501
51972	0.391068	0.068736	0.012650
51973	0.390859	0.068179	0.011777
51974	0.388155	0.068922	0.010454
51975	0.386790	0.068399	0.010814
51976	0.383701	0.067452	0.013695
51977	0.381699	0.065395	0.013026
51978	0.381323	0.065913	0.013255
51979	0.381686	0.064508	0.014188
51980	0.381280	0.062404	0.013932
51981	0.379343	0.062033	0.013022
51982	0.379579	0.062369	0.014319
51983	0.378748	0.063952	0.013610
51984	0.378363	0.063595	0.013678
51985	0.376501	0.065397	0.016861
51986	0.372456	0.066719	0.017106
51987	0.370289	0.068742	0.017639
51988	0.369076	0.071030	0.017949
51989	0.369091	0.072461	0.017352
51990	0.369348	0.074545	0.018972
51991	0.370208	0.075984	0.018652
51992	0.372654	0.076593	0.018785
51993	0.376383	0.078167	0.018255
51994	0.377724	0.078640	0.018970
51995	0.378301	0.079962	0.019770
51996	0.377936	0.081353	0.020161
51997	0.377453	0.080823	0.020553
51998	0.375361	0.081385	0.020297
51999	0.370213	0.080864	0.023843
52000	0.368220	0.079180	0.025981
52001	0.363412	0.079670	0.026631
52002	0.360807	0.078167	0.027701
52003	0.357733	0.076822	0.027866
52004	0.355108	0.073571	0.028614
52005	0.351786	0.071036	0.028498
52006	0.347809	0.067491	0.030653
52007	0.342990	0.066972	0.030402
52008	0.339773	0.065649	0.030405
52009	0.334949	0.062633	0.029661
52010	0.332590	0.061288	0.029906
52011	0.330635	0.059060	0.028362
52012	0.329135	0.057693	0.028850
52013	0.329975	0.055565	0.027381
52014	0.329826	0.054493	0.026463
52015	0.331277	0.051268	0.025792
52016	0.335271	0.047960	0.022886
52017	0.339995	0.047043	0.021728
52018	0.344641	0.047051	0.020534
52019	0.347179	0.046953	0.020801
52020	0.349506	0.048059	0.018215
52021	0.351688	0.050935	0.017747
52022	0.351579	0.053358	0.017474
52023	0.352339	0.056337	0.014932
52024	0.351864	0.059099	0.012766
52025	0.353876	0.064133	0.012032
52026	0.354871	0.066693	0.011176
52027	0.354117	0.070600	0.009784
52028	0.352064	0.074657	0.010171
52029	0.349274	0.080390	0.010682
52030	0.344912	0.086417	0.009838
52031	0.343599	0.091140	0.011498
52032	0.341064	0.095754	0.013696
52033	0.335180	0.100318	0.014914
52034	0.329823	0.104839	0.017207
52035	0.325604	0.108707	0.019663
52036	0.317199	0.114726	0.023198
52037	0.305475	0.119038	0.025207
52038	0.291684	0.125903	0.028266
52039	0.274717	0.131442	0.032884
52040	0.254177	0.137986	0.036711
52041	0.229978	0.144561	0.044037
52042	0.204140	0.148838	0.049621
52043	0.176577	0.152829	0.054391
52044	0.150718	0.155361	0.059652
52045	0.125655	0.155926	0.065448
52046	0.103671	0.154317	0.069235
52047	0.083818	0.150125	0.071735
52048	0.067683	0.145362	0.073872
52049	0.055619	0.135463	0.073834
52050	0.044496	0.129314	0.074398
52051	0.037524	0.121383	0.072516
52052	0.033623	0.114118	0.070341
52053	0.032566	0.110012	0.067813
52054	0.031916	0.107753	0.068388
52055	0.032811	0.105660	0.067150
52056	0.034075	0.110124	0.065777
52057	0.039405	0.114873	0.064148
52058	0.045515	0.124791	0.063293
52059	0.056554	0.136602	0.062647
52060	0.069423	0.147715	0.061181
52061	0.081139	0.158421	0.060278
52062	0.092646	0.168368	0.060065
52063	0.102558	0.174585	0.057951
52064	0.111674	0.179506	0.055230
52065	0.119968	0.183629	0.054719
52066	0.124062	0.189060	0.053415
52067	0.122210	0.194720	0.053485
52068	0.113194	0.200920	0.055931
52069	0.098759	0.208469	0.057551
52070	0.080446	0.217033	0.060507
52071	0.060721	0.224925	0.064667
52072	0.043011	0.232439	0.068528
52073	0.029046	0.241240	0.071567
52074	0.012430	0.248016	0.074684
52075	-0.002480	0.255230	0.078317
52076	-0.016762	0.261790	0.082987
52077	-0.031336	0.265325	0.088281
52078	-0.043695	0.268502	0.091979
52079	-0.047697	0.263643	0.093899
52080	-0.049703	0.260220	0.095722
52081	-0.046487	0.251332	0.097811
52082	-0.041852	0.237483	0.103394
52083	-0.037474	0.215146	0.104682
52084	-0.034058	0.181691	0.103666
52085	-0.025602	0.138994	0.101480
52086	-0.010321	0.081401	0.095887
52087	0.003348	-0.008513	0.081671
52088	0.024120	-0.134079	0.058125
52089	0.041910	-0.302622	0.010497
52090	0.074391	-0.529182	-0.052870
52091	0.115192	-0.843523	-0.113837
52092	0.147522	-1.264351	-0.155069
52093	0.161517	-1.810524	-0.183525
52094	0.177528	-2.498071	-0.180836
52095	0.178716	-3.349716	-0.175672
52096	0.154160	-4.434329	-0.252452
52097	0.142012	-5.888394	-0.586184
52098	0.073443	-7.698546	-1.057141
52099	-0.110381	-9.627312	-1.393165
52100	-0.277288	-11.499401	-1.359858
52101	-0.264808	-13.375462	-0.911737
52102	-0.179737	-15.370856	0.186701
52103	-1.073404	-17.103717	1.989974
52104	-2.618887	-18.388776	4.448434
52105	-3.800448	-19.543355	7.191281
52106	-4.841084	-20.914968	9.355476
52107	-5.660805	-22.225450	10.498323
52108	-5.915209	-23.150296	10.700940
52109	-5.559948	-23.741914	10.084579
52110	-4.832271	-24.230267	8.801926
52111	-3.943929	-24.731787	7.233790
52112	-3.064797	-25.248367	5.843389
52113	-2.383093	-25.833754	4.925067
52114	-2.048809	-26.583818	4.548598
52115	-2.080489	-27.490580	4.674994
52116	-2.370434	-28.450509	5.190138
52117	-2.767604	-29.386955	5.861524
52118	-3.107548	-30.242511	6.422408
52119	-3.247293	-30.947352	6.707522
52120	-3.102673	-31.461962	6.650258
52121	-2.646789	-31.768790	6.230872
52122	-1.895135	-31.897717	5.489322
52123	-0.893892	-31.882586	4.500108
52124	0.281565	-31.736323	3.350689
52125	1.570301	-31.451393	2.122428
52126	2.917033	-31.054721	0.895735
52127	4.256391	-30.587882	-0.290657
52128	5.553140	-30.047229	-1.405308
52129	6.792304	-29.409601	-2.432247
52130	7.980191	-28.670996	-3.406346
52131	9.145948	-27.839608	-4.373408
52132	10.284188	-26.905518	-5.368372
52133	11.409131	-25.834076	-6.408722
52134	12.524231	-24.620344	-7.463483
52135	13.601700	-23.288877	-8.514562
52136	14.601943	-21.853276	-9.549317
52137	15.537274	-20.360482	-10.494435
52138	16.370021	-18.864645	-11.317608
52139	17.065929	-17.431449	-11.972881
52140	17.589820	-16.117399	-12.407594
52141	17.935883	-14.944671	-12.616804
52142	18.116396	-13.914755	-12.627271
52143	18.159920	-13.007148	-12.491785
52144	18.114198	-12.178122	-12.251750
52145	18.013195	-11.375806	-11.920491
52146	17.854627	-10.607615	-11.520383
52147	17.638166	-9.871069	-11.114543
52148	17.399870	-9.139997	-10.753533
52149	17.198175	-8.405085	-10.448224
52150	17.018240	-7.658392	-10.216548
52151	16.851520	-6.924803	-10.053233
52152	16.696313	-6.234863	-9.958903
52153	16.531650	-5.587249	-9.944794
52154	16.372945	-5.009820	-9.996323
52155	16.199918	-4.536720	-10.083140
52156	15.445764	-3.694482	-10.239987
52157	14.358186	-2.936570	-10.271903
52158	13.586644	-2.056108	-10.394045
52159	12.826641	-0.960339	-10.836218
52160	12.360187	0.020811	-11.222570
52161	12.030541	0.645315	-11.280941
52162	11.573294	0.910703	-11.281291
52163	11.163067	0.844900	-11.370848
52164	10.980831	0.568383	-11.445839
52165	10.982163	0.214346	-11.603990
52166	10.943083	-0.130070	-11.917958
52167	10.726209	-0.398508	-12.483608
52168	10.564627	-0.572047	-13.154803
52169	10.386664	-0.657363	-13.908831
52170	10.213073	-0.647462	-14.712770
52171	10.099015	-0.606212	-15.424340
52172	10.030039	-0.570657	-15.971858
52173	9.916783	-0.545426	-16.350611
52174	9.719683	-0.519541	-16.597543
52175	9.431150	-0.490798	-16.711980
52176	9.050031	-0.448295	-16.749005
52177	8.609424	-0.354420	-16.795490
52178	8.193124	-0.209513	-16.860229
52179	7.834862	-0.050908	-16.924290
52180	7.555154	0.095462	-17.019818
52181	7.335405	0.194589	-17.137664
52182	7.142976	0.247465	-17.258170
52183	6.987337	0.258522	-17.403762
52184	6.847585	0.250287	-17.556344
52185	6.685174	0.246327	-17.715314
52186	6.488032	0.281571	-17.862671
52187	6.256109	0.349183	-17.962988
52188	6.000847	0.439841	-18.008688
52189	5.789993	0.529876	-18.010737
52190	5.631027	0.580562	-17.964531
52191	5.487121	0.589513	-17.886605
52192	5.356767	0.561209	-17.803120
52193	5.216479	0.504372	-17.714862
52194	5.047264	0.451561	-17.619817
52195	4.848008	0.405336	-17.513884
52196	4.623523	0.359686	-17.407717
52197	4.381526	0.305194	-17.298992
52198	4.129678	0.247882	-17.191577
52199	3.863153	0.193944	-17.074875
52200	3.574590	0.154785	-16.946064
52201	3.282114	0.123301	-16.815468
52202	2.984156	0.095226	-16.679925
52203	2.671836	0.064746	-16.542255
52204	2.335425	0.021485	-16.398119
52205	1.963360	-0.025466	-16.248270
52206	1.575841	-0.083436	-16.108677
52207	1.177835	-0.167406	-15.979474
52208	0.758867	-0.260690	-15.843516
52209	0.314917	-0.363667	-15.702754
52210	-0.162000	-0.472860	-15.574973
52211	-0.685519	-0.583473	-15.447735
52212	-1.255276	-0.682108	-15.317138
52213	-1.849909	-0.756413	-15.181999
52214	-2.434392	-0.805824	-15.042824
52215	-2.957247	-0.842360	-14.898481
52216	-3.355571	-0.915413	-14.751298
52217	-3.563996	-1.064518	-14.560281
52218	-3.536547	-1.300104	-14.288072
52219	-3.335423	-1.564764	-13.970207
52220	-3.102605	-1.801360	-13.666550
52221	-2.908537	-2.018527	-13.379462
52222	-2.737860	-2.209546	-13.159256
52223	-2.601951	-2.367950	-12.974984
52224	-2.473708	-2.485370	-12.848954
52225	-2.317285	-2.569978	-12.817366
52226	-2.117971	-2.617973	-12.868657
52227	-1.877918	-2.639353	-12.944956
52228	-1.617459	-2.627865	-13.043465
52229	-1.364011	-2.574332	-13.109339
52230	-1.210863	-2.499369	-13.098712
52231	-1.154953	-2.429794	-13.041241
52232	-1.142263	-2.394630	-12.965058
52233	-1.151900	-2.378013	-12.872083
52234	-1.171867	-2.371758	-12.780029
52235	-1.179074	-2.373604	-12.695751
52236	-1.181310	-2.397277	-12.625730
52237	-1.202700	-2.430540	-12.558588
52238	-1.224114	-2.460413	-12.495398
52239	-1.218727	-2.488312	-12.445647
52240	-1.201396	-2.516315	-12.408762
52241	-1.191497	-2.551427	-12.374167
52242	-1.162437	-2.586714	-12.351641
52243	-1.102732	-2.606822	-12.341823
52244	-1.032406	-2.625265	-12.333755
52245	-0.957801	-2.650298	-12.320418
52246	-0.927160	-2.757830	-12.309324
52247	-0.946900	-2.951616	-12.336133
52248	-0.978892	-3.156107	-12.382867
52249	-1.014823	-3.370741	-12.439939
52250	-1.077762	-3.593134	-12.526265
52251	-1.180686	-3.849751	-12.624887
52252	-1.323660	-4.094907	-12.722680
52253	-1.496043	-4.345795	-12.831530
52254	-1.680140	-4.557644	-12.945863
52255	-1.887192	-4.709178	-13.019378
52256	-2.085913	-4.811282	-13.044583
52257	-2.302109	-4.869143	-13.036884
52258	-2.546805	-4.897621	-13.003700
52259	-2.829385	-4.891734	-12.945477
52260	-3.129353	-4.845691	-12.867118
52261	-3.451577	-4.760889	-12.779702
52262	-3.818337	-4.628994	-12.669572
52263	-4.246130	-4.448003	-12.537255
52264	-4.687599	-4.211789	-12.413469
52265	-5.112010	-3.940028	-12.309971
52266	-5.528239	-3.671436	-12.224016
52267	-5.954016	-3.433669	-12.155762
52268	-6.417117	-3.223611	-12.063837
52269	-6.934606	-3.034846	-11.936793
52270	-7.535433	-2.857197	-11.782904
52271	-8.269418	-2.690755	-11.640562
52272	-9.117054	-2.571317	-11.501410
52273	-10.074309	-2.481461	-11.379390
52274	-11.120469	-2.423964	-11.316491
52275	-12.214923	-2.442570	-11.285255
52276	-13.199385	-2.531885	-11.150718
52277	-13.563207	-2.713063	-10.575357
52278	-13.583204	-3.178358	-9.468939
52279	-13.357094	-3.790050	-8.110379
52280	-13.093588	-4.395457	-6.870158
52281	-12.904350	-4.905632	-6.039652
52282	-12.348617	-5.305795	-5.684056
52283	-11.180362	-5.445166	-6.001276
52284	-9.888140	-5.049297	-7.022789
52285	-8.640516	-4.280929	-8.559762
52286	-7.347974	-3.337066	-10.171001
52287	-6.101053	-2.358210	-11.561109
52288	-5.138997	-1.503142	-12.610387
52289	-4.492114	-0.988306	-13.200221
52290	-4.022856	-1.025575	-13.232974
52291	-3.698674	-1.544003	-12.773768
52292	-3.537777	-2.427740	-12.014850
52293	-3.396007	-3.522610	-11.109895
52294	-3.280077	-4.623304	-10.283882
52295	-2.409070	-3.953190	-10.309369
52296	-2.838265	-3.399524	-10.884205
52297	-2.734680	-2.800220	-10.905476
52298	-2.510216	-2.179940	-10.703359
52299	-1.900733	-1.794536	-10.690767
52300	-1.362368	-1.525410	-10.751704
52301	-1.117877	-1.374233	-10.807735
52302	-1.203177	-1.307127	-10.854226
52303	-1.457515	-1.339834	-10.887543
52304	-1.725663	-1.418486	-10.943050
52305	-1.920144	-1.499327	-11.022371
52306	-2.011579	-1.572118	-11.099613
52307	-2.022004	-1.599453	-11.143174
52308	-1.956575	-1.578616	-11.162208
52309	-1.824743	-1.507341	-11.163173
52310	-1.623029	-1.401444	-11.146087
52311	-1.399756	-1.278733	-11.108776
52312	-1.240321	-1.177977	-11.058440
52313	-1.158229	-1.104883	-10.999861
52314	-1.140669	-1.064837	-10.944885
52315	-1.137672	-1.043185	-10.895376
52316	-1.159953	-1.042616	-10.859262
52317	-1.218098	-1.058706	-10.839311
52318	-1.291125	-1.081669	-10.821745
52319	-1.337288	-1.109552	-10.810173
52320	-1.345536	-1.144536	-10.804031
52321	-1.333949	-1.187469	-10.801683
52322	-1.320614	-1.238016	-10.801294
52323	-1.327224	-1.291914	-10.795578
52324	-1.346825	-1.350699	-10.785813
52325	-1.371216	-1.418054	-10.777958
52326	-1.431687	-1.504356	-10.794902
52327	-1.537797	-1.600230	-10.823305
52328	-1.668391	-1.691535	-10.854096
52329	-1.809147	-1.785708	-10.887786
52330	-1.961416	-1.870945	-10.917850
52331	-2.128701	-1.931659	-10.930280
52332	-2.298675	-1.985232	-10.924339
52333	-2.474889	-2.010451	-10.906333
52334	-2.665540	-2.021844	-10.875515
52335	-2.885081	-2.027354	-10.835183
52336	-3.067726	-2.072456	-10.809236
52337	-3.150082	-2.163750	-10.826299
52338	-3.132175	-2.268568	-10.857675
52339	-3.053003	-2.352822	-10.862018
52340	-2.921978	-2.398339	-10.834796
52341	-2.759938	-2.384955	-10.770939
52342	-2.599950	-2.336026	-10.690954
52343	-2.459981	-2.267990	-10.604899
52344	-2.363463	-2.205574	-10.531458
52345	-2.315012	-2.157128	-10.473374
52346	-2.325285	-2.123038	-10.422394
52347	-2.365315	-2.102465	-10.385955
52348	-2.415453	-2.088489	-10.368961
52349	-2.461362	-2.074759	-10.360212
52350	-2.501259	-2.056251	-10.353718
52351	-2.529408	-2.023166	-10.350902
52352	-2.548597	-1.977943	-10.341820
52353	-2.555425	-1.927935	-10.317714
52354	-2.522192	-1.882965	-10.300129
52355	-2.445458	-1.837866	-10.285363
52356	-2.344708	-1.783369	-10.271080
52357	-2.236041	-1.728224	-10.255484
52358	-2.128629	-1.675683	-10.241523
52359	-2.029964	-1.634633	-10.231785
52360	-1.946131	-1.604977	-10.230649
52361	-1.878408	-1.609533	-10.264830
52362	-1.812261	-1.653759	-10.352093
52363	-1.771169	-1.708429	-10.444953
52364	-1.762358	-1.772603	-10.530297
52365	-1.774798	-1.821158	-10.597757
52366	-1.803200	-1.859439	-10.648842
52367	-1.838948	-1.877137	-10.679411
52368	-1.881980	-1.873526	-10.693039
52369	-1.927414	-1.856322	-10.696416
52370	-1.972168	-1.828472	-10.690269
52371	-2.018578	-1.793026	-10.675764
52372	-2.046883	-1.754003	-10.663452
52373	-2.049434	-1.713359	-10.647127
52374	-2.024696	-1.667607	-10.629422
52375	-1.974345	-1.615709	-10.607755
52376	-1.913261	-1.561697	-10.584780
52377	-1.843462	-1.506574	-10.556547
52378	-1.777764	-1.452156	-10.526668
52379	-1.724078	-1.401691	-10.493145
52380	-1.681551	-1.356308	-10.458784
52381	-1.646401	-1.312444	-10.421024
52382	-1.617160	-1.277199	-10.391002
52383	-1.591613	-1.246125	-10.367306
52384	-1.568605	-1.216602	-10.340860
52385	-1.546561	-1.195040	-10.323527
52386	-1.525571	-1.175877	-10.308765
52387	-1.502535	-1.156860	-10.298102
52388	-1.480555	-1.140238	-10.290010
52389	-1.459516	-1.122893	-10.282009
52390	-1.443607	-1.112338	-10.274776
52391	-1.429898	-1.103140	-10.272969
52392	-1.421903	-1.099278	-10.269965
52393	-1.414471	-1.098537	-10.271381
52394	-1.409749	-1.096171	-10.273196
52395	-1.403539	-1.093891	-10.273712
52396	-1.397889	-1.092334	-10.275440
52397	-1.398383	-1.090995	-10.275097
52398	-1.404588	-1.089956	-10.270757
52399	-1.414140	-1.091566	-10.264088
52400	-1.416226	-1.089796	-10.261315
52401	-1.414709	-1.081762	-10.255495
52402	-1.433251	-1.100576	-10.268251
52403	-1.458403	-1.138960	-10.302088
52404	-1.478863	-1.168467	-10.330265
52405	-1.492945	-1.191883	-10.351944
52406	-1.497454	-1.207511	-10.368770
52407	-1.487837	-1.214452	-10.384007
52408	-1.479591	-1.215772	-10.394851
52409	-1.466480	-1.210974	-10.400511
52410	-1.454227	-1.201130	-10.403595
52411	-1.433987	-1.187787	-10.405798
52412	-1.412296	-1.170717	-10.406923
52413	-1.393939	-1.148466	-10.403294
52414	-1.387621	-1.121254	-10.393518
52415	-1.394192	-1.094336	-10.380659
52416	-1.407058	-1.073556	-10.367830
52417	-1.413294	-1.058852	-10.358137
52418	-1.419511	-1.050527	-10.347807
52419	-1.419990	-1.051128	-10.340453
52420	-1.415084	-1.056133	-10.335313
52421	-1.408237	-1.065944	-10.333348
52422	-1.396584	-1.078713	-10.331631
52423	-1.380526	-1.091529	-10.332476
52424	-1.364396	-1.105171	-10.333468
52425	-1.347256	-1.117767	-10.334922
52426	-1.338015	-1.126929	-10.334998
52427	-1.336989	-1.134829	-10.332334
52428	-1.338773	-1.143031	-10.329532
52429	-1.341705	-1.150636	-10.325986
52430	-1.344489	-1.157150	-10.323119
52431	-1.351274	-1.159762	-10.319615
52432	-1.358137	-1.161433	-10.315953
52433	-1.366711	-1.163307	-10.312769
52434	-1.372400	-1.162847	-10.310246
52435	-1.374118	-1.162749	-10.308614
52436	-1.373174	-1.160468	-10.306806
52437	-1.373152	-1.157445	-10.305092
52438	-1.377460	-1.152451	-10.301353
52439	-1.387666	-1.147521	-10.296375
52440	-1.397951	-1.141640	-10.291241
52441	-1.404761	-1.137801	-10.288366
52442	-1.410222	-1.132148	-10.283880
52443	-1.410264	-1.128246	-10.282018
52444	-1.410609	-1.123549	-10.279163
52445	-1.409566	-1.119424	-10.277902
52446	-1.408259	-1.118749	-10.277229
52447	-1.409684	-1.119375	-10.276582
52448	-1.404888	-1.127129	-10.277530
52449	-1.398364	-1.134798	-10.278015
52450	-1.389313	-1.143577	-10.280831
52451	-1.384219	-1.152112	-10.282774
52452	-1.383161	-1.159416	-10.283679
52453	-1.384815	-1.165226	-10.284996
52454	-1.387923	-1.169596	-10.284571
52455	-1.393103	-1.172558	-10.283488
52456	-1.401376	-1.172305	-10.281668
52457	-1.409362	-1.175627	-10.280452
52458	-1.417813	-1.179192	-10.277556
52459	-1.422354	-1.182235	-10.275401
52460	-1.425893	-1.184119	-10.273691
52461	-1.428402	-1.184961	-10.272441
52462	-1.428114	-1.185385	-10.271316
52463	-1.429809	-1.182493	-10.270073
52464	-1.425832	-1.179699	-10.269236
52465	-1.421707	-1.178724	-10.268704
52466	-1.414765	-1.174541	-10.268687
52467	-1.411843	-1.169243	-10.267645
52468	-1.410290	-1.160588	-10.265399
52469	-1.410513	-1.151259	-10.263480
52470	-1.412834	-1.140397	-10.260890
52471	-1.416224	-1.129822	-10.257706
52472	-1.422005	-1.116987	-10.252868
52473	-1.429353	-1.106113	-10.248806
52474	-1.433931	-1.097602	-10.244478
52475	-1.432158	-1.091645	-10.242685
52476	-1.428695	-1.088276	-10.240025
52477	-1.426515	-1.087587	-10.239123
52478	-1.423233	-1.093076	-10.238184
52479	-1.421371	-1.099483	-10.238707
52480	-1.418746	-1.107678	-10.238450
52481	-1.413371	-1.114683	-10.238182
52482	-1.408127	-1.122134	-10.240800
52483	-1.404025	-1.128976	-10.242676
52484	-1.400295	-1.134163	-10.243412
52485	-1.399273	-1.137852	-10.244561
52486	-1.400710	-1.143455	-10.246707
52487	-1.403409	-1.153987	-10.253801
52488	-1.408014	-1.166477	-10.267291
52489	-1.409416	-1.177475	-10.282444
52490	-1.416056	-1.196101	-10.311460
52491	-1.426270	-1.224229	-10.353344
52492	-1.434582	-1.248362	-10.395830
52493	-1.441108	-1.265993	-10.432012
52494	-1.445860	-1.274230	-10.462270
52495	-1.448524	-1.280889	-10.483388
52496	-1.449000	-1.275585	-10.497064
52497	-1.451700	-1.264018	-10.499970
52498	-1.458555	-1.243045	-10.495696
52499	-1.472975	-1.215865	-10.484810
52500	-1.495680	-1.193732	-10.477009
52501	-1.519218	-1.166694	-10.466666
52502	-1.544045	-1.138578	-10.451848
52503	-1.563405	-1.109418	-10.440060
52504	-1.574281	-1.084165	-10.424986
52505	-1.583227	-1.065102	-10.416122
52506	-1.600245	-1.050941	-10.411183
52507	-1.620414	-1.038379	-10.404599
52508	-1.638046	-1.028329	-10.396911
52509	-1.656946	-1.018698	-10.387795
52510	-1.667766	-1.015025	-10.380472
52511	-1.666776	-1.019746	-10.374446
52512	-1.660736	-1.020863	-10.363670
52513	-1.653230	-1.036271	-10.359808
52514	-1.635537	-1.068373	-10.357365
52515	-1.630704	-1.107993	-10.357814
52516	-1.634054	-1.152234	-10.358460
52517	-1.650460	-1.211446	-10.367113
52518	-1.678447	-1.285159	-10.386033
52519	-1.720344	-1.375861	-10.406121
52520	-1.784806	-1.484909	-10.419610
52521	-1.894554	-1.641650	-10.431158
52522	-2.054861	-1.862413	-10.440144
52523	-2.313182	-2.246182	-10.535931
52524	-2.632537	-2.973145	-10.831796
52525	-3.040064	-3.999844	-11.271132
52526	-3.601474	-5.206377	-11.681933
52527	-4.161909	-6.396843	-11.882697
52528	-4.686725	-7.686902	-11.992870
52529	-5.161083	-9.078696	-11.999930
52530	-5.528428	-10.535178	-11.856233
52531	-5.677004	-12.059340	-11.453002
52532	-5.878808	-13.638854	-10.954169
52533	-6.717343	-15.204438	-10.558081
52534	-7.893966	-16.794787	-9.801647
52535	-9.207787	-18.567484	-8.348185
52536	-10.270495	-20.556734	-6.359032
52537	-11.206434	-22.598852	-4.597324
52538	-12.134913	-24.617943	-3.582477
52539	-12.677213	-26.514961	-3.245449
52540	-12.680402	-28.292130	-3.389551
52541	-12.363199	-29.968932	-3.911088
52542	-11.948654	-31.563096	-4.593225
52543	-11.552774	-33.113287	-5.102837
52544	-11.316212	-34.650147	-5.218466
52545	-11.336275	-36.172968	-4.929359
52546	-11.599460	-37.673527	-4.320297
52547	-12.021906	-39.112739	-3.517371
52548	-12.478465	-40.442310	-2.658886
52549	-12.835923	-41.629787	-1.879097
52550	-13.002358	-42.665270	-1.333907
52551	-12.919509	-43.555633	-1.079876
52552	-12.567035	-44.299754	-1.091026
52553	-11.952359	-44.878381	-1.353528
52554	-11.070803	-45.271236	-1.862571
52555	-9.894633	-45.478655	-2.640947
52556	-8.407423	-45.512037	-3.725476
52557	-6.605339	-45.352302	-5.145128
52558	-4.547655	-44.987068	-6.856316
52559	-2.294683	-44.399855	-8.764475
52560	0.059996	-43.602574	-10.746221
52561	2.384000	-42.620506	-12.682264
52562	4.573924	-41.476182	-14.464614
52563	6.583575	-40.195512	-16.054463
52564	8.415925	-38.795308	-17.521572
52565	10.115955	-37.262068	-18.901019
52566	11.708179	-35.628016	-20.098261
52567	13.144259	-33.946719	-21.054127
52568	14.343546	-32.252744	-21.753724
52569	15.321006	-30.566529	-22.231207
52570	16.138796	-28.888196	-22.564038
52571	16.884813	-27.201104	-22.796194
52572	17.579426	-25.522263	-22.875794
52573	18.185673	-23.903764	-22.760681
52574	18.634640	-22.392949	-22.471483
52575	18.919660	-20.995549	-22.018141
52576	19.083685	-19.735275	-21.414120
52577	19.165743	-18.594387	-20.698775
52578	19.176713	-17.565812	-19.853366
52579	19.101156	-16.661452	-18.865631
52580	18.911992	-15.888445	-17.778942
52581	18.614078	-15.176635	-16.697260
52582	18.316055	-14.474900	-15.691220
52583	18.099750	-13.783567	-14.782355
52584	17.916029	-13.098546	-13.985999
52585	17.716739	-12.439734	-13.301744
52586	17.435599	-11.855828	-12.701382
52587	17.035868	-11.382445	-12.134192
52588	16.487953	-11.064043	-11.528162
52589	15.749918	-10.937187	-10.849673
52590	14.825524	-11.005396	-10.072626
52591	13.793761	-11.090274	-9.225625
52592	13.367036	-10.015111	-9.353625
52593	13.347607	-8.390270	-10.400892
52594	12.551625	-7.265081	-11.016992
52595	12.092630	-6.137757	-11.462866
52596	11.713778	-5.182834	-11.895907
52597	11.342811	-4.395918	-12.353906
52598	11.239555	-3.747836	-12.665012
52599	11.097060	-3.356636	-12.894927
52600	10.891329	-3.123167	-13.171745
52601	10.706643	-3.046348	-13.406137
52602	10.514092	-3.078902	-13.659367
52603	10.330618	-3.146786	-13.924941
52604	10.150595	-3.232989	-14.163719
52605	9.956383	-3.319766	-14.396970
52606	9.775243	-3.371768	-14.654340
52607	9.585928	-3.397768	-14.912880
52608	9.436186	-3.362577	-15.160689
52609	9.314646	-3.278449	-15.396504
52610	9.215371	-3.144109	-15.634846
52611	9.148635	-2.946621	-15.881635
52612	9.076257	-2.708974	-16.132808
52613	9.029843	-2.421768	-16.381844
52614	8.996261	-2.122930	-16.612045
52615	8.977930	-1.832477	-16.797422
52616	8.961519	-1.588226	-16.910082
52617	8.883212	-1.453410	-16.904816
52618	8.732542	-1.411467	-16.875074
52619	8.561173	-1.448107	-16.847428
52620	8.429084	-1.520423	-16.835115
52621	8.351556	-1.599825	-16.851438
52622	8.302708	-1.692946	-16.868718
52623	8.260775	-1.782608	-16.892682
52624	8.157472	-1.861180	-16.948711
52625	8.036979	-1.913940	-17.008591
52626	7.914245	-1.939966	-17.056333
52627	7.772885	-1.925292	-17.096464
52628	7.610575	-1.863616	-17.128858
52629	7.431824	-1.760428	-17.169366
52630	7.242466	-1.619530	-17.212272
52631	7.046081	-1.441017	-17.260741
52632	6.846913	-1.240872	-17.313779
52633	6.655103	-1.035169	-17.359443
52634	6.457802	-0.842459	-17.392881
52635	6.272859	-0.660317	-17.425949
52636	6.111162	-0.497518	-17.445093
52637	5.994909	-0.365922	-17.442246
52638	5.892227	-0.291961	-17.417318
52639	5.797957	-0.255451	-17.388427
52640	5.699451	-0.238846	-17.351082
52641	5.572168	-0.228198	-17.300086
52642	5.413510	-0.223396	-17.232364
52643	5.234861	-0.225315	-17.152790
52644	5.058049	-0.233214	-17.067889
52645	4.879051	-0.243361	-16.977634
52646	4.692412	-0.265093	-16.875572
52647	4.519117	-0.299730	-16.775390
52648	4.383702	-0.326236	-16.667366
52649	4.270923	-0.339599	-16.529730
52650	4.156125	-0.354448	-16.354782
52651	4.053015	-0.360175	-16.153165
52652	3.980325	-0.333271	-15.924627
52653	3.942274	-0.283688	-15.668719
52654	3.924130	-0.229087	-15.397402
52655	3.928694	-0.175521	-15.131845
52656	3.933088	-0.120722	-14.854072
52657	3.945949	-0.056423	-14.557863
52658	3.947902	-0.010125	-14.278401
52659	3.916884	0.030086	-14.027664
52660	3.875567	0.095858	-13.827524
52661	3.834467	0.119504	-13.666557
52662	3.793746	0.094236	-13.532396
52663	3.747217	0.027135	-13.404270
52664	3.682895	-0.053242	-13.286764
52665	3.596804	-0.140756	-13.181156
52666	3.492792	-0.243875	-13.078266
52667	3.378923	-0.366928	-12.988058
52668	3.261976	-0.497453	-12.913232
52669	3.151345	-0.631741	-12.852273
52670	3.042267	-0.770639	-12.824338
52671	2.944045	-0.900632	-12.811736
52672	2.865073	-1.027277	-12.812839
52673	2.796606	-1.162169	-12.831632
52674	2.722856	-1.306291	-12.859383
52675	2.627881	-1.461124	-12.875164
52676	2.521134	-1.623932	-12.886213
52677	2.413111	-1.766954	-12.886164
52678	2.303363	-1.887063	-12.876403
52679	2.202491	-1.981438	-12.860173
52680	2.094535	-2.047425	-12.832563
52681	1.951610	-2.094996	-12.801719
52682	1.769615	-2.146002	-12.765291
52683	1.577327	-2.219102	-12.731514
52684	1.408024	-2.311571	-12.704618
52685	1.255398	-2.411162	-12.687093
52686	1.102668	-2.507209	-12.679739
52687	0.942045	-2.597695	-12.668178
52688	0.786957	-2.689683	-12.636772
52689	0.654407	-2.764136	-12.603414
52690	0.540686	-2.832769	-12.572536
52691	0.460264	-2.930185	-12.550884
52692	0.374125	-3.012365	-12.537463
52693	0.298690	-3.141877	-12.528606
52694	0.176534	-3.321555	-12.551400
52695	0.041610	-3.533329	-12.598436
52696	-0.075566	-3.738765	-12.672206
52697	-0.188323	-3.962098	-12.770680
52698	-0.338739	-4.166946	-12.877275
52699	-0.510715	-4.354538	-12.968832
52700	-0.653083	-4.499589	-13.041733
52701	-0.753690	-4.604252	-13.119073
52702	-0.815834	-4.671464	-13.176339
52703	-0.867008	-4.686732	-13.220449
52704	-0.893183	-4.642077	-13.265442
52705	-0.914711	-4.564653	-13.298014
52706	-0.960306	-4.477944	-13.303387
52707	-1.052955	-4.382369	-13.298005
52708	-1.184160	-4.302676	-13.277715
52709	-1.366324	-4.239715	-13.238059
52710	-1.571627	-4.187011	-13.180818
52711	-1.732068	-4.140573	-13.130704
52712	-1.817040	-4.093132	-13.080136
52713	-1.831304	-4.034666	-13.007698
52714	-1.792236	-3.981543	-12.926935
52715	-1.762565	-3.993673	-12.875834
52716	-1.782767	-4.089458	-12.889582
52717	-1.777790	-4.197846	-12.905586
52718	-1.792838	-4.299250	-12.920165
52719	-1.822725	-4.396665	-12.926099
52720	-1.870971	-4.491081	-12.926253
52721	-1.926090	-4.572965	-12.917976
52722	-1.992560	-4.635562	-12.914964
52723	-2.066377	-4.663301	-12.899351
52724	-2.159871	-4.649618	-12.870871
52725	-2.281913	-4.583978	-12.829614
52726	-2.424967	-4.456514	-12.771383
52727	-2.572895	-4.271095	-12.700114
52728	-2.678044	-4.061397	-12.633764
52729	-2.704161	-3.857892	-12.589816
52730	-2.641720	-3.676945	-12.563056
52731	-2.520295	-3.506632	-12.553051
52732	-2.351854	-3.337532	-12.544916
52733	-2.162447	-3.158969	-12.524881
52734	-1.981208	-2.980676	-12.491508
52735	-1.839198	-2.815968	-12.448224
52736	-1.746851	-2.665038	-12.389564
52737	-1.701714	-2.531473	-12.327816
52738	-1.696169	-2.426514	-12.264473
52739	-1.719067	-2.343414	-12.204844
52740	-1.742682	-2.272888	-12.153427
52741	-1.753056	-2.224225	-12.115930
52742	-1.748050	-2.170251	-12.081092
52743	-1.739009	-2.134242	-12.057918
52744	-1.729794	-2.107437	-12.040177
52745	-1.736854	-2.084625	-12.023470
52746	-1.754483	-2.065359	-12.004516
52747	-1.781949	-2.043587	-11.987495
52748	-1.837752	-2.062872	-11.998200
52749	-1.905272	-2.082287	-12.013621
52750	-1.971760	-2.092158	-12.024210
52751	-2.025232	-2.092288	-12.033444
52752	-2.061457	-2.077023	-12.043889
52753	-2.089230	-2.049817	-12.053703
52754	-2.091957	-2.011970	-12.061864
52755	-2.071736	-1.961210	-12.068392
52756	-2.037881	-1.900183	-12.068712
52757	-1.996663	-1.840530	-12.065558
52758	-1.950092	-1.783920	-12.060717
52759	-1.899578	-1.743491	-12.054184
52760	-1.847561	-1.717948	-12.050093
52761	-1.784774	-1.698987	-12.047292
52762	-1.716843	-1.687459	-12.044639
52763	-1.644343	-1.684646	-12.040624
52764	-1.568362	-1.691739	-12.040444
52765	-1.490592	-1.707433	-12.042379
52766	-1.411191	-1.722569	-12.046630
52767	-1.339296	-1.740640	-12.050533
52768	-1.290497	-1.776858	-12.064674
52769	-1.324528	-1.927279	-12.202888
52770	-1.426434	-2.182894	-12.460550
52771	-1.622788	-2.584127	-12.787560
52772	-1.839885	-2.932580	-13.034363
52773	-2.010615	-3.170420	-13.198017
52774	-2.121999	-3.320021	-13.315603
52775	-2.177928	-3.408490	-13.405606
52776	-2.191646	-3.455636	-13.476048
52777	-2.173027	-3.478318	-13.528728
52778	-2.139955	-3.481684	-13.557707
52779	-2.093443	-3.468904	-13.575803
52780	-2.035015	-3.444759	-13.582475
52781	-1.968108	-3.419611	-13.580442
52782	-1.885157	-3.391771	-13.573235
52783	-1.778994	-3.356921	-13.558276
52784	-1.665304	-3.302444	-13.531182
52785	-1.551807	-3.217432	-13.480360
52786	-1.456798	-3.101460	-13.402568
52787	-1.382070	-2.968113	-13.301830
52788	-1.320035	-2.830745	-13.192076
52789	-1.265685	-2.698816	-13.079579
52790	-1.217173	-2.581780	-12.972311
52791	-1.182540	-2.484007	-12.867512
52792	-1.158519	-2.401278	-12.771033
52793	-1.146662	-2.336486	-12.683818
52794	-1.145725	-2.286799	-12.604118
52795	-1.146051	-2.250113	-12.537485
52796	-1.147636	-2.222143	-12.481234
52797	-1.147928	-2.200789	-12.435226
52798	-1.152736	-2.191129	-12.407449
52799	-1.157262	-2.182229	-12.380671
52800	-1.162512	-2.176522	-12.363966
52801	-1.164283	-2.169458	-12.353539
52802	-1.166525	-2.162648	-12.347918
52803	-1.173051	-2.161374	-12.352748
52804	-1.182149	-2.157530	-12.358639
52805	-1.189344	-2.147833	-12.359202
52806	-1.203500	-2.138434	-12.357835
52807	-1.220995	-2.133110	-12.357149
52808	-1.245536	-2.134699	-12.353073
52809	-1.280755	-2.140493	-12.343164
52810	-1.327187	-2.152612	-12.331680
52811	-1.385157	-2.163426	-12.308867
52812	-1.453855	-2.191425	-12.291073
52813	-1.527890	-2.234594	-12.274705
52814	-1.609918	-2.299273	-12.262511
52815	-1.706237	-2.391468	-12.250642
52816	-1.822564	-2.547203	-12.255553
52817	-1.917192	-2.784332	-12.257469
52818	-2.042064	-3.122338	-12.269500
52819	-2.226972	-3.684320	-12.395403
52820	-2.494307	-4.578940	-12.723398
52821	-2.877325	-5.714241	-13.092430
52822	-3.370917	-7.030832	-13.386715
52823	-3.934861	-8.418216	-13.571559
52824	-4.435143	-9.865232	-13.626799
52825	-4.737207	-11.409247	-13.473006
52826	-4.865480	-13.021652	-13.108495
52827	-5.073232	-14.642817	-12.729593
52828	-5.776924	-16.251084	-12.452692
52829	-7.100239	-17.888035	-11.925819
52830	-8.221751	-19.723542	-10.699994
52831	-8.675409	-21.529238	-9.107701
52832	-9.122646	-23.425916	-8.129822
52833	-9.412847	-25.305530	-8.098475
52834	-9.101059	-27.028229	-8.698455
52835	-8.336555	-28.609353	-9.716571
52836	-7.453938	-30.187300	-10.998101
52837	-6.640659	-31.834106	-12.101368
52838	-6.020556	-33.540542	-12.688947
52839	-5.730795	-35.318633	-12.713347
52840	-5.756669	-37.149694	-12.330428
52841	-5.961282	-38.966854	-11.712050
52842	-6.172549	-40.702233	-11.073520
52843	-6.275432	-42.280087	-10.568594
52844	-6.179888	-43.681998	-10.295568
52845	-5.820469	-44.905419	-10.273633
52846	-5.186657	-45.943381	-10.503022
52847	-4.270358	-46.785965	-10.987465
52848	-3.049644	-47.380206	-11.738713
52849	-1.501611	-47.690974	-12.793317
52850	0.380525	-47.722042	-14.175169
52851	2.538652	-47.506147	-15.819256
52852	4.871864	-47.058792	-17.598002
52853	7.258872	-46.354824	-19.412113
52854	9.625010	-45.378247	-21.254444
52855	11.961151	-44.118205	-23.144615
52856	14.260663	-42.589339	-25.014305
52857	16.453888	-40.788233	-26.775997
52858	18.447622	-38.764569	-28.353707
52859	20.193345	-36.588484	-29.727691
52860	21.651309	-34.314000	-30.885644
52861	22.825743	-31.969000	-31.770297
52862	23.712581	-29.664979	-32.291430
52863	24.260389	-27.481383	-32.473300
52864	24.438112	-25.446530	-32.375637
52865	24.328186	-23.564523	-32.011895
52866	24.018776	-21.805155	-31.452498
52867	23.593039	-20.120054	-30.808634
52868	23.110091	-18.468900	-30.191759
52869	22.623741	-16.815920	-29.654885
52870	22.162665	-15.146884	-29.214702
52871	21.743894	-13.499423	-28.839051
52872	21.358478	-11.973180	-28.475816
52873	20.945265	-10.613066	-28.048737
52874	20.474665	-9.442182	-27.516588
52875	19.992989	-8.478246	-26.843566
52876	19.517471	-7.777677	-25.992681
52877	18.991334	-7.352879	-24.969603
52878	18.354573	-7.192013	-23.793379
52879	17.580736	-7.300847	-22.506004
52880	16.611680	-7.680227	-21.161739
52881	15.480910	-8.268087	-19.728654
52882	14.298260	-8.991396	-18.176735
52883	13.132601	-9.753936	-16.562332
52884	12.017985	-9.134448	-15.835484
52885	11.886905	-6.753959	-17.057556
52886	11.222393	-5.315660	-17.282092
52887	10.626029	-3.924878	-17.162427
52888	10.354147	-2.802307	-17.070107
52889	10.049273	-1.866702	-17.165543
52890	9.929465	-1.309553	-17.179159
52891	9.827687	-1.060799	-17.305253
52892	9.733259	-1.093050	-17.496113
52893	9.619943	-1.342732	-17.717801
52894	9.489537	-1.704627	-17.972413
52895	9.379416	-2.098386	-18.248916
52896	9.255295	-2.476118	-18.517844
52897	9.111078	-2.762465	-18.796766
52898	8.968997	-2.911178	-19.127567
52899	8.848700	-2.913714	-19.430838
52900	8.760788	-2.749744	-19.684068
52901	8.679487	-2.407741	-19.936981
52902	8.637734	-1.905385	-20.180417
52903	8.609237	-1.326978	-20.330995
52904	8.471756	-0.818802	-20.302403
52905	8.123338	-0.434681	-20.250615
52906	7.709528	-0.197910	-20.192158
52907	7.382240	-0.073681	-20.132597
52908	7.204300	-0.027992	-20.102828
52909	7.162723	-0.033274	-20.101908
52910	7.155184	-0.068747	-20.106255
52911	7.115283	-0.112681	-20.092509
52912	7.029866	-0.141425	-20.059997
52913	6.898942	-0.135878	-20.025746
52914	6.770109	-0.089199	-19.998180
52915	6.676256	-0.012449	-19.979993
52916	6.595862	0.060963	-19.958733
52917	6.487319	0.104012	-19.926690
52918	6.356994	0.125487	-19.886489
52919	6.214757	0.127698	-19.846210
52920	6.093114	0.113148	-19.807523
52921	5.985164	0.081762	-19.769173
52922	5.885176	0.036548	-19.727077
52923	5.788033	-0.009928	-19.685467
52924	5.689771	-0.046136	-19.639431
52925	5.579680	-0.066616	-19.586264
52926	5.462933	-0.070678	-19.527489
52927	5.350408	-0.067861	-19.466744
52928	5.240158	-0.065007	-19.407414
52929	5.139453	-0.076430	-19.351462
52930	5.042769	-0.101590	-19.305776
52931	4.938046	-0.129192	-19.260775
52932	4.811722	-0.153000	-19.207914
52933	4.673697	-0.173737	-19.154254
52934	4.526553	-0.177505	-19.100291
52935	4.370270	-0.166330	-19.041882
52936	4.219127	-0.161386	-18.983028
52937	4.084207	-0.165924	-18.926422
52938	3.953341	-0.169782	-18.867782
52939	3.823419	-0.161896	-18.806855
52940	3.721115	-0.154807	-18.741293
52941	3.635252	-0.141925	-18.670214
52942	3.591803	-0.119456	-18.579787
52943	3.620902	-0.088333	-18.450495
52944	3.697961	-0.034533	-18.272807
52945	3.783968	0.049051	-18.038548
52946	3.884855	0.143735	-17.780963
52947	3.998956	0.244317	-17.541696
52948	4.136642	0.319913	-17.312078
52949	4.348235	0.408258	-17.114242
52950	4.590570	0.528468	-16.933717
52951	4.772972	0.632353	-16.771231
52952	4.906216	0.699485	-16.641937
52953	4.995407	0.765524	-16.529613
52954	5.024574	0.801098	-16.427705
52955	4.993918	0.803498	-16.332057
52956	4.937449	0.795238	-16.250640
52957	4.852352	0.765411	-16.178405
52958	4.739223	0.709550	-16.099644
52959	4.598205	0.618107	-16.032383
52960	4.409945	0.483026	-15.984466
52961	4.184534	0.324796	-15.944019
52962	3.935651	0.149324	-15.915196
52963	3.686625	-0.023516	-15.890658
52964	3.448367	-0.174773	-15.867720
52965	3.219181	-0.317399	-15.843548
52966	2.994142	-0.457153	-15.825555
52967	2.783725	-0.585057	-15.814526
52968	2.600164	-0.700272	-15.807394
52969	2.440453	-0.800474	-15.833246
52970	2.304402	-0.882295	-15.884089
52971	2.177875	-0.956314	-15.935176
52972	2.051033	-1.017104	-15.977572
52973	1.933991	-1.063670	-16.019666
52974	1.838810	-1.095171	-16.057529
52975	1.770872	-1.117999	-16.093132
52976	1.707497	-1.148134	-16.129330
52977	1.638074	-1.182483	-16.169759
52978	1.554510	-1.208699	-16.218279
52979	1.482589	-1.217110	-16.257027
52980	1.392145	-1.276110	-16.322083
52981	1.147308	-1.399088	-16.370164
52982	0.872269	-1.559629	-16.425100
52983	0.677010	-1.717085	-16.502319
52984	0.545531	-1.845942	-16.542646
52985	0.497100	-1.961656	-16.573058
52986	0.494991	-2.044510	-16.627089
52987	0.466347	-2.072124	-16.669474
52988	0.366433	-2.047202	-16.661321
52989	0.257679	-1.999001	-16.635251
52990	0.134894	-1.940185	-16.597373
52991	-0.009181	-1.897191	-16.541160
52992	-0.191680	-1.890839	-16.474366
52993	-0.373424	-1.913266	-16.405228
52994	-0.604158	-1.969874	-16.374499
52995	-0.836839	-2.063836	-16.349088
52996	-1.028545	-2.168843	-16.276054
52997	-1.171282	-2.261006	-16.123616
52998	-1.277687	-2.362320	-15.915127
52999	-1.304180	-2.483054	-15.627658
53000	-1.300695	-2.670027	-15.315827
53001	-1.410713	-2.919117	-15.037196
53002	-1.542848	-3.229276	-14.758519
53003	-1.681223	-3.566312	-14.473615
53004	-1.835166	-3.914717	-14.193388
53005	-1.986823	-4.249817	-13.907968
53006	-2.115264	-4.573689	-13.584335
53007	-2.196832	-4.879183	-13.207757
53008	-2.259557	-5.169515	-12.753526
53009	-2.338332	-5.445392	-12.226617
53010	-2.412672	-5.704481	-11.630411
53011	-2.467753	-5.940521	-10.963504
53012	-2.542139	-6.137996	-10.259251
53013	-2.651512	-6.286987	-9.541926
53014	-2.786851	-6.386160	-8.824500
53015	-2.908795	-6.437735	-8.119156
53016	-3.015707	-6.437726	-7.450234
53017	-3.126663	-6.368730	-6.862345
53018	-3.222272	-6.244283	-6.377076
53019	-3.287437	-6.073108	-5.998354
53020	-3.323043	-5.855554	-5.743898
53021	-3.307723	-5.596262	-5.617726
53022	-3.240992	-5.286832	-5.616886
53023	-3.096852	-4.936242	-5.681177
53024	-2.884970	-4.553484	-5.743921
53025	-2.647386	-4.144736	-5.796446
53026	-2.416186	-3.710604	-5.830636
53027	-2.192274	-3.262510	-5.829876
53028	-1.979660	-2.839122	-5.796584
53029	-1.792740	-2.486996	-5.717650
53030	-1.685604	-2.195986	-5.633483
53031	-1.657128	-1.991582	-5.562755
53032	-1.657894	-1.856234	-5.500445
53033	-1.638090	-1.750288	-5.455510
53034	-1.594550	-1.666374	-5.419362
53035	-1.540667	-1.596476	-5.387518
53036	-1.478485	-1.540814	-5.358751
53037	-1.411218	-1.486755	-5.335300
53038	-1.341306	-1.437827	-5.324031
53039	-1.281206	-1.394413	-5.318020
53040	-1.249269	-1.385267	-5.356749
53041	-1.245024	-1.387514	-5.412942
53042	-1.269708	-1.387461	-5.457847
53043	-1.312825	-1.380500	-5.493377
53044	-1.361375	-1.370405	-5.522421
53045	-1.395664	-1.352755	-5.546408
53046	-1.408943	-1.329465	-5.565818
53047	-1.399521	-1.295507	-5.583866
53048	-1.370155	-1.252954	-5.593386
53049	-1.325238	-1.211113	-5.596147
53050	-1.272616	-1.173087	-5.592971
53051	-1.215948	-1.146387	-5.585141
53052	-1.156968	-1.130112	-5.578581
53053	-1.091534	-1.125413	-5.576026
53054	-1.020785	-1.132987	-5.578928
53055	-0.942439	-1.141933	-5.586508
53056	-0.847202	-1.148909	-5.597671
53057	-0.759432	-1.152043	-5.602674
53058	-0.685749	-1.157470	-5.606304
53059	-0.624478	-1.160589	-5.602570
53060	-0.588428	-1.161881	-5.600536
53061	-0.569519	-1.164446	-5.593954
53062	-0.561072	-1.157243	-5.585590
53063	-0.570073	-1.161331	-5.578292
53064	-0.601711	-1.169878	-5.565773
53065	-0.645136	-1.183776	-5.554515
53066	-0.682648	-1.207809	-5.544501
53067	-0.705671	-1.240595	-5.540557
53068	-0.710753	-1.277527	-5.541009
53069	-0.705829	-1.322179	-5.544837
53070	-0.694167	-1.369683	-5.555778
53071	-0.670542	-1.418477	-5.563826
53072	-0.640192	-1.469249	-5.578862
53073	-0.603349	-1.520650	-5.597865
53074	-0.562146	-1.572344	-5.618648
53075	-0.518651	-1.626705	-5.638411
53076	-0.472777	-1.683800	-5.662778
53077	-0.422968	-1.744812	-5.688722
53078	-0.371226	-1.803435	-5.717532
53079	-0.323453	-1.856445	-5.749105
53080	-0.273143	-1.909518	-5.779221
53081	-0.228248	-1.954827	-5.803726
53082	-0.193093	-1.997742	-5.825726
53083	-0.171466	-2.035309	-5.842748
53084	-0.155495	-2.068985	-5.858684
53085	-0.147335	-2.098577	-5.870253
53086	-0.142283	-2.124161	-5.880049
53087	-0.138725	-2.143806	-5.888145
53088	-0.140286	-2.158777	-5.893917
53089	-0.138846	-2.166609	-5.897549
53090	-0.135773	-2.169922	-5.899952
53091	-0.125923	-2.165226	-5.903721
53092	-0.111348	-2.151019	-5.907311
53093	-0.094112	-2.130305	-5.910807
53094	-0.078180	-2.102665	-5.912429
53095	-0.068922	-2.073904	-5.913637
53096	-0.061790	-2.044566	-5.913457
53097	-0.060944	-2.014384	-5.910976
53098	-0.065463	-1.988167	-5.908794
53099	-0.076198	-1.965070	-5.907829
53100	-0.079939	-1.942497	-5.905219
53101	-0.080839	-1.927804	-5.903346
53102	-0.076948	-1.919325	-5.905154
53103	-0.071206	-1.910677	-5.907351
53104	-0.061231	-1.903713	-5.907893
53105	-0.053258	-1.895565	-5.911462
53106	-0.050981	-1.886710	-5.910834
53107	-0.048760	-1.878795	-5.910366
53108	-0.047421	-1.868216	-5.909650
53109	-0.046889	-1.858168	-5.906436
53110	-0.050250	-1.846750	-5.902138
53111	-0.054636	-1.833670	-5.897759
53112	-0.058708	-1.811848	-5.890755
53113	-0.065449	-1.781682	-5.880981
53114	-0.070504	-1.743299	-5.870183
53115	-0.072356	-1.695914	-5.857764
53116	-0.063972	-1.642161	-5.845243
53117	-0.045433	-1.581648	-5.836183
53118	-0.017037	-1.528435	-5.832443
53119	0.024332	-1.485370	-5.832751
53120	0.070606	-1.451127	-5.837165
53121	0.119364	-1.423163	-5.841140
53122	0.162114	-1.403598	-5.846441
53123	0.193660	-1.388637	-5.851781
53124	0.211781	-1.377837	-5.854957
53125	0.215019	-1.367974	-5.854750
53126	0.204617	-1.363313	-5.851714
53127	0.189890	-1.359746	-5.849987
53128	0.174417	-1.359400	-5.845396
53129	0.158094	-1.358532	-5.844600
53130	0.141450	-1.359696	-5.842449
53131	0.124739	-1.360897	-5.840301
53132	0.108914	-1.361148	-5.837764
53133	0.097822	-1.361826	-5.835907
53134	0.093079	-1.360603	-5.836680
53135	0.095439	-1.360743	-5.836770
53136	0.097839	-1.359969	-5.836700
53137	0.102850	-1.356332	-5.836308
53138	0.112117	-1.352934	-5.837652
53139	0.121848	-1.347934	-5.837622
53140	0.130099	-1.341054	-5.838566
53141	0.137060	-1.331766	-5.838438
53142	0.141914	-1.322823	-5.837099
53143	0.147709	-1.311973	-5.836051
53144	0.150102	-1.300339	-5.835761
53145	0.152387	-1.284795	-5.831960
53146	0.154467	-1.271560	-5.830522
53147	0.153479	-1.259668	-5.828268
53148	0.150217	-1.253104	-5.827642
53149	0.147986	-1.251813	-5.827732
53150	0.145591	-1.256076	-5.827095
53151	0.143714	-1.262686	-5.828597
53152	0.141634	-1.273980	-5.829214
53153	0.135468	-1.286181	-5.831972
53154	0.127575	-1.299030	-5.831624
53155	0.118798	-1.312807	-5.831663
53156	0.113128	-1.326154	-5.832676
53157	0.113399	-1.336924	-5.835332
53158	0.113697	-1.346801	-5.837831
53159	0.114670	-1.354024	-5.839632
53160	0.109970	-1.359113	-5.840670
53161	0.105210	-1.364227	-5.841709
53162	0.098559	-1.369542	-5.842371
53163	0.095557	-1.375464	-5.843108
53164	0.094371	-1.382174	-5.843541
53165	0.095503	-1.387488	-5.845861
53166	0.096463	-1.392936	-5.847347
53167	0.096230	-1.397719	-5.848073
53168	0.093327	-1.404498	-5.848964
53169	0.089821	-1.409853	-5.847877
53170	0.089612	-1.419166	-5.848551
53171	0.088682	-1.427495	-5.850132
53172	0.087067	-1.435398	-5.849054
53173	0.086762	-1.443848	-5.849573
53174	0.089284	-1.451143	-5.850082
53175	0.091906	-1.456538	-5.851112
53176	0.098446	-1.460587	-5.852739
53177	0.106564	-1.462825	-5.853597
53178	0.114352	-1.464767	-5.856350
53179	0.122747	-1.467726	-5.858199
53180	0.133384	-1.470286	-5.861258
53181	0.144901	-1.474583	-5.864405
53182	0.155658	-1.479781	-5.867937
53183	0.166469	-1.482195	-5.871833
53184	0.178044	-1.486478	-5.874981
53185	0.187295	-1.489400	-5.876606
53186	0.193990	-1.491532	-5.878757
53187	0.200670	-1.494561	-5.881068
53188	0.209041	-1.495745	-5.882606
53189	0.219376	-1.489967	-5.881368
53190	0.224663	-1.490690	-5.881766
53191	0.225999	-1.491886	-5.881410
53192	0.225707	-1.494011	-5.881667
53193	0.227670	-1.495328	-5.880250
53194	0.232802	-1.497968	-5.880130
53195	0.236403	-1.500534	-5.881301
53196	0.242044	-1.503737	-5.883006
53197	0.250291	-1.508608	-5.884345
53198	0.261946	-1.514647	-5.887817
53199	0.273975	-1.519499	-5.892799
53200	0.285000	-1.522337	-5.893974
53201	0.294887	-1.528456	-5.897905
53202	0.303022	-1.529797	-5.898614
53203	0.310487	-1.531028	-5.900385
53204	0.316630	-1.531717	-5.900559
53205	0.320239	-1.534283	-5.901733
53206	0.321194	-1.534299	-5.903114
53207	0.323203	-1.536497	-5.901858
53208	0.324465	-1.535037	-5.901027
53209	0.329477	-1.533576	-5.903841
53210	0.331913	-1.533682	-5.903933
53211	0.335446	-1.534488	-5.904790
53212	0.341242	-1.535774	-5.907017
53213	0.347582	-1.536316	-5.908026
53214	0.351621	-1.536791	-5.910549
53215	0.356482	-1.539601	-5.909603
53216	0.366760	-1.539677	-5.911367
53217	0.376417	-1.540515	-5.914352
53218	0.387747	-1.539518	-5.916564
53219	0.398998	-1.537652	-5.918617
53220	0.410522	-1.535618	-5.921504
53221	0.420721	-1.534824	-5.923109
53222	0.430100	-1.534055	-5.924943
53223	0.439250	-1.534331	-5.926102
53224	0.449058	-1.534724	-5.926200
53225	0.455791	-1.533187	-5.928559
53226	0.464158	-1.534368	-5.930105
53227	0.472645	-1.533644	-5.932166
53228	0.481012	-1.534825	-5.933713
53229	0.491060	-1.535948	-5.934806
53230	0.501693	-1.538500	-5.937884
53231	0.508545	-1.539597	-5.940721
53232	0.517933	-1.544259	-5.942680
53233	0.527674	-1.546849	-5.945986
53234	0.539675	-1.549925	-5.950666
53235	0.550506	-1.552321	-5.954581
53236	0.560433	-1.552988	-5.958403
53237	0.569156	-1.552098	-5.961300
53238	0.574784	-1.549865	-5.962891
53239	0.582059	-1.546695	-5.963866
53240	0.587605	-1.542705	-5.965136
53241	0.598154	-1.538958	-5.967931
53242	0.607558	-1.533631	-5.969797
53243	0.615797	-1.527635	-5.970894
53244	0.623291	-1.523415	-5.972540
53245	0.629941	-1.520123	-5.974576
53246	0.637091	-1.518861	-5.975037
53247	0.644912	-1.517128	-5.977998
53248	0.653552	-1.519025	-5.980540
53249	0.663490	-1.522936	-5.981286
53250	0.673694	-1.526683	-5.982863
53251	0.682342	-1.529461	-5.985561
53252	0.691106	-1.533994	-5.988589
53253	0.696868	-1.535277	-5.990821
53254	0.698955	-1.535977	-5.992968
53255	0.698683	-1.538992	-5.993400
53256	0.699444	-1.540048	-5.994109
53257	0.699051	-1.540426	-5.994047
53258	0.699922	-1.538685	-5.995106
53259	0.700813	-1.537827	-5.996321
53260	0.703440	-1.536896	-5.997086
53261	0.706474	-1.534774	-5.999363
53262	0.711476	-1.532413	-6.002012
53263	0.716071	-1.532140	-6.003321
53264	0.716748	-1.531438	-6.003707
53265	0.716275	-1.530059	-6.003324
53266	0.714302	-1.530068	-6.000833
53267	0.711694	-1.529957	-5.999400
53268	0.711322	-1.530329	-5.999342
53269	0.710272	-1.529700	-6.000182
53270	0.708185	-1.530141	-6.000578
