// General information: 
//  MT Manager version: 2021.4.0 
//  XDA version: 2021.4.0 build 6323 rev 112641 built on 2021-09-28
// Device information: 
//  DeviceId: 00B43859
//  ProductCode: MTW2-3A7G6
//  Firmware Version: 4.3.4
//  Hardware Version: 1.1.0
// Device settings: 
//  Filter Profile: human(46.1)
//  Option Flags: Orientation Smoother Disabled, Position/Velocity Smoother Disabled, Continuous Zero Rotation Update Disabled, AHS Disabled, ICC Disabled
// Coordinate system: ENU
PacketCounter	Roll	Pitch	Yaw
56898	0.469189	0.866506	-0.711735
56899	0.469695	0.865380	-0.710706
56900	0.469724	0.866097	-0.726236
56901	0.467001	0.867207	-0.731440
56902	0.465316	0.865222	-0.756211
56903	0.462703	0.864009	-0.763941
56904	0.462117	0.861448	-0.785695
56905	0.461747	0.862725	-0.779346
56906	0.464494	0.862975	-0.782832
56907	0.467049	0.862676	-0.775122
56908	0.470371	0.859943	-0.791163
56909	0.476112	0.856988	-0.797160
56910	0.482679	0.855569	-0.816834
56911	0.491188	0.854555	-0.816021
56912	0.501208	0.852526	-0.830419
56913	0.510254	0.851100	-0.830228
56914	0.519205	0.848549	-0.848401
56915	0.528728	0.847837	-0.849232
56916	0.537134	0.845750	-0.868437
56917	0.543549	0.845093	-0.871378
56918	0.547838	0.842792	-0.892496
56919	0.550685	0.841609	-0.889879
56920	0.550037	0.841556	-0.907754
56921	0.548888	0.842769	-0.905250
56922	0.542130	0.845323	-0.923514
56923	0.536238	0.842776	-0.927453
56924	0.528337	0.843443	-0.947934
56925	0.519772	0.842939	-0.948758
56926	0.511895	0.842564	-0.971206
56927	0.504140	0.835871	-0.977300
56928	0.496077	0.829101	-1.005771
56929	0.492403	0.828763	-1.008927
56930	0.489463	0.823846	-1.022167
56931	0.485234	0.825333	-1.011808
56932	0.483221	0.825800	-1.012709
56933	0.482535	0.824314	-0.994566
56934	0.481096	0.825555	-0.991675
56935	0.479390	0.823683	-0.975207
56936	0.478290	0.822974	-0.978215
56937	0.475817	0.826019	-0.962726
56938	0.472269	0.828950	-0.968358
56939	0.466745	0.830925	-0.954576
56940	0.461116	0.832963	-0.960480
56941	0.453793	0.834574	-0.948902
56942	0.443775	0.838181	-0.954425
56943	0.430804	0.838305	-0.950611
56944	0.417514	0.839237	-0.967073
56945	0.403478	0.840181	-0.962012
56946	0.387780	0.844824	-0.962830
56947	0.370590	0.848447	-0.944060
56948	0.351459	0.852912	-0.938362
56949	0.330555	0.858064	-0.924805
56950	0.310776	0.862574	-0.935314
56951	0.289146	0.865190	-0.934779
56952	0.270331	0.868685	-0.945462
56953	0.248164	0.873062	-0.934734
56954	0.230193	0.881588	-0.933585
56955	0.212132	0.887496	-0.916154
56956	0.195011	0.893607	-0.915565
56957	0.179215	0.899171	-0.909857
56958	0.162160	0.900469	-0.926597
56959	0.147352	0.900072	-0.931640
56960	0.134229	0.902453	-0.945196
56961	0.125065	0.904846	-0.936237
56962	0.121226	0.906255	-0.932990
56963	0.114413	0.911329	-0.903307
56964	0.109884	0.917922	-0.886946
56965	0.106075	0.923826	-0.865537
56966	0.104000	0.926455	-0.878921
56967	0.103522	0.928622	-0.882974
56968	0.102561	0.929013	-0.903659
56969	0.104592	0.927753	-0.904913
56970	0.107709	0.924676	-0.916075
56971	0.113221	0.921497	-0.913259
56972	0.118984	0.917693	-0.927721
56973	0.126697	0.916645	-0.927465
56974	0.134971	0.915535	-0.943696
56975	0.143112	0.915045	-0.951119
56976	0.148590	0.914268	-0.968842
56977	0.158373	0.912696	-0.971479
56978	0.164704	0.919503	-0.984426
56979	0.170649	0.924351	-0.977273
56980	0.173900	0.930084	-0.982399
56981	0.176447	0.935798	-0.975580
56982	0.176491	0.941633	-0.990531
56983	0.175248	0.950000	-0.989336
56984	0.172035	0.958268	-1.005249
56985	0.167898	0.963468	-0.998290
56986	0.161749	0.969389	-1.009098
56987	0.153903	0.977475	-0.997786
56988	0.143717	0.985796	-0.998779
56989	0.133449	0.996264	-0.986537
56990	0.122302	1.004342	-0.993399
56991	0.112033	1.012244	-0.993653
56992	0.102616	1.014458	-1.019541
56993	0.095550	1.018677	-1.026447
56994	0.089811	1.019010	-1.045128
56995	0.085206	1.022214	-1.043393
56996	0.082942	1.025640	-1.057252
56997	0.082020	1.028449	-1.050704
56998	0.081225	1.030330	-1.053168
56999	0.082086	1.033425	-1.047744
57000	0.080238	1.034750	-1.056220
57001	0.080848	1.037447	-1.051945
57002	0.077161	1.039809	-1.062293
57003	0.075266	1.041107	-1.057011
57004	0.072023	1.042903	-1.063672
57005	0.068200	1.046090	-1.061410
57006	0.062716	1.046830	-1.070121
57007	0.055287	1.048076	-1.075183
57008	0.046303	1.050802	-1.100006
57009	0.037393	1.049737	-1.108630
57010	0.030568	1.052105	-1.129877
57011	0.021242	1.055315	-1.134633
57012	0.013296	1.057300	-1.152693
57013	0.005912	1.059920	-1.148185
57014	-0.000554	1.062971	-1.154706
57015	-0.006938	1.065891	-1.151851
57016	-0.010447	1.065049	-1.166707
57017	-0.014912	1.064786	-1.167075
57018	-0.019642	1.066617	-1.177944
57019	-0.020692	1.066779	-1.171730
57020	-0.023369	1.068496	-1.178301
57021	-0.027349	1.070245	-1.173457
57022	-0.030935	1.071539	-1.189701
57023	-0.035003	1.071816	-1.197755
57024	-0.036729	1.071296	-1.220482
57025	-0.042323	1.071687	-1.226261
57026	-0.043554	1.076603	-1.247625
57027	-0.045261	1.078136	-1.247856
57028	-0.049629	1.080642	-1.260549
57029	-0.053232	1.084147	-1.260476
57030	-0.054909	1.084774	-1.277939
57031	-0.057177	1.084112	-1.290034
57032	-0.061131	1.083622	-1.318164
57033	-0.062810	1.081413	-1.330468
57034	-0.065309	1.084390	-1.349893
57035	-0.066233	1.085909	-1.349599
57036	-0.066643	1.090967	-1.365148
57037	-0.069523	1.095586	-1.364963
57038	-0.072556	1.101371	-1.375297
57039	-0.075710	1.106808	-1.373344
57040	-0.078605	1.114202	-1.381685
57041	-0.083656	1.121611	-1.379429
57042	-0.088427	1.124795	-1.399612
57043	-0.092070	1.128209	-1.402869
57044	-0.094013	1.133465	-1.419561
57045	-0.096698	1.139614	-1.418644
57046	-0.099235	1.146185	-1.427092
57047	-0.102192	1.153152	-1.424408
57048	-0.103345	1.158101	-1.435272
57049	-0.104684	1.161379	-1.440278
57050	-0.105480	1.163455	-1.455518
57051	-0.105679	1.166088	-1.455111
57052	-0.107364	1.167835	-1.463809
57053	-0.108005	1.171071	-1.456129
57054	-0.108147	1.172857	-1.460940
57055	-0.108031	1.174763	-1.458974
57056	-0.107039	1.173570	-1.475028
57057	-0.106772	1.170778	-1.478063
57058	-0.105046	1.171685	-1.492594
57059	-0.105608	1.172570	-1.487415
57060	-0.104017	1.173299	-1.496851
57061	-0.103072	1.175284	-1.491032
57062	-0.102766	1.176581	-1.495570
57063	-0.104757	1.180151	-1.491122
57064	-0.108634	1.184882	-1.505089
57065	-0.109648	1.183832	-1.501788
57066	-0.113799	1.185618	-1.507666
57067	-0.119463	1.190883	-1.501791
57068	-0.126783	1.195198	-1.511671
57069	-0.134164	1.199057	-1.504254
57070	-0.141918	1.203749	-1.510942
57071	-0.149028	1.206789	-1.505292
57072	-0.157150	1.213474	-1.519067
57073	-0.161854	1.217715	-1.521091
57074	-0.168286	1.219492	-1.542789
57075	-0.173637	1.226406	-1.545022
57076	-0.174541	1.235556	-1.556149
57077	-0.176349	1.244252	-1.557729
57078	-0.178518	1.251441	-1.576632
57079	-0.180219	1.260248	-1.587048
57080	-0.178510	1.267056	-1.610770
57081	-0.177090	1.278168	-1.628744
57082	-0.172544	1.285894	-1.660591
57083	-0.164843	1.295669	-1.677264
57084	-0.154789	1.302078	-1.702009
57085	-0.142886	1.302467	-1.710546
57086	-0.125974	1.303572	-1.728232
57087	-0.109432	1.306230	-1.731111
57088	-0.091768	1.309800	-1.744327
57089	-0.075167	1.318688	-1.741475
57090	-0.058927	1.325120	-1.750373
57091	-0.038792	1.330865	-1.746345
57092	-0.018611	1.336838	-1.756670
57093	0.001301	1.344632	-1.760115
57094	0.023018	1.353286	-1.773754
57095	0.043904	1.365031	-1.770103
57096	0.067222	1.378620	-1.775605
57097	0.087762	1.398402	-1.756019
57098	0.109320	1.417777	-1.755954
57099	0.133115	1.437582	-1.743071
57100	0.160109	1.466124	-1.751548
57101	0.189812	1.505887	-1.760123
57102	0.220389	1.544833	-1.781087
57103	0.249683	1.581471	-1.778919
57104	0.278034	1.613344	-1.790511
57105	0.304419	1.640612	-1.788276
57106	0.333718	1.665180	-1.798356
57107	0.361867	1.686578	-1.799632
57108	0.393826	1.710255	-1.803880
57109	0.430441	1.739544	-1.792180
57110	0.470189	1.769945	-1.777780
57111	0.512088	1.803299	-1.742948
57112	0.553006	1.836470	-1.713528
57113	0.594024	1.865881	-1.682413
57114	0.636320	1.893754	-1.656254
57115	0.679680	1.919215	-1.623411
57116	0.727091	1.946089	-1.593969
57117	0.775927	1.974501	-1.546384
57118	0.826618	2.002003	-1.498728
57119	0.878462	2.034424	-1.441709
57120	0.932660	2.064522	-1.398808
57121	0.985067	2.099966	-1.349039
57122	1.042426	2.145230	-1.307864
57123	1.105700	2.191590	-1.256711
57124	1.170888	2.241735	-1.207763
57125	1.236700	2.295785	-1.144319
57126	1.302603	2.345844	-1.082245
57127	1.363761	2.392895	-1.032781
57128	1.424237	2.436690	-0.999945
57129	1.485267	2.484007	-0.974722
57130	1.552661	2.538452	-0.958033
57131	1.625931	2.598422	-0.928819
57132	1.699324	2.661830	-0.870204
57133	1.772280	2.732206	-0.775831
57134	1.837741	2.795476	-0.675845
57135	1.899548	2.854805	-0.585367
57136	1.960629	2.907980	-0.518310
57137	2.029014	2.961468	-0.465252
57138	2.105635	3.021801	-0.435247
57139	2.192963	3.082277	-0.389426
57140	2.289805	3.152265	-0.324915
57141	2.391077	3.223252	-0.235397
57142	2.492994	3.292769	-0.139180
57143	2.593530	3.360940	-0.059093
57144	2.694824	3.419000	-0.025318
57145	2.797898	3.468414	0.012614
57146	2.900230	3.519277	0.056073
57147	3.004975	3.569433	0.121855
57148	3.110134	3.615804	0.179831
57149	3.211465	3.648488	0.220810
57150	3.318163	3.677561	0.233720
57151	3.425675	3.696985	0.252678
57152	3.528254	3.714652	0.293082
57153	3.626274	3.724575	0.359394
57154	3.722908	3.737849	0.468358
57155	3.813376	3.753375	0.605307
57156	3.888890	3.761974	0.716070
57157	3.950865	3.775578	0.791019
57158	3.996786	3.783746	0.822502
57159	4.032034	3.795555	0.832450
57160	4.058529	3.803628	0.837163
57161	4.084239	3.809839	0.853436
57162	4.107885	3.805561	0.872145
57163	4.129575	3.801312	0.904076
57164	4.155689	3.797653	0.929047
57165	4.179785	3.794089	0.951571
57166	4.201758	3.788085	0.966674
57167	4.221433	3.780210	0.983390
57168	4.238337	3.767414	0.976166
57169	4.246898	3.748349	0.930213
57170	4.252966	3.721547	0.864687
57171	4.261093	3.692958	0.826713
57172	4.267346	3.670907	0.834987
57173	4.272071	3.653737	0.880367
57174	4.277871	3.636682	0.919343
57175	4.278637	3.625707	0.939890
57176	4.274760	3.625971	0.926549
57177	4.269149	3.655669	0.900434
57178	4.261708	3.694457	0.856758
57179	4.251736	3.742539	0.828621
57180	4.236350	3.790894	0.808667
57181	4.221094	3.839402	0.831682
57182	4.201335	3.878862	0.880712
57183	4.179122	3.912511	0.945591
57184	4.155421	3.940341	0.983052
57185	4.128475	3.949443	0.999958
57186	4.097400	3.946460	0.998178
57187	4.065049	3.931127	0.980635
57188	4.033418	3.903941	0.936373
57189	3.995671	3.865039	0.873374
57190	3.959389	3.814275	0.791300
57191	3.927879	3.758769	0.734188
57192	3.900332	3.696544	0.712500
57193	3.871825	3.635418	0.732081
57194	3.843060	3.565042	0.766676
57195	3.813812	3.496888	0.800948
57196	3.779292	3.423441	0.793534
57197	3.737825	3.344054	0.765485
57198	3.691642	3.260725	0.714203
57199	3.643347	3.174697	0.662317
57200	3.596578	3.081959	0.622496
57201	3.541512	2.984522	0.602200
57202	3.480228	2.876668	0.578744
57203	3.408602	2.761907	0.568522
57204	3.332487	2.646109	0.538797
57205	3.251062	2.531894	0.501730
57206	3.161663	2.416782	0.438234
57207	3.062286	2.301749	0.373780
57208	2.959216	2.192562	0.283588
57209	2.848234	2.097751	0.196602
57210	2.725669	2.011624	0.105052
57211	2.598148	1.936347	0.026229
57212	2.461258	1.879203	-0.044526
57213	2.293972	1.849223	-0.079465
57214	2.078674	1.837492	-0.123725
57215	1.836132	1.853069	-0.170646
57216	1.584003	1.905239	-0.214796
57217	1.309593	2.004484	-0.252644
57218	1.012261	2.135089	-0.318113
57219	0.676125	2.309419	-0.387876
57220	0.305739	2.535879	-0.477958
57221	-0.070023	2.786223	-0.540437
57222	-0.454574	3.008302	-0.581946
57223	-0.831651	3.285271	-0.506728
57224	-1.169002	3.653115	-0.268748
57225	-1.521453	4.023990	0.042424
57226	-1.921675	4.425344	0.415677
57227	-2.400068	4.812163	0.781173
57228	-2.920870	5.182553	1.153427
57229	-3.489650	5.615572	1.543840
57230	-4.125190	6.206472	2.038102
57231	-4.812936	6.857616	2.531223
57232	-5.497522	7.502128	3.114283
57233	-6.147954	8.217852	3.927674
57234	-6.779615	9.023397	4.868242
57235	-7.420699	9.926126	5.760194
57236	-8.115187	10.815201	6.311314
57237	-8.892964	11.636689	6.512112
57238	-9.737722	12.429509	6.498558
57239	-10.633499	13.215367	6.393099
57240	-11.521302	14.010092	6.251549
57241	-12.370911	14.803454	6.121729
57242	-13.185314	15.619871	6.011044
57243	-13.982681	16.500030	5.965070
57244	-14.746386	17.446840	6.029588
57245	-15.474777	18.438991	6.218288
57246	-16.175908	19.478343	6.481937
57247	-16.880196	20.542049	6.765178
57248	-17.589882	21.636914	7.000273
57249	-18.313293	22.736551	7.140712
57250	-19.042893	23.836511	7.144693
57251	-19.765715	24.849475	7.046140
57252	-20.486903	25.788351	6.857936
57253	-21.233191	26.681664	6.622406
57254	-22.010313	27.558924	6.347825
57255	-22.798492	28.418727	6.055119
57256	-23.531773	29.255816	5.778507
57257	-24.160438	30.099731	5.580646
57258	-24.687579	30.935707	5.452538
57259	-25.176899	31.712042	5.299470
57260	-25.716420	32.337658	4.978287
57261	-26.344583	32.776465	4.463809
57262	-27.030493	33.048851	3.781890
57263	-27.704338	33.173742	3.074943
57264	-28.313112	33.173175	2.427195
57265	-28.845543	33.060689	1.903797
57266	-29.308141	32.873426	1.509850
57267	-29.695920	32.609535	1.239988
57268	-29.992426	32.235106	1.046639
57269	-30.195933	31.740639	0.911517
57270	-30.314619	31.142989	0.830263
57271	-30.348949	30.466697	0.819112
57272	-30.319463	29.696655	0.836790
57273	-30.238451	28.792129	0.884787
57274	-30.142685	27.731242	0.913432
57275	-30.061994	26.535153	0.891151
57276	-29.968308	25.292254	0.869656
57277	-29.844030	24.054046	0.884752
57278	-29.655424	22.864198	0.991920
57279	-29.406551	21.710660	1.178836
57280	-29.145767	20.542295	1.327806
57281	-28.882313	19.391202	1.411646
57282	-28.617754	18.248729	1.403509
57283	-28.354700	17.097744	1.315201
57284	-28.088700	15.940283	1.179117
57285	-27.819235	14.789475	1.016446
57286	-27.559911	13.675309	0.852754
57287	-27.306841	12.641381	0.716016
57288	-27.059297	11.709102	0.607067
57289	-26.803901	10.904032	0.533226
57290	-26.516410	10.204506	0.496034
57291	-26.187923	9.591591	0.477008
57292	-25.812161	9.022185	0.453296
57293	-25.382019	8.459275	0.433652
57294	-24.942048	7.798262	0.326935
57295	-24.513330	7.057227	0.092033
57296	-24.075836	6.360275	-0.208189
57297	-23.610454	5.759280	-0.447897
57298	-23.128328	5.212566	-0.521371
57299	-22.709468	4.721409	-0.435680
57300	-22.433428	4.349635	-0.138411
57301	-22.296445	4.212615	0.447534
57302	-22.201369	4.355663	1.367994
57303	-22.051238	4.744361	2.519033
57304	-21.820477	5.194635	3.743079
57305	-21.589622	5.460449	4.727871
57306	-21.386093	5.611371	5.325940
57307	-21.201281	5.696926	5.481581
57308	-21.022962	5.677146	5.177919
57309	-20.854413	5.566927	4.522532
57310	-20.726136	5.383311	3.656945
57311	-20.653160	5.211923	2.740682
57312	-20.618463	5.160532	1.912952
57313	-20.582264	5.280950	1.292289
57314	-20.490370	5.607728	0.935103
57315	-20.304874	6.070409	0.699797
57316	-19.884573	6.777871	0.634424
57317	-19.411949	7.038785	0.173462
57318	-19.059446	7.196726	-0.602237
57319	-18.963473	7.140339	-1.737774
57320	-18.983774	6.954787	-3.065760
57321	-18.985000	6.847313	-4.286683
57322	-18.907829	6.784463	-5.368180
57323	-18.734388	6.666781	-6.252810
57324	-18.630928	6.544881	-6.880172
57325	-18.872285	6.447885	-7.128291
57326	-19.289174	6.609963	-6.982058
57327	-19.576513	7.258890	-6.351487
57328	-19.682523	8.110218	-5.552075
57329	-19.644669	8.908038	-4.837887
57330	-19.506997	9.540877	-4.411246
57331	-19.391577	9.953018	-4.369217
57332	-19.377674	10.167633	-4.683553
57333	-19.456137	10.330367	-5.186818
57334	-19.586763	10.489235	-5.752088
57335	-19.707346	10.672001	-6.243993
57336	-19.797065	10.923820	-6.602206
57337	-19.892422	11.213401	-6.826690
57338	-20.016430	11.522263	-6.954034
57339	-20.159740	11.840336	-7.004983
57340	-20.269651	12.185109	-7.001278
57341	-20.273787	12.514375	-6.974423
57342	-20.163419	12.826997	-6.912412
57343	-19.995099	13.156810	-6.806562
57344	-19.865054	13.469979	-6.689521
57345	-19.818347	13.772634	-6.591620
57346	-19.829710	14.061330	-6.516057
57347	-19.828457	14.271448	-6.465826
57348	-19.750376	14.433704	-6.436684
57349	-19.605744	14.607817	-6.363072
57350	-19.436858	14.820736	-6.226679
57351	-19.266355	15.045959	-6.041411
57352	-19.076471	15.266034	-5.816731
57353	-18.836515	15.472972	-5.565750
57354	-18.537774	15.638405	-5.322564
57355	-18.226199	15.773210	-5.121827
57356	-17.920145	15.880727	-4.947929
57357	-17.621558	16.010997	-4.789880
57358	-17.333688	16.141274	-4.632239
57359	-17.040874	16.247409	-4.475022
57360	-16.717051	16.330343	-4.321576
57361	-16.357436	16.404828	-4.155189
57362	-15.982621	16.440612	-3.949209
57363	-15.597393	16.482278	-3.704742
57364	-15.223045	16.496740	-3.426873
57365	-14.867768	16.480561	-3.129673
57366	-14.507634	16.437784	-2.842253
57367	-14.126371	16.356410	-2.593169
57368	-13.732022	16.233636	-2.398633
57369	-13.323839	16.094660	-2.201040
57370	-12.907203	15.947358	-1.980771
57371	-12.482829	15.811058	-1.719427
57372	-12.049433	15.665575	-1.446637
57373	-11.610029	15.514119	-1.183251
57374	-11.163874	15.344280	-0.912600
57375	-10.706217	15.144589	-0.642173
57376	-10.226056	14.929553	-0.392780
57377	-9.738370	14.689453	-0.180167
57378	-9.251038	14.429532	0.005653
57379	-8.764652	14.142080	0.175601
57380	-8.283000	13.834866	0.322662
57381	-7.797770	13.532573	0.485198
57382	-7.310447	13.226558	0.670455
57383	-6.815253	12.922639	0.861562
57384	-6.323598	12.632031	1.051405
57385	-5.844530	12.319166	1.239460
57386	-5.378834	11.987294	1.383046
57387	-4.923113	11.647507	1.466816
57388	-4.478780	11.310920	1.542934
57389	-4.045828	10.957328	1.624331
57390	-3.612995	10.600252	1.702252
57391	-3.183354	10.230735	1.751120
57392	-2.759063	9.861905	1.758402
57393	-2.349413	9.511408	1.742246
57394	-1.961296	9.182886	1.728084
57395	-1.598838	8.902408	1.738329
57396	-1.266239	8.642977	1.755806
57397	-0.964067	8.395214	1.697084
57398	-0.683119	8.192841	1.616601
57399	-0.414388	8.016982	1.565891
57400	-0.145993	7.884339	1.520496
57401	0.105929	7.775916	1.492965
57402	0.355932	7.692263	1.491669
57403	0.621930	7.641643	1.571364
57404	0.887917	7.589534	1.742853
57405	1.138884	7.564192	1.924304
57406	1.343300	7.560099	2.066019
57407	1.506443	7.564104	2.144293
57408	1.654031	7.546943	2.129710
57409	1.788432	7.494150	2.094938
57410	1.910735	7.433618	2.029136
57411	2.025287	7.385984	1.988874
57412	2.122322	7.340291	1.946564
57413	2.203870	7.293489	1.873841
57414	2.259197	7.230656	1.744783
57415	2.303659	7.162473	1.601258
57416	2.355837	7.107086	1.494768
57417	2.410489	7.087818	1.466667
57418	2.474960	7.067946	1.475245
57419	2.510084	7.059422	1.456158
57420	2.517867	7.047213	1.440167
57421	2.529560	7.053471	1.312208
57422	2.527189	7.106414	1.144074
57423	2.520430	7.193850	0.943020
57424	2.511040	7.305377	0.691500
57425	2.484692	7.375766	0.416881
57426	2.427795	7.386577	0.151140
57427	2.360036	7.391005	-0.091854
57428	2.288310	7.396877	-0.262341
57429	2.231931	7.456091	-0.241192
57430	2.166597	7.529944	-0.056941
57431	2.046854	7.575413	0.125864
57432	1.885319	7.615752	0.265070
57433	1.716531	7.657978	0.335028
57434	1.547659	7.697804	0.255617
57435	1.354390	7.709524	0.030595
57436	1.142425	7.671456	-0.296796
57437	0.946864	7.602604	-0.631409
57438	0.791516	7.541773	-0.877375
57439	0.665238	7.503365	-0.977343
57440	0.556167	7.492258	-0.934522
57441	0.439517	7.483808	-0.841509
57442	0.309561	7.450071	-0.760015
57443	0.181308	7.382074	-0.753893
57444	0.067535	7.286058	-0.842073
57445	-0.032276	7.164570	-1.006220
57446	-0.115845	7.021896	-1.205367
57447	-0.177320	6.882457	-1.395893
57448	-0.205891	6.755726	-1.508700
57449	-0.203949	6.653503	-1.510611
57450	-0.185031	6.567721	-1.442184
57451	-0.168689	6.497310	-1.325540
57452	-0.151596	6.443998	-1.206465
57453	-0.146964	6.411513	-1.112022
57454	-0.163951	6.382301	-1.049830
57455	-0.207163	6.349066	-1.042625
57456	-0.264906	6.323994	-1.091525
57457	-0.333868	6.326502	-1.125850
57458	-0.423577	6.398864	-1.120082
57459	-0.536379	6.551186	-1.029819
57460	-0.666302	6.750254	-0.840513
57461	-0.822013	6.949535	-0.612667
57462	-1.005894	7.102158	-0.415441
57463	-1.194371	7.099359	-0.274285
57464	-1.328355	7.107273	-0.096388
57465	-1.404711	7.126934	0.138078
57466	-1.525836	7.178006	0.381097
57467	-1.691106	7.218796	0.552512
57468	-1.873047	7.213246	0.781272
57469	-2.081826	7.197564	1.398248
57470	-2.297509	7.203559	2.392726
57471	-2.480601	7.192804	3.630047
57472	-2.644232	7.221139	4.951971
57473	-2.829214	7.255963	6.308943
57474	-3.034925	7.251101	7.592517
57475	-3.285389	7.245650	8.719572
57476	-3.565376	7.250595	9.711041
57477	-3.912076	7.273722	10.676796
57478	-4.124368	7.612642	11.620975
57479	-4.195085	8.136696	12.222633
57480	-4.284098	8.639608	11.936875
57481	-4.551125	8.761123	11.101217
57482	-4.961976	8.693695	9.977333
57483	-5.301784	8.739172	8.924249
57484	-5.555589	8.899443	8.116020
57485	-5.772546	9.147496	7.749246
57486	-6.012557	9.422962	7.722614
57487	-6.282394	9.650488	7.860300
57488	-6.535759	9.819909	7.954321
57489	-6.725587	9.950288	7.878348
57490	-6.835670	10.018749	7.497210
57491	-6.903056	10.186418	7.019873
57492	-6.990838	10.358250	6.524534
57493	-7.066066	10.512038	6.020327
57494	-7.108911	10.601758	5.503759
57495	-7.116687	10.654649	4.939072
57496	-7.114869	10.705868	4.289209
57497	-7.123646	10.769045	3.660322
57498	-7.143283	10.846049	3.213923
57499	-7.166741	10.962845	3.010134
57500	-7.203623	11.114974	3.039497
57501	-7.265234	11.326929	3.277118
57502	-7.359424	11.520842	3.612958
57503	-7.488077	11.636709	3.965813
57504	-7.641743	11.732060	4.317207
57505	-7.787226	11.860251	4.677450
57506	-7.895190	12.042097	5.032327
57507	-7.994351	12.231760	5.386150
57508	-8.085926	12.453965	5.752412
57509	-8.181632	12.731028	6.189616
57510	-8.285352	13.067524	6.674216
57511	-8.400354	13.442568	7.134141
57512	-8.518019	13.842918	7.500052
57513	-8.708797	14.243031	7.690432
57514	-9.018872	14.679034	7.659354
57515	-9.436891	15.136975	7.416957
57516	-9.953191	15.579179	7.043119
57517	-10.494974	16.097394	6.770835
57518	-10.956307	16.645956	6.759024
57519	-11.342132	17.248202	6.942875
57520	-11.633482	17.954146	7.306209
57521	-11.764633	18.852456	7.808655
57522	-11.741248	19.824366	8.370073
57523	-11.679025	20.716496	8.933936
57524	-11.682052	21.566758	9.470745
57525	-11.780291	22.443764	9.973478
57526	-11.968847	23.338923	10.414947
57527	-12.265082	24.222313	10.687987
57528	-12.607507	25.029086	10.846322
57529	-12.968148	25.803831	10.954415
57530	-13.367404	26.599041	11.019029
57531	-13.783487	27.437082	11.038409
57532	-14.205659	28.260046	10.968408
57533	-14.667123	29.011966	10.755753
57534	-15.219816	29.648384	10.369659
57535	-15.886781	30.182674	9.833712
57536	-16.648072	30.622631	9.196843
57537	-17.446660	31.036521	8.530791
57538	-18.216446	31.447596	7.917638
57539	-18.898717	31.873932	7.430376
57540	-19.469429	32.326868	7.097469
57541	-19.942230	32.787850	6.900729
57542	-20.337565	33.218692	6.781516
57543	-20.654116	33.578153	6.710309
57544	-20.924842	33.816365	6.632579
57545	-21.184691	33.965169	6.544175
57546	-21.439526	34.055997	6.432197
57547	-21.679278	34.057277	6.282535
57548	-21.919218	33.896436	6.046414
57549	-22.200914	33.538135	5.653413
57550	-22.543862	32.979090	5.084334
57551	-22.964386	32.200951	4.316086
57552	-23.452033	31.148662	3.341899
57553	-24.013730	29.858973	2.131142
57554	-24.590463	28.442345	0.795880
57555	-25.117695	26.961722	-0.496647
57556	-25.556781	25.492840	-1.624376
57557	-25.880319	24.069712	-2.526711
57558	-26.058405	22.751756	-3.097006
57559	-26.075907	21.667283	-3.235843
57560	-25.984523	20.839904	-2.987941
57561	-25.813594	20.225892	-2.445320
57562	-25.567856	19.778349	-1.707099
57563	-25.266104	19.403306	-0.906533
57564	-24.949994	19.046189	-0.186427
57565	-24.657386	18.670121	0.377313
57566	-24.407802	18.253042	0.732792
57567	-24.212264	17.760406	0.875350
57568	-24.069891	17.211954	0.851409
57569	-23.978794	16.616938	0.686628
57570	-23.909441	15.989826	0.418847
57571	-23.800426	15.360244	0.148950
57572	-23.679259	14.658905	-0.120641
57573	-23.590998	13.915035	-0.462682
57574	-23.482930	13.249407	-0.793562
57575	-23.299125	12.685374	-1.032894
57576	-23.035374	12.219416	-1.177362
57577	-22.733365	11.829917	-1.275783
57578	-22.491479	11.402971	-1.451740
57579	-22.351824	11.238962	-1.702487
57580	-22.379608	10.943343	-2.211748
57581	-22.295549	10.819032	-2.622314
57582	-22.084969	10.834325	-2.912617
57583	-21.757281	11.031065	-3.114299
57584	-21.447760	11.208972	-3.379652
57585	-21.230314	11.335669	-3.753320
57586	-21.143039	11.459722	-4.233899
57587	-21.223714	11.568295	-4.774647
57588	-21.365608	11.689293	-5.164891
57589	-21.405586	11.917518	-5.309293
57590	-21.241627	12.295092	-5.301040
57591	-20.890273	12.673925	-5.366277
57592	-20.405219	13.009555	-5.596627
57593	-19.881612	13.313385	-5.988930
57594	-19.416694	13.492180	-6.579543
57595	-19.033978	13.518475	-7.344393
57596	-18.718900	13.244637	-8.193381
57597	-18.712250	12.951339	-8.851926
57598	-19.179891	12.716650	-9.193913
57599	-19.569654	13.076884	-8.833625
57600	-19.717564	13.883498	-8.023942
57601	-19.586808	14.781901	-7.109258
57602	-19.172427	15.512909	-6.300855
57603	-18.736181	15.974599	-5.806071
57604	-18.506639	16.279801	-5.714418
57605	-18.439865	16.499047	-6.063763
57606	-18.437545	16.578241	-6.680456
57607	-18.524832	16.558249	-7.346302
57608	-18.663082	16.529648	-7.890299
57609	-18.814215	16.616688	-8.250781
57610	-18.946710	16.809994	-8.362641
57611	-18.998819	17.118466	-8.244968
57612	-18.892029	17.520855	-8.004041
57613	-18.633903	17.907145	-7.790391
57614	-18.339302	18.091512	-7.724674
57615	-18.129237	18.152696	-7.840548
57616	-18.019057	18.227076	-7.981223
57617	-17.958748	18.309170	-8.100217
57618	-17.914482	18.390760	-8.193166
57619	-17.862791	18.453117	-8.266821
57620	-17.759939	18.487167	-8.321095
57621	-17.559626	18.543223	-8.282331
57622	-17.303749	18.632666	-8.148668
57623	-17.028196	18.743709	-7.915157
57624	-16.737307	18.866579	-7.619521
57625	-16.404106	18.945428	-7.315502
57626	-16.047022	18.973523	-7.061670
57627	-15.693993	18.939151	-6.851961
57628	-15.356251	18.888801	-6.653254
57629	-15.035198	18.861187	-6.465324
57630	-14.714352	18.827898	-6.288518
57631	-14.366678	18.796228	-6.103657
57632	-13.975052	18.756472	-5.915373
57633	-13.548197	18.725111	-5.717051
57634	-13.114113	18.661642	-5.533433
57635	-12.688320	18.559070	-5.388600
57636	-12.251421	18.481620	-5.233833
57637	-11.835816	18.391261	-5.088899
57638	-11.423355	18.272007	-4.946141
57639	-11.009657	18.093751	-4.821085
57640	-10.590387	17.894421	-4.691272
57641	-10.186175	17.670669	-4.564124
57642	-9.793850	17.423408	-4.447913
57643	-9.419350	17.131477	-4.378626
57644	-9.048766	16.792418	-4.345601
57645	-8.645625	16.413262	-4.309566
57646	-8.216063	16.010756	-4.271848
57647	-7.775811	15.623384	-4.233838
57648	-7.338584	15.231184	-4.211523
57649	-6.898791	14.853227	-4.199909
57650	-6.443602	14.483518	-4.173560
57651	-5.969794	14.107079	-4.141990
57652	-5.476387	13.752635	-4.077267
57653	-4.988796	13.368804	-4.021670
57654	-4.516213	12.984698	-4.004208
57655	-4.052716	12.598889	-3.999773
57656	-3.578862	12.206716	-4.004502
57657	-3.091738	11.810909	-4.002726
57658	-2.594526	11.414930	-3.989770
57659	-2.093194	11.006656	-3.960084
57660	-1.601521	10.594572	-3.954198
57661	-1.124636	10.185733	-3.976011
57662	-0.651663	9.781846	-4.016440
57663	-0.192443	9.384492	-4.078385
57664	0.241506	8.998907	-4.130881
57665	0.665378	8.621860	-4.153436
57666	1.087609	8.264174	-4.165343
57667	1.499855	7.934902	-4.162875
57668	1.897414	7.629994	-4.156207
57669	2.288252	7.365669	-4.158464
57670	2.671277	7.146665	-4.166422
57671	3.032665	6.943963	-4.210930
57672	3.358104	6.747649	-4.284476
57673	3.653683	6.571396	-4.363009
57674	3.933458	6.410301	-4.398778
57675	4.195300	6.274367	-4.372727
57676	4.428233	6.165343	-4.317667
57677	4.618373	6.027375	-4.319416
57678	4.786963	5.902625	-4.336393
57679	4.950232	5.801851	-4.309894
57680	5.105043	5.700525	-4.267771
57681	5.238875	5.609823	-4.302291
57682	5.347630	5.517259	-4.465019
57683	5.442666	5.422321	-4.676737
57684	5.565769	5.390163	-4.776968
57685	5.707535	5.387139	-4.743098
57686	5.822697	5.357911	-4.659978
57687	5.918922	5.338665	-4.526386
57688	5.996046	5.315862	-4.395786
57689	6.046607	5.297670	-4.305537
57690	6.064044	5.294913	-4.227253
57691	6.055716	5.289711	-4.170548
57692	6.045899	5.275191	-4.158457
57693	6.030586	5.254250	-4.220228
57694	5.983100	5.238726	-4.373841
57695	5.907098	5.228268	-4.529570
57696	5.816056	5.225617	-4.666617
57697	5.727593	5.239622	-4.675845
57698	5.678063	5.279578	-4.621438
57699	5.623565	5.332983	-4.621791
57700	5.527544	5.387306	-4.680535
57701	5.402477	5.437100	-4.749524
57702	5.290052	5.476669	-4.820007
57703	5.209278	5.503176	-4.903448
57704	5.107440	5.506698	-4.989939
57705	4.989788	5.500826	-5.106868
57706	4.906455	5.522474	-5.202024
57707	4.881958	5.570903	-5.203658
57708	4.835340	5.581116	-5.161510
57709	4.737198	5.619988	-5.056313
57710	4.623907	5.669400	-4.985214
57711	4.514908	5.670351	-5.015229
57712	4.437535	5.674383	-5.073822
57713	4.338542	5.680422	-5.163467
57714	4.217459	5.656847	-5.336487
57715	4.106882	5.606436	-5.559782
57716	4.021960	5.531847	-5.757877
57717	3.964916	5.463955	-5.871728
57718	3.928872	5.410240	-5.902531
57719	3.876777	5.381922	-5.888280
57720	3.798627	5.360740	-5.863437
57721	3.705779	5.342449	-5.839726
57722	3.605910	5.331470	-5.824519
57723	3.496006	5.338339	-5.823894
57724	3.376158	5.356236	-5.853289
57725	3.244291	5.367720	-5.984094
57726	3.097232	5.327716	-6.151826
57727	2.953163	5.269241	-6.262767
57728	2.836981	5.240045	-6.315490
57729	2.741539	5.208731	-6.287315
57730	2.664413	5.191055	-6.177304
57731	2.576109	5.193157	-6.029167
57732	2.455667	5.192520	-5.925682
57733	2.310896	5.173479	-5.874865
57734	2.165842	5.135501	-5.851399
57735	2.043722	5.106066	-5.836632
57736	1.936359	5.081384	-5.820939
57737	1.818010	5.067605	-5.813049
57738	1.703230	5.068139	-5.810293
57739	1.588761	5.086871	-5.755067
57740	1.470019	5.124919	-5.619644
57741	1.336434	5.191686	-5.438734
57742	1.173114	5.278287	-5.257927
57743	0.971258	5.386883	-5.083229
57744	0.778337	5.528680	-4.876441
57745	0.601214	5.714648	-4.574543
57746	0.407143	5.927320	-4.199124
57747	0.185977	6.155797	-3.819514
57748	-0.046200	6.424309	-3.441603
57749	-0.293784	6.741999	-3.089065
57750	-0.585322	7.042035	-2.810236
57751	-0.916348	7.322152	-2.646842
57752	-1.237899	7.576848	-2.535569
57753	-1.503569	7.796838	-2.384413
57754	-1.783060	7.945704	-2.374755
57755	-2.058782	8.001979	-2.492731
57756	-2.273006	8.026391	-2.510600
57757	-2.443916	8.058655	-2.272240
57758	-2.614716	8.094431	-1.837917
57759	-2.791510	8.133396	-1.328997
57760	-2.982542	8.175098	-0.822415
57761	-3.170831	8.217423	-0.377782
57762	-3.381456	8.285361	-0.049214
57763	-3.619008	8.382358	0.155466
57764	-3.848711	8.514024	0.384097
57765	-4.096067	8.672499	0.596912
57766	-4.346258	8.917854	0.862148
57767	-4.612615	9.200450	1.131786
57768	-4.886691	9.439271	1.288874
57769	-5.133033	9.700760	1.464560
57770	-5.345420	9.978029	1.735541
57771	-5.537641	10.274391	1.970429
57772	-5.735481	10.586672	2.197063
57773	-5.981511	10.921458	2.386596
57774	-6.297085	11.253857	2.522386
57775	-6.703105	11.615108	2.644722
57776	-7.174102	12.037748	2.902912
57777	-7.679609	12.548095	3.342148
57778	-8.196208	13.180856	3.942492
57779	-8.735588	13.926906	4.657647
57780	-9.322869	14.742268	5.453731
57781	-9.936439	15.622855	6.288877
57782	-10.576179	16.534394	7.041618
57783	-11.276499	17.421403	7.558446
57784	-12.022693	18.274012	7.817601
57785	-12.789282	19.122534	7.895853
57786	-13.548230	19.973923	7.907036
57787	-14.287562	20.843474	7.855306
57788	-15.027178	21.704173	7.770832
57789	-15.805227	22.529164	7.632300
57790	-16.626887	23.284680	7.417322
57791	-17.492528	23.996187	7.132753
57792	-18.377398	24.693841	6.826287
57793	-19.235220	25.409817	6.558434
57794	-20.019040	26.183802	6.407679
57795	-20.753305	27.004320	6.340790
57796	-21.453881	27.884434	6.347245
57797	-22.124642	28.814283	6.424974
57798	-22.780217	29.737819	6.520195
57799	-23.420231	30.646913	6.598993
57800	-24.054644	31.540922	6.635898
57801	-24.704396	32.429631	6.591072
57802	-25.382484	33.315012	6.441780
57803	-26.141831	34.090137	6.118614
57804	-26.991305	34.728248	5.593351
57805	-27.877082	35.284946	4.962366
57806	-28.765414	35.738311	4.250214
57807	-29.646123	36.062236	3.467573
57808	-30.506255	36.280743	2.625640
57809	-31.340623	36.330331	1.747679
57810	-32.144430	36.232845	0.853510
57811	-32.910906	35.969913	-0.033605
57812	-33.632853	35.563270	-0.907777
57813	-34.272123	35.006640	-1.755556
57814	-34.771000	34.293561	-2.531310
57815	-35.121176	33.438365	-3.199711
57816	-35.333602	32.490692	-3.760857
57817	-35.427622	31.444726	-4.239372
57818	-35.412058	30.284795	-4.650435
57819	-35.266995	29.046794	-4.966975
57820	-35.028945	27.683982	-5.213360
57821	-34.704278	26.284423	-5.382926
57822	-34.278682	24.926774	-5.403129
57823	-33.771438	23.606383	-5.306818
57824	-33.182062	22.341676	-5.108589
57825	-32.541480	21.129461	-4.854883
57826	-31.905683	19.961838	-4.595167
57827	-31.282610	18.837074	-4.360060
57828	-30.666792	17.760256	-4.139549
57829	-30.060216	16.737330	-3.951563
57830	-29.441962	15.778832	-3.761447
57831	-28.811570	14.862507	-3.553921
57832	-28.197745	13.954068	-3.363937
57833	-27.601541	13.090812	-3.207706
57834	-27.010863	12.317748	-3.079556
57835	-26.447048	11.649096	-2.962158
57836	-25.932419	11.065389	-2.873664
57837	-25.457596	10.566947	-2.846937
57838	-24.997524	10.174370	-2.871878
57839	-24.549580	9.853623	-2.959804
57840	-24.112299	9.530480	-3.100414
57841	-23.673063	9.159608	-3.290304
57842	-23.237344	8.764443	-3.582206
57843	-22.764308	8.425355	-3.849342
57844	-22.242565	8.164420	-4.012644
57845	-21.712447	8.008358	-4.058279
57846	-21.219279	7.950925	-3.998140
57847	-20.776231	7.990707	-3.843040
57848	-20.390522	8.092615	-3.602129
57849	-20.056807	8.248398	-3.302317
57850	-19.766222	8.401893	-3.022256
57851	-19.479911	8.563639	-2.782426
57852	-19.182900	8.811519	-2.603435
57853	-19.184492	8.664384	-3.038078
57854	-19.455469	8.502052	-3.776614
57855	-19.744246	8.312360	-4.358436
57856	-19.733236	8.450721	-4.478738
57857	-19.466410	8.830170	-4.208413
57858	-19.158708	9.340455	-3.846546
57859	-19.096254	9.712035	-3.698669
57860	-19.248804	9.934901	-3.783528
57861	-19.446933	10.176751	-3.968773
57862	-19.573491	10.377056	-4.180268
57863	-19.631563	10.503071	-4.490432
57864	-19.713840	10.569330	-4.893103
57865	-19.811750	10.635335	-5.248657
57866	-19.878338	10.790992	-5.426857
57867	-19.939265	11.068528	-5.429760
57868	-19.980074	11.363972	-5.332596
57869	-19.969375	11.664142	-5.227334
57870	-19.921664	11.973543	-5.137597
57871	-19.872878	12.273142	-5.130288
57872	-19.851893	12.526020	-5.196606
57873	-19.891265	12.734333	-5.322506
57874	-20.002676	12.943287	-5.498928
57875	-20.146667	13.132565	-5.693478
57876	-20.240165	13.325825	-5.852432
57877	-20.259175	13.534897	-5.982113
57878	-20.235499	13.720162	-6.121723
57879	-20.188609	13.909020	-6.229667
57880	-20.113926	14.147877	-6.239533
57881	-20.047217	14.397031	-6.196911
57882	-20.017620	14.624190	-6.161379
57883	-20.031212	14.834286	-6.185079
57884	-20.057949	15.008723	-6.253099
57885	-20.069016	15.185418	-6.315008
57886	-20.040894	15.360218	-6.351814
57887	-19.969108	15.539668	-6.362506
57888	-19.879767	15.680896	-6.363699
57889	-19.761692	15.792288	-6.353532
57890	-19.606743	15.897186	-6.317478
57891	-19.409082	16.027749	-6.238478
57892	-19.190439	16.207994	-6.089597
57893	-18.971904	16.426305	-5.882375
57894	-18.737266	16.664386	-5.594296
57895	-18.483603	16.886750	-5.263821
57896	-18.218855	17.090206	-4.923641
57897	-17.939873	17.373414	-4.551979
57898	-17.683891	17.655186	-4.200949
57899	-17.450205	17.932018	-3.873045
57900	-17.188640	18.152653	-3.580957
57901	-16.875816	18.297439	-3.347864
57902	-16.554583	18.369949	-3.147365
57903	-16.243401	18.388584	-2.949388
57904	-15.924582	18.401708	-2.710132
57905	-15.627539	18.427871	-2.433805
57906	-15.369515	18.474714	-2.127889
57907	-15.140800	18.578031	-1.822971
57908	-14.879464	18.762785	-1.494093
57909	-14.592361	18.960667	-1.154993
57910	-14.303579	19.134676	-0.816412
57911	-14.019851	19.264745	-0.495539
57912	-13.721511	19.317928	-0.213273
57913	-13.397717	19.294392	0.008893
57914	-13.061553	19.193948	0.177996
57915	-12.758263	19.085505	0.299222
57916	-12.465206	18.988985	0.445302
57917	-12.183514	18.903658	0.628313
57918	-11.907092	18.867125	0.834759
57919	-11.636839	18.816358	1.020799
57920	-11.338166	18.783857	1.214162
57921	-11.011807	18.723497	1.393155
57922	-10.650374	18.640004	1.512776
57923	-10.271825	18.522134	1.594134
57924	-9.915348	18.376658	1.682002
57925	-9.587558	18.181880	1.780168
57926	-9.262695	17.941159	1.906824
57927	-8.900757	17.686476	2.110571
57928	-8.495195	17.473657	2.410993
57929	-8.075161	17.258197	2.742519
57930	-7.651160	17.014590	3.012676
57931	-7.249280	16.746574	3.188751
57932	-6.870603	16.452861	3.272164
57933	-6.491706	16.151488	3.294593
57934	-6.078060	15.868732	3.337369
57935	-5.619199	15.605600	3.447809
57936	-5.154148	15.344530	3.613525
57937	-4.697454	15.064839	3.792113
57938	-4.250242	14.753095	3.956136
57939	-3.818703	14.372944	4.057717
57940	-3.394700	13.934874	4.085904
57941	-2.987881	13.435496	4.044398
57942	-2.583908	12.941325	3.987274
57943	-2.179044	12.467733	3.943922
57944	-1.753145	12.056564	3.936837
57945	-1.313736	11.680217	3.984061
57946	-0.878694	11.300403	4.029241
57947	-0.422508	10.962575	4.058517
57948	0.050805	10.670000	4.129560
57949	0.527004	10.390505	4.301878
57950	0.979463	10.083740	4.597839
57951	1.413882	9.736889	5.021451
57952	1.845005	9.375092	5.426205
57953	2.254478	9.006224	5.684217
57954	2.651245	8.605259	5.758675
57955	3.026355	8.160529	5.661462
57956	3.394183	7.732017	5.511589
57957	3.764348	7.311837	5.325042
57958	4.160932	6.992443	5.115819
57959	4.585325	6.764806	5.053185
57960	5.011357	6.530042	5.117909
57961	5.417283	6.295336	5.276131
57962	5.776773	6.062802	5.460744
57963	6.076300	5.813810	5.628495
57964	6.288485	5.563079	5.720194
57965	6.417405	5.392978	5.665707
57966	6.473594	5.357752	5.556577
57967	6.454095	5.393792	5.364934
57968	6.364257	5.467165	5.160509
57969	6.213460	5.595406	4.849829
57970	6.029225	5.740180	4.644124
57971	5.859157	5.939383	4.505530
57972	5.686517	6.098418	4.511641
57973	5.525812	6.280866	4.492037
57974	5.400059	6.491256	4.315249
57975	5.276652	6.708664	4.112637
57976	5.081437	6.974007	3.863648
57977	4.800149	7.249992	3.618268
57978	4.493290	7.532214	3.383337
57979	4.181972	7.743986	3.151153
57980	3.912056	7.837061	2.840701
57981	3.709586	7.844575	2.469504
57982	3.640228	7.870836	2.203372
57983	3.611535	7.894600	2.066640
57984	3.601122	7.914641	1.997258
57985	3.602219	7.901837	1.888282
57986	3.641516	7.856064	1.684515
57987	3.693121	7.805886	1.428156
57988	3.734492	7.735636	1.208677
57989	3.756038	7.646605	1.094087
57990	3.733541	7.533080	1.045277
57991	3.661149	7.410214	0.984797
57992	3.556063	7.315611	0.832420
57993	3.455761	7.253891	0.545788
57994	3.372756	7.227815	0.321051
57995	3.309246	7.223284	0.182015
57996	3.262076	7.208809	0.105493
57997	3.228993	7.169537	0.072812
57998	3.215688	7.088778	0.065180
57999	3.221631	6.993704	0.048345
58000	3.244622	6.895278	0.003889
58001	3.260804	6.795998	-0.030624
58002	3.265282	6.690648	-0.063190
58003	3.268872	6.590079	-0.123125
58004	3.261369	6.504265	-0.220574
58005	3.231659	6.442094	-0.353390
58006	3.182430	6.371536	-0.547572
58007	3.139066	6.307349	-0.712775
58008	3.115059	6.249244	-0.795482
58009	3.105461	6.192238	-0.794163
58010	3.101749	6.147891	-0.736676
58011	3.094204	6.098797	-0.686955
58012	3.090444	6.052404	-0.642501
58013	3.096311	6.013912	-0.577519
58014	3.106991	5.988021	-0.468640
58015	3.121235	5.973800	-0.312513
58016	3.132433	5.961713	-0.139306
58017	3.121431	5.960703	0.028484
58018	3.093098	5.951845	0.175226
58019	3.060618	5.927130	0.268147
58020	3.040738	5.897099	0.316261
58021	3.026000	5.864624	0.351829
58022	3.019661	5.828366	0.389237
58023	3.016508	5.784820	0.421947
58024	3.019712	5.751406	0.483272
58025	3.020641	5.727961	0.577154
58026	3.027616	5.708979	0.674929
58027	3.028478	5.695775	0.759920
58028	3.007089	5.689195	0.819229
58029	2.968488	5.690642	0.833952
58030	2.929146	5.701757	0.813798
58031	2.882844	5.728539	0.787519
58032	2.835570	5.764860	0.779103
58033	2.786559	5.804433	0.779460
58034	2.733809	5.842160	0.784058
58035	2.682749	5.874330	0.783560
58036	2.641002	5.910712	0.803712
58037	2.605584	5.947504	0.848073
58038	2.570960	5.980693	0.893704
58039	2.534370	6.011789	0.932941
58040	2.500205	6.042919	0.962612
58041	2.468586	6.068728	0.985546
58042	2.439395	6.093735	0.997142
58043	2.416134	6.106732	1.007469
58044	2.399678	6.123710	1.032840
58045	2.386851	6.138431	1.056303
58046	2.377962	6.149974	1.058631
58047	2.366359	6.160147	1.049571
58048	2.354253	6.167793	1.022810
58049	2.344012	6.178335	1.007047
58050	2.341170	6.185739	1.022996
58051	2.339603	6.200878	1.069008
58052	2.341034	6.210735	1.108846
58053	2.343198	6.215307	1.122835
58054	2.350192	6.217255	1.138243
58055	2.366725	6.223323	1.162565
58056	2.390043	6.228890	1.191920
58057	2.414962	6.237063	1.222701
58058	2.437097	6.237975	1.231886
58059	2.456269	6.233960	1.236036
58060	2.472642	6.231292	1.240885
58061	2.490587	6.231452	1.253360
58062	2.510769	6.234955	1.266770
58063	2.525265	6.245037	1.266244
58064	2.525192	6.263461	1.245187
58065	2.520094	6.288430	1.225378
58066	2.514844	6.316828	1.225066
58067	2.515794	6.345437	1.254058
58068	2.521063	6.376469	1.301350
58069	2.528057	6.403103	1.343127
58070	2.533900	6.429639	1.369139
58071	2.539177	6.452627	1.395334
58072	2.546397	6.476174	1.430621
58073	2.558833	6.497149	1.488199
58074	2.574140	6.516432	1.562542
58075	2.590033	6.534822	1.644146
58076	2.600918	6.552665	1.702584
58077	2.607715	6.573508	1.731451
58078	2.609734	6.588869	1.734884
58079	2.608952	6.595677	1.736786
58080	2.612530	6.606598	1.737487
58081	2.622431	6.613657	1.746829
58082	2.638655	6.624321	1.791027
58083	2.650888	6.632491	1.828722
58084	2.661309	6.635580	1.841597
58085	2.668394	6.634795	1.824679
58086	2.679562	6.634854	1.810716
58087	2.696374	6.641372	1.822326
58088	2.714057	6.649794	1.862938
58089	2.735766	6.664518	1.915576
58090	2.752760	6.678014	1.961291
58091	2.766249	6.688758	1.991438
58092	2.779021	6.696663	1.999821
58093	2.793433	6.701013	2.004433
58094	2.809449	6.704071	2.019651
58095	2.824289	6.706252	2.049441
58096	2.839286	6.710948	2.082350
58097	2.851500	6.705937	2.114148
58098	2.866810	6.704248	2.153703
58099	2.881340	6.702999	2.202342
58100	2.898449	6.698676	2.258593
58101	2.916152	6.693734	2.319874
58102	2.930874	6.685569	2.380224
58103	2.943822	6.673478	2.432768
58104	2.955921	6.659424	2.465304
58105	2.972103	6.652266	2.505437
58106	2.989905	6.653055	2.547630
58107	3.006065	6.655281	2.585445
58108	3.017338	6.649915	2.613315
58109	3.028035	6.641679	2.636888
58110	3.037395	6.631178	2.660203
58111	3.051684	6.619472	2.691347
58112	3.066960	6.610234	2.732420
58113	3.085136	6.597385	2.779904
58114	3.100427	6.578618	2.823311
58115	3.116854	6.556917	2.876022
58116	3.135115	6.538477	2.926306
58117	3.150577	6.519631	2.960645
58118	3.163353	6.500334	2.973382
58119	3.171746	6.478195	2.965908
58120	3.182907	6.466496	2.961356
58121	3.197199	6.466120	2.943367
58122	3.216459	6.465751	2.939604
58123	3.235637	6.469604	2.954449
58124	3.249745	6.468653	2.962482
58125	3.261617	6.464232	2.957056
58126	3.275906	6.460399	2.949460
58127	3.288205	6.455951	2.947437
58128	3.301929	6.454583	2.948054
58129	3.318587	6.448159	2.963983
58130	3.336919	6.448285	2.990890
58131	3.355607	6.443635	3.025187
58132	3.371911	6.441355	3.050679
58133	3.384671	6.435773	3.058743
58134	3.394367	6.428489	3.056956
58135	3.403772	6.421408	3.055180
58136	3.411336	6.414053	3.051098
58137	3.416835	6.407580	3.049927
58138	3.420572	6.398978	3.051341
58139	3.425841	6.388020	3.054759
58140	3.431324	6.378435	3.061748
58141	3.439879	6.370173	3.080812
58142	3.453429	6.371664	3.103313
58143	3.463624	6.374844	3.114061
58144	3.475372	6.379097	3.119854
58145	3.479464	6.384259	3.120005
58146	3.480940	6.387353	3.115939
58147	3.479521	6.390966	3.103957
58148	3.478177	6.389898	3.096556
58149	3.481690	6.388453	3.111262
58150	3.488540	6.386448	3.137288
58151	3.495189	6.381982	3.166428
58152	3.501758	6.376608	3.196613
58153	3.509694	6.372311	3.227493
58154	3.515916	6.365009	3.252925
58155	3.521822	6.357968	3.284617
58156	3.527908	6.353408	3.319451
58157	3.532167	6.354238	3.352607
58158	3.538420	6.356018	3.377958
58159	3.538767	6.358027	3.388511
58160	3.538177	6.358720	3.383023
58161	3.535967	6.360239	3.377601
58162	3.532750	6.361807	3.380709
58163	3.534146	6.359764	3.382859
58164	3.532811	6.357869	3.373665
58165	3.527448	6.352918	3.356126
58166	3.522419	6.346570	3.339019
58167	3.520455	6.342706	3.333556
58168	3.520059	6.338920	3.342324
58169	3.521230	6.332380	3.349072
58170	3.519163	6.327599	3.344657
58171	3.515174	6.320951	3.333757
58172	3.510724	6.311552	3.325398
58173	3.510778	6.301309	3.325478
58174	3.512712	6.293725	3.333834
58175	3.514459	6.284059	3.343075
