// General information: 
//  MT Manager version: 2021.4.0 
//  XDA version: 2021.4.0 build 6323 rev 112641 built on 2021-09-28
// Device information: 
//  DeviceId: 00B43856
//  ProductCode: MTW2-3A7G6
//  Firmware Version: 4.3.4
//  Hardware Version: 1.1.0
// Device settings: 
//  Filter Profile: human(46.1)
//  Option Flags: Orientation Smoother Disabled, Position/Velocity Smoother Disabled, Continuous Zero Rotation Update Disabled, AHS Disabled, ICC Disabled
// Coordinate system: ENU
PacketCounter	Roll	Pitch	Yaw
56898	-0.862875	0.247137	-0.466929
56899	-0.864619	0.257401	-0.468896
56900	-0.863998	0.269395	-0.475206
56901	-0.862778	0.281060	-0.487018
56902	-0.856679	0.290308	-0.514173
56903	-0.850794	0.297735	-0.544900
56904	-0.844714	0.304395	-0.564913
56905	-0.842877	0.314355	-0.573041
56906	-0.848623	0.326664	-0.560575
56907	-0.854953	0.334755	-0.541968
56908	-0.856822	0.335306	-0.528885
56909	-0.859290	0.332749	-0.519924
56910	-0.864550	0.332504	-0.517802
56911	-0.870414	0.328688	-0.536812
56912	-0.870425	0.316291	-0.557354
56913	-0.870849	0.307432	-0.570684
56914	-0.887199	0.300005	-0.590870
56915	-0.897943	0.293446	-0.603607
56916	-0.901831	0.286304	-0.610675
56917	-0.904384	0.280047	-0.622448
56918	-0.901785	0.274626	-0.632195
56919	-0.898332	0.272867	-0.641140
56920	-0.898840	0.273348	-0.644571
56921	-0.896017	0.277354	-0.632753
56922	-0.890836	0.279682	-0.626622
56923	-0.892075	0.285763	-0.618119
56924	-0.895829	0.293702	-0.611329
56925	-0.894792	0.300464	-0.612468
56926	-0.889733	0.297824	-0.620608
56927	-0.890972	0.291403	-0.630204
56928	-0.892639	0.287767	-0.641206
56929	-0.895829	0.279198	-0.653083
56930	-0.894033	0.271708	-0.659334
56931	-0.899657	0.264801	-0.656745
56932	-0.912170	0.261692	-0.647392
56933	-0.923308	0.259014	-0.618253
56934	-0.935435	0.255216	-0.587668
56935	-0.949507	0.246703	-0.573920
56936	-0.960006	0.232629	-0.559855
56937	-0.968122	0.216931	-0.531752
56938	-0.974516	0.199470	-0.504350
56939	-0.987592	0.181792	-0.496371
56940	-1.000275	0.162732	-0.491199
56941	-1.012831	0.142915	-0.474528
56942	-1.018978	0.117186	-0.462263
56943	-1.026161	0.087838	-0.462262
56944	-1.032425	0.062116	-0.450206
56945	-1.040582	0.044861	-0.419482
56946	-1.047735	0.033377	-0.378621
56947	-1.055862	0.029476	-0.331100
56948	-1.065512	0.029565	-0.275790
56949	-1.067589	0.024560	-0.222196
56950	-1.061621	0.011034	-0.181880
56951	-1.058313	-0.003114	-0.147070
56952	-1.055563	-0.016535	-0.112647
56953	-1.054329	-0.023636	-0.081953
56954	-1.051211	-0.030801	-0.041978
56955	-1.057084	-0.029987	-0.004768
56956	-1.064717	-0.028592	0.026393
56957	-1.064142	-0.031185	0.053227
56958	-1.062928	-0.038527	0.073505
56959	-1.060470	-0.052720	0.085010
56960	-1.058743	-0.072102	0.077190
56961	-1.064585	-0.089881	0.064939
56962	-1.079726	-0.099098	0.061230
56963	-1.095950	-0.102410	0.075644
56964	-1.109367	-0.104935	0.099927
56965	-1.125339	-0.106836	0.133169
56966	-1.135626	-0.109612	0.171659
56967	-1.147419	-0.114345	0.203688
56968	-1.165004	-0.122817	0.218633
56969	-1.176729	-0.131256	0.218302
56970	-1.181848	-0.147769	0.196890
56971	-1.187374	-0.167854	0.171121
56972	-1.192726	-0.188391	0.141294
56973	-1.205645	-0.205970	0.109724
56974	-1.218851	-0.219199	0.092450
56975	-1.228144	-0.232589	0.079939
56976	-1.239246	-0.245634	0.067240
56977	-1.254811	-0.255941	0.058514
56978	-1.258354	-0.263971	0.049666
56979	-1.267176	-0.269906	0.041889
56980	-1.275738	-0.277684	0.028955
56981	-1.286316	-0.288904	0.012495
56982	-1.291841	-0.302933	-0.004276
56983	-1.298289	-0.318219	-0.018555
56984	-1.301563	-0.334520	-0.020541
56985	-1.307643	-0.351555	-0.019515
56986	-1.312669	-0.363536	0.002278
56987	-1.317200	-0.370369	0.046753
56988	-1.327224	-0.372484	0.101326
56989	-1.344594	-0.368375	0.163026
56990	-1.355262	-0.368185	0.227070
56991	-1.365889	-0.375410	0.271024
56992	-1.372084	-0.390681	0.287315
56993	-1.376723	-0.414994	0.287686
56994	-1.380079	-0.440016	0.276929
56995	-1.392702	-0.460922	0.266233
56996	-1.403346	-0.482273	0.252013
56997	-1.415086	-0.504423	0.234189
56998	-1.429916	-0.521821	0.232684
56999	-1.444394	-0.536661	0.240608
57000	-1.452395	-0.547539	0.266062
57001	-1.455099	-0.557140	0.292576
57002	-1.456904	-0.562373	0.317209
57003	-1.460358	-0.563933	0.341266
57004	-1.459270	-0.565525	0.354737
57005	-1.458040	-0.566706	0.352013
57006	-1.454978	-0.567240	0.344109
57007	-1.445526	-0.567014	0.338832
57008	-1.434133	-0.564354	0.335610
57009	-1.426897	-0.556741	0.332828
57010	-1.413363	-0.551839	0.338411
57011	-1.397293	-0.545299	0.338060
57012	-1.381687	-0.538436	0.334715
57013	-1.373463	-0.524280	0.344852
57014	-1.371689	-0.506010	0.369266
57015	-1.362667	-0.496299	0.377463
57016	-1.345503	-0.494140	0.382734
57017	-1.335712	-0.488479	0.389794
57018	-1.329220	-0.481909	0.407119
57019	-1.321050	-0.474941	0.426055
57020	-1.311385	-0.467649	0.444482
57021	-1.304653	-0.459339	0.466577
57022	-1.296436	-0.453963	0.475069
57023	-1.285790	-0.450748	0.475487
57024	-1.279859	-0.448272	0.473915
57025	-1.271075	-0.443970	0.463979
57026	-1.262742	-0.441200	0.452877
57027	-1.258690	-0.436701	0.440384
57028	-1.256362	-0.430181	0.434026
57029	-1.258587	-0.420185	0.424358
57030	-1.262839	-0.412458	0.416350
57031	-1.260794	-0.408495	0.401913
57032	-1.257634	-0.407793	0.375354
57033	-1.255442	-0.406580	0.355291
57034	-1.251312	-0.407582	0.338824
57035	-1.248681	-0.405317	0.330972
57036	-1.246222	-0.398979	0.335062
57037	-1.243207	-0.395681	0.342328
57038	-1.243642	-0.388665	0.347917
57039	-1.253210	-0.374792	0.362939
57040	-1.253009	-0.365207	0.375180
57041	-1.252758	-0.358399	0.381648
57042	-1.253115	-0.353681	0.386398
57043	-1.254737	-0.348967	0.384800
57044	-1.251354	-0.346144	0.382386
57045	-1.252298	-0.338724	0.378778
57046	-1.256620	-0.333367	0.366284
57047	-1.258052	-0.329396	0.354358
57048	-1.255835	-0.330186	0.336053
57049	-1.252175	-0.335473	0.314004
57050	-1.252169	-0.339041	0.299637
57051	-1.252360	-0.340457	0.299765
57052	-1.254460	-0.337457	0.308577
57053	-1.261738	-0.333341	0.319174
57054	-1.273073	-0.326168	0.328781
57055	-1.283695	-0.321216	0.334779
57056	-1.284133	-0.320489	0.345475
57057	-1.287797	-0.323502	0.350713
57058	-1.293261	-0.329039	0.351965
57059	-1.296895	-0.331643	0.355101
57060	-1.299047	-0.335646	0.362779
57061	-1.304858	-0.339232	0.374795
57062	-1.311292	-0.340358	0.389875
57063	-1.313790	-0.341992	0.406302
57064	-1.311853	-0.345703	0.413323
57065	-1.308798	-0.344789	0.421571
57066	-1.305366	-0.347866	0.436346
57067	-1.301058	-0.348347	0.453062
57068	-1.293668	-0.346575	0.471674
57069	-1.287391	-0.344542	0.491445
57070	-1.282646	-0.337951	0.524196
57071	-1.280223	-0.324474	0.563994
57072	-1.270556	-0.319306	0.587480
57073	-1.257970	-0.318785	0.597923
57074	-1.250078	-0.314761	0.615264
57075	-1.242598	-0.306185	0.642154
57076	-1.226080	-0.295978	0.673256
57077	-1.210540	-0.284888	0.708724
57078	-1.200798	-0.273983	0.741532
57079	-1.200678	-0.261643	0.756369
57080	-1.204247	-0.247837	0.751287
57081	-1.211810	-0.235890	0.726685
57082	-1.211477	-0.232258	0.686489
57083	-1.216593	-0.231182	0.640496
57084	-1.229221	-0.228533	0.601507
57085	-1.243899	-0.225881	0.555737
57086	-1.253054	-0.224978	0.509905
57087	-1.257651	-0.222460	0.476933
57088	-1.270532	-0.215083	0.453634
57089	-1.286296	-0.204537	0.431592
57090	-1.298626	-0.196072	0.405103
57091	-1.320422	-0.185536	0.374638
57092	-1.344600	-0.178398	0.340785
57093	-1.360866	-0.173705	0.311408
57094	-1.372962	-0.168341	0.287468
57095	-1.387393	-0.158796	0.268872
57096	-1.398059	-0.147823	0.256896
57097	-1.411348	-0.133741	0.250102
57098	-1.432146	-0.112513	0.253766
57099	-1.457928	-0.088626	0.253121
57100	-1.485844	-0.061208	0.244008
57101	-1.511495	-0.034482	0.228622
57102	-1.536109	-0.005609	0.211676
57103	-1.564468	0.026242	0.187055
57104	-1.595372	0.057630	0.149233
57105	-1.635767	0.087050	0.105820
57106	-1.670607	0.113031	0.081648
57107	-1.696831	0.135062	0.061283
57108	-1.730418	0.156227	0.027479
57109	-1.772848	0.180271	-0.010130
57110	-1.816138	0.204463	-0.033386
57111	-1.861604	0.229945	-0.040982
57112	-1.919392	0.258604	-0.035985
57113	-1.986152	0.290235	-0.029248
57114	-2.048252	0.323214	-0.021429
57115	-2.114895	0.354894	-0.023475
57116	-2.181805	0.385196	-0.025746
57117	-2.251724	0.410180	-0.024438
57118	-2.322204	0.431688	-0.019266
57119	-2.397992	0.447910	-0.026620
57120	-2.477027	0.460073	-0.029386
57121	-2.565131	0.478715	-0.019785
57122	-2.667914	0.502499	-0.003470
57123	-2.772407	0.531288	0.013517
57124	-2.871539	0.561170	0.021351
57125	-2.952794	0.583982	0.036718
57126	-3.013304	0.600589	0.053610
57127	-3.078283	0.623865	0.076469
57128	-3.152233	0.659171	0.113724
57129	-3.224248	0.698189	0.177665
57130	-3.287872	0.738134	0.250196
57131	-3.361157	0.784403	0.319636
57132	-3.458678	0.836969	0.367521
57133	-3.579145	0.891951	0.418011
57134	-3.724651	0.952432	0.454352
57135	-3.874612	1.013395	0.503645
57136	-4.013220	1.069833	0.556465
57137	-4.139803	1.125072	0.632371
57138	-4.251944	1.180430	0.720115
57139	-4.349698	1.226469	0.822958
57140	-4.435919	1.261479	0.894296
57141	-4.519404	1.287880	0.959555
57142	-4.614029	1.316457	1.014618
57143	-4.722669	1.356650	1.117003
57144	-4.834680	1.414873	1.271022
57145	-4.933175	1.469828	1.473110
57146	-5.030199	1.527093	1.683307
57147	-5.133653	1.589472	1.902471
57148	-5.238731	1.651711	2.104660
57149	-5.324498	1.694205	2.291811
57150	-5.384025	1.709122	2.430556
57151	-5.427599	1.702772	2.540313
57152	-5.467343	1.677504	2.603439
57153	-5.539477	1.650652	2.623919
57154	-5.675669	1.639963	2.585420
57155	-5.845902	1.658518	2.552901
57156	-5.984247	1.689347	2.608988
57157	-6.071747	1.738283	2.790790
57158	-6.157405	1.814696	3.010246
57159	-6.257120	1.922199	3.254970
57160	-6.328947	2.025929	3.483824
57161	-6.348923	2.091838	3.690207
57162	-6.330036	2.115596	3.842834
57163	-6.300697	2.105617	3.943040
57164	-6.278579	2.073121	3.960254
57165	-6.265303	2.032995	3.936881
57166	-6.251363	1.987801	3.890839
57167	-6.247348	1.956220	3.860549
57168	-6.261829	1.958861	3.893961
57169	-6.284008	1.983033	3.987797
57170	-6.297310	1.999910	4.084314
57171	-6.288592	1.990424	4.162315
57172	-6.260228	1.961957	4.212010
57173	-6.212343	1.919884	4.237691
57174	-6.164767	1.877344	4.245535
57175	-6.151478	1.857144	4.255521
57176	-6.153646	1.862484	4.302866
57177	-6.141520	1.876537	4.383146
57178	-6.120050	1.899403	4.478004
57179	-6.090536	1.939742	4.596462
57180	-6.046636	1.986839	4.703235
57181	-5.978903	2.007328	4.746396
57182	-5.901319	1.999297	4.669523
57183	-5.838100	1.978260	4.512261
57184	-5.785811	1.971278	4.357684
57185	-5.723213	1.973569	4.287915
57186	-5.639056	1.978514	4.261364
57187	-5.554575	1.979054	4.254125
57188	-5.488709	1.990261	4.254209
57189	-5.412174	1.999888	4.286570
57190	-5.305527	1.992605	4.344077
57191	-5.183907	1.961415	4.372905
57192	-5.053692	1.907385	4.336562
57193	-4.903409	1.837603	4.297734
57194	-4.746364	1.772881	4.262925
57195	-4.606926	1.725111	4.262279
57196	-4.477482	1.699350	4.279303
57197	-4.329364	1.684319	4.360361
57198	-4.159569	1.681561	4.486089
57199	-3.979147	1.684692	4.632076
57200	-3.786279	1.684725	4.738943
57201	-3.578470	1.676449	4.827588
57202	-3.384638	1.675329	4.926559
57203	-3.226990	1.689001	5.040837
57204	-3.084488	1.715994	5.121780
57205	-2.929734	1.751938	5.173075
57206	-2.771728	1.803562	5.204601
57207	-2.630862	1.873735	5.259613
57208	-2.502042	1.961623	5.316935
57209	-2.366483	2.063619	5.386581
57210	-2.209128	2.178339	5.418590
57211	-2.023114	2.299744	5.406499
57212	-1.813117	2.431050	5.345515
57213	-1.587678	2.577964	5.265614
57214	-1.350628	2.748208	5.161374
57215	-1.123419	2.959025	5.135196
57216	-0.943067	3.228178	5.157293
57217	-0.787261	3.542889	5.183812
57218	-0.593327	3.875285	5.183244
57219	-0.358447	4.214081	5.160752
57220	-0.121979	4.559569	5.110206
57221	0.082940	4.932808	5.100990
57222	0.259067	5.354606	5.141778
57223	0.438826	5.814745	5.221661
57224	0.673004	6.280055	5.323948
57225	0.987321	6.721189	5.488974
57226	1.386597	7.143144	5.766716
57227	1.857069	7.560338	6.173899
57228	2.397488	7.975776	6.646615
57229	2.965014	8.394168	7.005429
57230	3.510038	8.836099	7.099575
57231	3.962828	9.323632	6.976427
57232	4.299086	9.866315	6.708760
57233	4.534150	10.433449	6.330835
57234	4.730282	11.016537	5.946451
57235	4.983729	11.622927	5.740705
57236	5.463670	12.225031	5.896142
57237	6.197577	12.795103	6.432957
57238	7.057605	13.344502	7.100027
57239	7.874246	13.892347	7.706191
57240	8.641642	14.430110	8.196497
57241	9.450637	14.913663	8.688226
57242	10.356598	15.337973	9.307439
57243	11.367923	15.697569	10.163697
57244	12.397419	16.040293	11.079898
57245	13.350969	16.399937	11.865599
57246	14.227783	16.789355	12.436334
57247	15.100134	17.181550	12.905898
57248	16.015178	17.555936	13.317210
57249	16.939919	17.909440	13.708190
57250	17.831712	18.252686	13.999503
57251	18.650750	18.614571	14.154381
57252	19.348176	19.013234	14.143154
57253	19.895841	19.465568	14.048603
57254	20.317670	19.970056	13.879025
57255	20.697378	20.504477	13.638433
57256	21.122355	21.030186	13.395355
57257	21.635377	21.529938	13.255482
57258	22.175562	22.005146	13.144940
57259	22.721610	22.428398	13.076160
57260	23.333688	22.741825	13.083869
57261	24.006712	22.937482	13.329493
57262	24.676658	23.062990	13.541787
57263	25.314184	23.151835	13.768481
57264	25.949264	23.204578	13.911830
57265	26.633316	23.201176	14.208947
57266	27.344327	23.151737	14.534949
57267	28.020714	23.103091	14.884153
57268	28.652670	23.061233	15.067366
57269	29.297185	22.974627	15.276738
57270	29.968240	22.800429	15.508910
57271	30.630257	22.535059	15.860130
57272	31.214976	22.204832	16.139147
57273	31.728520	21.798828	16.484396
57274	32.228402	21.268719	16.866706
57275	32.733309	20.627151	17.391739
57276	33.226652	19.942139	17.929311
57277	33.561484	19.403571	18.308107
57278	33.687577	19.123379	18.162021
57279	33.885166	18.838883	17.931488
57280	34.409666	18.220567	18.095796
57281	35.065361	17.425351	18.649282
57282	35.496530	16.851083	18.919131
57283	35.701521	16.536324	18.851443
57284	35.914990	16.204105	18.683016
57285	36.186423	15.730199	18.729175
57286	36.329217	15.262948	18.738040
57287	36.322390	14.874133	18.689209
57288	36.283942	14.516755	18.585955
57289	36.279163	14.175630	18.452381
57290	36.301599	13.868056	18.267511
57291	36.345324	13.607032	18.024081
57292	36.418956	13.361780	17.727012
57293	36.484274	13.154972	17.333918
57294	36.512089	12.964952	16.875069
57295	36.513600	12.729228	16.467441
57296	36.471047	12.405915	16.203674
57297	36.283552	12.137883	15.934162
57298	35.939450	12.046907	15.429414
57299	35.507650	12.071373	14.761236
57300	35.092693	12.031333	14.312418
57301	34.801345	11.843711	14.284759
57302	34.618401	11.683858	14.369008
57303	34.471021	11.699183	14.278807
57304	34.325235	11.827967	14.108827
57305	34.163705	11.937104	14.066009
57306	33.929693	12.032294	14.100177
57307	33.634882	12.137147	14.046559
57308	33.338952	12.215067	13.866532
57309	33.055981	12.262257	13.560077
57310	32.784209	12.296365	13.133235
57311	32.516531	12.281103	12.712555
57312	32.282627	12.179777	12.414566
57313	32.065658	12.069684	12.203012
57314	31.823038	12.032052	12.017830
57315	31.482815	12.107986	11.862412
57316	31.045701	12.318949	11.633778
57317	30.545266	12.617788	11.231573
57318	29.977927	13.002865	10.599530
57319	29.400826	13.358988	9.924588
57320	28.883103	13.592602	9.413707
57321	28.420749	13.764521	8.907287
57322	27.878146	14.060884	8.203871
57323	27.228563	14.524002	7.337900
57324	26.682491	14.976868	6.553690
57325	26.433229	15.209651	6.402793
57326	26.192420	15.490150	6.680082
57327	25.868305	15.905259	6.626881
57328	25.955746	16.030577	6.713060
57329	26.404241	15.869277	7.401826
57330	26.834786	15.702082	8.130602
57331	27.112558	15.603093	8.521756
57332	27.180883	15.572260	8.797155
57333	27.253356	15.552330	9.024954
57334	27.184627	15.575285	8.969156
57335	26.615032	15.938798	8.188630
57336	25.592067	16.635642	6.855408
57337	24.535832	17.352427	5.593256
57338	23.932000	17.745076	5.037451
57339	23.727706	17.857879	4.888758
57340	23.336071	18.120470	4.283504
57341	22.738448	18.528235	3.583592
57342	22.695865	18.495259	3.828244
57343	22.678532	18.310612	4.136074
57344	22.153863	18.392225	3.938115
57345	21.799909	18.320289	4.172298
57346	21.803891	17.991396	4.903777
57347	21.692200	17.737354	5.425131
57348	21.427850	17.575483	5.669929
57349	20.969334	17.504151	5.729509
57350	20.353874	17.489176	5.708972
57351	19.637130	17.498674	5.557431
57352	18.970138	17.471934	5.332648
57353	18.316217	17.442999	4.940451
57354	17.539266	17.492522	4.323606
57355	16.677621	17.569188	3.683799
57356	15.896417	17.587299	3.289138
57357	15.271302	17.513065	3.157231
57358	14.805477	17.355331	3.167728
57359	14.334131	17.201784	3.097184
57360	13.747864	17.102562	2.859715
57361	13.108231	17.012292	2.597582
57362	12.498063	16.873830	2.447760
57363	11.881601	16.730672	2.375536
57364	11.314576	16.572364	2.390407
57365	10.823177	16.393202	2.508817
57366	10.283284	16.246430	2.576667
57367	9.637825	16.132537	2.462036
57368	8.873631	16.023043	2.082033
57369	8.052151	15.887951	1.557608
57370	7.262623	15.724334	1.068480
57371	6.661035	15.495538	0.770805
57372	6.182885	15.200274	0.516071
57373	5.657181	14.902310	0.179501
57374	5.023464	14.643111	-0.197892
57375	4.296849	14.428072	-0.578712
57376	3.590666	14.180372	-0.902953
57377	2.924600	13.879204	-1.166894
57378	2.345382	13.508514	-1.305669
57379	1.926481	13.042504	-1.269073
57380	1.578826	12.531370	-1.147041
57381	1.273464	12.047095	-0.924908
57382	0.997237	11.596542	-0.617000
57383	0.655892	11.184197	-0.428519
57384	0.197400	10.802621	-0.482334
57385	-0.335749	10.427926	-0.723188
57386	-0.883576	10.046283	-0.995131
57387	-1.363165	9.632295	-1.159845
57388	-1.812111	9.199538	-1.230228
57389	-2.254141	8.784281	-1.203195
57390	-2.666551	8.423936	-1.027547
57391	-3.033165	8.084926	-0.807877
57392	-3.319827	7.669222	-0.730508
57393	-3.608452	7.178184	-0.914784
57394	-4.030994	6.718625	-1.228604
57395	-4.454578	6.380135	-1.341481
57396	-4.678292	6.115271	-1.098085
57397	-4.760338	5.849802	-0.776453
57398	-4.843112	5.590789	-0.589570
57399	-4.947426	5.360479	-0.606724
57400	-5.047836	5.146030	-0.778371
57401	-5.114587	4.959206	-0.901728
57402	-5.135081	4.776065	-0.921034
57403	-5.222644	4.584742	-1.037745
57404	-5.353476	4.380837	-1.304513
57405	-5.420377	4.127973	-1.593806
57406	-5.518687	3.876997	-1.860146
57407	-5.778229	3.807013	-1.900347
57408	-5.973484	3.865356	-1.515674
57409	-5.963516	3.880712	-0.891270
57410	-5.859240	3.836943	-0.262865
57411	-5.733315	3.764399	0.245751
57412	-5.620240	3.661730	0.523869
57413	-5.613918	3.556670	0.536860
57414	-5.708284	3.447140	0.366065
57415	-5.798783	3.343612	0.168596
57416	-5.741682	3.205871	0.103855
57417	-5.584371	3.012695	0.113157
57418	-5.491428	2.876213	0.177945
57419	-5.576839	2.837428	0.160244
57420	-5.726115	2.823018	-0.006696
57421	-5.901703	2.851340	-0.158573
57422	-5.992406	2.922676	-0.080639
57423	-5.894999	2.993188	0.215032
57424	-5.622427	3.060930	0.695388
57425	-5.371982	3.194603	1.303754
57426	-5.271359	3.376498	1.811369
57427	-5.328399	3.518684	1.874464
57428	-5.538081	3.509741	1.203880
57429	-5.790890	3.317754	-0.006145
57430	-5.843834	3.044126	-1.061707
57431	-5.623864	2.853411	-1.397690
57432	-5.361029	2.861004	-1.206761
57433	-5.230500	3.083116	-0.932701
57434	-5.082511	3.331921	-0.798110
57435	-4.762331	3.448626	-0.699178
57436	-4.419713	3.464176	-0.689265
57437	-4.287174	3.454838	-1.078876
57438	-4.331525	3.398604	-2.038897
57439	-4.368515	3.236065	-3.337668
57440	-4.356926	3.037178	-4.486396
57441	-4.224035	2.880584	-5.035790
57442	-3.938102	2.742071	-5.062281
57443	-3.778168	2.734201	-4.828362
57444	-3.859012	2.924409	-4.488425
57445	-4.014139	3.149578	-4.182268
57446	-4.041799	3.262075	-3.867975
57447	-3.924122	3.260991	-3.485933
57448	-3.785257	3.191987	-3.173952
57449	-3.760144	3.094052	-3.122896
57450	-3.846873	2.975971	-3.305963
57451	-3.901724	2.837679	-3.476442
57452	-3.867220	2.720720	-3.457665
57453	-3.794046	2.655866	-3.320299
57454	-3.762138	2.653705	-3.168206
57455	-3.743949	2.691319	-2.963085
57456	-3.649021	2.726236	-2.648183
57457	-3.503323	2.757768	-2.303798
57458	-3.411054	2.814064	-2.113597
57459	-3.407166	2.914540	-2.134345
57460	-3.473747	3.068771	-2.178317
57461	-3.485861	3.238078	-2.032676
57462	-3.377545	3.397484	-1.608961
57463	-3.272300	3.600943	-0.994677
57464	-3.316624	3.906687	-0.426946
57465	-3.454294	4.221684	-0.177715
57466	-3.504321	4.420948	-0.175935
57467	-3.378873	4.521131	-0.106099
57468	-3.203958	4.605922	0.052219
57469	-3.163307	4.721830	0.093883
57470	-3.310998	4.897547	0.024231
57471	-3.511890	5.133626	0.189123
57472	-3.456216	5.323360	0.897801
57473	-3.063288	5.384246	2.097387
57474	-2.588555	5.374700	3.308052
57475	-2.329774	5.379764	4.120474
57476	-2.176955	5.417899	4.829369
57477	-1.949169	5.544986	5.918030
57478	-1.622557	5.833026	7.530442
57479	-1.238708	6.246118	9.357380
57480	-0.821346	6.673997	10.747791
57481	-0.422836	7.033249	11.201208
57482	-0.187158	7.309020	10.741636
57483	-0.061463	7.519848	9.800594
57484	0.138842	7.725123	8.924739
57485	0.464269	8.038261	8.436189
57486	0.735940	8.486743	8.062477
57487	0.792241	8.999857	7.340675
57488	0.559559	9.470372	6.254931
57489	0.325680	9.938737	5.495222
57490	0.465816	10.471822	5.514971
57491	1.234801	10.784589	5.867086
57492	2.382214	10.775009	6.074915
57493	3.069855	10.770446	5.924978
57494	2.881403	11.102914	5.176938
57495	2.097948	11.629024	4.090313
57496	1.310640	12.018347	3.252012
57497	1.124491	12.106826	3.081992
57498	1.285310	12.016055	3.301159
57499	1.245126	11.961274	3.282719
57500	0.907864	12.010468	2.877041
57501	0.522235	12.158404	2.583142
57502	0.594255	12.354765	3.145891
57503	1.226485	12.561780	4.679330
57504	1.977299	12.788370	6.229222
57505	2.625795	13.031372	7.230748
57506	3.197485	13.314853	7.878180
57507	3.800334	13.645332	8.547792
57508	4.522201	13.952308	9.373139
57509	5.351817	14.199391	10.197737
57510	6.202500	14.436306	10.862743
57511	6.954896	14.730683	11.208523
57512	7.563854	15.105242	11.124980
57513	8.000343	15.576445	10.617609
57514	8.297538	16.117057	9.837319
57515	8.490635	16.694837	8.961761
57516	8.625652	17.287202	8.062304
57517	8.720311	17.885011	7.153711
57518	8.810711	18.478555	6.313720
57519	8.937404	19.092363	5.685687
57520	9.197176	19.727805	5.377803
57521	9.750039	20.321053	5.399069
57522	10.646613	20.832077	5.681664
57523	11.786725	21.265753	6.207448
57524	12.915806	21.688381	6.916578
57525	13.913305	22.134574	7.704108
57526	14.945978	22.542869	8.645999
57527	16.159664	22.849457	9.766308
57528	17.545311	23.070489	10.958245
57529	18.962618	23.280925	12.133033
57530	20.247808	23.542293	13.126558
57531	21.246753	23.913437	13.702049
57532	21.937240	24.393568	13.739310
57533	22.382739	24.967004	13.379261
57534	22.648914	25.626753	12.854133
57535	22.763181	26.374129	12.276490
57536	22.821857	27.154357	11.718946
57537	22.905460	27.917904	11.243294
57538	23.118345	28.610337	10.929055
57539	23.515827	29.186750	10.840629
57540	24.076444	29.656529	10.975741
57541	24.774946	30.019287	11.313344
57542	25.605785	30.257042	11.820179
57543	26.552719	30.357528	12.454773
57544	27.521439	30.361027	13.106086
57545	28.415128	30.307929	13.654816
57546	29.226484	30.196273	14.084259
57547	29.985715	30.005868	14.434065
57548	30.761016	29.685953	14.834978
57549	31.544441	29.258048	15.353883
57550	32.284537	28.783087	15.921713
57551	32.941102	28.311877	16.434303
57552	33.517575	27.864258	16.839576
57553	34.027783	27.423449	17.143513
57554	34.358334	27.024538	17.344953
57555	34.456965	26.675181	17.415852
57556	34.377243	26.372548	17.293503
57557	34.289314	26.049737	17.088849
57558	34.391144	25.569744	17.100363
57559	34.654416	24.961024	17.327330
57560	34.875384	24.388310	17.483361
57561	34.967942	23.891654	17.479701
57562	35.019350	23.384088	17.398691
57563	35.115866	22.785774	17.332172
57564	35.213367	22.139195	17.281775
57565	35.181613	21.557370	17.145812
57566	35.053436	21.052471	16.891367
57567	34.924599	20.568062	16.576106
57568	34.833434	20.067030	16.304232
57569	34.738387	19.577024	16.093053
57570	34.584680	19.150268	15.850526
57571	34.387192	18.820223	15.495331
57572	34.149294	18.571547	15.061623
57573	33.780803	18.393889	14.588783
57574	33.244802	18.263482	14.062307
57575	32.590372	18.168558	13.431948
57576	31.917195	18.076232	12.685362
57577	31.318502	17.911072	12.003854
57578	30.852049	17.636735	11.575491
57579	30.569387	17.279409	11.404557
57580	30.417145	16.918308	11.461363
57581	30.431395	16.593686	11.744352
57582	30.484669	16.393627	12.132462
57583	30.480630	16.381708	12.387905
57584	30.463547	16.535047	12.289752
57585	30.379871	16.794623	12.012401
57586	30.112346	17.152996	11.716629
57587	29.572117	17.527865	11.497379
57588	28.948791	17.843540	11.127183
57589	28.329659	18.164809	10.467613
57590	28.176751	18.243633	10.064801
57591	27.823950	18.359577	9.657335
57592	27.183379	18.668972	9.032153
57593	26.659011	18.789505	8.516568
57594	25.970109	18.836834	7.793130
57595	24.780977	19.195158	6.380934
57596	23.028073	19.946186	4.344010
57597	21.154408	20.678636	2.264721
57598	19.877173	21.107111	1.298588
57599	19.548500	21.477111	1.511057
57600	20.505155	21.193083	2.517531
57601	21.995196	20.495660	4.150066
57602	22.946339	20.095508	5.560711
57603	23.585213	19.886715	6.482008
57604	24.224733	19.512792	7.277100
57605	24.290748	19.362092	7.422124
57606	23.875952	19.474019	7.155758
57607	23.536751	19.496829	7.153167
57608	23.192004	19.535912	7.123153
57609	22.815759	19.635548	6.867593
57610	22.525972	19.690836	6.545243
57611	22.331051	19.762287	6.137422
57612	22.269035	19.810806	6.011422
57613	22.132055	19.922997	5.907463
57614	21.303385	20.448095	4.786146
57615	20.190556	20.973145	3.264477
57616	19.036807	21.363932	1.811127
57617	18.202881	21.549607	0.904744
57618	17.863474	21.491156	0.653023
57619	17.837459	21.291941	0.748027
57620	17.836748	21.094822	0.887476
57621	17.724102	20.934910	1.089325
57622	17.512874	20.779242	1.468958
57623	17.337899	20.568509	2.165261
57624	17.188308	20.302263	3.071127
57625	16.986033	20.033816	3.921245
57626	16.574462	19.848021	4.233936
57627	15.955447	19.764924	3.979094
57628	15.348495	19.695919	3.691264
57629	14.813595	19.585263	3.483023
57630	14.334741	19.407062	3.289874
57631	13.845657	19.207992	3.024591
57632	13.276991	19.045073	2.659283
57633	12.630101	18.905244	2.201708
57634	11.952921	18.771361	1.678924
57635	11.269279	18.626003	1.129972
57636	10.661974	18.433451	0.651741
57637	10.194668	18.179354	0.306130
57638	9.782682	17.904084	0.015204
57639	9.348740	17.638859	-0.303127
57640	8.810745	17.400620	-0.745076
57641	8.217637	17.173156	-1.191809
57642	7.643879	16.922635	-1.576760
57643	7.151093	16.636944	-1.795533
57644	6.723456	16.331555	-1.831045
57645	6.290408	16.036071	-1.823112
57646	5.753500	15.764905	-1.922050
57647	5.105179	15.514003	-2.203012
57648	4.421614	15.236299	-2.636382
57649	3.759819	14.902097	-3.167505
57650	3.186444	14.505202	-3.682711
57651	2.608526	14.096423	-4.197776
57652	2.081731	13.688309	-4.592426
57653	1.593684	13.253929	-4.948225
57654	1.109209	12.797875	-5.313927
57655	0.658541	12.332471	-5.619328
57656	0.225484	11.848818	-5.893183
57657	-0.159754	11.349703	-6.111313
57658	-0.534786	10.849443	-6.260272
57659	-0.821710	10.343176	-6.246569
57660	-1.101515	9.819800	-6.200225
57661	-1.524487	9.303639	-6.318881
57662	-2.159916	8.863774	-6.585639
57663	-2.821727	8.469297	-6.834081
57664	-3.181154	8.048985	-6.705598
57665	-3.409888	7.646770	-6.305320
57666	-3.497974	7.270419	-5.832288
57667	-3.460173	6.849499	-5.463769
57668	-3.682277	6.486305	-5.457229
57669	-4.112692	6.254945	-5.695570
57670	-4.527252	6.029989	-6.034534
57671	-4.803342	5.740098	-6.415794
57672	-4.926820	5.355466	-6.845350
57673	-4.949549	4.930321	-7.244724
57674	-4.980165	4.584213	-7.455457
57675	-5.005258	4.372369	-7.405086
57676	-4.917424	4.189806	-7.225647
57677	-4.759422	3.984097	-7.076716
57678	-4.689036	3.790642	-7.017841
57679	-4.792442	3.664665	-7.118453
57680	-4.956096	3.584291	-7.241338
57681	-5.041228	3.478358	-7.207179
57682	-5.052146	3.336768	-7.152271
57683	-5.058884	3.189378	-7.089362
57684	-5.109346	3.096770	-6.932817
57685	-5.041065	2.983360	-6.704960
57686	-4.877921	2.772431	-6.549566
57687	-4.843169	2.594519	-6.535348
57688	-5.014955	2.530689	-6.614042
57689	-5.176984	2.512119	-6.660186
57690	-5.135322	2.473301	-6.504867
57691	-4.952140	2.425048	-6.202545
57692	-4.787815	2.393689	-5.919653
57693	-4.802121	2.415621	-5.867683
57694	-4.937713	2.410937	-6.128314
57695	-4.966987	2.308659	-6.465364
57696	-4.801240	2.153992	-6.580744
57697	-4.642774	2.091325	-6.430177
57698	-4.688545	2.203539	-6.169702
57699	-4.850959	2.384735	-6.042535
57700	-4.909536	2.504790	-6.001483
57701	-4.782491	2.542660	-5.898918
57702	-4.654930	2.614347	-5.662128
57703	-4.596632	2.730926	-5.438753
57704	-4.539217	2.769160	-5.546559
57705	-4.471578	2.687055	-5.947635
57706	-4.353374	2.504861	-6.436561
57707	-4.254812	2.334809	-6.897814
57708	-4.272178	2.244007	-7.328443
57709	-4.316319	2.194412	-7.679486
57710	-4.296215	2.173617	-7.844177
57711	-4.263685	2.246441	-7.702276
57712	-4.268470	2.415515	-7.369923
57713	-4.339614	2.579189	-7.129268
57714	-4.447548	2.711692	-7.042033
57715	-4.488873	2.795020	-6.984122
57716	-4.390628	2.787699	-6.865593
57717	-4.241748	2.718613	-6.744865
57718	-4.194156	2.646874	-6.777817
57719	-4.223839	2.573981	-7.022999
57720	-4.167464	2.498380	-7.211217
57721	-3.967612	2.441758	-7.141659
57722	-3.738599	2.418250	-6.927432
57723	-3.622297	2.451439	-6.788261
57724	-3.611643	2.540938	-6.782387
57725	-3.615777	2.611894	-6.875078
57726	-3.571743	2.608765	-6.989585
57727	-3.527464	2.575137	-7.079666
57728	-3.487787	2.550304	-7.078829
57729	-3.435253	2.529552	-7.027501
57730	-3.380752	2.518828	-6.930215
57731	-3.315621	2.515776	-6.784235
57732	-3.233809	2.502602	-6.581270
57733	-3.163717	2.517323	-6.378955
57734	-3.112885	2.591023	-6.184161
57735	-2.999041	2.687559	-5.832883
57736	-2.833375	2.745222	-5.450105
57737	-2.710619	2.746306	-5.203974
57738	-2.686517	2.759790	-5.076033
57739	-2.696858	2.799413	-4.950181
57740	-2.658381	2.838971	-4.746101
57741	-2.526238	2.862788	-4.452861
57742	-2.347444	2.891397	-4.154828
57743	-2.223591	2.940393	-4.025598
57744	-2.281934	3.132996	-3.867609
57745	-2.352104	3.442110	-3.516163
57746	-2.249561	3.703613	-3.136066
57747	-2.089332	3.889513	-2.965367
57748	-1.978347	4.053156	-3.098504
57749	-1.848848	4.207299	-3.305898
57750	-1.570812	4.351952	-3.301148
57751	-1.248270	4.480803	-3.421096
57752	-1.177590	4.662900	-3.971568
57753	-1.278044	5.042477	-4.139226
57754	-0.949865	5.385929	-3.611939
57755	-0.207721	5.480383	-2.863507
57756	0.329792	5.473959	-2.495512
57757	0.284542	5.565024	-2.894401
57758	-0.157410	5.704840	-3.870330
57759	-0.429656	5.741400	-4.635696
57760	-0.188767	5.604347	-4.722073
57761	0.094362	5.474737	-4.640949
57762	0.120987	5.556329	-4.516236
57763	-0.004775	5.869120	-4.129304
57764	0.042858	6.262411	-3.222197
57765	0.240502	6.679460	-1.983899
57766	0.484515	7.102964	-0.614005
57767	0.841312	7.482290	0.810372
57768	1.333059	7.792850	2.156778
57769	1.853823	8.085512	3.279149
57770	2.264704	8.414539	3.936760
57771	2.511045	8.794535	3.926081
57772	2.648177	9.165488	3.340794
57773	2.775306	9.471735	2.454976
57774	2.901862	9.728475	1.582337
57775	2.980874	9.999720	0.888219
57776	2.965758	10.332776	0.248854
57777	2.864006	10.758738	-0.383323
57778	2.759208	11.278008	-0.861932
57779	2.793557	11.856186	-1.011674
57780	3.026309	12.452897	-0.843161
57781	3.409052	13.089795	-0.409951
57782	3.923366	13.774033	0.278642
57783	4.596195	14.459951	1.203347
57784	5.445652	15.093538	2.294958
57785	6.455618	15.627893	3.468378
57786	7.529615	16.064591	4.607389
57787	8.586905	16.434192	5.645309
57788	9.658022	16.760840	6.689222
57789	10.815781	17.052197	7.840644
57790	12.041068	17.338165	9.028607
57791	13.170872	17.678829	9.976723
57792	14.115746	18.106705	10.551322
57793	14.879296	18.613846	10.772484
57794	15.514231	19.174971	10.699300
57795	16.097222	19.740583	10.463989
57796	16.639475	20.292049	10.224156
57797	17.156257	20.831145	10.095368
57798	17.688548	21.372064	10.103317
57799	18.236965	21.921918	10.138872
57800	18.802822	22.486333	10.140340
57801	19.411174	23.029845	10.158275
57802	20.087073	23.521253	10.215556
57803	20.779902	23.960255	10.255567
57804	21.487954	24.347344	10.314549
57805	22.256107	24.662323	10.456525
57806	23.097506	24.893862	10.702855
57807	23.955374	25.078232	11.025783
57808	24.745773	25.249902	11.334934
57809	25.520515	25.394051	11.596314
57810	26.360402	25.461360	11.835553
57811	27.309185	25.420620	12.132272
57812	28.308903	25.302262	12.465154
57813	29.298618	25.129293	12.799523
57814	30.267613	24.907606	13.130720
57815	31.166767	24.644744	13.480544
57816	31.985031	24.341727	13.847880
57817	32.762103	23.975933	14.187790
57818	33.482115	23.552438	14.437691
57819	34.184668	23.049981	14.668451
57820	34.847783	22.459297	14.965326
57821	35.423806	21.828047	15.288052
57822	35.939118	21.169426	15.610855
57823	36.338214	20.555460	15.878024
57824	36.499181	20.088679	15.964428
57825	36.592387	19.687368	15.909432
57826	36.849461	19.180505	15.918072
57827	37.253899	18.580933	16.079592
57828	37.689908	18.028088	16.263287
57829	37.990857	17.676228	16.245615
57830	38.108378	17.510222	15.995681
57831	38.091972	17.425293	15.649983
57832	37.934064	17.357101	15.281781
57833	37.667976	17.246767	14.940061
57834	37.303817	17.138412	14.535123
57835	36.896922	17.077672	14.029506
57836	36.596461	16.968410	13.619278
57837	36.466039	16.777748	13.397446
57838	36.464253	16.579500	13.230485
57839	36.510061	16.412894	13.025025
57840	36.554923	16.258949	12.780038
57841	36.555428	16.119840	12.478195
57842	36.414458	16.027756	12.067114
57843	36.111369	15.979386	11.527383
57844	35.641843	16.018054	10.801473
57845	34.976664	16.174606	9.847395
57846	34.242339	16.328363	8.868646
57847	33.639013	16.338630	8.135909
57848	33.235301	16.189172	7.713511
57849	32.955848	16.002997	7.481532
57850	32.672533	15.876234	7.310661
57851	32.350597	15.827639	7.181588
57852	32.084799	15.761850	7.225475
57853	31.808161	15.633507	7.584575
57854	31.390230	15.561268	8.099741
57855	30.777650	15.623971	8.538761
57856	30.205870	15.697040	8.791523
57857	29.804914	15.737434	8.675331
57858	29.556795	15.805409	8.222863
57859	29.343103	15.905491	7.872984
57860	29.068829	16.081044	7.660123
57861	28.696366	16.392503	7.312609
57862	28.493229	16.656860	6.997448
57863	28.480333	16.791793	6.886127
57864	28.545709	16.883971	6.862311
57865	28.655703	16.901871	6.914798
57866	28.442467	17.085520	6.607730
57867	27.658072	17.626405	5.711112
57868	26.670459	18.209464	4.770260
57869	25.848860	18.578637	4.111644
57870	25.155171	18.829523	3.560444
57871	24.527228	19.037506	3.141264
57872	24.139984	19.164298	3.055670
57873	24.081280	19.119660	3.298151
57874	24.142408	19.035959	3.517516
57875	24.335674	18.867647	3.903175
57876	24.620795	18.638118	4.527574
57877	24.840361	18.442356	5.244189
57878	24.911260	18.278925	5.703553
57879	24.678781	18.250643	5.756311
57880	24.366485	18.250442	5.780795
57881	24.021079	18.242375	5.783972
57882	23.585507	18.307435	5.597447
57883	23.139933	18.402247	5.330715
57884	22.648150	18.536602	4.965000
57885	22.100948	18.720089	4.520385
57886	21.582147	18.893954	4.155758
57887	21.043853	19.077902	3.940355
57888	20.600463	19.193800	3.910388
57889	20.157619	19.273137	3.694935
57890	19.412620	19.484015	3.004381
57891	18.696481	19.632322	2.525833
57892	18.253844	19.572463	2.539423
57893	17.967584	19.387544	2.747806
57894	17.771326	19.147112	3.016046
57895	17.540187	18.953741	3.263359
57896	17.310103	18.820769	3.595938
57897	17.127842	18.693623	4.037542
57898	16.977244	18.559534	4.545490
57899	16.968046	18.354335	5.230246
57900	16.705917	18.284916	5.447454
57901	16.094493	18.399842	5.016549
57902	15.198321	18.629038	4.163049
57903	14.243622	18.824693	3.310600
57904	13.260948	18.967485	2.486922
57905	12.441302	19.003374	1.934479
57906	12.081195	18.852150	1.997265
57907	11.959681	18.652385	2.420803
57908	11.829376	18.537364	2.884648
57909	11.797765	18.427157	3.438710
57910	11.855948	18.333069	4.117870
57911	12.050985	18.191174	4.955777
57912	11.982118	18.149435	5.365918
57913	11.327621	18.320198	4.959657
57914	10.293809	18.557497	4.136364
57915	9.384998	18.637082	3.596017
57916	8.737155	18.518512	3.325329
57917	8.329716	18.290479	3.222782
57918	8.050127	18.089283	3.285240
57919	8.042178	17.920099	3.702659
57920	8.305415	17.693104	4.474348
57921	8.447903	17.516700	5.141842
57922	8.251664	17.427917	5.354657
57923	7.690946	17.410901	5.031894
57924	7.097123	17.316076	4.618176
57925	6.605051	17.103987	4.255667
57926	6.124430	16.848582	3.849575
57927	5.649573	16.590264	3.454500
57928	5.236115	16.361778	3.295738
57929	4.873684	16.186193	3.422091
57930	4.535342	16.040147	3.696624
57931	4.233208	15.895599	3.979545
57932	3.924082	15.731335	4.090395
57933	3.542891	15.546108	3.883804
57934	3.053407	15.333525	3.311800
57935	2.519107	15.082977	2.569543
57936	2.013059	14.784437	1.850776
57937	1.569921	14.455144	1.250558
57938	1.176780	14.089318	0.767129
57939	0.756367	13.719781	0.297555
57940	0.168082	13.361488	-0.299318
57941	-0.550230	13.013821	-0.945545
57942	-1.209049	12.659562	-1.348843
57943	-1.597768	12.288919	-1.324605
57944	-1.665669	11.893469	-0.921454
57945	-1.539530	11.493791	-0.281427
57946	-1.459689	11.122876	0.282865
57947	-1.563463	10.785641	0.560262
57948	-1.854844	10.446171	0.472561
57949	-2.208622	10.047346	0.064516
57950	-2.410864	9.579164	-0.371373
57951	-2.473979	9.074059	-0.649086
57952	-2.738079	8.605095	-1.083047
57953	-3.546028	8.223314	-1.934240
57954	-4.949619	7.899309	-3.068858
57955	-6.542750	7.694949	-3.608605
57956	-7.005919	7.547603	-2.209498
57957	-6.376921	7.201112	-0.049746
57958	-5.587321	6.710627	1.535449
57959	-5.107450	6.180400	2.009561
57960	-4.965733	5.662060	1.523361
57961	-4.910209	5.142181	0.723535
57962	-4.798889	4.582926	0.132416
57963	-4.797127	3.982401	-0.294444
57964	-4.991011	3.417159	-0.654617
57965	-5.285931	3.029912	-0.828258
57966	-5.323853	2.750558	-0.854830
57967	-5.095393	2.550006	-0.750894
57968	-4.817668	2.471713	-0.517526
57969	-4.711590	2.440027	-0.626485
57970	-4.736957	2.452222	-1.001020
57971	-4.743428	2.525566	-1.090992
57972	-4.659444	2.699985	-0.488330
57973	-4.550875	2.966180	0.648941
57974	-4.535898	3.184496	1.543721
57975	-4.748969	3.298127	1.665498
57976	-5.049011	3.285154	1.115039
57977	-5.209493	3.228550	0.509970
57978	-5.203427	3.232625	0.281367
57979	-5.212661	3.411863	0.525267
57980	-5.420840	3.832543	1.040631
57981	-5.570397	4.313412	1.646974
57982	-5.459250	4.663563	2.209592
57983	-5.164229	4.803170	2.620633
57984	-4.900085	4.743399	2.666933
57985	-4.873743	4.584769	2.143722
57986	-5.015345	4.357467	1.173394
57987	-5.124772	4.021993	0.026836
57988	-5.147696	3.577269	-1.183014
57989	-5.224023	3.120748	-2.382936
57990	-5.359746	2.787282	-3.284628
57991	-5.386086	2.665182	-3.470854
57992	-5.302948	2.731979	-3.010192
57993	-5.244205	2.880062	-2.429966
57994	-5.253867	3.029959	-1.943663
57995	-5.232533	3.130834	-1.544843
57996	-5.150366	3.231898	-1.101323
57997	-5.071794	3.369838	-0.540811
57998	-5.143150	3.475873	-0.213431
57999	-5.362220	3.451102	-0.415968
58000	-5.565468	3.241580	-0.985409
58001	-5.686672	2.919958	-1.628523
58002	-5.725991	2.612038	-2.038165
58003	-5.713371	2.408087	-2.019936
58004	-5.687508	2.329472	-1.654690
58005	-5.655468	2.321484	-1.191054
58006	-5.635614	2.301936	-0.795866
58007	-5.644277	2.269525	-0.447269
58008	-5.651488	2.237405	-0.107158
58009	-5.666616	2.222956	0.240282
58010	-5.708472	2.229449	0.605500
58011	-5.725733	2.194382	0.974594
58012	-5.714177	2.083413	1.265486
58013	-5.709914	1.915891	1.450370
58014	-5.717513	1.742762	1.618826
58015	-5.729566	1.613134	1.896870
58016	-5.744548	1.543460	2.307907
58017	-5.766857	1.516285	2.779157
58018	-5.775944	1.507936	3.240014
58019	-5.737304	1.474592	3.616865
58020	-5.678144	1.395018	3.817793
58021	-5.649312	1.285249	3.879503
58022	-5.640324	1.162584	3.890366
58023	-5.619214	1.024412	3.902742
58024	-5.564607	0.857357	3.890061
58025	-5.517279	0.673692	3.840296
58026	-5.499633	0.507432	3.782699
58027	-5.494683	0.375479	3.739496
58028	-5.478303	0.281413	3.719638
58029	-5.459508	0.220348	3.676723
58030	-5.423413	0.176011	3.621700
58031	-5.367586	0.137506	3.557538
58032	-5.291772	0.085312	3.446126
58033	-5.204748	0.023258	3.308986
58034	-5.117377	-0.033265	3.214681
58035	-5.059821	-0.066702	3.199409
58036	-5.022987	-0.087633	3.215340
58037	-4.995360	-0.108391	3.231829
58038	-4.978292	-0.123506	3.272113
58039	-4.971713	-0.125724	3.332686
58040	-4.978514	-0.118844	3.393823
58041	-5.022429	-0.094411	3.466635
58042	-5.058021	-0.075543	3.545243
58043	-5.046933	-0.096973	3.575397
58044	-5.016568	-0.156822	3.541972
58045	-4.990997	-0.225916	3.485055
58046	-4.976368	-0.291692	3.425452
58047	-4.969331	-0.359274	3.337978
58048	-4.950816	-0.431486	3.221486
58049	-4.929841	-0.498304	3.105524
58050	-4.920232	-0.547586	3.020679
58051	-4.927676	-0.584829	2.958442
58052	-4.932366	-0.618797	2.898754
58053	-4.919712	-0.661627	2.834583
58054	-4.891855	-0.712049	2.779139
58055	-4.870390	-0.764851	2.736368
58056	-4.876663	-0.790697	2.747548
58057	-4.936621	-0.781312	2.854471
58058	-4.983903	-0.769579	2.973424
58059	-4.975995	-0.795246	3.027976
58060	-4.940689	-0.850012	3.019713
58061	-4.921861	-0.893716	3.001177
58062	-4.936855	-0.914568	3.002101
58063	-4.956769	-0.930607	2.995828
58064	-4.966169	-0.951737	2.955752
58065	-4.969216	-0.970617	2.895103
58066	-4.971852	-0.979136	2.820934
58067	-4.980049	-0.981217	2.728996
58068	-4.989120	-0.981916	2.635474
58069	-4.995668	-0.983668	2.559132
58070	-4.995348	-0.985832	2.510610
58071	-5.000998	-0.981851	2.518006
58072	-5.027939	-0.957603	2.588432
58073	-5.058890	-0.926500	2.689007
58074	-5.069604	-0.906419	2.793059
58075	-5.070519	-0.899835	2.867097
58076	-5.068766	-0.899094	2.910504
58077	-5.067611	-0.898515	2.930378
58078	-5.067826	-0.899973	2.919766
58079	-5.065419	-0.899485	2.894530
58080	-5.071470	-0.892109	2.865059
58081	-5.081629	-0.882657	2.842400
58082	-5.098069	-0.874692	2.829186
58083	-5.126647	-0.856568	2.833681
58084	-5.152751	-0.839145	2.848382
58085	-5.153361	-0.835864	2.850289
58086	-5.141580	-0.844130	2.849850
58087	-5.138985	-0.844138	2.870993
58088	-5.156966	-0.828688	2.929953
58089	-5.194463	-0.797742	3.025714
58090	-5.229800	-0.763248	3.135674
58091	-5.257368	-0.728247	3.236666
58092	-5.277576	-0.696748	3.318789
58093	-5.290055	-0.671895	3.372575
58094	-5.311704	-0.642678	3.421316
58095	-5.346933	-0.607381	3.472936
58096	-5.368623	-0.588798	3.491141
58097	-5.376428	-0.584485	3.485569
58098	-5.391936	-0.579829	3.487634
58099	-5.418473	-0.562611	3.500458
58100	-5.469872	-0.523692	3.551192
58101	-5.519585	-0.472033	3.640363
58102	-5.528981	-0.442940	3.698201
58103	-5.525187	-0.431183	3.723816
58104	-5.531041	-0.419561	3.738550
58105	-5.549709	-0.406966	3.748689
58106	-5.589493	-0.371111	3.800044
58107	-5.638563	-0.319869	3.883556
58108	-5.663257	-0.281945	3.938115
58109	-5.664748	-0.261488	3.952728
58110	-5.684576	-0.232696	3.982981
58111	-5.717799	-0.191267	4.043663
58112	-5.740686	-0.154075	4.111413
58113	-5.752566	-0.149589	4.123422
58114	-5.781207	-0.148603	4.093422
58115	-5.821610	-0.146468	4.072578
58116	-5.868254	-0.132983	4.058230
58117	-5.915153	-0.108037	4.062209
58118	-5.953057	-0.085640	4.064542
58119	-5.987568	-0.073663	4.031257
58120	-6.016927	-0.075878	3.947386
58121	-6.026500	-0.085486	3.849453
58122	-6.038373	-0.087675	3.793469
58123	-6.059427	-0.078768	3.752893
58124	-6.080182	-0.069944	3.710404
58125	-6.091958	-0.058755	3.695543
58126	-6.110696	-0.030562	3.730927
58127	-6.124624	-0.000219	3.782129
58128	-6.127725	0.022188	3.830330
58129	-6.144537	0.045223	3.878994
58130	-6.160767	0.066382	3.920689
58131	-6.167595	0.085844	3.960306
58132	-6.163931	0.095078	3.976244
58133	-6.159165	0.101446	3.960887
58134	-6.154435	0.112250	3.938558
58135	-6.154325	0.128019	3.921706
58136	-6.156481	0.146357	3.912556
58137	-6.158407	0.159802	3.895774
58138	-6.165480	0.171610	3.884668
58139	-6.165010	0.188197	3.898066
58140	-6.169213	0.210972	3.947090
58141	-6.172769	0.230488	3.984755
58142	-6.169292	0.235626	3.981861
58143	-6.164361	0.236694	3.969974
58144	-6.160593	0.239504	3.954339
58145	-6.158232	0.250011	3.941957
58146	-6.147650	0.265576	3.934300
58147	-6.131569	0.277150	3.926564
58148	-6.122160	0.294297	3.929030
58149	-6.121970	0.314201	3.937922
58150	-6.120423	0.328738	3.942485
58151	-6.111393	0.334170	3.939496
58152	-6.111552	0.345067	3.956602
58153	-6.110746	0.360768	3.990190
58154	-6.105531	0.371610	4.032107
58155	-6.110866	0.388930	4.079679
58156	-6.111140	0.407033	4.133949
58157	-6.093229	0.414959	4.165496
58158	-6.073752	0.420639	4.186323
58159	-6.062593	0.433939	4.199459
58160	-6.044008	0.441690	4.184723
58161	-6.028356	0.443297	4.157929
58162	-6.024705	0.447597	4.132738
58163	-6.032840	0.465105	4.145619
58164	-6.035801	0.479779	4.143162
58165	-6.027904	0.481053	4.103574
58166	-6.014286	0.474292	4.048122
58167	-6.000908	0.464091	3.996194
58168	-5.991427	0.455864	3.955205
58169	-5.987253	0.459332	3.934315
58170	-5.985356	0.468559	3.935458
58171	-5.983396	0.479410	3.934797
58172	-5.984321	0.494553	3.941051
58173	-5.977542	0.505808	3.958047
58174	-5.972643	0.514387	3.979288
58175	-5.967648	0.520295	3.991833
