// General information: 
//  MT Manager version: 2021.4.0 
//  XDA version: 2021.4.0 build 6323 rev 112641 built on 2021-09-28
// Device information: 
//  DeviceId: 00B43773
//  ProductCode: MTW2-3A7G6
//  Firmware Version: 4.3.4
//  Hardware Version: 1.1.0
// Device settings: 
//  Filter Profile: human(46.1)
//  Option Flags: Orientation Smoother Disabled, Position/Velocity Smoother Disabled, Continuous Zero Rotation Update Disabled, AHS Disabled, ICC Disabled
// Coordinate system: ENU
PacketCounter	Roll	Pitch	Yaw
56898	-0.200114	0.303267	0.062182
56899	-0.197081	0.301968	0.061255
56900	-0.192332	0.298545	0.060580
56901	-0.187839	0.294096	0.058442
56902	-0.180667	0.290156	0.057329
56903	-0.176421	0.286472	0.057897
56904	-0.169696	0.278557	0.054983
56905	-0.161307	0.272063	0.054197
56906	-0.152657	0.264958	0.051791
56907	-0.147379	0.257146	0.050763
56908	-0.145203	0.251963	0.050555
56909	-0.145365	0.247970	0.051103
56910	-0.146277	0.246029	0.051962
56911	-0.148716	0.248491	0.052493
56912	-0.148517	0.250669	0.052628
56913	-0.149790	0.253592	0.052784
56914	-0.150274	0.259306	0.055099
56915	-0.152422	0.262670	0.056014
56916	-0.154331	0.266249	0.056871
56917	-0.157900	0.268271	0.057775
56918	-0.160754	0.269201	0.057778
56919	-0.164149	0.269028	0.057505
56920	-0.167781	0.268778	0.055073
56921	-0.167786	0.266267	0.054104
56922	-0.165923	0.263070	0.051717
56923	-0.161763	0.258508	0.050721
56924	-0.156348	0.252366	0.049416
56925	-0.148752	0.245445	0.047549
56926	-0.143503	0.240702	0.045927
56927	-0.139023	0.236228	0.043719
56928	-0.136236	0.236492	0.043735
56929	-0.132084	0.232797	0.044442
56930	-0.127669	0.235047	0.041241
56931	-0.123723	0.236415	0.041271
56932	-0.117384	0.236606	0.040476
56933	-0.114152	0.237580	0.039376
56934	-0.109276	0.237258	0.040218
56935	-0.106702	0.237278	0.040131
56936	-0.102326	0.238281	0.041920
56937	-0.098535	0.237358	0.041959
56938	-0.098672	0.239465	0.043359
56939	-0.097056	0.240554	0.042185
56940	-0.095084	0.241262	0.042863
56941	-0.091748	0.240857	0.042257
56942	-0.086873	0.240536	0.043101
56943	-0.083179	0.241032	0.042765
56944	-0.074604	0.240050	0.044663
56945	-0.067493	0.238256	0.043740
56946	-0.058567	0.236539	0.042827
56947	-0.047729	0.233220	0.041175
56948	-0.036674	0.229298	0.037992
56949	-0.026785	0.224111	0.036895
56950	-0.018319	0.219231	0.035723
56951	-0.012479	0.217551	0.033164
56952	-0.007106	0.215908	0.033059
56953	-0.001240	0.211281	0.032071
56954	0.006075	0.209642	0.030931
56955	0.011550	0.207041	0.028043
56956	0.021476	0.202684	0.025233
56957	0.029914	0.199068	0.022416
56958	0.038856	0.196553	0.019953
56959	0.045656	0.198353	0.019766
56960	0.052611	0.203199	0.017660
56961	0.056998	0.212180	0.018922
56962	0.063907	0.221518	0.018028
56963	0.072809	0.229419	0.019742
56964	0.082475	0.235451	0.019045
56965	0.090597	0.239295	0.020174
56966	0.096716	0.242517	0.022171
56967	0.100358	0.242189	0.020324
56968	0.099257	0.242448	0.022408
56969	0.099214	0.241505	0.024352
56970	0.098466	0.241034	0.023626
56971	0.091487	0.240137	0.022849
56972	0.085271	0.238917	0.022412
56973	0.078018	0.237891	0.022533
56974	0.070987	0.237110	0.022758
56975	0.064320	0.237040	0.021999
56976	0.060669	0.237595	0.021106
56977	0.053174	0.237998	0.021179
56978	0.047559	0.239356	0.022868
56979	0.042654	0.241503	0.022326
56980	0.035908	0.245294	0.022501
56981	0.028981	0.248849	0.022515
56982	0.025784	0.252575	0.021884
56983	0.022409	0.256165	0.021494
56984	0.020628	0.262031	0.022327
56985	0.020518	0.261090	0.024424
56986	0.023610	0.262249	0.024733
56987	0.028027	0.259366	0.025517
56988	0.033426	0.254044	0.025759
56989	0.037638	0.246644	0.026611
56990	0.042435	0.238745	0.024728
56991	0.045733	0.232434	0.024491
56992	0.048588	0.224530	0.023639
56993	0.049642	0.220191	0.022185
56994	0.046355	0.214260	0.022257
56995	0.045224	0.212134	0.023249
56996	0.043183	0.209742	0.024472
56997	0.041681	0.210355	0.024664
56998	0.040117	0.210325	0.024601
56999	0.036997	0.211035	0.024681
57000	0.035314	0.207913	0.023095
57001	0.028865	0.206504	0.022796
57002	0.024923	0.205368	0.020067
57003	0.021020	0.202014	0.019589
57004	0.020129	0.199261	0.018892
57005	0.020032	0.194508	0.018006
57006	0.022045	0.190730	0.017478
57007	0.024039	0.187572	0.017257
57008	0.030419	0.183291	0.015265
57009	0.033055	0.179758	0.015868
57010	0.038138	0.176433	0.013935
57011	0.041547	0.175271	0.011778
57012	0.045815	0.172385	0.010505
57013	0.049467	0.172082	0.008683
57014	0.054837	0.170451	0.008586
57015	0.058220	0.169260	0.006360
57016	0.063225	0.171238	0.007187
57017	0.066676	0.173131	0.006568
57018	0.069117	0.173331	0.007851
57019	0.072104	0.175771	0.006718
57020	0.075836	0.177897	0.006056
57021	0.078193	0.181627	0.006039
57022	0.078996	0.185584	0.006757
57023	0.078172	0.188081	0.007851
57024	0.077988	0.193877	0.008916
57025	0.078297	0.196807	0.009555
57026	0.079434	0.200844	0.009013
57027	0.083229	0.202881	0.007406
57028	0.086004	0.203162	0.007430
57029	0.087541	0.204255	0.006346
57030	0.087916	0.204235	0.005251
57031	0.087454	0.202206	0.003412
57032	0.088963	0.199753	0.003831
57033	0.088661	0.200044	0.002067
57034	0.088872	0.198545	0.002544
57035	0.089970	0.196441	0.001021
57036	0.091479	0.193988	0.001440
57037	0.090758	0.191927	0.000880
57038	0.091305	0.190506	0.000097
57039	0.092942	0.187890	-0.000964
57040	0.097323	0.188103	-0.000709
57041	0.099596	0.187361	-0.000733
57042	0.104312	0.187654	-0.001737
57043	0.103943	0.189584	-0.000237
57044	0.106235	0.190383	-0.000812
57045	0.108619	0.191948	-0.000683
57046	0.109450	0.192220	0.000372
57047	0.109029	0.194077	0.001666
57048	0.106980	0.194564	0.001000
57049	0.105966	0.194682	0.001801
57050	0.104871	0.197020	0.000454
57051	0.102889	0.199024	0.001780
57052	0.103238	0.199813	0.002235
57053	0.105908	0.200085	0.002891
57054	0.107383	0.201323	0.002976
57055	0.105997	0.201162	0.001413
57056	0.106518	0.200549	0.002180
57057	0.107500	0.197019	0.002332
57058	0.107093	0.193749	0.002232
57059	0.105144	0.192662	0.001591
57060	0.104538	0.191601	0.002728
57061	0.104069	0.190413	0.002519
57062	0.104899	0.190686	0.003575
57063	0.105962	0.189467	0.004002
57064	0.108090	0.188787	0.005000
57065	0.107767	0.189115	0.003454
57066	0.108967	0.185777	0.003585
57067	0.111057	0.183503	0.004902
57068	0.115634	0.181513	0.003924
57069	0.119245	0.178301	0.003898
57070	0.124476	0.174392	0.003832
57071	0.131950	0.169884	0.003752
57072	0.137689	0.164654	0.002737
57073	0.141955	0.161028	0.003330
57074	0.147975	0.157490	0.004153
57075	0.152404	0.148751	0.005395
57076	0.155926	0.138931	0.005450
57077	0.158616	0.127136	0.004835
57078	0.159405	0.116935	0.005028
57079	0.159049	0.106986	0.006252
57080	0.156452	0.098321	0.005672
57081	0.154786	0.089364	0.007237
57082	0.152153	0.084389	0.006325
57083	0.151532	0.079549	0.007829
57084	0.149517	0.076346	0.007496
57085	0.142359	0.075361	0.007428
57086	0.132419	0.075585	0.007469
57087	0.120887	0.072827	0.008008
57088	0.110184	0.071878	0.005612
57089	0.102750	0.073058	0.006809
57090	0.094894	0.072701	0.007683
57091	0.089053	0.073078	0.008096
57092	0.082015	0.072286	0.008311
57093	0.074305	0.071804	0.007821
57094	0.064812	0.072323	0.010013
57095	0.054334	0.072300	0.011403
57096	0.043541	0.073775	0.013654
57097	0.031910	0.076867	0.014321
57098	0.020433	0.081070	0.017206
57099	0.013339	0.085391	0.018766
57100	0.007668	0.090437	0.020112
57101	0.006307	0.094131	0.021457
57102	0.009213	0.096708	0.021463
57103	0.013701	0.097616	0.021962
57104	0.020332	0.098735	0.021484
57105	0.023237	0.099746	0.021871
57106	0.022079	0.103703	0.023622
57107	0.016709	0.108835	0.026882
57108	0.013914	0.113669	0.029949
57109	0.010752	0.119676	0.032479
57110	0.008572	0.126284	0.036123
57111	0.005941	0.131022	0.037953
57112	0.003724	0.141324	0.041261
57113	-0.001319	0.149561	0.044692
57114	-0.007706	0.158150	0.048218
57115	-0.017155	0.167558	0.051351
57116	-0.028396	0.177164	0.055725
57117	-0.040426	0.187913	0.061364
57118	-0.051495	0.196121	0.066049
57119	-0.063108	0.208321	0.068412
57120	-0.075038	0.220669	0.073416
57121	-0.084252	0.239162	0.077481
57122	-0.098506	0.255129	0.084429
57123	-0.110413	0.272635	0.090661
57124	-0.117077	0.287971	0.096625
57125	-0.118113	0.300274	0.101603
57126	-0.118900	0.311940	0.104831
57127	-0.120634	0.323169	0.110253
57128	-0.125487	0.336229	0.115216
57129	-0.127986	0.350065	0.118283
57130	-0.132154	0.360395	0.122614
57131	-0.127156	0.372159	0.126349
57132	-0.115730	0.385199	0.130550
57133	-0.104616	0.399492	0.134425
57134	-0.099684	0.414439	0.140785
57135	-0.102883	0.432625	0.147284
57136	-0.114581	0.450417	0.153775
57137	-0.133678	0.471873	0.161832
57138	-0.162596	0.498375	0.170596
57139	-0.191786	0.524614	0.179116
57140	-0.213761	0.549532	0.187873
57141	-0.223629	0.574034	0.194725
57142	-0.225607	0.600340	0.200385
57143	-0.227168	0.627495	0.205653
57144	-0.232622	0.659890	0.211737
57145	-0.240911	0.698566	0.219135
57146	-0.248153	0.743002	0.225521
57147	-0.256984	0.791974	0.232065
57148	-0.278841	0.842445	0.239040
57149	-0.307698	0.892060	0.244451
57150	-0.329350	0.939535	0.248624
57151	-0.349063	0.986913	0.251048
57152	-0.367648	1.034059	0.252284
57153	-0.384504	1.084312	0.258501
57154	-0.381180	1.131580	0.260697
57155	-0.360783	1.170831	0.262868
57156	-0.329368	1.205636	0.264368
57157	-0.297623	1.232256	0.264657
57158	-0.268661	1.249356	0.262987
57159	-0.244810	1.258304	0.261463
57160	-0.222985	1.258124	0.259251
57161	-0.203516	1.253223	0.258393
57162	-0.192982	1.252284	0.259421
57163	-0.183069	1.250323	0.260849
57164	-0.179209	1.252724	0.263673
57165	-0.174810	1.253150	0.268075
57166	-0.165523	1.249452	0.269477
57167	-0.154253	1.241984	0.269766
57168	-0.151942	1.232241	0.268358
57169	-0.170241	1.222139	0.266681
57170	-0.200802	1.211586	0.266246
57171	-0.239142	1.201640	0.267533
57172	-0.273144	1.193483	0.267860
57173	-0.307136	1.188325	0.269675
57174	-0.340169	1.188901	0.270544
57175	-0.370902	1.191114	0.271299
57176	-0.400061	1.191705	0.270156
57177	-0.429952	1.194985	0.269815
57178	-0.464044	1.200357	0.269147
57179	-0.502208	1.204806	0.269490
57180	-0.547758	1.209232	0.268666
57181	-0.597054	1.212845	0.267709
57182	-0.641953	1.215366	0.267816
57183	-0.678040	1.213855	0.266386
57184	-0.700978	1.207935	0.263214
57185	-0.713520	1.197412	0.264935
57186	-0.716274	1.181201	0.266339
57187	-0.706620	1.161786	0.267320
57188	-0.696075	1.143389	0.266342
57189	-0.694705	1.127407	0.268673
57190	-0.697587	1.108891	0.270105
57191	-0.703169	1.090749	0.272451
57192	-0.712408	1.073601	0.277864
57193	-0.720742	1.057499	0.281560
57194	-0.724418	1.036545	0.285545
57195	-0.720531	1.013318	0.288912
57196	-0.712009	0.988914	0.289319
57197	-0.707370	0.965056	0.288732
57198	-0.704949	0.938136	0.288798
57199	-0.704025	0.906038	0.289269
57200	-0.704408	0.864245	0.285574
57201	-0.708888	0.818601	0.284435
57202	-0.705637	0.770143	0.282220
57203	-0.698352	0.713561	0.280452
57204	-0.679863	0.650339	0.277418
57205	-0.649285	0.580052	0.274611
57206	-0.611992	0.501223	0.268388
57207	-0.569762	0.419926	0.261407
57208	-0.526044	0.340099	0.254526
57209	-0.485088	0.257592	0.246350
57210	-0.446879	0.168486	0.245347
57211	-0.411304	0.071331	0.239943
57212	-0.384611	-0.043312	0.237538
57213	-0.371063	-0.172797	0.237847
57214	-0.371866	-0.314594	0.240562
57215	-0.385528	-0.470691	0.252022
57216	-0.411548	-0.655962	0.266109
57217	-0.460017	-0.892832	0.272252
57218	-0.478512	-1.215368	0.300797
57219	-0.491684	-1.624733	0.340844
57220	-0.527822	-2.139758	0.371850
57221	-0.558868	-2.781591	0.413953
57222	-0.589993	-3.534431	0.464950
57223	-0.624858	-4.410426	0.495329
57224	-0.671301	-5.359623	0.494370
57225	-0.721220	-6.299677	0.495365
57226	-0.764280	-7.153415	0.574446
57227	-0.792399	-7.848612	0.761467
57228	-1.128080	-8.477207	1.208735
57229	-1.563609	-8.908965	1.943212
57230	-1.885684	-9.121653	2.916461
57231	-2.097488	-9.444850	3.990492
57232	-2.318539	-10.047241	5.033239
57233	-2.626033	-10.837555	5.962169
57234	-2.944655	-11.624896	6.767934
57235	-3.195163	-12.344016	7.499463
57236	-3.406333	-13.059830	8.224793
57237	-3.671536	-13.843582	8.941796
57238	-4.010280	-14.713341	9.641389
57239	-4.422734	-15.624021	10.327894
57240	-4.901169	-16.528720	11.014852
57241	-5.412363	-17.391034	11.717805
57242	-5.949419	-18.208823	12.467901
57243	-6.517465	-19.016999	13.296136
57244	-7.144652	-19.858767	14.232525
57245	-7.878439	-20.759906	15.291010
57246	-8.775139	-21.692549	16.430741
57247	-9.818185	-22.595937	17.597871
57248	-10.916058	-23.403625	18.758240
57249	-11.964071	-24.082674	19.878938
57250	-12.939950	-24.679579	20.961856
57251	-13.931142	-25.259373	22.020220
57252	-14.985360	-25.807934	23.078346
57253	-16.051747	-26.221538	24.207796
57254	-17.102916	-26.420690	25.418293
57255	-18.142241	-26.449463	26.592832
57256	-19.123183	-26.463567	27.592113
57257	-19.954856	-26.600401	28.335236
57258	-20.564798	-26.856440	28.775342
57259	-20.919789	-27.147212	28.904839
57260	-21.024633	-27.413751	28.757135
57261	-20.884908	-27.602214	28.389065
57262	-20.476872	-27.713082	27.842908
57263	-19.821916	-27.800569	27.131347
57264	-18.971885	-27.896714	26.249401
57265	-17.914039	-27.964531	25.203041
57266	-16.610243	-27.933075	24.019622
57267	-15.060174	-27.792912	22.709408
57268	-13.291779	-27.604911	21.285244
57269	-11.374706	-27.401337	19.801989
57270	-9.354604	-27.171796	18.313750
57271	-7.329783	-26.859011	16.885836
57272	-5.387215	-26.413618	15.578284
57273	-3.599003	-25.836810	14.450336
57274	-2.047791	-25.187284	13.503047
57275	-0.765035	-24.507951	12.731194
57276	0.326924	-23.814914	12.161806
57277	1.315285	-23.087021	11.776961
57278	2.219914	-22.321422	11.489901
57279	3.066609	-21.527293	11.174475
57280	3.936496	-20.705095	10.743723
57281	4.933439	-19.840348	10.192913
57282	6.004935	-18.921841	9.548487
57283	7.083096	-17.952400	8.852745
57284	8.144132	-16.963692	8.251374
57285	9.106746	-15.975159	7.805368
57286	9.882875	-15.019173	7.481492
57287	10.488035	-14.142378	7.251935
57288	10.953670	-13.345641	7.105095
57289	11.280201	-12.603524	7.022748
57290	11.472089	-11.902417	6.978384
57291	11.555239	-11.242497	6.956739
57292	11.524505	-10.610895	6.948854
57293	11.385922	-9.989414	6.912311
57294	11.223153	-9.347522	6.753657
57295	11.234334	-8.654884	6.476810
57296	11.491066	-7.907399	6.146225
57297	11.863586	-7.169129	5.868223
57298	12.170048	-6.555118	5.847557
57299	12.251287	-6.130921	6.221889
57300	12.041729	-5.911831	6.997011
57301	11.581638	-5.893381	8.092785
57302	10.914176	-6.038010	9.363782
57303	10.039518	-6.295753	10.635037
57304	9.040641	-6.603570	11.747224
57305	8.133625	-6.890228	12.571330
57306	7.479678	-7.082835	13.024812
57307	7.094511	-7.109085	13.090837
57308	6.977362	-6.963936	12.886030
57309	6.987685	-6.767376	12.547996
57310	6.926383	-6.647169	12.170198
57311	6.725848	-6.649478	11.861984
57312	6.384741	-6.732612	11.684555
57313	5.900782	-6.862232	11.612691
57314	5.253861	-6.904247	11.526966
57315	4.834138	-6.228064	10.697966
57316	5.083651	-5.518583	9.593358
57317	5.019292	-4.795006	8.326579
57318	5.124751	-4.033807	7.232097
57319	5.345106	-3.257848	6.281857
57320	5.514934	-2.488893	5.343914
57321	5.757124	-1.751761	4.553828
57322	6.009480	-1.261825	4.224990
57323	5.986353	-1.038471	4.318985
57324	5.694242	-1.019176	4.374115
57325	5.375971	-1.095567	4.387307
57326	5.181235	-1.205320	4.440409
57327	5.099968	-1.297041	4.470422
57328	5.053803	-1.327225	4.457625
57329	4.998129	-1.302424	4.445575
57330	4.918801	-1.248981	4.442347
57331	4.803656	-1.183637	4.434577
57332	4.668285	-1.126839	4.415599
57333	4.560211	-1.085525	4.387785
57334	4.509508	-1.065233	4.338823
57335	4.493248	-1.062350	4.272891
57336	4.483785	-1.068200	4.207386
57337	4.470305	-1.071047	4.149061
57338	4.437064	-1.037003	4.098628
57339	4.385115	-0.942472	4.069930
57340	4.310580	-0.794651	4.075398
57341	4.216875	-0.628745	4.102123
57342	4.121867	-0.492358	4.125981
57343	4.070960	-0.401321	4.126740
57344	4.056959	-0.323139	4.104149
57345	4.043718	-0.226455	4.078010
57346	4.002062	-0.121738	4.059955
57347	3.933733	-0.023323	4.048797
57348	3.831467	0.054804	4.039280
57349	3.736816	0.099155	4.030358
57350	3.682602	0.125662	4.021854
57351	3.647822	0.155265	4.020676
57352	3.599551	0.198727	4.035374
57353	3.510311	0.241867	4.071071
57354	3.386878	0.269492	4.114601
57355	3.284722	0.275430	4.169805
57356	3.229152	0.261614	4.228141
57357	3.197137	0.223727	4.239583
57358	3.166763	0.185793	4.235606
57359	3.123495	0.162689	4.235247
57360	3.073819	0.146261	4.239686
57361	3.035380	0.127872	4.248442
57362	3.016622	0.112500	4.258845
57363	3.002574	0.098540	4.275409
57364	2.988368	0.099110	4.312439
57365	2.985746	0.126741	4.380824
57366	2.975409	0.177725	4.481790
57367	2.937034	0.221324	4.598623
57368	2.893386	0.239241	4.722959
57369	2.865754	0.233252	4.845977
57370	2.848684	0.224779	4.963307
57371	2.810991	0.219163	5.079201
57372	2.749027	0.216780	5.193495
57373	2.685425	0.219162	5.298843
57374	2.628441	0.229956	5.397573
57375	2.573727	0.247521	5.495441
57376	2.523502	0.262290	5.597250
57377	2.474505	0.281723	5.695340
57378	2.402694	0.306709	5.793375
57379	2.299988	0.330598	5.886100
57380	2.191145	0.354692	5.967367
57381	2.089978	0.380247	6.037661
57382	1.998555	0.404176	6.100981
57383	1.919539	0.423945	6.154644
57384	1.852142	0.439894	6.212625
57385	1.773479	0.448313	6.266446
57386	1.681360	0.451484	6.322904
57387	1.597630	0.451986	6.371464
57388	1.530694	0.456429	6.407184
57389	1.461486	0.464137	6.431303
57390	1.373592	0.472827	6.450724
57391	1.259790	0.480257	6.464395
57392	1.124233	0.481709	6.481053
57393	0.968752	0.475287	6.498742
57394	0.791369	0.456394	6.511586
57395	0.585382	0.433480	6.519643
57396	0.347596	0.409825	6.533944
57397	0.103820	0.391590	6.546247
57398	-0.122640	0.373716	6.552443
57399	-0.328428	0.359770	6.558319
57400	-0.510930	0.348927	6.566570
57401	-0.667123	0.337385	6.583648
57402	-0.797417	0.333235	6.601884
57403	-0.878745	0.328149	6.623403
57404	-0.938004	0.322530	6.635125
57405	-1.006479	0.318889	6.647871
57406	-1.093106	0.317760	6.658596
57407	-1.202661	0.315325	6.669750
57408	-1.321650	0.309075	6.680189
57409	-1.427577	0.298636	6.692029
57410	-1.516499	0.287016	6.698419
57411	-1.606486	0.279961	6.703229
57412	-1.720482	0.285251	6.711573
57413	-1.874355	0.298822	6.729939
57414	-2.064351	0.326563	6.761585
57415	-2.297996	0.356959	6.799778
57416	-2.552160	0.383399	6.836654
57417	-2.737280	0.393578	6.875026
57418	-2.947650	0.398793	6.911765
57419	-3.174951	0.395412	6.967215
57420	-3.396470	0.389002	7.018253
57421	-3.587098	0.367707	7.057202
57422	-3.712545	0.330606	7.072101
57423	-3.792233	0.271198	7.054879
57424	-3.860599	0.214442	7.029460
57425	-3.973545	0.179494	7.029970
57426	-4.150504	0.171193	7.058058
57427	-4.359043	0.173869	7.107038
57428	-4.568810	0.186507	7.170806
57429	-4.793851	0.192383	7.198387
57430	-5.011644	0.191437	7.214919
57431	-5.209586	0.189587	7.236792
57432	-5.357856	0.175491	7.235398
57433	-5.445369	0.147756	7.226530
57434	-5.511851	0.125008	7.216834
57435	-5.606740	0.123863	7.211979
57436	-5.711752	0.134246	7.213915
57437	-5.801539	0.149019	7.219413
57438	-5.864579	0.161930	7.221442
57439	-5.895752	0.179212	7.223723
57440	-5.914870	0.185199	7.233502
57441	-5.928468	0.183001	7.251913
57442	-5.937863	0.158384	7.274155
57443	-5.964152	0.105644	7.296416
57444	-6.003532	0.039669	7.319683
57445	-6.045660	-0.026872	7.349237
57446	-6.099286	-0.086214	7.388487
57447	-6.145964	-0.144852	7.441914
57448	-6.177360	-0.203101	7.504574
57449	-6.188447	-0.261401	7.570645
57450	-6.185096	-0.312254	7.632501
57451	-6.164178	-0.365093	7.700237
57452	-6.119583	-0.422456	7.777449
57453	-6.061940	-0.490284	7.866077
57454	-6.002755	-0.560595	7.962399
57455	-5.956166	-0.626514	8.063135
57456	-5.914419	-0.689567	8.166321
57457	-5.870614	-0.749833	8.286715
57458	-5.803700	-0.815690	8.410910
57459	-5.688633	-0.885191	8.538802
57460	-5.544371	-0.957143	8.682918
57461	-5.398867	-1.023265	8.837434
57462	-5.274174	-1.082866	8.983245
57463	-5.188539	-1.170859	9.084381
57464	-5.111200	-1.294788	9.166824
57465	-5.005481	-1.450633	9.302412
57466	-4.847307	-1.644558	9.539578
57467	-4.578481	-1.882692	10.035373
57468	-4.338843	-2.173254	10.860669
57469	-4.334830	-2.536655	11.874363
57470	-4.575617	-2.980314	12.920420
57471	-5.164360	-3.515585	13.932622
57472	-5.626459	-4.030028	14.940020
57473	-5.577251	-4.506923	16.394639
57474	-5.562505	-4.971617	17.785558
57475	-5.602130	-5.450136	19.062250
57476	-5.436251	-5.939460	20.318008
57477	-5.111442	-6.439477	21.292118
57478	-4.630115	-6.969588	21.640412
57479	-4.464241	-7.491158	21.381211
57480	-4.231095	-8.010440	21.140921
57481	-3.982484	-8.582643	21.022624
57482	-3.839028	-9.209247	20.866072
57483	-3.827099	-9.926856	20.667971
57484	-3.932447	-10.703288	20.364989
57485	-4.142482	-11.574813	19.979191
57486	-4.213858	-12.537729	19.640171
57487	-4.015395	-13.529155	19.430584
57488	-3.674416	-14.560348	19.254110
57489	-3.356491	-15.597688	19.014143
57490	-3.001365	-16.604960	18.698453
57491	-2.623450	-17.504598	18.242540
57492	-2.284092	-18.268474	17.650821
57493	-1.998038	-18.951933	16.990387
57494	-1.780432	-19.557452	16.284652
57495	-1.593985	-20.051839	15.560459
57496	-1.402904	-20.454541	14.873268
57497	-1.172139	-20.779039	14.280525
57498	-0.741898	-21.041006	13.958943
57499	-0.329768	-21.234681	13.815450
57500	-0.170752	-21.414213	13.702234
57501	-0.179375	-21.611295	13.707871
57502	-0.362952	-21.866349	13.807670
57503	-0.690973	-22.209941	13.958865
57504	-1.104483	-22.642164	14.160000
57505	-1.522299	-23.165533	14.428021
57506	-1.853466	-23.747615	14.750435
57507	-2.011435	-24.381778	15.133473
57508	-2.113274	-25.054091	15.495403
57509	-2.232979	-25.679622	15.717900
57510	-2.348460	-26.198873	15.813672
57511	-2.510212	-26.640432	15.883898
57512	-2.922504	-27.083673	16.020758
57513	-3.489167	-27.268853	16.282650
57514	-4.319647	-27.027089	16.825505
57515	-5.243361	-26.768430	17.585623
57516	-6.407488	-26.508933	18.553526
57517	-8.141649	-26.357238	19.620505
57518	-10.668378	-26.299875	20.740905
57519	-13.081162	-26.452983	22.237225
57520	-14.987444	-26.635501	24.216615
57521	-16.474050	-26.536535	26.456855
57522	-17.975864	-26.256107	28.628825
57523	-19.795625	-26.011445	30.485705
57524	-21.748079	-25.837501	32.000061
57525	-23.388683	-25.641110	33.437776
57526	-24.669125	-25.387264	34.966859
57527	-25.941393	-25.190976	36.547797
57528	-27.420308	-25.162513	38.069178
57529	-28.951822	-25.292544	39.453756
57530	-30.269918	-25.502551	40.583709
57531	-31.285427	-25.786144	41.363901
57532	-32.016898	-26.136161	41.809546
57533	-32.540482	-26.492536	42.036492
57534	-32.959428	-26.798716	42.160314
57535	-33.325310	-27.037018	42.259916
57536	-33.615508	-27.193402	42.352692
57537	-33.807112	-27.281808	42.418094
57538	-33.944076	-27.335381	42.442431
57539	-34.047451	-27.362607	42.430734
57540	-34.050580	-27.299715	42.365942
57541	-33.879285	-27.112867	42.194037
57542	-33.525623	-26.855248	41.843902
57543	-32.975218	-26.616451	41.274127
57544	-32.144502	-26.422940	40.435566
57545	-30.899944	-26.249726	39.204214
57546	-29.167064	-26.067810	37.494334
57547	-27.010915	-25.910643	35.274188
57548	-24.469010	-25.777062	32.585783
57549	-21.531966	-25.599255	29.558634
57550	-18.264129	-25.301112	26.330812
57551	-14.844294	-24.861475	23.005087
57552	-11.404166	-24.305427	19.715416
57553	-8.038706	-23.674149	16.580227
57554	-4.826822	-22.942390	13.722770
57555	-1.878526	-22.113917	11.275129
57556	0.710430	-21.259283	9.345372
57557	2.869794	-20.437395	7.988661
57558	4.541747	-19.692122	7.166892
57559	5.675777	-19.016624	6.786028
57560	6.311694	-18.397093	6.743273
57561	6.616601	-17.861913	6.941107
57562	6.737136	-17.408300	7.230559
57563	6.768028	-16.994816	7.526627
57564	6.830279	-16.570055	7.803058
57565	7.034707	-16.098279	8.003559
57566	7.398355	-15.592445	8.086035
57567	7.850142	-15.074080	8.023221
57568	8.335916	-14.539058	7.860404
57569	8.820514	-14.002370	7.663944
57570	9.202377	-13.523947	7.492336
57571	9.349948	-13.132493	7.389833
57572	9.291864	-12.774039	7.369283
57573	9.178236	-12.387958	7.403393
57574	9.118663	-11.948233	7.456905
57575	9.141571	-11.481259	7.463209
57576	9.218763	-11.057271	7.376213
57577	8.791983	-10.453119	7.349638
57578	7.637921	-9.735625	7.617396
57579	6.901235	-9.261289	8.272494
57580	6.216101	-8.603422	8.504593
57581	5.547947	-8.057745	8.457300
57582	5.180257	-7.525012	8.343343
57583	4.952146	-7.123726	8.114276
57584	4.785950	-6.841191	7.731964
57585	4.654178	-6.695336	7.318869
57586	4.542606	-6.613170	6.861015
57587	4.476111	-6.484963	6.391201
57588	4.492761	-6.249058	5.955826
57589	4.607092	-5.908105	5.499911
57590	4.776725	-5.446900	4.862269
57591	4.941071	-4.867444	3.994962
57592	5.149263	-4.173522	3.001640
57593	5.409519	-3.397618	2.005744
57594	5.688424	-2.614987	1.156983
57595	6.010213	-2.118333	0.991605
57596	5.787847	-1.941278	1.086464
57597	5.238620	-1.963540	1.113587
57598	4.741337	-2.061869	1.145412
57599	4.423464	-2.163185	1.190390
57600	4.251790	-2.234002	1.220078
57601	4.160832	-2.249822	1.217799
57602	4.077145	-2.192829	1.213385
57603	3.988589	-2.066916	1.194426
57604	3.898336	-1.923422	1.178963
57605	3.788242	-1.832718	1.206988
57606	3.657975	-1.796244	1.262091
57607	3.521011	-1.795446	1.311381
57608	3.389548	-1.806845	1.350922
57609	3.275768	-1.787202	1.378607
57610	3.178569	-1.702356	1.379833
57611	3.106072	-1.538246	1.347621
57612	3.040282	-1.334206	1.316134
57613	2.938078	-1.172547	1.312455
57614	2.784899	-1.076702	1.303711
57615	2.635446	-1.046648	1.286721
57616	2.531951	-1.048494	1.268394
57617	2.463306	-1.051307	1.261157
57618	2.394653	-1.033399	1.282816
57619	2.327968	-0.994985	1.333253
57620	2.288539	-0.948458	1.395795
57621	2.276185	-0.920983	1.440562
57622	2.294453	-0.912361	1.462475
57623	2.332125	-0.890210	1.468946
57624	2.356793	-0.839171	1.474197
57625	2.339185	-0.776415	1.486785
57626	2.271169	-0.715481	1.504888
57627	2.164235	-0.670059	1.520692
57628	2.023028	-0.645092	1.515674
57629	1.860125	-0.634024	1.492330
57630	1.685558	-0.622410	1.466380
57631	1.512324	-0.612166	1.447881
57632	1.351156	-0.610014	1.441055
57633	1.197287	-0.607749	1.450478
57634	1.045702	-0.596059	1.499074
57635	0.880451	-0.577113	1.565044
57636	0.696732	-0.560002	1.588292
57637	0.489670	-0.543721	1.594182
57638	0.261270	-0.526738	1.597918
57639	0.022532	-0.515570	1.597218
57640	-0.205466	-0.506739	1.596232
57641	-0.429597	-0.496948	1.605756
57642	-0.658132	-0.477570	1.639755
57643	-0.865518	-0.452170	1.697710
57644	-1.028478	-0.420009	1.787918
57645	-1.158057	-0.377824	1.911060
57646	-1.277826	-0.311945	2.057124
57647	-1.400005	-0.234424	2.206519
57648	-1.533345	-0.160617	2.352725
57649	-1.677558	-0.106695	2.486605
57650	-1.817207	-0.077597	2.614535
57651	-1.947491	-0.053048	2.730945
57652	-2.071455	-0.032410	2.843181
57653	-2.194483	-0.009255	2.960343
57654	-2.304906	0.017666	3.066332
57655	-2.393238	0.046842	3.170050
57656	-2.459346	0.079912	3.260252
57657	-2.498375	0.119666	3.338149
57658	-2.529349	0.161672	3.404425
57659	-2.578219	0.202569	3.475538
57660	-2.638029	0.237419	3.545736
57661	-2.693932	0.259385	3.608847
57662	-2.762544	0.272235	3.669330
57663	-2.850256	0.273794	3.725903
57664	-2.943208	0.271308	3.779751
57665	-3.046757	0.267771	3.825027
57666	-3.161697	0.277781	3.870202
57667	-3.294897	0.300641	3.914884
57668	-3.439817	0.331661	3.958021
57669	-3.593086	0.362090	3.988365
57670	-3.763367	0.391517	4.012039
57671	-3.956124	0.419796	4.042411
57672	-4.158778	0.449272	4.074532
57673	-4.372084	0.477870	4.103434
57674	-4.600878	0.517177	4.128036
57675	-4.846215	0.560927	4.146968
57676	-5.085938	0.610692	4.166690
57677	-5.291855	0.661457	4.189083
57678	-5.449526	0.710238	4.208300
57679	-5.567849	0.758211	4.228073
57680	-5.667629	0.807741	4.248451
57681	-5.763443	0.858420	4.273831
57682	-5.862841	0.902596	4.307566
57683	-5.972457	0.934429	4.326317
57684	-6.094238	0.953562	4.328752
57685	-6.231548	0.966983	4.328122
57686	-6.357041	0.983542	4.340650
57687	-6.466719	0.998673	4.365638
57688	-6.577499	1.016847	4.390270
57689	-6.714424	1.042236	4.414818
57690	-6.867469	1.065202	4.424032
57691	-7.019293	1.082173	4.430993
57692	-7.164927	1.094424	4.440526
57693	-7.314754	1.103975	4.472127
57694	-7.432458	1.132504	4.475842
57695	-7.561859	1.147257	4.515254
57696	-7.662793	1.172451	4.554812
57697	-7.728833	1.188286	4.579885
57698	-7.785562	1.202318	4.591435
57699	-7.867934	1.227247	4.594420
57700	-7.970069	1.254684	4.603042
57701	-8.038937	1.272616	4.610807
57702	-8.081594	1.273650	4.611469
57703	-8.156813	1.287135	4.612629
57704	-8.258314	1.315256	4.622102
57705	-8.354492	1.337626	4.628788
57706	-8.458840	1.354086	4.602373
57707	-8.549922	1.367002	4.571672
57708	-8.612831	1.369816	4.560606
57709	-8.641369	1.357228	4.555539
57710	-8.635171	1.326600	4.551076
57711	-8.582142	1.284283	4.549606
57712	-8.489972	1.235223	4.553583
57713	-8.393987	1.186264	4.555661
57714	-8.306425	1.143376	4.553392
57715	-8.235269	1.107411	4.555837
57716	-8.168686	1.071713	4.567993
57717	-8.122237	1.048029	4.586624
57718	-8.119993	1.051970	4.602671
57719	-8.154571	1.070267	4.620924
57720	-8.208794	1.097543	4.642194
57721	-8.260406	1.122228	4.662174
57722	-8.289734	1.142789	4.682239
57723	-8.286547	1.149589	4.701132
57724	-8.241095	1.143354	4.725651
57725	-8.154566	1.123285	4.750429
57726	-8.042336	1.097707	4.774270
57727	-7.905056	1.067693	4.792277
57728	-7.754939	1.029183	4.810535
57729	-7.610242	0.991962	4.828277
57730	-7.472982	0.953422	4.850947
57731	-7.342728	0.912137	4.875318
57732	-7.231539	0.870278	4.899497
57733	-7.137369	0.823470	4.922562
57734	-7.038736	0.765385	4.945141
57735	-6.942076	0.703969	4.970104
57736	-6.855676	0.640952	5.000109
57737	-6.775427	0.580197	5.033656
57738	-6.695420	0.518964	5.068194
57739	-6.612616	0.451501	5.105972
57740	-6.510903	0.375417	5.149505
57741	-6.397180	0.289810	5.199069
57742	-6.275737	0.192217	5.255745
57743	-6.134683	0.061993	5.317318
57744	-5.976160	-0.096563	5.384618
57745	-5.799893	-0.279377	5.464123
57746	-5.612756	-0.473842	5.558416
57747	-5.413911	-0.674233	5.663847
57748	-5.228152	-0.889681	5.788091
57749	-5.067144	-1.135678	5.942959
57750	-4.908662	-1.389956	6.127410
57751	-4.715989	-1.638677	6.333293
57752	-4.468182	-1.873040	6.589098
57753	-4.259715	-2.079364	6.892334
57754	-4.087676	-2.266657	7.240155
57755	-3.957236	-2.452018	7.620314
57756	-3.876681	-2.632722	8.021259
57757	-3.870152	-2.823792	8.434232
57758	-3.906880	-3.034272	8.836168
57759	-4.001913	-3.277187	9.208691
57760	-4.022563	-3.535306	9.533698
57761	-4.125583	-3.867692	9.832289
57762	-4.946875	-4.331539	9.593915
57763	-4.801089	-4.750001	9.785384
57764	-4.572536	-5.244121	9.963158
57765	-4.443915	-5.793670	9.966332
57766	-4.247878	-6.443649	9.893999
57767	-3.920523	-7.153155	9.818523
57768	-3.514327	-7.857331	9.720380
57769	-3.085686	-8.521420	9.555722
57770	-2.682085	-9.162165	9.313446
57771	-2.418772	-9.828748	8.994838
57772	-2.211998	-10.544453	8.706760
57773	-2.056567	-11.321411	8.577522
57774	-2.015835	-12.146173	8.670538
57775	-2.111529	-13.034857	9.109905
57776	-2.369853	-13.924052	9.915701
57777	-2.785538	-14.646105	10.960912
57778	-3.358218	-15.245229	12.121649
57779	-4.108163	-15.865037	13.336807
57780	-5.045913	-16.553468	14.615210
57781	-6.139558	-17.279331	16.006360
57782	-7.356523	-18.008576	17.475147
57783	-8.609948	-18.730704	18.927425
57784	-9.791270	-19.464506	20.276595
57785	-10.854063	-20.247108	21.443915
57786	-11.766084	-21.067348	22.402380
57787	-12.528511	-21.891921	23.191078
57788	-13.197001	-22.663135	23.846587
57789	-13.797013	-23.358184	24.425243
57790	-14.354885	-23.971449	24.993611
57791	-14.896963	-24.535541	25.564607
57792	-15.424742	-25.083467	26.168531
57793	-15.987998	-25.628219	26.829696
57794	-16.629423	-26.165759	27.559280
57795	-17.361350	-26.661764	28.373439
57796	-18.126900	-27.059760	29.236982
57797	-18.842481	-27.364080	30.077400
57798	-19.468126	-27.639132	30.798414
57799	-19.977742	-27.956515	31.288181
57800	-20.308615	-28.312551	31.485857
57801	-20.410267	-28.634246	31.435951
57802	-20.256666	-28.853142	31.191794
57803	-19.853274	-28.930300	30.788888
57804	-19.244789	-28.945241	30.183666
57805	-18.423363	-28.990763	29.325319
57806	-17.349108	-29.064846	28.234615
57807	-16.059759	-29.134217	26.933181
57808	-14.596979	-29.189044	25.420266
57809	-12.952109	-29.269779	23.733307
57810	-11.156211	-29.383165	21.947118
57811	-9.213313	-29.456344	20.114709
57812	-7.150854	-29.412511	18.273087
57813	-5.050171	-29.285820	16.478529
57814	-2.990829	-29.133500	14.760516
57815	-1.026289	-28.925176	13.137169
57816	0.793294	-28.583107	11.640581
57817	2.449879	-28.066977	10.310656
57818	3.888009	-27.421361	9.149518
57819	5.085987	-26.709764	8.139901
57820	6.113391	-25.925531	7.301977
57821	7.036593	-25.034421	6.621319
57822	7.888264	-24.025360	6.036294
57823	8.744072	-22.942402	5.530264
57824	9.609599	-21.832601	5.084383
57825	10.448449	-20.697405	4.645546
57826	11.240348	-19.533340	4.208025
57827	11.977148	-18.356580	3.804811
57828	12.621214	-17.188268	3.495669
57829	13.148803	-16.035778	3.305219
57830	13.540411	-14.934403	3.245879
57831	13.770018	-13.868400	3.269544
57832	13.914230	-12.805845	3.340436
57833	14.083198	-11.769289	3.476324
57834	14.230958	-10.794359	3.604399
57835	14.333295	-9.919239	3.632658
57836	14.433562	-9.167393	3.549994
57837	14.532840	-8.541763	3.376394
57838	14.539641	-8.050918	3.115530
57839	14.385028	-7.677187	2.820999
57840	14.045720	-7.417146	2.584328
57841	13.598889	-7.211932	2.433665
57842	13.175713	-7.000154	2.345689
57843	12.833249	-6.781268	2.331453
57844	12.509086	-6.531474	2.358780
57845	12.187292	-6.244433	2.421545
57846	11.870525	-5.961324	2.545388
57847	11.489510	-5.740470	2.735514
57848	11.003944	-5.616279	3.001678
57849	10.417420	-5.593952	3.356965
57850	9.474602	-5.088401	3.387932
57851	9.093545	-4.177831	2.848742
57852	8.669636	-3.555617	2.734086
57853	8.094117	-2.985105	2.920025
57854	7.887133	-2.433581	3.202817
57855	7.634159	-1.940020	3.374908
57856	7.341027	-1.511865	3.343502
57857	7.171418	-1.269648	3.287226
57858	7.097526	-1.186698	3.261187
57859	7.122279	-1.176418	3.217607
57860	7.204570	-1.180612	3.144656
57861	7.275740	-1.193029	3.053344
57862	7.317290	-1.232317	2.968119
57863	7.304375	-1.282606	2.908219
57864	7.241746	-1.298298	2.868457
57865	7.115915	-1.267326	2.848257
57866	6.953585	-1.200672	2.834475
57867	6.782651	-1.121436	2.835848
57868	6.618042	-1.036146	2.855070
57869	6.467035	-0.957221	2.878910
57870	6.356278	-0.895183	2.896019
57871	6.302052	-0.857040	2.892761
57872	6.276341	-0.837179	2.876160
57873	6.271649	-0.806383	2.857912
57874	6.258542	-0.742314	2.806593
57875	6.215937	-0.645498	2.753432
57876	6.145125	-0.540705	2.723207
57877	6.070125	-0.456533	2.709389
57878	6.016783	-0.391197	2.702627
57879	6.000797	-0.350024	2.707499
57880	6.003084	-0.330876	2.721878
57881	5.999959	-0.328629	2.740781
57882	5.982020	-0.332834	2.770763
57883	5.951598	-0.335357	2.806015
57884	5.935019	-0.334375	2.835940
57885	5.951791	-0.329808	2.851266
57886	5.996514	-0.312430	2.853450
57887	6.042294	-0.276856	2.843818
57888	6.077675	-0.214265	2.831390
57889	6.076278	-0.137930	2.816754
57890	6.046843	-0.075820	2.799802
57891	5.997189	-0.047331	2.785669
57892	5.945778	-0.053504	2.764113
57893	5.892841	-0.076369	2.745178
57894	5.831113	-0.117969	2.738506
57895	5.752174	-0.171248	2.739960
57896	5.662722	-0.250399	2.731340
57897	5.583046	-0.367752	2.662039
57898	5.533795	-0.453839	2.544738
57899	5.518650	-0.478861	2.444830
57900	5.506613	-0.468690	2.367709
57901	5.481920	-0.441356	2.322746
57902	5.438913	-0.401883	2.318137
57903	5.392278	-0.356458	2.330040
57904	5.349330	-0.329042	2.361564
57905	5.326589	-0.325030	2.389541
57906	5.317423	-0.331083	2.420577
57907	5.317018	-0.345276	2.457042
57908	5.372630	-0.357222	2.478730
57909	5.464718	-0.348905	2.494604
57910	5.566054	-0.291579	2.511784
57911	5.649355	-0.181288	2.543478
57912	5.678902	-0.059241	2.575342
57913	5.617439	0.046945	2.600967
57914	5.517094	0.125015	2.624278
57915	5.415024	0.178856	2.655095
57916	5.319769	0.204071	2.704668
57917	5.231213	0.206981	2.774328
57918	5.147853	0.193766	2.843522
57919	5.089676	0.188950	2.913197
57920	5.042617	0.208241	2.973562
57921	5.004015	0.240447	3.040044
57922	4.985206	0.269131	3.108957
57923	4.985940	0.295320	3.186631
57924	4.975696	0.334181	3.288402
57925	4.936639	0.377252	3.415349
57926	4.875312	0.410901	3.566462
57927	4.819228	0.427401	3.722148
57928	4.757962	0.418079	3.854605
57929	4.690473	0.389158	3.956646
57930	4.610152	0.345005	4.051049
57931	4.524626	0.291896	4.145259
57932	4.429813	0.234954	4.249881
57933	4.327054	0.172784	4.361146
57934	4.230000	0.095616	4.470063
57935	4.144127	0.018967	4.563389
57936	4.057718	-0.048191	4.643135
57937	3.978474	-0.088874	4.724806
57938	3.913751	-0.103728	4.814441
57939	3.863131	-0.102743	4.906643
57940	3.811964	-0.096722	4.991837
57941	3.743532	-0.093232	5.081970
57942	3.669911	-0.102649	5.186551
57943	3.599584	-0.121994	5.276062
57944	3.544373	-0.163536	5.370320
57945	3.484167	-0.214971	5.458162
57946	3.428716	-0.269032	5.537758
57947	3.385102	-0.328857	5.602580
57948	3.361953	-0.373012	5.648029
57949	3.350030	-0.372161	5.696796
57950	3.365550	-0.300237	5.755301
57951	3.394763	-0.184661	5.827516
57952	3.412313	-0.077578	5.917734
57953	3.397780	-0.019918	6.004522
57954	3.319952	-0.015584	6.087896
57955	3.151840	-0.056976	6.157359
57956	2.924394	-0.149883	6.236878
57957	2.617859	-0.260352	6.332416
57958	2.288702	-0.372589	6.430376
57959	1.993586	-0.457888	6.522724
57960	1.719308	-0.505425	6.587485
57961	1.473329	-0.517819	6.649258
57962	1.262378	-0.500985	6.701488
57963	1.047139	-0.473596	6.713979
57964	0.789601	-0.442075	6.687432
57965	0.491458	-0.427578	6.633111
57966	0.200728	-0.432108	6.583831
57967	-0.058110	-0.449710	6.535430
57968	-0.260364	-0.466018	6.507550
57969	-0.365685	-0.459956	6.478411
57970	-0.401700	-0.472544	6.473213
57971	-0.403098	-0.470017	6.455759
57972	-0.420310	-0.475282	6.454009
57973	-0.432888	-0.450488	6.460794
57974	-0.445036	-0.422423	6.481123
57975	-0.467909	-0.394741	6.508400
57976	-0.469871	-0.366905	6.554238
57977	-0.430183	-0.359622	6.601298
57978	-0.390409	-0.382803	6.654793
57979	-0.392760	-0.446895	6.716069
57980	-0.487449	-0.576861	6.734758
57981	-0.616415	-0.718429	6.732327
57982	-0.729693	-0.863807	6.755663
57983	-0.853142	-0.992195	6.781523
57984	-0.995943	-1.085141	6.811991
57985	-1.148969	-1.141998	6.838348
57986	-1.337839	-1.159787	6.860283
57987	-1.536323	-1.160327	6.886638
57988	-1.737312	-1.159223	6.909452
57989	-1.949297	-1.159566	6.932276
57990	-2.159323	-1.164221	6.950871
57991	-2.368074	-1.173087	6.960189
57992	-2.550349	-1.177098	6.965832
57993	-2.668192	-1.191176	6.973830
57994	-2.729527	-1.205527	6.987442
57995	-2.743529	-1.224302	6.997005
57996	-2.717820	-1.243972	6.996196
57997	-2.661572	-1.253497	6.993308
57998	-2.600871	-1.249605	6.994954
57999	-2.552160	-1.235829	7.002592
58000	-2.525086	-1.217750	7.014034
58001	-2.512740	-1.199691	7.025832
58002	-2.527117	-1.177668	7.035027
58003	-2.568733	-1.153513	7.042879
58004	-2.629489	-1.126602	7.052519
58005	-2.702527	-1.119740	7.055938
58006	-2.768085	-1.123256	7.055213
58007	-2.814398	-1.135987	7.053816
58008	-2.825829	-1.155762	7.047847
58009	-2.806207	-1.177058	7.040421
58010	-2.769345	-1.194983	7.035271
58011	-2.723828	-1.205357	7.031688
58012	-2.684846	-1.209568	7.028918
58013	-2.656397	-1.206273	7.027057
58014	-2.633226	-1.196872	7.022169
58015	-2.617909	-1.183485	7.018471
58016	-2.618741	-1.174624	7.015987
58017	-2.628303	-1.170981	7.014955
58018	-2.630350	-1.173194	7.016274
58019	-2.631338	-1.187505	7.014345
58020	-2.623533	-1.202146	7.008258
58021	-2.612879	-1.216068	7.001043
58022	-2.605675	-1.222757	6.994784
58023	-2.606438	-1.228164	6.986311
58024	-2.604231	-1.226953	6.979774
58025	-2.601732	-1.222456	6.970273
58026	-2.597457	-1.211191	6.961182
58027	-2.601451	-1.194936	6.950747
58028	-2.611552	-1.178077	6.937138
58029	-2.619431	-1.156694	6.919184
58030	-2.620256	-1.128940	6.895734
58031	-2.620458	-1.103088	6.874171
58032	-2.616093	-1.086029	6.851703
58033	-2.616969	-1.068060	6.834155
58034	-2.604438	-1.049027	6.816327
58035	-2.580399	-1.027259	6.795378
58036	-2.546896	-1.005460	6.776578
58037	-2.506727	-0.980936	6.755838
58038	-2.461823	-0.956825	6.734960
58039	-2.421288	-0.932238	6.712999
58040	-2.387076	-0.909338	6.687934
58041	-2.373500	-0.883270	6.669654
58042	-2.367827	-0.859773	6.651801
58043	-2.366827	-0.841963	6.638653
58044	-2.364226	-0.825708	6.625187
58045	-2.363019	-0.810712	6.612726
58046	-2.365985	-0.790258	6.600667
58047	-2.374293	-0.771656	6.590100
58048	-2.384632	-0.754303	6.579984
58049	-2.389412	-0.739727	6.569042
58050	-2.389467	-0.726092	6.559847
58051	-2.386234	-0.716874	6.549008
58052	-2.376489	-0.705426	6.536316
58053	-2.358380	-0.696406	6.517328
58054	-2.328945	-0.690220	6.496091
58055	-2.296938	-0.685173	6.477274
58056	-2.272125	-0.686592	6.462055
58057	-2.259539	-0.689376	6.453935
58058	-2.256355	-0.695556	6.444393
58059	-2.267996	-0.700015	6.438213
58060	-2.285178	-0.706870	6.433588
58061	-2.307489	-0.712757	6.428495
58062	-2.331728	-0.716701	6.425359
58063	-2.359814	-0.716082	6.422890
58064	-2.394274	-0.707946	6.419603
58065	-2.431699	-0.696289	6.418223
58066	-2.470220	-0.683186	6.418139
58067	-2.502656	-0.669125	6.415557
58068	-2.532897	-0.658954	6.410164
58069	-2.560688	-0.646910	6.395787
58070	-2.573604	-0.633591	6.390258
58071	-2.599691	-0.623709	6.383726
58072	-2.638071	-0.617020	6.379358
58073	-2.685628	-0.609031	6.376558
58074	-2.734787	-0.603312	6.376738
58075	-2.783074	-0.592036	6.377986
58076	-2.826371	-0.580297	6.379364
58077	-2.868731	-0.568059	6.377199
58078	-2.915749	-0.554970	6.375542
58079	-2.965845	-0.541551	6.374284
58080	-3.010122	-0.532359	6.369465
58081	-3.042323	-0.526543	6.364846
58082	-3.071186	-0.524374	6.362422
58083	-3.100379	-0.521158	6.358381
58084	-3.130335	-0.520261	6.354780
58085	-3.162169	-0.519162	6.353110
58086	-3.191372	-0.517870	6.350417
58087	-3.220955	-0.515111	6.349559
58088	-3.242504	-0.509899	6.350544
58089	-3.262734	-0.504293	6.352061
58090	-3.281127	-0.493734	6.350880
58091	-3.299162	-0.485486	6.349401
58092	-3.318203	-0.476720	6.347664
58093	-3.336684	-0.467943	6.345556
58094	-3.351518	-0.461432	6.344025
58095	-3.369442	-0.454577	6.342890
58096	-3.386862	-0.450609	6.340276
58097	-3.406037	-0.447846	6.339938
58098	-3.425580	-0.442774	6.339895
58099	-3.448452	-0.434525	6.339548
58100	-3.469757	-0.423216	6.340025
58101	-3.493290	-0.412101	6.340247
58102	-3.519995	-0.398875	6.340881
58103	-3.549031	-0.389082	6.339786
58104	-3.570869	-0.380970	6.340056
58105	-3.581566	-0.374314	6.340832
58106	-3.585725	-0.370661	6.340524
58107	-3.591484	-0.365392	6.340513
58108	-3.600719	-0.358927	6.340638
58109	-3.614979	-0.352850	6.340628
58110	-3.630665	-0.346248	6.341636
58111	-3.647808	-0.339445	6.343291
58112	-3.664888	-0.330853	6.345866
58113	-3.688734	-0.321068	6.347697
58114	-3.715406	-0.308767	6.352111
58115	-3.746181	-0.297823	6.352290
58116	-3.775642	-0.285653	6.351465
58117	-3.807190	-0.275075	6.350737
58118	-3.839142	-0.262187	6.350299
58119	-3.877189	-0.250950	6.348545
58120	-3.913133	-0.238597	6.348592
58121	-3.942664	-0.228163	6.346837
58122	-3.964400	-0.217153	6.345100
58123	-3.981408	-0.207465	6.344756
58124	-3.992294	-0.200791	6.344616
58125	-3.998088	-0.194981	6.342694
58126	-4.000229	-0.191486	6.341367
58127	-4.002114	-0.188861	6.339395
58128	-4.001096	-0.184752	6.340127
58129	-4.002967	-0.177939	6.341164
58130	-4.003983	-0.173640	6.342914
58131	-4.005315	-0.168276	6.343034
58132	-4.007481	-0.160102	6.342815
58133	-4.011419	-0.152609	6.342968
58134	-4.013779	-0.146757	6.342832
58135	-4.012094	-0.143538	6.341646
58136	-4.003850	-0.139190	6.342407
58137	-3.996531	-0.136062	6.342895
58138	-3.989976	-0.135297	6.343838
58139	-3.983012	-0.132584	6.342152
58140	-3.979606	-0.128243	6.344046
58141	-3.979275	-0.123512	6.346328
58142	-3.974244	-0.119330	6.348481
58143	-3.965105	-0.114032	6.349149
58144	-3.949001	-0.107630	6.350496
58145	-3.929296	-0.099147	6.353184
58146	-3.905999	-0.087819	6.355685
58147	-3.878483	-0.076787	6.357067
58148	-3.850082	-0.064038	6.356833
58149	-3.819147	-0.055165	6.355655
58150	-3.788339	-0.046850	6.355485
58151	-3.760495	-0.039554	6.356058
58152	-3.737015	-0.034732	6.354386
58153	-3.715913	-0.032871	6.354432
58154	-3.699167	-0.029306	6.355251
58155	-3.681715	-0.027102	6.356053
58156	-3.664565	-0.023556	6.355604
58157	-3.650171	-0.018705	6.355815
58158	-3.639322	-0.012204	6.354252
58159	-3.635099	-0.005898	6.352272
58160	-3.636053	0.002213	6.348254
58161	-3.637008	0.008085	6.345214
58162	-3.635504	0.011252	6.343139
58163	-3.634393	0.016456	6.340988
58164	-3.639916	0.021693	6.338788
58165	-3.650743	0.025680	6.336150
58166	-3.659789	0.029828	6.335049
58167	-3.666156	0.033374	6.334468
58168	-3.667581	0.037761	6.332148
58169	-3.666746	0.041569	6.331621
58170	-3.665970	0.043858	6.330542
58171	-3.666569	0.050151	6.329680
58172	-3.665565	0.054276	6.330429
58173	-3.661617	0.059201	6.330079
58174	-3.657226	0.065842	6.329381
58175	-3.653730	0.071287	6.328403
