// General information: 
//  MT Manager version: 2021.4.0 
//  XDA version: 2021.4.0 build 6323 rev 112641 built on 2021-09-28
// Device information: 
//  DeviceId: 00B4387C
//  ProductCode: MTW2-3A7G6
//  Firmware Version: 4.3.4
//  Hardware Version: 1.1.0
// Device settings: 
//  Filter Profile: human(46.1)
//  Option Flags: Orientation Smoother Disabled, Position/Velocity Smoother Disabled, Continuous Zero Rotation Update Disabled, AHS Disabled, ICC Disabled
// Coordinate system: ENU
PacketCounter	Roll	Pitch	Yaw
52725	-0.000729	0.011286	-0.004038
52726	-0.001589	0.011290	-0.003988
52727	-0.001879	0.010961	-0.003265
52728	-0.001174	0.013005	-0.003492
52729	-0.001480	0.014045	-0.003282
52730	-0.002710	0.013009	-0.003493
52731	-0.002551	0.013171	-0.004024
52732	-0.002492	0.013260	-0.004623
52733	-0.003140	0.012803	-0.006017
52734	-0.004017	0.012914	-0.005751
52735	-0.004703	0.011590	-0.005203
52736	-0.003882	0.013654	-0.005453
52737	-0.004926	0.012203	-0.007022
52738	-0.005316	0.013272	-0.006710
52739	-0.004761	0.014428	-0.007066
52740	-0.005481	0.014517	-0.006944
52741	-0.006183	0.014563	-0.006909
52742	-0.006491	0.014222	-0.006198
52743	-0.005486	0.015869	-0.007806
52744	-0.008065	0.013759	-0.007519
52745	-0.006702	0.015532	-0.007010
52746	-0.007817	0.014570	-0.007168
52747	-0.008519	0.014615	-0.007133
52748	-0.009737	0.014115	-0.005904
52749	-0.010440	0.014160	-0.005868
52750	-0.009952	0.013966	-0.005613
52751	-0.009761	0.011390	-0.005117
52752	-0.008822	0.012982	-0.006784
52753	-0.009921	0.012034	-0.006924
52754	-0.010368	0.013465	-0.005433
52755	-0.009347	0.013742	-0.006528
52756	-0.009655	0.013362	-0.005873
52757	-0.010358	0.013407	-0.005838
52758	-0.010289	0.014023	-0.004994
52759	-0.010289	0.014023	-0.004994
52760	-0.009152	0.015814	-0.006431
52761	-0.006967	0.016836	-0.004546
52762	-0.009810	0.015162	-0.004918
52763	-0.010567	0.015709	-0.003454
52764	-0.009632	0.014621	-0.003975
52765	-0.010389	0.015167	-0.002512
52766	-0.010666	0.015703	-0.003715
52767	-0.010063	0.012751	-0.002531
52768	-0.010858	0.014614	-0.001650
52769	-0.008618	0.015135	-0.001193
52770	-0.008878	0.015702	-0.002360
52771	-0.010031	0.015255	-0.001071
52772	-0.010394	0.014933	-0.000285
52773	-0.010235	0.015094	-0.000815
52774	-0.009310	0.015832	-0.000535
52775	-0.011665	0.013773	-0.000286
52776	-0.008333	0.015290	-0.000320
52777	-0.009377	0.013839	-0.001889
52778	-0.008987	0.014666	0.001241
52779	-0.008828	0.014827	0.000711
52780	-0.009014	0.014045	0.000064
52781	-0.009321	0.015083	0.000274
52782	-0.009936	0.015149	0.000297
52783	-0.008932	0.016795	-0.001310
52784	-0.010617	0.017222	0.000752
52785	-0.010837	0.015021	0.000559
52786	-0.010098	0.014828	0.000652
52787	-0.009940	0.014989	0.000122
52788	-0.009197	0.015685	0.000438
52789	-0.008571	0.014969	-0.000832
52790	-0.007943	0.016119	-0.001239
52791	-0.007785	0.016279	-0.001769
52792	-0.005917	0.013848	-0.002532
52793	-0.006280	0.015387	-0.000892
52794	-0.007387	0.014305	-0.001268
52795	-0.007228	0.014465	-0.001797
52796	-0.006987	0.013322	-0.001732
52797	-0.007240	0.013858	-0.002950
52798	-0.007497	0.013586	-0.002147
52799	-0.009007	0.013011	-0.002976
52800	-0.009948	0.014867	-0.002027
52801	-0.008499	0.013401	-0.001921
52802	-0.009671	0.012497	-0.001945
52803	-0.009100	0.012282	-0.001786
52804	-0.009077	0.012421	-0.002262
52805	-0.008507	0.012206	-0.002103
52806	-0.009754	0.011171	-0.002304
52807	-0.008394	0.012943	-0.001793
52808	-0.008527	0.013478	-0.000977
52809	-0.007902	0.012762	-0.002247
52810	-0.009899	0.012953	-0.002511
52811	-0.009724	0.011745	-0.002528
52812	-0.009646	0.012377	-0.001664
52813	-0.008626	0.012654	-0.002758
52814	-0.008402	0.012881	-0.003203
52815	-0.009089	0.011556	-0.002656
52816	-0.008963	0.012145	-0.001900
52817	-0.006780	0.013167	-0.000013
52818	-0.009659	0.011965	0.000982
52819	-0.009501	0.012125	0.000452
52820	-0.008838	0.011973	0.000656
52821	-0.009542	0.012016	0.000691
52822	-0.010112	0.012586	0.002083
52823	-0.009598	0.012873	0.003670
52824	-0.004241	0.002106	0.000585
52825	-0.007883	0.001661	0.000193
52826	-0.006439	0.000104	0.000151
52827	-0.005865	-0.000122	0.000307
52828	-0.006210	-0.000584	0.000844
52829	-0.006442	-0.001427	0.000135
52830	-0.006446	-0.000786	0.001076
52831	-0.006695	-0.000262	-0.000144
52832	-0.009005	-0.001761	0.001579
52833	-0.006763	-0.001251	0.002035
52834	-0.009737	0.000241	0.001983
52835	-0.008227	-0.001737	0.000658
52836	-0.007178	-0.000923	0.001006
52837	-0.007878	-0.000890	0.001038
52838	-0.007325	-0.001181	0.001073
52839	-0.008008	-0.002516	0.001618
52840	-0.007960	-0.002375	0.001136
52841	-0.007443	-0.002099	0.002721
52842	-0.008531	-0.003594	0.001100
52843	-0.010111	-0.002311	0.001184
52844	-0.009449	-0.001195	0.000710
52845	-0.009270	-0.002413	0.000689
52846	-0.008255	-0.001603	0.001067
52847	-0.007681	-0.001829	0.001224
52848	-0.006631	-0.002857	0.000759
52849	-0.008605	-0.002567	0.000667
52850	-0.008040	-0.003369	-0.000713
52851	-0.008757	-0.001969	-0.001192
52852	-0.008143	-0.000805	-0.001566
52853	-0.009311	0.000103	-0.000793
52854	-0.009242	0.000144	-0.001493
52855	-0.009080	0.000293	-0.002025
52856	-0.008367	-0.000328	-0.001046
52857	-0.008617	0.000195	-0.002266
52858	-0.009733	-0.000708	-0.002294
52859	-0.009160	-0.000934	-0.002137
52860	-0.008508	0.000294	-0.002402
52861	-0.009209	0.000325	-0.002369
52862	-0.009538	0.001352	-0.002146
52863	-0.008964	0.001126	-0.001990
52864	-0.010547	0.001098	-0.001279
52865	-0.010854	0.002123	-0.001070
52866	-0.009520	0.001101	0.000405
52867	-0.010633	0.001507	-0.000251
52868	-0.010553	0.000261	-0.000252
52869	-0.010392	0.000410	-0.000783
52870	-0.009841	0.000158	-0.000665
52871	-0.009679	0.000306	-0.001196
52872	-0.010332	-0.001025	-0.000679
52873	-0.008914	0.000234	-0.001597
52874	-0.009125	0.001221	-0.001534
52875	-0.010220	0.000259	-0.001679
52876	-0.009649	0.001374	-0.002090
52877	-0.008682	0.002141	-0.001756
52878	-0.010153	0.002056	-0.001225
52879	-0.009991	0.002205	-0.001756
52880	-0.009096	0.001504	-0.001053
52881	-0.008522	0.001278	-0.000896
52882	-0.008785	0.001719	-0.002262
52883	-0.009486	0.001750	-0.002230
52884	-0.009695	0.001507	-0.001393
52885	-0.010002	0.002531	-0.001184
52886	-0.010728	0.002538	-0.001184
52887	-0.011429	0.002569	-0.001152
52888	-0.011355	0.003240	-0.000212
52889	-0.010782	0.003014	-0.000055
52890	-0.010162	0.002735	-0.000040
52891	-0.010058	0.003384	0.000858
52892	-0.011252	0.002476	0.000880
52893	-0.010246	0.004108	-0.000726
52894	-0.010520	0.003266	-0.001410
52895	-0.009496	0.003532	-0.002504
52896	-0.011258	0.003870	-0.000533
52897	-0.010628	0.003143	-0.001805
52898	-0.010015	0.002929	-0.001653
52899	-0.009048	0.003696	-0.001319
52900	-0.009437	0.002910	-0.001822
52901	-0.008882	0.004051	-0.002176
52902	-0.008682	0.003380	-0.000748
52903	-0.008521	0.003528	-0.001279
52904	-0.007536	0.002917	-0.000461
52905	-0.007787	0.003440	-0.001681
52906	-0.006297	0.002546	-0.000063
52907	-0.007410	0.002951	-0.000719
52908	-0.007716	0.002066	-0.001455
52909	-0.007613	0.002715	-0.000557
52910	-0.007886	0.002357	0.000119
52911	-0.008177	0.002013	0.000840
52912	-0.008086	0.002157	0.000324
52913	-0.006669	0.003415	-0.000592
52914	-0.008641	0.000913	0.000252
52915	-0.007675	0.001680	0.000587
52916	-0.008039	0.001296	0.001280
52917	-0.007859	0.000077	0.001260
52918	-0.007857	0.000202	0.000785
52919	-0.008090	-0.000643	0.000076
52920	-0.008015	-0.001076	-0.001941
52921	-0.008287	-0.002787	-0.000710
52922	-0.007746	-0.003497	-0.001897
52923	-0.007643	-0.002849	-0.000999
52924	-0.008008	-0.003258	-0.000354
52925	-0.007829	-0.004478	-0.000374
52926	-0.007619	-0.004354	-0.000994
52927	-0.007047	-0.004581	-0.000836
52928	-0.006926	-0.004317	-0.001132
52929	-0.005530	-0.005291	0.000402
52930	-0.005838	-0.004748	-0.000757
52931	-0.006599	-0.004217	0.000704
52932	-0.007716	-0.005093	0.000729
52933	-0.007555	-0.004946	0.000198
52934	-0.007133	-0.003838	-0.000142
52935	-0.006913	-0.004191	-0.002101
52936	-0.007671	-0.005594	-0.001635
52937	-0.007099	-0.005821	-0.001477
52938	-0.006482	-0.006527	-0.002713
52939	-0.007577	-0.007490	-0.002859
52940	-0.007918	-0.007781	-0.002025
52941	-0.008228	-0.006758	-0.001815
52942	-0.008226	-0.006659	-0.002337
52943	-0.008518	-0.007003	-0.001616
52944	-0.009364	-0.008444	-0.001167
52945	-0.010437	-0.007175	-0.003763
52946	-0.008926	-0.008643	-0.003693
52947	-0.008431	-0.007002	-0.002617
52948	-0.008401	-0.006885	-0.003131
52949	-0.008692	-0.007230	-0.002410
52950	-0.008170	-0.007413	-0.002138
52951	-0.008421	-0.006891	-0.003357
52952	-0.008283	-0.006766	-0.003917
52953	-0.006926	-0.005007	-0.003403
52954	-0.007161	-0.007159	-0.003480
52955	-0.007001	-0.007012	-0.004010
52956	-0.007074	-0.007046	-0.004713
52957	-0.007384	-0.006024	-0.004502
52958	-0.006755	-0.006158	-0.004223
52959	-0.006654	-0.005511	-0.003324
52960	-0.005760	-0.007148	-0.005268
52961	-0.004404	-0.005390	-0.004754
52962	-0.004564	-0.004800	-0.005929
52963	-0.005249	-0.006137	-0.005386
52964	-0.004259	-0.005877	-0.006481
52965	-0.004551	-0.006222	-0.005760
52966	-0.004917	-0.006550	-0.004961
52967	-0.006503	-0.005272	-0.004877
52968	-0.006247	-0.007862	-0.004452
52969	-0.008166	-0.008078	-0.005974
52970	-0.007571	-0.007844	-0.004512
52971	-0.006547	-0.007579	-0.005605
52972	-0.005982	-0.006402	-0.005912
52973	-0.006274	-0.006747	-0.005192
52974	-0.005681	-0.006957	-0.005022
52975	-0.006758	-0.009287	-0.004658
52976	-0.005747	-0.007664	-0.006288
52977	-0.004391	-0.005906	-0.005774
52978	-0.005590	-0.006364	-0.004458
52979	-0.005882	-0.006709	-0.003738
52980	-0.005520	-0.006498	-0.004306
52981	-0.005831	-0.005477	-0.004096
52982	-0.005854	-0.006770	-0.004132
52983	-0.007361	-0.007360	-0.004967
52984	-0.006427	-0.005247	-0.005186
52985	-0.009190	-0.006947	-0.005636
52986	-0.007789	-0.005201	-0.005174
52987	-0.007630	-0.005055	-0.005704
52988	-0.007965	-0.005925	-0.006389
52989	-0.006942	-0.005661	-0.007481
52990	-0.006510	-0.005884	-0.007226
52991	-0.007195	-0.007221	-0.006684
52992	-0.006175	-0.005085	-0.006904
52993	-0.007211	-0.006549	-0.008479
52994	-0.006031	-0.004883	-0.008017
52995	-0.006263	-0.005729	-0.008725
52996	-0.005624	-0.005981	-0.008664
52997	-0.005464	-0.005834	-0.009194
52998	-0.005399	-0.005722	-0.009729
52999	-0.006043	-0.006195	-0.011126
53000	-0.004920	-0.004516	-0.012725
53001	-0.004470	-0.003743	-0.009709
53002	-0.006570	-0.003923	-0.011054
53003	-0.005547	-0.003659	-0.012146
53004	-0.005371	-0.003473	-0.012627
53005	-0.005664	-0.003818	-0.011907
53006	-0.005518	-0.002353	-0.013053
53007	-0.004928	-0.003947	-0.012384
53008	-0.006657	-0.004497	-0.013014
53009	-0.006969	-0.003477	-0.012803
53010	-0.005776	-0.001713	-0.012173
53011	-0.005597	-0.002933	-0.012193
53012	-0.006279	-0.002968	-0.012298
53013	-0.006120	-0.002822	-0.012827
53014	-0.005918	-0.002715	-0.013459
53015	-0.006603	-0.004054	-0.012917
53016	-0.006419	-0.004440	-0.014924
53017	-0.006732	-0.003420	-0.014713
53018	-0.007086	-0.002430	-0.014543
53019	-0.006988	-0.001784	-0.013644
53020	-0.007433	-0.000740	-0.013312
53021	-0.006802	-0.001468	-0.014582
53022	-0.005383	-0.000244	-0.015565
53023	-0.006479	-0.001209	-0.015712
53024	-0.006291	-0.002755	0.000167
53025	-0.004939	-0.000998	0.000698
53026	-0.006031	-0.001971	0.000539
53027	-0.004599	-0.002079	0.000150
53028	-0.004446	-0.001929	-0.000361
53029	-0.005152	-0.001901	-0.000315
53030	-0.004554	-0.000756	-0.000681
53031	-0.004376	-0.001976	-0.000687
53032	-0.004122	-0.002316	-0.002638
53033	-0.002770	-0.000559	-0.002106
53034	-0.004932	-0.000322	-0.002153
53035	-0.004755	-0.001541	-0.002159
53036	-0.005127	-0.002005	-0.001591
53037	-0.004949	-0.003224	-0.001597
53038	-0.005023	-0.003018	-0.001852
53039	-0.006984	-0.004101	-0.001423
53040	-0.006946	-0.004551	-0.003425
53041	-0.007262	-0.003532	-0.003200
53042	-0.005030	-0.003043	-0.002763
53043	-0.004873	-0.002897	-0.003277
53044	-0.004453	-0.003153	-0.003062
53045	-0.003823	-0.003880	-0.004317
53046	-0.005034	-0.002872	-0.003324
53047	-0.004445	-0.004465	-0.002641
53048	-0.004256	-0.004817	-0.004568
53049	-0.004633	-0.003297	-0.002913
53050	-0.005763	-0.004238	-0.002988
53051	-0.005586	-0.005457	-0.002993
53052	-0.004688	-0.006506	-0.003377
53053	-0.004532	-0.006360	-0.003891
53054	-0.004789	-0.007181	-0.004530
53055	-0.004262	-0.004678	-0.005374
53056	-0.004028	-0.006685	-0.003378
53057	-0.005064	-0.008150	-0.004940
53058	-0.002657	-0.007598	-0.004509
53059	-0.004619	-0.008681	-0.004080
53060	-0.003711	-0.008448	-0.005141
53061	-0.004006	-0.008794	-0.004406
53062	-0.003968	-0.008634	-0.004822
53063	-0.003009	-0.007869	-0.004469
53064	-0.003562	-0.009645	-0.005287
53065	-0.004660	-0.010610	-0.005419
53066	-0.002418	-0.010116	-0.004982
53067	-0.002673	-0.009598	-0.006184
53068	-0.002975	-0.009912	-0.005395
53069	-0.001934	-0.011013	-0.005961
53070	-0.002735	-0.012408	-0.005439
53071	-0.000933	-0.010160	-0.006155
53072	-0.001840	-0.011621	-0.005676
53073	-0.004605	-0.013323	-0.006116
53074	-0.002415	-0.012832	-0.005646
53075	-0.003987	-0.012924	-0.005038
53076	-0.003490	-0.013160	-0.004837
53077	-0.004198	-0.013133	-0.004790
53078	-0.004007	-0.012958	-0.005282
53079	-0.004303	-0.013305	-0.004547
53080	-0.003281	-0.014948	-0.006573
53081	-0.003660	-0.013430	-0.004917
53082	-0.004823	-0.014437	-0.005088
53083	-0.003803	-0.014173	-0.006164
53084	-0.003230	-0.013066	-0.006577
53085	-0.004802	-0.013158	-0.005970
53086	-0.005166	-0.013492	-0.005174
53087	-0.005936	-0.012966	-0.003698
53088	-0.004997	-0.013554	-0.002793
53089	-0.002639	-0.014044	-0.005170
53090	-0.003881	-0.014038	-0.002492
53091	-0.004938	-0.014139	-0.004563
53092	-0.004294	-0.014275	-0.004283
53093	-0.005023	-0.012884	-0.004744
53094	-0.005543	-0.013353	-0.006211
53095	-0.005387	-0.013208	-0.006725
53096	-0.005242	-0.013009	-0.007142
53097	-0.004675	-0.013237	-0.006968
53098	-0.006798	-0.012416	-0.005500
53099	-0.006642	-0.012271	-0.006014
53100	-0.005918	-0.011518	-0.005529
53101	-0.007017	-0.012484	-0.005662
53102	-0.006562	-0.011405	-0.006046
53103	-0.006406	-0.011260	-0.006560
53104	-0.006322	-0.010667	-0.005738
53105	-0.006640	-0.009650	-0.005512
53106	-0.006083	-0.009824	-0.005242
53107	-0.006380	-0.010171	-0.004506
53108	-0.005401	-0.009898	-0.005545
53109	-0.006109	-0.009873	-0.005499
53110	-0.006387	-0.010252	-0.004842
53111	-0.007055	-0.009362	-0.006733
53112	-0.008668	-0.009446	-0.006090
53113	-0.010715	-0.008667	-0.004741
53114	-0.010243	-0.009491	-0.006069
53115	-0.009349	-0.008227	-0.004285
53116	-0.008818	-0.008418	-0.004026
53117	-0.009527	-0.008393	-0.003979
53118	-0.010202	-0.008868	-0.005352
53119	-0.010499	-0.009216	-0.004616
53120	-0.009390	-0.007636	-0.006370
53121	-0.008823	-0.007865	-0.006195
53122	-0.008406	-0.007598	-0.004550
53123	-0.009505	-0.008565	-0.004683
53124	-0.009182	-0.008848	-0.004450
53125	-0.009416	-0.009695	-0.005143
53126	-0.010220	-0.009655	-0.005014
53127	-0.008811	-0.008400	-0.005908
53128	-0.011242	-0.010009	-0.004286
53129	-0.011498	-0.009492	-0.005488
53130	-0.010843	-0.010121	-0.006590
53131	-0.010751	-0.009477	-0.005675
53132	-0.009407	-0.009616	-0.006063
53133	-0.009726	-0.008600	-0.005835
53134	-0.009246	-0.008833	-0.005619
53135	-0.010430	-0.007936	-0.004831
53136	-0.010261	-0.007711	-0.005218
53137	-0.008852	-0.006457	-0.006111
53138	-0.010099	-0.006469	-0.003462
53139	-0.009469	-0.007198	-0.004716
53140	-0.010169	-0.007205	-0.004743
53141	-0.009602	-0.007434	-0.004568
53142	-0.010467	-0.007400	-0.004407
53143	-0.008583	-0.007018	-0.006041
53144	-0.010283	-0.007168	-0.005455
53145	-0.009717	-0.007396	-0.005280
53146	-0.009942	-0.006883	-0.006516
53147	-0.010240	-0.007230	-0.005781
53148	-0.010099	-0.007062	-0.006249
53149	-0.010419	-0.006046	-0.006021
53150	-0.010215	-0.005910	-0.006589
53151	-0.010925	-0.005886	-0.006542
53152	-0.010729	-0.005737	-0.007082
53153	-0.010985	-0.005221	-0.008283
53154	-0.009519	-0.006613	-0.008032
53155	-0.009038	-0.004979	-0.006936
53156	-0.009710	-0.004914	-0.006849
53157	-0.009143	-0.005142	-0.006674
53158	-0.008954	-0.004989	-0.007199
53159	-0.008800	-0.004845	-0.007712
53160	-0.008630	-0.004193	-0.006841
53161	-0.006398	-0.003684	-0.006357
53162	-0.007476	-0.005168	-0.007930
53163	-0.007796	-0.004152	-0.007702
53164	-0.008388	-0.004163	-0.007805
53165	-0.010374	-0.003886	-0.007887
53166	-0.010345	-0.003689	-0.008226
53167	-0.010231	-0.004409	-0.006802
53168	-0.010045	-0.004241	-0.007300
53169	-0.008636	-0.002987	-0.008192
53170	-0.009717	-0.004369	-0.009579
53171	-0.008803	-0.004471	-0.007285
53172	-0.008771	-0.004400	-0.007854
53173	-0.009069	-0.004749	-0.007119
53174	-0.008192	-0.004617	-0.008338
53175	-0.008513	-0.003602	-0.008110
53176	-0.008426	-0.002889	-0.007072
53177	-0.006973	-0.004362	-0.006949
53178	-0.007254	-0.003403	-0.006857
53179	-0.007036	-0.003760	-0.008799
53180	-0.006950	-0.003597	-0.009237
53181	-0.005973	-0.004198	-0.008373
53182	-0.005110	-0.002053	-0.008449
53183	-0.005798	-0.003393	-0.007895
53184	-0.005617	-0.003282	-0.008491
53185	-0.005875	-0.002767	-0.009693
53186	-0.004343	-0.004176	-0.009514
53187	-0.004664	-0.003161	-0.009286
53188	-0.004802	-0.003436	-0.008534
53189	-0.004648	-0.003293	-0.009047
53190	-0.005812	-0.004279	-0.009178
53191	-0.005205	-0.003645	-0.010939
53192	-0.006132	-0.005058	-0.010362
53193	-0.004724	-0.003805	-0.011254
53194	-0.005940	-0.003824	-0.008635
53195	-0.006998	-0.003928	-0.010706
53196	-0.006833	-0.003677	-0.011038
53197	-0.006267	-0.003906	-0.010862
53198	-0.005919	-0.003726	-0.009322
53199	-0.006218	-0.004075	-0.008587
53200	-0.006284	-0.004000	-0.009080
53201	-0.005654	-0.004729	-0.010333
53202	-0.004988	-0.004934	-0.010190
53203	-0.006563	-0.005031	-0.009584
53204	-0.006876	-0.004551	-0.010818
53205	-0.006375	-0.004281	-0.009213
53206	-0.006616	-0.003242	-0.009000
53207	-0.006892	-0.004954	-0.007758
53208	-0.005887	-0.003331	-0.009354
53209	-0.006274	-0.001818	-0.007696
53210	-0.006621	-0.003510	-0.006379
53211	-0.005214	-0.002257	-0.007269
53212	-0.005637	-0.002656	-0.006547
53213	-0.005936	-0.003006	-0.005812
53214	-0.006337	-0.003407	-0.005108
53215	-0.007048	-0.003384	-0.005062
53216	-0.006994	-0.006127	-0.004754
53217	-0.007382	-0.004614	-0.003097
53218	-0.007631	-0.004105	-0.004321
53219	-0.007931	-0.004455	-0.003585
53220	-0.007441	-0.003358	-0.003954
53221	-0.007741	-0.003708	-0.003219
53222	-0.007640	-0.003602	-0.003769
53223	-0.008717	-0.005934	-0.003397
53224	-0.011584	-0.001536	0.000269
53225	-0.011086	-0.001264	0.001878
53226	-0.011400	-0.000740	0.000727
53227	-0.009107	-0.000728	-0.000211
53228	-0.009187	-0.002001	-0.000143
53229	-0.009513	-0.000985	0.000089
53230	-0.008447	-0.000729	-0.001033
53231	-0.008361	-0.000085	-0.000112
53232	-0.008204	0.000562	0.000762
53233	-0.010971	-0.001143	0.000320
53234	-0.009582	0.000180	-0.000433
53235	-0.009496	0.000824	0.000487
53236	-0.008950	0.000627	0.000727
53237	-0.010052	-0.000339	0.000596
53238	-0.009381	-0.000467	0.000879
53239	-0.008041	0.001287	0.001422
53240	-0.008125	0.001912	0.002421
53241	-0.009162	0.000447	0.000861
53242	-0.007874	0.001651	-0.000045
53243	-0.009041	0.001184	0.001253
53244	-0.008943	0.001323	0.000770
53245	-0.010045	0.000357	0.000638
53246	-0.009989	0.000960	0.001500
53247	-0.009062	0.003086	0.001356
53248	-0.009711	0.001810	0.001994
53249	-0.010748	0.000344	0.000433
53250	-0.008426	0.000858	0.000860
53251	-0.008729	0.000511	0.001599
53252	-0.009523	-0.000809	0.002255
53253	-0.009437	-0.000165	0.003176
53254	-0.008921	-0.000431	0.003312
53255	-0.008747	-0.001649	0.003310
53256	-0.007837	0.000533	0.003274
53257	-0.008939	-0.000433	0.003143
53258	-0.010031	-0.001409	0.002983
53259	-0.009492	-0.000275	0.002657
53260	-0.009425	-0.001632	0.002472
53261	-0.008862	-0.001860	0.002653
53262	-0.009252	-0.002270	0.003334
53263	-0.009555	-0.002617	0.004073
53264	-0.008869	-0.003735	0.003711
53265	-0.009261	-0.002221	0.005373
53266	-0.010299	-0.003766	0.003665
53267	-0.010626	-0.002751	0.003898
53268	-0.011305	-0.002721	0.003933
53269	-0.012061	-0.003560	0.005920
53270	-0.012405	-0.002540	0.006169
53271	-0.012231	-0.003758	0.006168
53272	-0.013033	-0.005175	0.006652
53273	-0.013360	-0.004160	0.006885
53274	-0.012005	-0.002388	0.007449
53275	-0.012266	-0.001872	0.006252
53276	-0.012731	-0.000871	0.006547
53277	-0.012192	0.000264	0.006221
53278	-0.012495	-0.000640	0.005472
53279	-0.011569	0.001484	0.005328
53280	-0.012181	-0.000390	0.004377
53281	-0.012460	-0.002100	0.005623
53282	-0.011230	-0.000910	0.004741
53283	-0.011945	-0.000887	0.004792
53284	-0.011880	0.000634	0.003840
53285	-0.011318	0.000406	0.004021
53286	-0.011966	0.000451	0.004065
53287	-0.012269	0.000103	0.004804
53288	-0.010497	0.001521	0.006086
53289	-0.010824	0.002535	0.006319
53290	-0.011902	0.000990	0.004641
53291	-0.011407	0.001261	0.006251
53292	-0.012422	0.000250	0.005974
53293	-0.012338	0.000892	0.006895
53294	-0.013286	0.001419	0.008493
53295	-0.013226	0.003423	0.008908
53296	-0.013116	0.000877	0.009533
53297	-0.012602	0.003373	0.008701
53298	-0.012801	0.001637	0.009843
53299	-0.013541	0.003022	0.009387
53300	-0.013428	0.003053	0.008693
53301	-0.013278	0.003196	0.008185
53302	-0.013293	0.003855	0.009200
53303	-0.014033	0.005239	0.008744
53304	-0.013696	0.002565	0.008982
53305	-0.012360	0.004317	0.009528
53306	-0.013449	0.003366	0.009413
53307	-0.011634	0.004249	0.009219
53308	-0.011977	0.005188	0.009321
53309	-0.011827	0.005331	0.008813
53310	-0.012217	0.005845	0.007698
53311	-0.011244	0.005246	0.008568
53312	-0.011161	0.004786	0.006528
53313	-0.010600	0.004557	0.006709
53314	-0.012828	0.005336	0.008180
53315	-0.012998	0.003990	0.006060
53316	-0.012438	0.003769	0.006255
53317	-0.013178	0.005153	0.005800
53318	-0.012610	0.004885	0.005901
53319	-0.012073	0.006018	0.005576
53320	-0.012752	0.005170	0.007486
53321	-0.013014	0.005684	0.006289
53322	-0.012681	0.004866	0.005071
53323	-0.011321	0.005256	0.006123
53324	-0.010717	0.005079	0.006360
53325	-0.010610	0.004359	0.007788
53326	-0.010018	0.004090	0.007871
53327	-0.009456	0.003861	0.008052
53328	-0.011189	0.003740	0.008716
53329	-0.010561	0.003013	0.007468
53330	-0.011019	0.004029	0.007789
53331	-0.011281	0.004542	0.006593
53332	-0.011653	0.003591	0.005800
53333	-0.011890	0.002743	0.005110
53334	-0.013168	0.003571	0.005837
53335	-0.012220	0.004332	0.006201
53336	-0.011940	0.004009	0.004277
53337	-0.012269	0.005020	0.004510
53338	-0.013230	0.004067	0.004303
53339	-0.012282	0.004828	0.004668
53340	-0.012091	0.004876	0.003956
53341	-0.011941	0.005018	0.003449
53342	-0.012412	0.005996	0.003713
53343	-0.011808	0.006630	0.001959
53344	-0.013458	0.004185	0.004814
53345	-0.012056	0.005438	0.003932
53346	-0.012488	0.006440	0.004213
53347	-0.012725	0.005592	0.003522
53348	-0.012973	0.006568	0.003635
53349	-0.013689	0.006590	0.003685
53350	-0.014829	0.007487	0.004446
53351	-0.015066	0.006639	0.003756
53352	-0.014866	0.006744	0.003142
53353	-0.014305	0.006515	0.003323
53354	-0.012890	0.008298	0.003870
53355	-0.013539	0.007821	0.002491
53356	-0.013917	0.007450	0.003238
53357	-0.014634	0.007471	0.003288
53358	-0.014552	0.008031	0.004060
53359	-0.014857	0.007681	0.004798
53360	-0.014537	0.007355	0.002841
53361	-0.013977	0.007125	0.003023
53362	-0.014284	0.008146	0.003255
53363	-0.015344	0.008039	0.001187
53364	-0.015802	0.007669	0.001986
53365	-0.016930	0.008061	0.001348
53366	-0.016812	0.008263	0.000966
53367	-0.016209	0.008896	-0.000787
53368	-0.017814	0.008819	-0.000126
53369	-0.017254	0.008590	0.000056
53370	-0.019140	0.009409	0.001369
53371	-0.018537	0.010042	-0.000384
53372	-0.019204	0.010081	-0.000340
53373	-0.018326	0.011340	0.001455
53374	-0.018154	0.011456	0.000880
53375	-0.018460	0.011106	0.001619
53376	-0.016690	0.012001	0.001475
53377	-0.017861	0.011530	0.002771
53378	-0.019047	0.010014	0.001216
53379	-0.019378	0.011024	0.001450
53380	-0.019713	0.010678	0.002212
53381	-0.018767	0.011439	0.002578
53382	-0.018917	0.010527	0.001712
53383	-0.018382	0.011658	0.001388
53384	-0.017308	0.011088	0.002240
53385	-0.019371	0.011857	0.003588
53386	-0.018194	0.013684	0.004378
53387	-0.018886	0.012343	0.004934
53388	-0.018326	0.013500	0.004633
53389	-0.018177	0.013641	0.004127
53390	-0.017592	0.013317	0.004116
53391	-0.017486	0.012595	0.005543
53392	-0.017293	0.012742	0.005015
53393	-0.017625	0.013752	0.005248
53394	-0.017154	0.014069	0.006959
53395	-0.018737	0.013968	0.007566
53396	-0.018991	0.013063	0.006780
53397	-0.018044	0.013823	0.007145
53398	-0.018569	0.013383	0.007865
53399	-0.019287	0.013403	0.007916
53400	-0.018395	0.012793	0.008817
53401	-0.018589	0.012806	0.006192
53402	-0.020519	0.013079	0.006070
53403	-0.020028	0.013347	0.007681
53404	-0.020648	0.012934	0.008513
53405	-0.020473	0.011715	0.008511
53406	-0.020816	0.012185	0.007291
53407	-0.021148	0.013195	0.007525
53408	-0.020205	0.012625	0.008466
53409	-0.019645	0.012395	0.008648
53410	-0.018533	0.014024	0.009123
53411	-0.018359	0.012805	0.009121
53412	-0.019054	0.012767	0.009047
53413	-0.018082	0.012167	0.009918
53414	-0.019803	0.011577	0.009249
53415	-0.018814	0.013199	0.007681
53416	-0.018746	0.013299	0.007149
53417	-0.019988	0.013324	0.009874
53418	-0.020208	0.013384	0.007349
53419	-0.020129	0.014022	0.008272
53420	-0.020478	0.015108	0.008653
53421	-0.019437	0.014009	0.008095
53422	-0.019212	0.013625	0.006100
53423	-0.018722	0.013893	0.007712
53424	-0.015057	-0.001355	0.004361
53425	-0.014424	-0.002098	0.003108
53426	-0.015611	-0.003042	0.003087
53427	-0.016352	-0.001678	0.002627
53428	-0.015826	-0.001993	0.002690
53429	-0.015744	-0.001369	0.003607
53430	-0.015731	-0.001181	0.003298
53431	-0.014328	0.000056	0.002414
53432	-0.014937	-0.001675	0.001729
53433	-0.013603	0.000059	0.002274
53434	-0.016357	-0.001187	0.003142
53435	-0.015269	-0.001438	0.000644
53436	-0.015556	-0.001764	0.001432
53437	-0.015019	-0.000649	0.001104
53438	-0.014690	-0.000480	0.000530
53439	-0.013742	0.000264	0.000892
53440	-0.015146	-0.003534	-0.000297
53441	-0.013813	-0.001800	0.000249
53442	-0.016649	-0.002949	0.001352
53443	-0.016567	-0.002326	0.002270
53444	-0.017319	-0.001017	0.001702
53445	-0.016756	-0.001261	0.001879
53446	-0.018353	-0.001457	0.002345
53447	-0.016949	-0.000220	0.001462
53448	-0.019343	-0.002323	0.001703
53449	-0.017187	-0.001329	0.003627
53450	-0.018282	-0.000110	0.001015
53451	-0.018174	-0.000846	0.002437
53452	-0.017688	-0.001094	0.002654
53453	-0.017152	0.000021	0.002327
53454	-0.018272	0.000430	0.001731
53455	-0.017736	0.001545	0.001404
53456	-0.018344	-0.000339	0.000447
53457	-0.019444	-0.001325	0.000307
53458	-0.019720	-0.000311	0.000522
53459	-0.018746	-0.000927	0.001388
53460	-0.018560	-0.000858	0.000736
53461	-0.018479	-0.000235	0.001654
53462	-0.020046	-0.000804	0.000941
53463	-0.019125	0.001300	0.000799
53464	-0.019900	-0.000103	0.001316
53465	-0.020107	-0.002327	0.001124
53466	-0.018723	-0.001098	0.000233
53467	-0.018957	-0.001962	-0.000463
53468	-0.018040	-0.001232	-0.000117
53469	-0.017478	-0.001477	0.000060
53470	-0.018781	-0.001965	0.001430
53471	-0.019881	-0.002951	0.001290
53472	-0.019030	-0.000940	0.001015
53473	-0.021793	-0.002667	0.000557
53474	-0.020443	-0.000936	0.001071
53475	-0.020292	-0.000812	0.000559
53476	-0.020116	-0.000757	-0.000109
53477	-0.018687	-0.000881	-0.000487
53478	-0.019056	-0.001191	0.000391
53479	-0.018065	0.000415	-0.001180
53480	-0.017955	-0.002206	-0.000677
53481	-0.018286	-0.001214	-0.000448
53482	-0.018568	-0.000220	-0.000270
53483	-0.017594	-0.000835	0.000596
53484	-0.017307	-0.001144	0.000844
53485	-0.016360	-0.000401	0.001207
53486	-0.016342	-0.000249	0.000826
53487	-0.015807	0.000865	0.000500
53488	-0.014007	0.001713	0.000274
53489	-0.016770	-0.000014	-0.000185
53490	-0.016320	-0.000384	-0.000164
53491	-0.016580	0.000111	-0.001364
53492	-0.016089	-0.000201	-0.001270
53493	-0.016393	-0.000568	-0.000537
53494	-0.016436	-0.000527	-0.001072
53495	-0.015901	0.000587	-0.001398
53496	-0.017567	0.001027	0.000743
53497	-0.015342	0.001523	0.001239
53498	-0.016466	0.000038	-0.000277
53499	-0.016315	0.000162	-0.000788
53500	-0.016981	0.000103	-0.000903
53501	-0.016392	-0.001501	-0.000222
53502	-0.015845	-0.001817	-0.000174
53503	-0.014855	-0.000212	-0.001744
53504	-0.015501	-0.002095	-0.002673
53505	-0.014171	-0.000362	-0.002125
53506	-0.014353	-0.002082	-0.000957
53507	-0.015069	-0.002080	-0.000913
53508	-0.015270	-0.002424	-0.000226
53509	-0.014708	-0.002670	-0.000048
53510	-0.014975	-0.001613	0.000240
53511	-0.016075	-0.002600	0.000099
53512	-0.015141	-0.000528	-0.000121
53513	-0.014508	-0.001271	-0.001373
53514	-0.015793	-0.002351	-0.001566
53515	-0.013980	-0.001486	-0.001758
53516	-0.014111	-0.002408	-0.002649
53517	-0.014444	-0.001417	-0.002419
53518	-0.013840	-0.001677	-0.002312
53519	-0.014968	-0.001305	-0.002957
53520	-0.015592	-0.003195	-0.003904
53521	-0.015925	-0.002204	-0.003674
53522	-0.014606	-0.001051	-0.004657
53523	-0.014527	-0.000430	-0.003739
53524	-0.014707	0.000074	-0.004990
53525	-0.012867	-0.000420	-0.004679
53526	-0.014523	-0.000578	-0.004112
53527	-0.015596	-0.002924	-0.003750
53528	-0.013801	-0.001513	-0.002471
53529	-0.013311	-0.001262	-0.000863
53530	-0.014503	-0.002269	-0.000982
53531	-0.013486	-0.002023	-0.002048
53532	-0.014254	-0.002034	-0.002004
53533	-0.014971	-0.002033	-0.001960
53534	-0.014408	-0.000896	-0.002272
53535	-0.014670	-0.000403	-0.003472
53536	-0.015291	-0.002258	-0.004367
53537	-0.014801	-0.002008	-0.002760
53538	-0.013472	-0.000270	-0.002209
53539	-0.012866	0.000345	-0.003964
53540	-0.013242	-0.000010	-0.003171
53541	-0.013092	0.000113	-0.003682
53542	-0.012178	0.000975	-0.003089
53543	-0.012823	0.000479	-0.004474
53544	-0.011957	-0.000093	-0.003466
53545	-0.012147	-0.000097	-0.006096
53546	-0.012581	0.000891	-0.005810
53547	-0.014094	0.000272	-0.006641
53548	-0.013520	0.000024	-0.006488
53549	-0.012959	-0.000223	-0.006310
53550	-0.013262	-0.000674	-0.005744
53551	-0.013496	-0.001540	-0.006440
53552	-0.014239	-0.000169	-0.006891
53553	-0.015340	-0.001157	-0.007032
53554	-0.014806	-0.001926	-0.008271
53555	-0.013789	-0.001681	-0.009336
53556	-0.014063	-0.002052	-0.008642
53557	-0.013531	-0.000940	-0.008967
53558	-0.013827	-0.001308	-0.008252
53559	-0.014089	-0.000816	-0.009452
53560	-0.014070	-0.000707	-0.009904
53561	-0.014332	-0.000215	-0.011104
53562	-0.015371	-0.000611	-0.009755
53563	-0.014737	-0.001355	-0.011006
53564	-0.014877	-0.002229	-0.011804
53565	-0.015212	-0.001239	-0.011574
53566	-0.015083	-0.002433	-0.011482
53567	-0.014595	-0.002183	-0.009874
53568	-0.014534	-0.002021	-0.010257
53569	-0.013062	-0.001284	-0.012566
53570	-0.013369	-0.000268	-0.012317
53571	-0.013264	-0.001007	-0.010895
53572	-0.013523	-0.000506	-0.012090
53573	-0.012478	-0.001619	-0.012652
53574	-0.012027	-0.000472	-0.012871
53575	-0.012789	-0.001333	-0.010894
53576	-0.011821	-0.001894	-0.009935
53577	-0.012156	-0.000905	-0.009705
53578	-0.012350	0.000158	-0.009450
53579	-0.013068	0.000158	-0.009406
53580	-0.011663	-0.000038	-0.009908
53581	-0.012866	0.000828	-0.009123
53582	-0.011924	-0.000311	-0.009671
53583	-0.012642	-0.000311	-0.009627
53584	-0.013405	-0.001188	-0.007689
53585	-0.013667	-0.000697	-0.008888
53586	-0.013109	-0.000892	-0.008626
53587	-0.012887	-0.001266	-0.010566
53588	-0.012573	-0.001607	-0.010392
53589	-0.012350	-0.001981	-0.012332
53590	-0.012269	-0.001827	-0.012752
53591	-0.013443	-0.002319	-0.011464
53592	-0.013494	-0.002261	-0.011951
53593	-0.013756	-0.001769	-0.013150
53594	-0.013090	-0.002539	-0.014484
53595	-0.013882	-0.002043	-0.013010
53596	-0.012785	-0.001903	-0.014340
53597	-0.013092	-0.002273	-0.013607
53598	-0.013097	-0.001600	-0.012542
53599	-0.012492	-0.000986	-0.014295
53600	-0.013167	-0.002317	-0.013721
53601	-0.012606	-0.002564	-0.013542
53602	-0.011994	-0.003322	-0.014814
53603	-0.012713	-0.003323	-0.014770
53604	-0.012528	-0.003185	-0.015291
53605	-0.011586	-0.002444	-0.014926
53606	-0.011964	-0.002769	-0.014074
53607	-0.011433	-0.001659	-0.014397
53608	-0.011312	-0.001540	-0.014901
53609	-0.012413	-0.002529	-0.015043
53610	-0.012866	-0.000984	-0.013256
53611	-0.013894	-0.002470	-0.014828
53612	-0.012911	-0.003583	-0.015355
53613	-0.012762	-0.003461	-0.015865
53614	-0.012308	-0.002440	-0.016312
53615	-0.012204	-0.003180	-0.014890
53616	-0.012018	-0.003133	-0.015581
53617	-0.013120	-0.004123	-0.015724
53618	-0.012518	-0.004352	-0.015556
53619	-0.011958	-0.004600	-0.015377
53620	-0.011640	-0.004463	-0.015995
53621	-0.011948	-0.004834	-0.015262
53622	-0.011889	-0.004665	-0.015636
53623	-0.012683	-0.004169	-0.014162
53624	-0.015884	-0.005553	-0.003649
53625	-0.015253	-0.006297	-0.004890
53626	-0.014811	-0.006053	-0.003263
53627	-0.016739	-0.006305	-0.004774
53628	-0.016241	-0.006556	-0.004559
53629	-0.016067	-0.007792	-0.004557
53630	-0.016845	-0.007804	-0.004491
53631	-0.018436	-0.007929	-0.003883
53632	-0.017509	-0.008565	-0.003022
53633	-0.018598	-0.007338	-0.005589
53634	-0.018070	-0.007595	-0.005409
53635	-0.018337	-0.007105	-0.006598
53636	-0.017843	-0.007256	-0.006193
53637	-0.018567	-0.007259	-0.006139
53638	-0.018956	-0.008254	-0.006964
53639	-0.019239	-0.009983	-0.005719
53640	-0.018929	-0.010310	-0.007640
53641	-0.018373	-0.010558	-0.007451
53642	-0.016179	-0.010659	-0.008492
53643	-0.017389	-0.009796	-0.007697
53644	-0.016927	-0.010040	-0.007443
53645	-0.017239	-0.010411	-0.006700
53646	-0.017410	-0.010757	-0.006027
53647	-0.018059	-0.011256	-0.007403
53648	-0.019801	-0.010906	-0.005362
53649	-0.019245	-0.011155	-0.005172
53650	-0.018726	-0.008580	-0.005814
53651	-0.018964	-0.009448	-0.006500
53652	-0.018546	-0.009707	-0.006240
53653	-0.018476	-0.009090	-0.005310
53654	-0.018396	-0.008978	-0.005788
53655	-0.019120	-0.008980	-0.005734
53656	-0.017535	-0.008136	-0.005792
53657	-0.017802	-0.007647	-0.006980
53658	-0.017153	-0.007884	-0.006853
53659	-0.017084	-0.007267	-0.005922
53660	-0.017053	-0.007169	-0.006390
53661	-0.017291	-0.008037	-0.007076
53662	-0.018128	-0.007516	-0.005528
53663	-0.017497	-0.008261	-0.006768
53664	-0.017445	-0.008092	-0.007124
53665	-0.016889	-0.008341	-0.006935
53666	-0.016409	-0.008612	-0.006743
53667	-0.016797	-0.008487	-0.004570
53668	-0.017187	-0.007482	-0.004269
53669	-0.017043	-0.007362	-0.004768
53670	-0.017298	-0.008199	-0.005394
53671	-0.016743	-0.008448	-0.005204
53672	-0.015823	-0.009046	-0.004267
53673	-0.017827	-0.008803	-0.004348
53674	-0.016526	-0.007570	-0.005152
53675	-0.016839	-0.007941	-0.004409
53676	-0.015828	-0.007728	-0.005533
53677	-0.015730	-0.008469	-0.004101
53678	-0.015567	-0.009710	-0.004107
53679	-0.015910	-0.008725	-0.003866
53680	-0.016560	-0.010617	-0.004795
53681	-0.016903	-0.009632	-0.004554
53682	-0.015580	-0.010566	-0.002861
53683	-0.016716	-0.010201	-0.003496
53684	-0.016440	-0.011373	-0.003462
53685	-0.016753	-0.011744	-0.002719
53686	-0.016811	-0.011619	-0.003069
53687	-0.018374	-0.013103	-0.001960
53688	-0.015697	-0.011250	-0.004589
53689	-0.015293	-0.010507	-0.001539
53690	-0.016438	-0.011568	-0.001783
53691	-0.015351	-0.011821	-0.004265
53692	-0.015561	-0.012192	-0.003607
53693	-0.016285	-0.012195	-0.003553
53694	-0.015863	-0.011090	-0.003802
53695	-0.017456	-0.011217	-0.003195
53696	-0.016577	-0.009080	-0.003235
53697	-0.015946	-0.009825	-0.004474
53698	-0.016069	-0.012009	-0.004660
53699	-0.016870	-0.011517	-0.003176
53700	-0.016618	-0.011406	-0.003782
53701	-0.016932	-0.011778	-0.003038
53702	-0.017138	-0.012619	-0.003709
53703	-0.018701	-0.014102	-0.002601
53704	-0.017019	-0.012777	-0.001385
53705	-0.018049	-0.014265	-0.002949
53706	-0.017595	-0.014003	-0.001295
53707	-0.017452	-0.013884	-0.001794
53708	-0.016470	-0.013676	-0.002902
53709	-0.016783	-0.014049	-0.002159
53710	-0.017111	-0.014538	-0.001636
53711	-0.016099	-0.014295	-0.002688
53712	-0.019314	-0.015688	-0.003869
53713	-0.017175	-0.014697	-0.001925
53714	-0.019980	-0.015909	-0.000942
53715	-0.018557	-0.016034	-0.001305
53716	-0.017939	-0.016215	-0.001045
53717	-0.017796	-0.016095	-0.001544
53718	-0.017704	-0.015435	-0.000558
53719	-0.016754	-0.012479	-0.002612
53720	-0.018311	-0.015302	-0.000964
53721	-0.016995	-0.013576	-0.000398
53722	-0.017269	-0.013022	-0.001471
53723	-0.018452	-0.013518	-0.000175
53724	-0.017770	-0.015086	0.000500
53725	-0.018114	-0.014103	0.000742
53726	-0.018040	-0.013904	0.000431
53727	-0.020015	-0.015020	0.000850
53728	-0.019123	-0.012904	0.000768
53729	-0.017731	-0.011673	-0.000095
53730	-0.017921	-0.011201	-0.001381
53731	-0.018128	-0.013426	-0.001567
53732	-0.018948	-0.013479	-0.001545
53733	-0.018805	-0.013360	-0.002043
53734	-0.018675	-0.012680	-0.001050
53735	-0.018013	-0.014781	-0.001789
53736	-0.018936	-0.012932	-0.000747
53737	-0.019965	-0.014420	-0.002311
53738	-0.018647	-0.013162	-0.003081
53739	-0.018961	-0.013535	-0.002338
53740	-0.019266	-0.012499	-0.002037
53741	-0.019581	-0.012872	-0.001294
53742	-0.019490	-0.012691	-0.001647
53743	-0.018935	-0.012940	-0.001456
53744	-0.017974	-0.010818	-0.001582
53745	-0.018320	-0.009835	-0.001339
53746	-0.017043	-0.011350	-0.001141
53747	-0.016520	-0.010243	-0.001451
53748	-0.016868	-0.011110	-0.002062
53749	-0.016725	-0.010991	-0.002560
53750	-0.017785	-0.010640	-0.003287
53751	-0.017262	-0.009534	-0.003597
53752	-0.017099	-0.012231	-0.003271
53753	-0.015784	-0.010505	-0.002704
53754	-0.016263	-0.009595	-0.002507
53755	-0.016958	-0.010956	-0.001952
53756	-0.016421	-0.011174	-0.001701
53757	-0.017636	-0.010316	-0.000906
53758	-0.017559	-0.011080	0.000489
53759	-0.017416	-0.010961	-0.000009
53760	-0.017409	-0.009875	0.002284
53761	-0.019261	-0.010627	-0.000659
53762	-0.016959	-0.010067	-0.000097
53763	-0.017685	-0.010073	-0.000042
53764	-0.016762	-0.009347	0.000309
53765	-0.016619	-0.009229	-0.000190
53766	-0.016977	-0.009649	0.000488
53767	-0.015555	-0.009775	0.000127
53768	-0.015542	-0.008596	0.002590
53769	-0.014911	-0.009342	0.001351
53770	-0.016878	-0.009117	0.001204
53771	-0.017605	-0.009122	0.001258
53772	-0.016976	-0.009351	0.001419
53773	-0.017245	-0.008865	0.000232
53774	-0.016299	-0.008153	0.000543
53775	-0.015319	-0.006555	-0.001007
53776	-0.016786	-0.009430	0.000474
53777	-0.015473	-0.007704	0.001042
53778	-0.016380	-0.009222	-0.000678
53779	-0.016238	-0.009104	-0.001176
53780	-0.016231	-0.008517	-0.000265
53781	-0.016546	-0.008891	0.000478
53782	-0.016657	-0.008811	0.000084
53783	-0.016135	-0.007706	-0.000225
53784	-0.016809	-0.009563	-0.001072
53785	-0.018056	-0.007350	-0.000778
53786	-0.018405	-0.009073	0.000511
53787	-0.019086	-0.008219	-0.001365
53788	-0.018372	-0.007079	-0.001763
53789	-0.019968	-0.007209	-0.001157
53790	-0.019698	-0.007039	-0.001663
53791	-0.018276	-0.007165	-0.002024
53792	-0.018053	-0.007097	-0.002686
53793	-0.019237	-0.007596	-0.001391
53794	-0.018708	-0.007380	0.000122
53795	-0.017999	-0.008621	-0.002547
53796	-0.019576	-0.007974	-0.004019
53797	-0.019434	-0.007856	-0.004517
53798	-0.019777	-0.008782	-0.005242
53799	-0.019635	-0.008665	-0.005739
53800	-0.021385	-0.008326	-0.003709
53801	-0.020754	-0.009072	-0.004948
53802	-0.021071	-0.011344	-0.005151
53803	-0.021419	-0.010363	-0.004908
53804	-0.021303	-0.010227	-0.005363
53805	-0.020339	-0.010845	-0.004483
53806	-0.019938	-0.009726	-0.004689
53807	-0.018928	-0.009484	-0.005738
53808	-0.018784	-0.009308	-0.006139
53809	-0.019132	-0.008328	-0.005896
53810	-0.017813	-0.009288	-0.004248
53811	-0.018842	-0.010777	-0.005813
53812	-0.018736	-0.010626	-0.006230
53813	-0.018183	-0.010876	-0.006038
53814	-0.018556	-0.011313	-0.005382
53815	-0.017212	-0.010943	-0.004312
53816	-0.017905	-0.012247	-0.003663
53817	-0.017274	-0.012993	-0.004901
53818	-0.017456	-0.012504	-0.006155
53819	-0.016936	-0.011399	-0.006463
53820	-0.016913	-0.012636	-0.006361
53821	-0.016772	-0.012519	-0.006859
53822	-0.016538	-0.012292	-0.007229
53823	-0.016808	-0.011807	-0.008416
53824	-0.017260	-0.006333	-0.004084
53825	-0.016709	-0.006578	-0.003889
53826	-0.018853	-0.005819	-0.002466
53827	-0.016975	-0.005447	-0.004062
53828	-0.017478	-0.004471	-0.003727
53829	-0.017717	-0.005336	-0.004410
53830	-0.017073	-0.004218	-0.004805
53831	-0.018181	-0.005207	-0.004937
53832	-0.018027	-0.005035	-0.005354
53833	-0.017397	-0.005775	-0.006588
53834	-0.016997	-0.005498	-0.004868
53835	-0.017647	-0.005995	-0.006240
53836	-0.017936	-0.006895	-0.006958
53837	-0.018665	-0.006897	-0.006900
53838	-0.019360	-0.006848	-0.006781
53839	-0.019631	-0.006358	-0.007964
53840	-0.018688	-0.006966	-0.007061
53841	-0.017300	-0.005732	-0.007915
53842	-0.019426	-0.004997	-0.006554
53843	-0.020077	-0.005495	-0.007926
53844	-0.020297	-0.006402	-0.008716
53845	-0.020158	-0.006279	-0.009209
53846	-0.020768	-0.006684	-0.010440
53847	-0.021909	-0.006319	-0.011071
53848	-0.022548	-0.007662	-0.010535
53849	-0.020338	-0.007163	-0.010011
53850	-0.021405	-0.008699	-0.011655
53851	-0.020476	-0.007956	-0.011269
53852	-0.020786	-0.008314	-0.010518
53853	-0.021104	-0.008684	-0.009771
53854	-0.020517	-0.007492	-0.009969
53855	-0.020789	-0.007002	-0.011151
53856	-0.020601	-0.006831	-0.011598
53857	-0.020952	-0.005847	-0.011351
53858	-0.020257	-0.006540	-0.012555
53859	-0.019407	-0.005303	-0.010739
53860	-0.019187	-0.005177	-0.011288
53861	-0.018636	-0.005422	-0.011092
53862	-0.018190	-0.006234	-0.012336
53863	-0.018097	-0.006971	-0.010900
53864	-0.017128	-0.007570	-0.010006
53865	-0.018223	-0.006347	-0.012566
53866	-0.016234	-0.005445	-0.010706
53867	-0.015604	-0.006186	-0.011940
53868	-0.015914	-0.005159	-0.011647
53869	-0.014952	-0.005772	-0.010761
53870	-0.014916	-0.005653	-0.011186
53871	-0.015692	-0.006515	-0.009199
53872	-0.015576	-0.006363	-0.009621
53873	-0.014946	-0.007104	-0.010855
53874	-0.015447	-0.006165	-0.010586
53875	-0.014817	-0.006905	-0.011820
53876	-0.015549	-0.006923	-0.011801
53877	-0.015868	-0.007293	-0.011054
53878	-0.016143	-0.007683	-0.010376
53879	-0.015546	-0.007069	-0.012108
53880	-0.017158	-0.006680	-0.010090
53881	-0.017431	-0.006191	-0.011272
53882	-0.016822	-0.006927	-0.012485
53883	-0.015402	-0.007047	-0.012839
53884	-0.016162	-0.007122	-0.012899
53885	-0.015943	-0.007495	-0.014822
53886	-0.016362	-0.007828	-0.013943
53887	-0.017092	-0.007832	-0.013885
53888	-0.017048	-0.007730	-0.014354
53889	-0.017401	-0.006747	-0.014106
53890	-0.017789	-0.005678	-0.013672
53891	-0.017617	-0.006911	-0.013666
53892	-0.017184	-0.007338	-0.013745
53893	-0.017881	-0.008695	-0.013188
53894	-0.019118	-0.008377	-0.013844
53895	-0.018144	-0.006777	-0.015387
53896	-0.017201	-0.007426	-0.014567
53897	-0.017567	-0.008656	-0.011891
53898	-0.018869	-0.006913	-0.012895
53899	-0.018697	-0.008146	-0.012888
53900	-0.018972	-0.008472	-0.012095
53901	-0.019783	-0.007981	-0.010607
53902	-0.019924	-0.008782	-0.011249
53903	-0.018046	-0.008411	-0.012842
53904	-0.017111	-0.008957	-0.011818
53905	-0.019959	-0.010197	-0.010850
53906	-0.017793	-0.009213	-0.008944
53907	-0.017163	-0.009953	-0.010177
53908	-0.017530	-0.010308	-0.009372
53909	-0.018672	-0.009945	-0.010003
53910	-0.018698	-0.009874	-0.010481
53911	-0.019051	-0.008891	-0.010233
53912	-0.019754	-0.007525	-0.010695
53913	-0.020863	-0.008516	-0.010828
53914	-0.019380	-0.009880	-0.010507
53915	-0.019734	-0.008897	-0.010258
53916	-0.020454	-0.008926	-0.010264
53917	-0.019904	-0.009172	-0.010067
53918	-0.019696	-0.008944	-0.010410
53919	-0.020427	-0.008949	-0.010352
53920	-0.020454	-0.007810	-0.007933
53921	-0.019068	-0.006577	-0.008785
53922	-0.020309	-0.007690	-0.009058
53923	-0.019759	-0.007936	-0.008861
53924	-0.019552	-0.007761	-0.009303
53925	-0.018625	-0.007021	-0.008916
53926	-0.019337	-0.006972	-0.008778
53927	-0.019610	-0.006484	-0.009959
53928	-0.020282	-0.008338	-0.010807
53929	-0.018978	-0.006611	-0.010229
53930	-0.020227	-0.007517	-0.010099
53931	-0.020958	-0.007521	-0.010042
53932	-0.020230	-0.006792	-0.009525
53933	-0.019681	-0.007038	-0.009328
53934	-0.020149	-0.007478	-0.008605
53935	-0.019976	-0.008710	-0.008599
53936	-0.020876	-0.006832	-0.007505
53937	-0.021904	-0.008318	-0.009068
53938	-0.020675	-0.007145	-0.009925
53939	-0.019667	-0.006899	-0.010967
53940	-0.020279	-0.006904	-0.011004
53941	-0.019730	-0.007150	-0.010807
53942	-0.020122	-0.006144	-0.010500
53943	-0.020888	-0.004796	-0.010940
53944	-0.021582	-0.006650	-0.011770
53945	-0.020278	-0.004923	-0.011190
53946	-0.020431	-0.004383	-0.012367
53947	-0.021587	-0.006233	-0.010572
53948	-0.020946	-0.006901	-0.011675
53949	-0.021678	-0.006906	-0.011617
53950	-0.021591	-0.006893	-0.012285
53951	-0.020699	-0.004800	-0.012395
53952	-0.020499	-0.007320	-0.011772
53953	-0.019196	-0.005594	-0.011193
53954	-0.022104	-0.006909	-0.010335
53955	-0.022801	-0.008267	-0.009779
53956	-0.022807	-0.008146	-0.010178
53957	-0.023128	-0.008518	-0.009431
53958	-0.022687	-0.008808	-0.009247
53959	-0.024255	-0.010292	-0.008141
53960	-0.023468	-0.008165	-0.008116
53961	-0.026236	-0.009902	-0.008580
53962	-0.024814	-0.008718	-0.009559
53963	-0.023442	-0.009697	-0.007983
53964	-0.023994	-0.010978	-0.007396
53965	-0.023480	-0.009871	-0.007696
53966	-0.023363	-0.010674	-0.006419
53967	-0.024061	-0.012033	-0.005863
53968	-0.023286	-0.009949	-0.005917
53969	-0.022738	-0.010195	-0.005719
53970	-0.021308	-0.008978	-0.006648
53971	-0.020760	-0.009225	-0.006451
53972	-0.021737	-0.010615	-0.007874
53973	-0.020730	-0.010370	-0.008915
53974	-0.019779	-0.011081	-0.008216
53975	-0.018841	-0.008130	-0.010254
53976	-0.019580	-0.009540	-0.009780
53977	-0.020608	-0.011027	-0.011344
53978	-0.020345	-0.010372	-0.008376
53979	-0.020584	-0.011238	-0.009059
53980	-0.020499	-0.011089	-0.009470
53981	-0.020820	-0.011462	-0.008723
53982	-0.021799	-0.011500	-0.008559
53983	-0.020039	-0.009282	-0.009217
53984	-0.021586	-0.012060	-0.007497
53985	-0.021943	-0.011080	-0.007248
53986	-0.021482	-0.011297	-0.006939
53987	-0.021345	-0.011177	-0.007430
53988	-0.021683	-0.012081	-0.008126
53989	-0.021628	-0.011467	-0.007188
53990	-0.021810	-0.012281	-0.007826
53991	-0.022508	-0.013640	-0.007270
53992	-0.021572	-0.011555	-0.007432
53993	-0.024339	-0.013293	-0.007897
53994	-0.022299	-0.012387	-0.006060
53995	-0.021751	-0.012634	-0.005862
53996	-0.022040	-0.011611	-0.005588
53997	-0.021492	-0.011858	-0.005390
53998	-0.020932	-0.010760	-0.005745
53999	-0.020007	-0.010021	-0.005356
54000	-0.021478	-0.010550	-0.006038
54001	-0.020094	-0.009319	-0.006887
54002	-0.020294	-0.011432	-0.006880
54003	-0.021404	-0.012425	-0.007013
54004	-0.020899	-0.012628	-0.006710
54005	-0.020762	-0.012509	-0.007201
54006	-0.021342	-0.012446	-0.007130
54007	-0.019499	-0.010723	-0.009217
54008	-0.020100	-0.012583	-0.010137
54009	-0.019717	-0.011841	-0.007078
54010	-0.020038	-0.013489	-0.005676
54011	-0.021183	-0.013130	-0.006308
54012	-0.020606	-0.013861	-0.007484
54013	-0.021339	-0.013868	-0.007426
54014	-0.021295	-0.013818	-0.007993
54015	-0.021158	-0.013699	-0.008484
54016	-0.021899	-0.012339	-0.008933
54017	-0.021434	-0.012092	-0.007304
54018	-0.022564	-0.013665	-0.008974
54019	-0.022921	-0.012686	-0.008725
54020	-0.022071	-0.012043	-0.008478
54021	-0.022804	-0.012050	-0.008420
54022	-0.023719	-0.012101	-0.008327
54023	-0.023136	-0.013701	-0.007631
54024	-0.021462	-0.004025	-0.007534
54025	-0.022571	-0.005011	-0.007667
54026	-0.023752	-0.006046	-0.007852
54027	-0.023567	-0.005062	-0.010269
54028	-0.022924	-0.005292	-0.010124
54029	-0.023245	-0.005658	-0.009376
54030	-0.023898	-0.005596	-0.009257
54031	-0.023642	-0.007317	-0.010680
54032	-0.024616	-0.006074	-0.011200
54033	-0.024902	-0.007792	-0.009955
54034	-0.023543	-0.006587	-0.010856
54035	-0.022994	-0.006828	-0.010657
54036	-0.023789	-0.006835	-0.010570
54037	-0.024063	-0.006344	-0.011749
54038	-0.023550	-0.006608	-0.011585
54039	-0.023788	-0.007469	-0.012267
54040	-0.023841	-0.006914	-0.011383
54041	-0.022540	-0.005183	-0.010799
54042	-0.022949	-0.004797	-0.012099
54043	-0.021202	-0.004784	-0.010329
54044	-0.021048	-0.004187	-0.009508
54045	-0.021781	-0.004188	-0.009449
54046	-0.021357	-0.004474	-0.009252
54047	-0.021631	-0.003982	-0.010431
54048	-0.022464	-0.005391	-0.009898
54049	-0.022738	-0.004900	-0.011077
54050	-0.021371	-0.006360	-0.010863
54051	-0.021400	-0.005247	-0.008493
54052	-0.022030	-0.005221	-0.008456
54053	-0.020987	-0.006321	-0.008997
54054	-0.020941	-0.005690	-0.008036
54055	-0.022580	-0.004465	-0.007926
54056	-0.023300	-0.005263	-0.005868
54057	-0.021916	-0.004026	-0.006714
54058	-0.022319	-0.003051	-0.006457
54059	-0.022557	-0.003912	-0.007139
54060	-0.023771	-0.003544	-0.007725
54061	-0.022352	-0.003659	-0.008074
54062	-0.023543	-0.002798	-0.007305
54063	-0.024312	-0.001447	-0.007743
54064	-0.022490	-0.001119	-0.009398
54065	-0.021119	-0.002092	-0.007820
