// General information: 
//  MT Manager version: 2021.4.0 
//  XDA version: 2021.4.0 build 6323 rev 112641 built on 2021-09-28
// Device information: 
//  DeviceId: 00B43859
//  ProductCode: MTW2-3A7G6
//  Firmware Version: 4.3.4
//  Hardware Version: 1.1.0
// Device settings: 
//  Filter Profile: human(46.1)
//  Option Flags: Orientation Smoother Disabled, Position/Velocity Smoother Disabled, Continuous Zero Rotation Update Disabled, AHS Disabled, ICC Disabled
// Coordinate system: ENU
PacketCounter	Roll	Pitch	Yaw
52725	3.144340	-2.889924	-7.999924
52726	3.144443	-2.893367	-7.995596
52727	3.142949	-2.895929	-7.994627
52728	3.141153	-2.900649	-8.004049
52729	3.139954	-2.905899	-8.021038
52730	3.139525	-2.913477	-8.036964
52731	3.140066	-2.913785	-8.051124
52732	3.141305	-2.911845	-8.059521
52733	3.142001	-2.907185	-8.062025
52734	3.141282	-2.899747	-8.060541
52735	3.139904	-2.889971	-8.055250
52736	3.138575	-2.876584	-8.049015
52737	3.138405	-2.862181	-8.041615
52738	3.138052	-2.851543	-8.040320
52739	3.135264	-2.842774	-8.048245
52740	3.131964	-2.837300	-8.063340
52741	3.128552	-2.834149	-8.076024
52742	3.125260	-2.829420	-8.081024
52743	3.122664	-2.824318	-8.077971
52744	3.122065	-2.820171	-8.073035
52745	3.119107	-2.811626	-8.066884
52746	3.119452	-2.805269	-8.064826
52747	3.119475	-2.799990	-8.066574
52748	3.117130	-2.794704	-8.075139
52749	3.114586	-2.790096	-8.085354
52750	3.112095	-2.785206	-8.096115
52751	3.108351	-2.779041	-8.098434
52752	3.108130	-2.773347	-8.094376
52753	3.105848	-2.764118	-8.085390
52754	3.102538	-2.753513	-8.077549
52755	3.100169	-2.747664	-8.074908
52756	3.097436	-2.742272	-8.081912
52757	3.092751	-2.737186	-8.094074
52758	3.089764	-2.732210	-8.108103
52759	3.084394	-2.726578	-8.119780
52760	3.081534	-2.717900	-8.130242
52761	3.079373	-2.712161	-8.134150
52762	3.076239	-2.703356	-8.138221
52763	3.073481	-2.696954	-8.136601
52764	3.071409	-2.689229	-8.140094
52765	3.069956	-2.679065	-8.142224
52766	3.069642	-2.668049	-8.143573
52767	3.068496	-2.655452	-8.140596
52768	3.069764	-2.643573	-8.140050
52769	3.068295	-2.628847	-8.137442
52770	3.066204	-2.617814	-8.139564
52771	3.064237	-2.604680	-8.141002
52772	3.062816	-2.591308	-8.139612
52773	3.062345	-2.576381	-8.133135
52774	3.063302	-2.559788	-8.121507
52775	3.064895	-2.544108	-8.110005
52776	3.064720	-2.529390	-8.107789
52777	3.066824	-2.515638	-8.109819
52778	3.069043	-2.506516	-8.114207
52779	3.073297	-2.494914	-8.114987
52780	3.077902	-2.482573	-8.109137
52781	3.084341	-2.468881	-8.096517
52782	3.091528	-2.452555	-8.080866
52783	3.100023	-2.436438	-8.062539
52784	3.109337	-2.417323	-8.043671
52785	3.119792	-2.400479	-8.025036
52786	3.130746	-2.383445	-8.008272
52787	3.140704	-2.368531	-7.990839
52788	3.150636	-2.353353	-7.978655
52789	3.163018	-2.338735	-7.968417
52790	3.177766	-2.323923	-7.954542
52791	3.191663	-2.310877	-7.937963
52792	3.206443	-2.292393	-7.925342
52793	3.221731	-2.278527	-7.916309
52794	3.237444	-2.261145	-7.907929
52795	3.255579	-2.242660	-7.900814
52796	3.275765	-2.221864	-7.890433
52797	3.299221	-2.195587	-7.874972
52798	3.327440	-2.165231	-7.855658
52799	3.357745	-2.135364	-7.836764
52800	3.383336	-2.099860	-7.817842
52801	3.411158	-2.067717	-7.798406
52802	3.440516	-2.038134	-7.781103
52803	3.469241	-2.005006	-7.756692
52804	3.501992	-1.967983	-7.722734
52805	3.539526	-1.930126	-7.686036
52806	3.576288	-1.890062	-7.650682
52807	3.613617	-1.849336	-7.619316
52808	3.649398	-1.809973	-7.596398
52809	3.688508	-1.771778	-7.581891
52810	3.729187	-1.732131	-7.573695
52811	3.769818	-1.687802	-7.562637
52812	3.812170	-1.642843	-7.547795
52813	3.855728	-1.595622	-7.527983
52814	3.900488	-1.546779	-7.501726
52815	3.947759	-1.497709	-7.471020
52816	3.995664	-1.446857	-7.437151
52817	4.042643	-1.396126	-7.404224
52818	4.097656	-1.343086	-7.365362
52819	4.152768	-1.287559	-7.321342
52820	4.215301	-1.231253	-7.275711
52821	4.279774	-1.176283	-7.240757
52822	4.338669	-1.123256	-7.220375
52823	4.397401	-1.074621	-7.206585
52824	4.459844	-1.025456	-7.194522
52825	4.528268	-0.974092	-7.171759
52826	4.603429	-0.916930	-7.135714
52827	4.678768	-0.858091	-7.095728
52828	4.754751	-0.795201	-7.050904
52829	4.831733	-0.729705	-7.011880
52830	4.913585	-0.662047	-6.960295
52831	4.995385	-0.589554	-6.912128
52832	5.082887	-0.515942	-6.848884
52833	5.174710	-0.436658	-6.787350
52834	5.270118	-0.353253	-6.717010
52835	5.368910	-0.275650	-6.664818
52836	5.464551	-0.201780	-6.620242
52837	5.558630	-0.133160	-6.595624
52838	5.656423	-0.068859	-6.571238
52839	5.755097	-0.009258	-6.556804
52840	5.857848	0.045476	-6.513972
52841	5.968889	0.102115	-6.449637
52842	6.088323	0.159243	-6.351904
52843	6.215567	0.221082	-6.243418
52844	6.346473	0.286711	-6.126456
52845	6.476507	0.353180	-6.031100
52846	6.603246	0.417784	-5.939646
52847	6.730764	0.478981	-5.859081
52848	6.859408	0.538318	-5.765122
52849	7.000269	0.597733	-5.674331
52850	7.152649	0.652354	-5.560240
52851	7.307541	0.703595	-5.435942
52852	7.460061	0.741709	-5.308267
52853	7.609949	0.766670	-5.204260
52854	7.765520	0.780526	-5.102831
52855	7.919539	0.780869	-4.998576
52856	8.076208	0.773161	-4.857298
52857	8.241286	0.755373	-4.693830
52858	8.419727	0.732810	-4.503698
52859	8.604111	0.702751	-4.334091
52860	8.783780	0.664758	-4.193159
52861	8.953961	0.621866	-4.106592
52862	9.118418	0.568427	-4.061298
52863	9.285250	0.508289	-4.034570
52864	9.458695	0.441638	-3.990187
52865	9.638821	0.379932	-3.937481
52866	9.815118	0.311074	-3.868612
52867	9.984710	0.246075	-3.799092
52868	10.149177	0.181645	-3.728055
52869	10.301160	0.119812	-3.705015
52870	10.432091	0.053788	-3.725690
52871	10.544903	-0.011683	-3.782733
52872	10.649837	-0.077499	-3.824309
52873	10.752182	-0.135920	-3.851059
52874	10.851402	-0.179121	-3.846865
52875	10.945054	-0.219886	-3.830183
52876	11.029673	-0.256822	-3.786320
52877	11.110799	-0.289652	-3.752353
52878	11.190758	-0.324027	-3.703538
52879	11.265919	-0.358941	-3.664442
52880	11.328605	-0.394506	-3.654298
52881	11.378043	-0.432237	-3.659963
52882	11.421810	-0.471534	-3.672611
52883	11.464616	-0.510640	-3.670485
52884	11.503551	-0.546111	-3.653507
52885	11.538893	-0.574771	-3.626943
52886	11.568155	-0.600183	-3.598019
52887	11.591148	-0.622375	-3.572089
52888	11.610912	-0.644404	-3.547073
52889	11.623725	-0.667778	-3.522178
52890	11.632577	-0.685687	-3.493685
52891	11.639811	-0.701278	-3.465075
52892	11.638175	-0.710628	-3.438187
52893	11.627186	-0.716041	-3.415129
52894	11.609780	-0.721656	-3.400824
52895	11.589095	-0.725602	-3.392059
52896	11.564026	-0.729729	-3.385403
52897	11.533626	-0.730389	-3.382653
52898	11.501084	-0.729899	-3.382076
52899	11.463748	-0.723447	-3.382871
52900	11.423412	-0.714306	-3.380370
52901	11.378005	-0.701598	-3.379643
52902	11.326816	-0.687835	-3.379968
52903	11.271208	-0.672041	-3.370028
52904	11.208683	-0.647422	-3.349506
52905	11.144162	-0.618943	-3.309161
52906	11.072066	-0.578185	-3.262081
52907	10.992689	-0.536411	-3.227678
52908	10.901701	-0.491344	-3.210148
52909	10.802990	-0.445051	-3.196321
52910	10.701666	-0.396656	-3.178277
52911	10.600899	-0.348726	-3.159320
52912	10.500434	-0.305707	-3.116232
52913	10.395625	-0.275896	-3.091631
52914	10.288890	-0.260643	-3.073146
52915	10.181380	-0.256571	-3.066014
52916	10.072746	-0.257537	-3.044351
52917	9.959340	-0.268807	-3.040252
52918	9.842824	-0.286797	-3.056433
52919	9.719931	-0.312982	-3.110103
52920	9.596023	-0.341995	-3.161013
52921	9.470933	-0.371869	-3.209063
52922	9.353992	-0.404434	-3.229839
52923	9.244047	-0.431662	-3.233674
52924	9.136839	-0.457388	-3.207233
52925	9.030054	-0.482588	-3.178704
52926	8.927441	-0.508945	-3.145363
52927	8.824182	-0.536712	-3.135663
52928	8.717141	-0.563742	-3.139951
52929	8.603455	-0.592062	-3.174455
52930	8.489969	-0.625467	-3.210476
52931	8.375516	-0.659022	-3.247789
52932	8.266759	-0.695016	-3.259129
52933	8.164986	-0.727719	-3.265504
52934	8.064160	-0.758427	-3.252347
52935	7.963565	-0.792976	-3.255469
52936	7.855865	-0.833904	-3.271347
52937	7.746416	-0.881204	-3.318426
52938	7.642425	-0.934780	-3.360594
52939	7.543588	-0.987247	-3.400458
52940	7.450932	-1.041213	-3.416236
52941	7.358973	-1.099738	-3.428946
52942	7.267923	-1.159924	-3.430864
52943	7.179348	-1.220826	-3.444812
52944	7.091485	-1.287712	-3.462810
52945	7.005379	-1.356032	-3.499340
52946	6.916949	-1.429371	-3.543367
52947	6.828840	-1.504131	-3.608223
52948	6.740703	-1.578741	-3.671753
52949	6.651232	-1.651664	-3.749055
52950	6.566395	-1.722126	-3.814193
52951	6.483318	-1.788409	-3.884682
52952	6.398077	-1.850479	-3.944035
52953	6.313413	-1.912355	-4.015089
52954	6.227032	-1.972350	-4.084810
52955	6.148417	-2.035420	-4.173667
52956	6.072464	-2.098542	-4.255046
52957	6.000855	-2.165332	-4.343357
52958	5.931245	-2.236134	-4.423667
52959	5.862892	-2.310014	-4.511850
52960	5.795279	-2.385586	-4.587591
52961	5.730543	-2.461068	-4.667376
52962	5.670194	-2.540948	-4.735218
52963	5.611234	-2.621074	-4.806855
52964	5.555611	-2.703962	-4.869615
52965	5.497520	-2.791421	-4.950886
52966	5.439341	-2.880827	-5.033655
52967	5.382087	-2.970828	-5.135824
52968	5.327699	-3.065073	-5.232936
52969	5.278659	-3.160646	-5.339948
52970	5.232413	-3.256726	-5.436830
52971	5.186919	-3.350319	-5.538925
52972	5.144234	-3.443251	-5.627617
52973	5.105603	-3.538687	-5.726919
52974	5.073208	-3.631877	-5.815563
52975	5.042379	-3.724247	-5.919714
52976	5.011624	-3.821240	-6.020846
52977	4.976133	-3.923865	-6.141319
52978	4.943126	-4.029441	-6.256972
52979	4.914779	-4.140528	-6.384044
52980	4.886818	-4.252751	-6.504763
52981	4.857308	-4.366728	-6.639497
52982	4.826998	-4.479740	-6.767037
52983	4.795442	-4.589237	-6.899437
52984	4.764719	-4.696325	-7.012060
52985	4.734889	-4.801134	-7.120458
52986	4.705880	-4.903400	-7.204154
52987	4.681005	-5.008184	-7.293980
52988	4.658917	-5.111243	-7.380343
52989	4.635944	-5.215706	-7.491355
52990	4.614801	-5.318540	-7.602799
52991	4.594848	-5.422577	-7.731216
52992	4.578839	-5.528665	-7.846413
52993	4.563067	-5.626147	-7.968486
52994	4.546834	-5.721489	-8.076733
52995	4.532386	-5.812846	-8.184765
52996	4.518104	-5.895973	-8.271738
52997	4.505764	-5.973909	-8.356871
52998	4.493791	-6.046104	-8.422633
52999	4.483145	-6.115502	-8.489996
53000	4.475006	-6.180903	-8.534854
53001	4.466559	-6.244196	-8.577862
53002	4.455316	-6.304645	-8.618692
53003	4.441734	-6.365882	-8.656083
53004	4.423635	-6.424254	-8.682237
53005	4.402621	-6.480431	-8.694481
53006	4.387996	-6.528955	-8.685928
53007	4.404552	-6.549664	-8.636392
53008	4.471506	-6.525231	-8.514531
53009	4.557727	-6.489163	-8.362342
53010	4.616322	-6.469342	-8.199382
53011	4.641849	-6.438787	-8.023088
53012	4.656197	-6.392185	-7.837778
53013	4.657568	-6.357221	-7.715999
53014	4.665746	-6.329228	-7.622894
53015	4.688136	-6.305474	-7.577839
53016	4.729490	-6.284961	-7.581842
53017	4.812979	-6.254079	-7.607456
53018	4.901387	-6.228384	-7.694669
53019	4.993605	-6.178317	-7.844999
53020	5.090963	-6.092359	-8.088742
53021	5.159286	-5.994132	-8.492070
53022	5.218010	-5.871660	-8.977823
53023	5.287845	-5.718498	-9.523166
53024	5.351956	-5.570609	-10.080811
53025	5.386534	-5.443167	-10.593540
53026	5.385051	-5.322967	-10.991014
53027	5.357774	-5.195653	-11.311538
53028	5.329237	-5.057950	-11.562457
53029	5.315575	-4.910552	-11.756011
53030	5.310367	-4.754588	-11.892123
53031	5.306766	-4.589381	-12.012404
53032	5.310414	-4.425020	-12.121378
53033	5.320865	-4.270383	-12.260051
53034	5.336060	-4.132052	-12.423024
53035	5.348213	-3.998814	-12.622552
53036	5.352669	-3.870657	-12.825731
53037	5.359990	-3.735539	-13.044521
53038	5.379137	-3.583904	-13.235339
53039	5.401827	-3.425912	-13.418470
53040	5.414689	-3.275726	-13.592324
53041	5.418599	-3.147858	-13.767147
53042	5.417326	-3.039293	-13.921752
53043	5.417441	-2.944043	-14.076760
53044	5.415309	-2.859042	-14.226355
53045	5.411625	-2.787423	-14.393446
53046	5.408420	-2.728278	-14.555684
53047	5.406781	-2.683434	-14.729241
53048	5.405708	-2.649978	-14.886972
53049	5.408630	-2.635580	-15.047668
53050	5.411831	-2.635953	-15.202228
53051	5.416436	-2.659906	-15.416029
53052	5.415889	-2.722026	-15.710528
53053	5.421250	-2.856369	-16.060021
53054	5.407126	-3.115790	-16.453398
53055	5.396596	-3.477154	-16.887721
53056	5.409738	-3.852365	-17.275574
53057	5.422304	-4.160316	-17.624349
53058	5.398496	-4.370806	-17.964491
53059	5.327667	-4.552746	-18.328827
53060	5.254024	-4.740795	-18.631184
53061	5.198380	-4.937613	-18.820247
53062	5.151411	-5.107425	-18.873128
53063	5.100209	-5.229498	-18.861485
53064	5.045288	-5.323631	-18.845035
53065	4.993726	-5.401657	-18.864145
53066	4.949761	-5.460917	-18.895946
53067	4.893854	-5.485159	-18.947002
53068	4.830412	-5.484815	-19.010786
53069	4.776930	-5.472814	-19.069955
53070	4.738478	-5.453998	-19.113261
53071	4.704057	-5.419763	-19.137603
53072	4.662947	-5.363465	-19.154605
53073	4.612167	-5.289404	-19.168956
53074	4.547867	-5.202030	-19.200950
53075	4.480235	-5.095307	-19.261165
53076	4.411833	-4.965291	-19.306907
53077	4.347440	-4.824895	-19.302694
53078	4.296407	-4.658624	-19.205495
53079	4.240170	-4.457959	-19.062334
53080	4.165861	-4.229029	-18.922192
53081	4.071411	-3.992472	-18.840758
53082	3.975160	-3.745250	-18.811069
53083	3.874271	-3.479174	-18.844378
53084	3.768671	-3.208257	-18.900843
53085	3.655855	-2.923498	-18.976854
53086	3.534692	-2.608659	-19.025960
53087	3.404677	-2.280957	-19.064588
53088	3.265745	-1.973331	-19.085153
53089	3.146123	-1.687946	-19.093234
53090	3.055143	-1.400133	-19.037255
53091	2.968462	-1.112293	-18.930142
53092	2.899908	-0.805647	-18.748149
53093	2.827112	-0.507329	-18.541221
53094	2.728766	-0.236331	-18.318453
53095	2.636231	0.027237	-18.096732
53096	2.555924	0.286723	-17.868705
53097	2.488137	0.533962	-17.672563
53098	2.428219	0.773787	-17.481553
53099	2.369695	0.996377	-17.315961
53100	2.306473	1.211423	-17.165746
53101	2.247536	1.421993	-17.048423
53102	2.183699	1.612359	-16.955558
53103	2.121666	1.774430	-16.933480
53104	2.049657	1.905805	-16.959978
53105	1.972631	2.005008	-17.046535
53106	1.896768	2.087776	-17.164553
53107	1.820442	2.159882	-17.314146
53108	1.751928	2.223271	-17.452918
53109	1.691953	2.282535	-17.589486
53110	1.643169	2.334510	-17.696006
53111	1.605638	2.378898	-17.784932
53112	1.580027	2.414157	-17.831315
53113	1.571648	2.434459	-17.841641
53114	1.571538	2.442664	-17.830401
53115	1.574850	2.427029	-17.809788
53116	1.578620	2.392026	-17.794327
53117	1.591947	2.343116	-17.804646
53118	1.620112	2.282674	-17.812364
53119	1.658049	2.216836	-17.759598
53120	1.709548	2.159960	-17.612996
53121	1.753736	2.115421	-17.382044
53122	1.794302	2.091948	-17.088647
53123	1.824648	2.100200	-16.800216
53124	1.796163	2.125729	-16.563036
53125	1.700887	2.160706	-16.410298
53126	1.600028	2.221099	-16.285978
53127	1.513457	2.305429	-16.190910
53128	1.418622	2.396493	-16.121397
53129	1.360930	2.540135	-16.025257
53130	1.357460	2.748750	-15.812511
53131	1.352361	2.986388	-15.537729
53132	1.341372	3.292816	-15.182623
53133	1.331074	3.720469	-14.751952
53134	1.282060	4.300460	-14.285357
53135	1.152544	5.017690	-13.937583
53136	0.976691	5.873599	-13.719712
53137	0.752031	6.818643	-13.686442
53138	0.456677	7.774571	-13.794526
53139	0.145322	8.748713	-13.979979
53140	-0.165843	9.743042	-14.225412
53141	-0.502228	10.740876	-14.604155
53142	-0.882603	11.726903	-15.078936
53143	-1.298715	12.710370	-15.633904
53144	-1.723320	13.705533	-16.169043
53145	-2.140694	14.708940	-16.641745
53146	-2.535706	15.725737	-17.018178
53147	-2.911735	16.743857	-17.335340
53148	-3.260590	17.761446	-17.609048
53149	-3.595707	18.761741	-17.859877
53150	-3.923557	19.741840	-18.106385
53151	-4.206633	20.713169	-18.301194
53152	-4.425718	21.667211	-18.416000
53153	-4.608144	22.570238	-18.505614
53154	-4.758292	23.400026	-18.586418
53155	-4.841445	24.151227	-18.593182
53156	-4.871747	24.844513	-18.530529
53157	-4.878269	25.516076	-18.440535
53158	-4.858009	26.171623	-18.337421
53159	-4.799778	26.799461	-18.234077
53160	-4.767163	27.352131	-18.198367
53161	-4.781786	27.831131	-18.287727
53162	-4.818690	28.257286	-18.471388
53163	-4.839175	28.614284	-18.673149
53164	-4.786067	28.915701	-18.811522
53165	-4.657572	29.172559	-18.875539
53166	-4.540751	29.374930	-19.007721
53167	-4.409129	29.536331	-19.190500
53168	-4.208847	29.662850	-19.355174
53169	-3.938611	29.722849	-19.472616
53170	-3.566649	29.738268	-19.485010
53171	-3.104478	29.756206	-19.405819
53172	-2.615508	29.768018	-19.311305
53173	-2.103424	29.736134	-19.214168
53174	-1.514716	29.650838	-19.027626
53175	-0.789891	29.534680	-18.635779
53176	0.075104	29.385278	-18.024914
53177	1.034420	29.149837	-17.277835
53178	2.014395	28.789306	-16.503913
53179	2.976381	28.306527	-15.777918
53180	3.900291	27.728471	-15.157714
53181	4.792374	27.085601	-14.662176
53182	5.630794	26.384698	-14.298054
53183	6.416279	25.629500	-14.026744
53184	7.155175	24.821591	-13.825966
53185	7.794971	23.947026	-13.759635
53186	8.294738	23.019756	-13.905970
53187	8.739759	22.074788	-14.146535
53188	9.166767	21.109798	-14.393578
53189	9.600139	20.118032	-14.557407
53190	10.013901	19.122290	-14.647535
53191	10.395123	18.172949	-14.718955
53192	10.766310	17.260578	-14.721230
53193	11.137765	16.373836	-14.630233
53194	11.539997	15.509495	-14.395217
53195	11.989116	14.665691	-13.967998
53196	12.384416	13.844068	-13.491754
53197	12.673971	13.075786	-13.096914
53198	12.879171	12.374180	-12.783450
53199	13.031587	11.735068	-12.537893
53200	13.165817	11.153589	-12.295838
53201	13.292569	10.650470	-12.090734
53202	13.364773	10.218930	-11.963311
53203	13.348517	9.862294	-11.949750
53204	13.271233	9.587771	-12.029695
53205	13.189509	9.373751	-12.098644
53206	13.137184	9.208625	-12.092277
53207	13.119812	9.103077	-11.969628
53208	13.134019	9.053897	-11.737051
53209	13.158239	9.040955	-11.403121
53210	13.194507	9.061744	-10.961362
53211	13.249124	9.103579	-10.406272
53212	13.329955	9.149890	-9.764744
53213	13.399919	9.180045	-9.127989
53214	13.419809	9.195481	-8.620478
53215	13.386393	9.221325	-8.294790
53216	13.330918	9.280174	-8.157396
53217	13.257652	9.363048	-8.207010
53218	13.158899	9.457851	-8.419977
53219	13.019921	9.574065	-8.744535
53220	12.841091	9.712770	-9.127586
53221	12.663022	9.883511	-9.502166
53222	12.499885	10.072522	-9.830390
53223	12.367211	10.267417	-10.064545
53224	12.293813	10.448217	-10.170662
53225	12.274056	10.598077	-10.140159
53226	12.295000	10.723158	-9.979798
53227	12.334818	10.822379	-9.721293
53228	12.367572	10.906850	-9.442411
53229	12.510993	11.032916	-9.299628
53230	13.066929	11.187448	-8.970970
53231	13.652304	11.125236	-9.061739
53232	13.747981	11.014942	-9.557859
53233	13.440920	11.324413	-9.786538
53234	12.947767	11.914739	-9.842184
53235	12.490356	12.567750	-9.800777
53236	12.088604	13.142394	-9.884766
53237	11.769144	13.564617	-10.210376
53238	11.616189	13.865951	-10.600377
53239	11.634694	14.089516	-10.830534
53240	11.764389	14.285884	-10.866624
53241	11.922077	14.466389	-10.785114
53242	12.077051	14.671717	-10.602961
53243	12.191934	14.916473	-10.367231
53244	12.212282	15.148319	-10.154695
53245	12.226738	15.376165	-9.994199
53246	12.289028	15.575405	-9.845012
53247	12.396793	15.737538	-9.765242
53248	12.478607	15.867145	-9.856640
53249	12.498905	15.977673	-10.106145
53250	12.466688	16.084112	-10.430737
53251	12.446821	16.165073	-10.732768
53252	12.491397	16.202819	-10.923564
53253	12.635421	16.222745	-10.948974
53254	12.894169	16.290846	-10.867176
53255	13.123834	16.353262	-10.803052
53256	13.295133	16.371774	-10.744497
53257	13.465363	16.359955	-10.705874
53258	13.595881	16.280891	-10.756038
53259	13.700285	16.168542	-10.888224
53260	13.745810	16.039666	-11.071946
53261	13.772962	15.901496	-11.270736
53262	13.786193	15.735569	-11.482861
53263	13.773337	15.557664	-11.720234
53264	13.722220	15.378044	-11.947380
53265	13.660666	15.204518	-12.138397
53266	13.609877	15.029089	-12.273836
53267	13.560991	14.841072	-12.385353
53268	13.524353	14.646005	-12.450329
53269	13.542973	14.452599	-12.400572
53270	13.596450	14.242120	-12.283801
53271	13.665727	14.005240	-12.171757
53272	13.716306	13.741269	-12.120311
53273	13.720079	13.472174	-12.151250
53274	13.685884	13.206627	-12.230631
53275	13.621414	12.939643	-12.331807
53276	13.547805	12.669477	-12.433505
53277	13.483197	12.389128	-12.496710
53278	13.461771	12.102194	-12.513255
53279	13.482110	11.805767	-12.485613
53280	13.528974	11.506705	-12.414617
53281	13.573285	11.191437	-12.327959
53282	13.609658	10.861517	-12.250823
53283	13.641934	10.523804	-12.197440
53284	13.679523	10.184277	-12.167918
53285	13.709362	9.848851	-12.167382
53286	13.733195	9.522186	-12.190503
53287	13.745080	9.194653	-12.220778
53288	13.762706	8.863379	-12.246076
53289	13.801236	8.530635	-12.239561
53290	13.850927	8.198782	-12.209407
53291	13.899887	7.877170	-12.158977
53292	13.935415	7.579190	-12.099118
53293	13.957827	7.289553	-12.052289
53294	13.980496	6.996770	-12.043415
53295	14.027543	6.710489	-12.093766
53296	14.101304	6.442332	-12.201057
53297	14.182624	6.196318	-12.338613
53298	14.249495	5.959553	-12.466981
53299	14.292645	5.712544	-12.546528
53300	14.276348	5.430644	-12.637224
53301	14.300178	5.185883	-12.697584
53302	14.322931	4.946627	-12.726620
53303	14.338736	4.708532	-12.752863
53304	14.342368	4.470392	-12.839908
53305	14.335947	4.226368	-12.982080
53306	14.338981	3.980387	-13.151251
53307	14.355008	3.735242	-13.278973
53308	14.375992	3.497049	-13.343826
53309	14.389031	3.262043	-13.363322
53310	14.390545	3.028046	-13.365146
53311	14.391207	2.802780	-13.360787
53312	14.397023	2.601760	-13.363840
53313	14.406686	2.417105	-13.349472
53314	14.411533	2.247096	-13.323163
53315	14.418481	2.080384	-13.310287
53316	14.423718	1.912733	-13.331973
53317	14.435858	1.747839	-13.388430
53318	14.446296	1.582529	-13.456050
53319	14.461205	1.420604	-13.483695
53320	14.485724	1.256376	-13.462546
53321	14.514280	1.089762	-13.456367
53322	14.547278	0.924003	-13.486071
53323	14.571736	0.766458	-13.544053
53324	14.588139	0.619978	-13.620279
53325	14.599123	0.488517	-13.682273
53326	14.604190	0.364015	-13.717379
53327	14.603415	0.244493	-13.747795
53328	14.595920	0.131871	-13.785056
53329	14.573501	0.022391	-13.800243
53330	14.534021	-0.077180	-13.820335
53331	14.473164	-0.159042	-13.837684
53332	14.398315	-0.231203	-13.855300
53333	14.317931	-0.283089	-13.897099
53334	14.226107	-0.314791	-13.957584
53335	14.116331	-0.324823	-14.017482
53336	13.989168	-0.311501	-14.046583
53337	13.870570	-0.276484	-14.037018
53338	13.762754	-0.234128	-14.005150
53339	13.653577	-0.172763	-13.988860
53340	13.542668	-0.098142	-14.012275
53341	13.420839	-0.008272	-14.085524
53342	13.293446	0.108119	-14.188840
53343	13.160712	0.252339	-14.282788
53344	13.028300	0.447029	-14.395053
53345	12.892755	0.666282	-14.497105
53346	12.768515	0.899537	-14.591881
53347	12.635586	1.160702	-14.760351
53348	12.483136	1.438260	-14.964597
53349	12.290105	1.673395	-15.178327
53350	12.124399	1.886743	-15.380807
53351	12.017124	2.086987	-15.539714
53352	11.916350	2.268430	-15.667314
53353	11.771439	2.413369	-15.780406
53354	11.619903	2.534805	-15.903513
53355	11.464852	2.623588	-16.018715
53356	11.337471	2.685292	-16.093572
53357	11.260411	2.726691	-16.112835
53358	11.215292	2.751188	-16.111022
53359	11.195750	2.764923	-16.127175
53360	11.182066	2.765011	-16.172481
53361	11.144021	2.739621	-16.246163
53362	11.083476	2.662789	-16.286584
53363	11.035042	2.526019	-16.251139
53364	11.038306	2.364582	-16.105970
53365	11.067062	2.199514	-15.891950
53366	11.085913	2.041830	-15.639909
53367	11.085277	1.890199	-15.405155
53368	11.058475	1.731796	-15.269905
53369	11.018023	1.556072	-15.244928
53370	10.972869	1.388753	-15.275908
53371	10.926902	1.233583	-15.332182
53372	10.878590	1.096473	-15.410570
53373	10.828866	0.979133	-15.491343
53374	10.770423	0.883883	-15.564343
53375	10.702655	0.807116	-15.661372
53376	10.631513	0.752302	-15.791410
53377	10.563225	0.725675	-15.947066
53378	10.507021	0.729876	-16.107842
53379	10.453770	0.766484	-16.264789
53380	10.387829	0.811625	-16.396604
53381	10.321661	0.847120	-16.476251
53382	10.272604	0.870686	-16.488053
53383	10.220752	0.870395	-16.434406
53384	10.172510	0.860467	-16.324785
53385	10.139989	0.836883	-16.169666
53386	10.106037	0.806725	-16.016289
53387	10.061615	0.771481	-15.894806
53388	10.008497	0.729310	-15.822507
53389	9.948879	0.676370	-15.803690
53390	9.889444	0.613221	-15.828713
53391	9.834013	0.545442	-15.867682
53392	9.780853	0.479567	-15.894065
53393	9.744360	0.412031	-15.897382
53394	9.719718	0.351286	-15.885332
53395	9.694043	0.302142	-15.874872
53396	9.659841	0.260998	-15.873130
53397	9.616946	0.229830	-15.894604
53398	9.563524	0.209884	-15.943501
53399	9.503893	0.190706	-16.013568
53400	9.447079	0.170826	-16.087764
53401	9.398359	0.155276	-16.141537
53402	9.356862	0.154211	-16.168937
53403	9.312463	0.164779	-16.185643
53404	9.269546	0.186430	-16.210758
53405	9.225074	0.215145	-16.252406
53406	9.176189	0.245943	-16.304993
53407	9.128114	0.275167	-16.361634
53408	9.073919	0.298386	-16.412710
53409	9.016672	0.303175	-16.439255
53410	8.973398	0.291989	-16.427158
53411	8.944006	0.281768	-16.384792
53412	8.907026	0.268123	-16.325734
53413	8.867128	0.249140	-16.282488
53414	8.823912	0.224941	-16.266923
53415	8.776530	0.200410	-16.279548
53416	8.726297	0.178066	-16.300755
53417	8.678551	0.165339	-16.318686
53418	8.631623	0.153743	-16.334143
53419	8.581524	0.149799	-16.338494
53420	8.532893	0.157203	-16.331739
53421	8.489109	0.164206	-16.332227
53422	8.445545	0.169441	-16.344324
53423	8.394772	0.171694	-16.376623
53424	8.344042	0.164843	-16.443887
53425	8.297242	0.152404	-16.518159
53426	8.254489	0.135634	-16.580682
53427	8.218633	0.119331	-16.621331
53428	8.188585	0.105499	-16.641439
53429	8.161750	0.094577	-16.640761
53430	8.141621	0.092456	-16.622878
53431	8.130593	0.097956	-16.595998
53432	8.117996	0.115635	-16.572327
53433	8.104343	0.139360	-16.561529
53434	8.091592	0.173814	-16.559885
53435	8.080949	0.217943	-16.559967
53436	8.071831	0.269228	-16.556634
53437	8.065177	0.327994	-16.537401
53438	8.063585	0.395123	-16.499037
53439	8.067091	0.470934	-16.437298
53440	8.071029	0.553330	-16.349574
53441	8.062823	0.621635	-16.248951
53442	8.053303	0.680316	-16.136833
53443	8.044478	0.735083	-16.020988
53444	8.031893	0.787508	-15.927004
53445	8.005618	0.835281	-15.881766
53446	7.960503	0.880179	-15.907660
53447	7.899408	0.911598	-15.994032
53448	7.831362	0.924189	-16.114152
53449	7.772375	0.936076	-16.219368
53450	7.726737	0.961881	-16.288236
53451	7.693284	1.007877	-16.333507
53452	7.661416	1.073006	-16.369515
53453	7.628149	1.152676	-16.394972
53454	7.587654	1.246583	-16.404210
53455	7.535060	1.359299	-16.414888
53456	7.471879	1.497242	-16.451726
53457	7.426857	1.689152	-16.516714
53458	7.409249	1.938603	-16.546356
53459	7.476617	2.272554	-16.480741
53460	7.543855	2.607715	-16.439510
53461	7.525315	2.922551	-16.319747
53462	7.515346	3.338876	-16.089102
53463	7.389147	3.710260	-15.984606
53464	7.268998	4.089884	-15.889123
53465	7.147361	4.520223	-15.710898
53466	7.013445	4.993421	-15.496405
53467	6.909562	5.538539	-15.205701
53468	6.833981	6.189341	-14.830476
53469	6.749208	6.944108	-14.475435
53470	6.616499	7.788031	-14.248592
53471	6.436379	8.746141	-14.153519
53472	6.174693	9.803173	-14.171260
53473	5.847151	10.961218	-14.209129
53474	5.480561	12.193740	-14.212786
53475	5.085311	13.493413	-14.205775
53476	4.662638	14.865476	-14.232203
53477	4.177193	16.279943	-14.344780
53478	3.630782	17.711593	-14.540991
53479	3.058301	19.131702	-14.773326
53480	2.491027	20.539721	-15.010080
53481	1.950911	21.933926	-15.231441
53482	1.439429	23.328277	-15.426055
53483	0.953655	24.712762	-15.599839
53484	0.531140	26.104601	-15.693988
53485	0.133101	27.484518	-15.721899
53486	-0.227388	28.881285	-15.699558
53487	-0.563424	30.290724	-15.630872
53488	-0.882143	31.706281	-15.532816
53489	-1.146652	33.136391	-15.363960
53490	-1.337657	34.563446	-15.130284
53491	-1.441056	35.964786	-14.866374
53492	-1.509873	37.293050	-14.639040
53493	-1.548094	38.521714	-14.458055
53494	-1.559867	39.609102	-14.314201
53495	-1.535306	40.544560	-14.213433
53496	-1.489459	41.345848	-14.180941
53497	-1.455908	41.997490	-14.234389
53498	-1.425785	42.493051	-14.363509
53499	-1.399543	42.784147	-14.565016
53500	-1.374322	42.912076	-14.832836
53501	-1.338514	42.919388	-15.093899
53502	-1.276799	42.804265	-15.336853
53503	-1.160818	42.575335	-15.548930
53504	-0.943095	42.232735	-15.665904
53505	-0.577525	41.758733	-15.644360
53506	-0.060009	41.183685	-15.456522
53507	0.587404	40.533027	-15.093114
53508	1.353699	39.798054	-14.584136
53509	2.251634	38.978099	-13.938986
53510	3.248996	38.084926	-13.186286
53511	4.319205	37.129338	-12.320478
53512	5.406125	36.101624	-11.398502
53513	6.414717	34.973858	-10.554164
53514	7.290270	33.754832	-9.893911
53515	8.052638	32.473103	-9.414609
53516	8.742344	31.150388	-9.053373
53517	9.360871	29.784425	-8.772797
53518	9.910827	28.391942	-8.553270
53519	10.363022	26.977996	-8.435355
53520	10.669390	25.564553	-8.503834
53521	10.903356	24.198847	-8.686876
53522	11.125707	22.907526	-8.917244
53523	11.356398	21.685950	-9.121650
53524	11.611746	20.530997	-9.221053
53525	11.847180	19.434140	-9.230517
53526	12.019998	18.411232	-9.239350
53527	12.187878	17.494008	-9.197866
53528	12.367724	16.673351	-9.075659
53529	12.554074	15.940980	-8.882039
53530	12.696361	15.321973	-8.677392
53531	12.780959	14.842136	-8.469269
53532	12.793248	14.500629	-8.287667
53533	12.752674	14.281554	-8.142367
53534	12.690217	14.170248	-8.032228
53535	12.606832	14.146250	-7.968992
53536	12.491965	14.184557	-7.980184
53537	12.371679	14.278943	-8.025887
53538	12.230334	14.398065	-8.095164
53539	12.120355	14.565243	-8.221314
53540	12.333741	14.799500	-8.304543
53541	12.893264	14.878643	-8.126615
53542	13.499541	14.653077	-8.220614
53543	13.820984	14.480770	-8.144762
53544	13.692075	14.707428	-7.924064
53545	13.336391	15.227575	-7.696588
53546	12.887160	15.849465	-7.467172
53547	12.545441	16.393418	-7.354776
53548	12.415707	16.682578	-7.459593
53549	12.538799	16.792248	-7.679212
53550	12.747724	16.829687	-7.972824
53551	12.880176	16.832923	-8.302039
53552	12.910377	16.839357	-8.611720
53553	12.896168	16.855662	-8.862238
53554	12.928968	16.975414	-8.944328
53555	12.916822	17.203732	-8.880562
53556	12.799773	17.494059	-8.819580
53557	12.616860	17.791940	-8.889994
53558	12.393010	18.050817	-9.078070
53559	12.206741	18.258743	-9.327148
53560	12.164830	18.401408	-9.569781
53561	12.249486	18.450169	-9.812750
53562	12.387085	18.428413	-10.054701
53563	12.470116	18.414561	-10.263642
53564	12.484314	18.476660	-10.368823
53565	12.507578	18.591870	-10.338923
53566	12.580036	18.675370	-10.213173
53567	12.694244	18.703387	-10.065436
53568	12.822751	18.689594	-9.962047
53569	12.960659	18.628334	-9.921597
53570	13.051543	18.534382	-10.012443
53571	13.044471	18.434407	-10.243286
53572	12.987986	18.352531	-10.634119
53573	12.926717	18.258693	-11.082782
53574	12.946548	18.161098	-11.433925
53575	12.959404	18.030575	-11.726891
53576	12.996540	17.901157	-11.953916
53577	13.040679	17.752612	-12.163380
53578	13.098239	17.555564	-12.317732
53579	13.198754	17.308558	-12.382769
53580	13.358724	17.086370	-12.369392
53581	13.501964	16.866265	-12.296775
53582	13.620024	16.644285	-12.194920
53583	13.719796	16.390838	-12.074455
53584	13.798123	16.103255	-11.981866
53585	13.852204	15.808682	-11.909928
53586	13.889427	15.503281	-11.838595
53587	13.915955	15.171568	-11.787174
53588	13.949249	14.820286	-11.741314
53589	13.973763	14.442066	-11.682287
53590	13.981743	14.034406	-11.632466
53591	13.981329	13.607699	-11.612859
53592	13.981087	13.168181	-11.611642
53593	13.978189	12.724617	-11.614013
53594	13.991511	12.278797	-11.621087
53595	14.026294	11.843992	-11.631571
53596	14.085146	11.408450	-11.647179
53597	14.171990	10.959467	-11.659862
53598	14.288011	10.492645	-11.673897
53599	14.407411	10.012754	-11.701685
53600	14.507152	9.524986	-11.730017
53601	14.581729	9.020439	-11.756113
53602	14.639353	8.501902	-11.780301
53603	14.682293	7.967114	-11.856279
53604	14.702948	7.434858	-12.037329
53605	14.737673	6.923150	-12.234128
53606	14.788914	6.434180	-12.404074
53607	14.816233	5.952854	-12.573822
53608	14.832304	5.487449	-12.744931
53609	14.844385	5.042771	-12.879102
53610	14.864769	4.611240	-12.981714
53611	14.891719	4.209873	-13.097290
53612	14.902803	3.834008	-13.243679
53613	14.892975	3.474236	-13.414507
53614	14.887423	3.122390	-13.543755
53615	14.911531	2.781812	-13.598316
53616	14.954786	2.477449	-13.579500
53617	14.995142	2.210981	-13.575467
53618	15.021091	1.969582	-13.614898
53619	15.044611	1.748132	-13.703333
53620	15.082318	1.542380	-13.762913
53621	15.127313	1.350540	-13.812663
53622	15.160494	1.177537	-13.840419
53623	15.186907	1.016330	-13.857560
53624	15.204858	0.859707	-13.890009
53625	15.227273	0.713383	-13.975376
53626	15.242035	0.589104	-14.064768
53627	15.242388	0.470118	-14.171335
53628	15.238962	0.361715	-14.244767
53629	15.232626	0.261884	-14.279332
53630	15.219995	0.175221	-14.293402
53631	15.197314	0.096115	-14.352375
53632	15.157322	0.031859	-14.453494
53633	15.104879	-0.031573	-14.562034
53634	15.055211	-0.108236	-14.614032
53635	15.018988	-0.205436	-14.650043
53636	14.979991	-0.317544	-14.686864
53637	14.932806	-0.440607	-14.739827
53638	14.878650	-0.565454	-14.787807
53639	14.822704	-0.691132	-14.829215
53640	14.769750	-0.810783	-14.838308
53641	14.715895	-0.910572	-14.826089
53642	14.655864	-0.991242	-14.759249
53643	14.592792	-1.051506	-14.632994
53644	14.536428	-1.082483	-14.463611
53645	14.478173	-1.091232	-14.311322
53646	14.412580	-1.082953	-14.174880
53647	14.333446	-1.056570	-14.079390
53648	14.250281	-1.011309	-14.012789
53649	14.163931	-0.941943	-14.007626
53650	14.070527	-0.858867	-14.042409
53651	13.968861	-0.773641	-14.116797
53652	13.862113	-0.690179	-14.187452
53653	13.760151	-0.609488	-14.251714
53654	13.666972	-0.528209	-14.292412
53655	13.584591	-0.448775	-14.333174
53656	13.515373	-0.367523	-14.355215
53657	13.441946	-0.277277	-14.397372
53658	13.363105	-0.196637	-14.432931
53659	13.293659	-0.124575	-14.488382
53660	13.251397	-0.016099	-14.582006
53661	13.169465	0.106731	-14.622410
53662	13.071569	0.220787	-14.638912
53663	13.000861	0.304806	-14.731885
53664	12.954451	0.387679	-14.783956
53665	12.873440	0.487878	-14.759888
53666	12.776509	0.591751	-14.659094
53667	12.699407	0.658865	-14.550747
53668	12.616127	0.686282	-14.491092
53669	12.511352	0.688698	-14.471227
53670	12.393666	0.700370	-14.445450
53671	12.271075	0.709608	-14.410957
53672	12.153307	0.696368	-14.396845
53673	12.055608	0.642927	-14.391447
53674	11.995253	0.560797	-14.370476
53675	11.960187	0.466024	-14.355590
53676	11.923940	0.375801	-14.315185
53677	11.881878	0.288561	-14.303278
53678	11.844137	0.193343	-14.355807
53679	11.799280	0.094069	-14.489600
53680	11.732304	0.006591	-14.658192
53681	11.658673	-0.060072	-14.842960
53682	11.585396	-0.109574	-15.005278
53683	11.531306	-0.143657	-15.156856
53684	11.490052	-0.151040	-15.280183
53685	11.442390	-0.123382	-15.401454
53686	11.373505	-0.066144	-15.501880
53687	11.267542	-0.033473	-15.570165
53688	11.160551	-0.040531	-15.594137
53689	11.115681	-0.053225	-15.583477
53690	11.088350	-0.056582	-15.512073
53691	11.035511	-0.053520	-15.411760
53692	10.960820	-0.038440	-15.370513
53693	10.854251	-0.034538	-15.414444
53694	10.737478	-0.047745	-15.526449
53695	10.655857	-0.066767	-15.630725
53696	10.617507	-0.079456	-15.659367
53697	10.573902	-0.092424	-15.645211
53698	10.516878	-0.107521	-15.624123
53699	10.445975	-0.119113	-15.619879
53700	10.360305	-0.127165	-15.646322
53701	10.267644	-0.125606	-15.707057
53702	10.175679	-0.106901	-15.785370
53703	10.076581	-0.063018	-15.875120
53704	9.961823	0.015382	-15.941690
53705	9.840003	0.125079	-16.001007
53706	9.720749	0.252900	-16.032224
53707	9.602628	0.391998	-16.061685
53708	9.469499	0.542916	-16.106240
53709	9.314047	0.714372	-16.208152
53710	9.135680	0.912115	-16.341807
53711	8.970672	1.116932	-16.478086
53712	8.852746	1.349058	-16.555627
53713	8.763701	1.624805	-16.585936
53714	8.680821	1.921623	-16.575633
53715	8.582441	2.227150	-16.565368
53716	8.471957	2.568236	-16.505916
53717	8.346386	2.957468	-16.429178
53718	8.201192	3.375871	-16.384015
53719	8.079990	3.838681	-16.325362
53720	7.995018	4.359405	-16.158246
53721	7.917880	4.910114	-15.878078
53722	7.860196	5.493121	-15.476568
53723	7.810294	6.085186	-14.963058
53724	7.684137	6.648580	-14.465513
53725	7.542885	7.221444	-13.947248
53726	7.392724	7.850389	-13.351802
53727	7.245716	8.596774	-12.660669
53728	7.097714	9.490027	-11.989137
53729	6.936326	10.535344	-11.413889
53730	6.782270	11.702797	-10.860082
53731	6.569729	12.915877	-10.396710
53732	6.303150	14.153143	-10.073914
53733	6.006274	15.406053	-9.941871
53734	5.664227	16.661749	-9.999678
53735	5.248361	17.893967	-10.255457
53736	4.760472	19.090093	-10.642385
53737	4.226047	20.252200	-11.117130
53738	3.675035	21.386468	-11.623014
53739	3.097693	22.505343	-12.167574
53740	2.534300	23.626462	-12.678389
53741	1.977117	24.726679	-13.157700
53742	1.413539	25.798003	-13.618188
53743	0.867758	26.857439	-14.062224
53744	0.355194	27.903499	-14.448539
53745	-0.102258	28.923342	-14.761818
53746	-0.512609	29.896089	-14.994541
53747	-0.894675	30.817010	-15.183780
53748	-1.210847	31.710793	-15.296162
53749	-1.406727	32.600057	-15.280900
53750	-1.500787	33.457868	-15.167344
53751	-1.473088	34.277998	-14.933728
53752	-1.388509	35.054470	-14.658867
53753	-1.359520	35.771182	-14.497507
53754	-1.354638	36.436352	-14.448457
53755	-1.370909	37.018324	-14.496716
53756	-1.396820	37.510236	-14.627254
53757	-1.388107	37.921588	-14.760989
53758	-1.358524	38.249232	-14.902411
53759	-1.414087	38.492095	-15.188883
53760	-1.496797	38.678160	-15.563353
53761	-1.565210	38.808397	-15.931247
53762	-1.612083	38.884556	-16.247845
53763	-1.598033	38.920756	-16.467244
53764	-1.526337	38.914328	-16.593075
53765	-1.387167	38.851302	-16.637972
53766	-1.200608	38.737841	-16.644218
53767	-0.908929	38.587166	-16.519253
53768	-0.537933	38.391059	-16.280325
53769	-0.144458	38.151882	-16.003892
53770	0.254665	37.863920	-15.716305
53771	0.678890	37.530681	-15.391139
53772	1.132786	37.161420	-15.033693
53773	1.649361	36.757533	-14.615561
53774	2.201511	36.312733	-14.170102
53775	2.779385	35.829128	-13.722873
53776	3.413895	35.283518	-13.228574
53777	4.061505	34.629877	-12.772484
53778	4.678397	33.891279	-12.433828
53779	5.244429	33.083960	-12.222185
53780	5.762753	32.223846	-12.127128
53781	6.268793	31.334633	-12.107602
53782	6.755571	30.440055	-12.138587
53783	7.244177	29.562983	-12.153422
53784	7.719044	28.699547	-12.155619
53785	8.186713	27.840005	-12.131794
53786	8.694672	26.975414	-12.015774
53787	9.220283	26.082700	-11.814345
53788	9.725483	25.165773	-11.596227
53789	10.241933	24.250158	-11.348865
53790	10.739109	23.350564	-11.116083
53791	11.190621	22.465562	-10.926794
53792	11.611703	21.592512	-10.761274
53793	11.980765	20.712635	-10.610113
53794	12.265754	19.858701	-10.547069
53795	12.513596	19.070357	-10.518128
53796	12.726832	18.338269	-10.519985
53797	12.924080	17.667343	-10.538538
53798	13.111206	17.043885	-10.542752
53799	13.263405	16.463679	-10.569108
53800	13.387754	15.945374	-10.602590
53801	13.493729	15.493327	-10.622858
53802	13.589310	15.089151	-10.644637
53803	13.690626	14.718080	-10.629400
53804	13.797650	14.371679	-10.558147
53805	13.909878	14.051315	-10.434259
53806	14.014942	13.752684	-10.275290
53807	14.095956	13.467486	-10.115890
53808	14.142654	13.205930	-9.989922
53809	14.180223	12.968117	-9.864025
53810	14.207916	12.748447	-9.742969
53811	14.225085	12.546436	-9.639049
53812	14.226007	12.362370	-9.547299
53813	14.209065	12.182459	-9.461519
53814	14.173248	11.984478	-9.385504
53815	14.124670	11.736084	-9.305763
53816	14.075681	11.414174	-9.172804
53817	14.072470	11.067555	-9.043758
53818	14.679547	10.877434	-9.066838
53819	16.272673	10.560996	-8.968144
53820	16.684962	10.125505	-9.124156
53821	15.793723	10.371581	-9.616818
53822	14.866694	11.236812	-9.973985
53823	14.105214	12.092452	-9.899358
53824	13.646558	12.714326	-9.680547
53825	13.574039	12.945274	-9.628730
53826	13.823291	12.920110	-9.689587
53827	14.214271	12.886221	-9.837515
53828	14.646894	12.833074	-9.987529
53829	15.024145	12.697509	-10.070144
53830	15.232114	12.661283	-10.047260
53831	15.240346	12.837422	-9.952006
53832	15.183027	13.117358	-9.821603
53833	15.158749	13.384856	-9.645055
53834	15.180679	13.658029	-9.383914
53835	15.206509	13.929755	-9.132662
53836	15.221878	14.144274	-8.989511
53837	15.246958	14.305393	-8.956425
53838	15.258521	14.476480	-9.036158
53839	15.208642	14.663570	-9.227941
53840	15.120072	14.857582	-9.501393
53841	14.994679	15.041990	-9.842702
53842	14.867584	15.202030	-10.174977
53843	14.788474	15.370834	-10.373573
53844	14.736759	15.529961	-10.423458
53845	14.748322	15.667811	-10.319363
53846	14.829838	15.745739	-10.121668
53847	14.991329	15.743965	-9.873192
53848	15.156427	15.709116	-9.671244
53849	15.285330	15.704023	-9.513699
53850	15.367199	15.753553	-9.474487
53851	15.417213	15.811751	-9.542768
53852	15.425551	15.840713	-9.720293
53853	15.476736	15.878416	-9.970350
53854	15.556764	15.897611	-10.207177
53855	15.701664	15.882513	-10.341956
53856	15.862765	15.821107	-10.468574
53857	15.997866	15.716072	-10.626069
53858	16.100121	15.558793	-10.772164
53859	16.156326	15.357184	-10.937051
53860	16.194433	15.158259	-11.075830
53861	16.203966	14.960723	-11.220273
53862	16.201455	14.769280	-11.386281
53863	16.218311	14.607358	-11.548900
53864	16.190240	14.441940	-11.767182
53865	16.133012	14.268508	-12.002171
53866	16.084314	14.098102	-12.195836
53867	16.068271	13.917724	-12.327286
53868	16.070858	13.732762	-12.416051
53869	16.094303	13.546711	-12.447079
53870	16.133925	13.350470	-12.440834
53871	16.168804	13.119316	-12.436745
53872	16.211531	12.849545	-12.430277
53873	16.290394	12.560706	-12.371210
53874	16.362931	12.244550	-12.307754
53875	16.384477	11.894641	-12.315851
53876	16.362473	11.514397	-12.383538
53877	16.414541	11.172548	-12.390852
53878	16.432804	10.810513	-12.424025
53879	16.444633	10.433892	-12.465000
53880	16.452199	10.034118	-12.498147
53881	16.450957	9.607367	-12.558611
53882	16.419831	9.158904	-12.714562
53883	16.368472	8.689320	-12.919667
53884	16.304610	8.193179	-13.161766
53885	16.246306	7.673892	-13.411679
53886	16.213208	7.143214	-13.625756
53887	16.189928	6.619437	-13.804272
53888	16.147331	6.106186	-14.062234
53889	16.068162	5.602301	-14.422984
53890	16.026566	5.128057	-14.783953
53891	16.011981	4.665399	-15.096138
53892	16.004183	4.213875	-15.333861
53893	16.001847	3.773009	-15.472458
53894	16.010231	3.349523	-15.517912
53895	16.010721	2.949923	-15.513542
53896	16.015475	2.573713	-15.508984
53897	16.015099	2.205035	-15.536737
53898	16.014680	1.847505	-15.605333
53899	16.024624	1.497871	-15.706263
53900	16.047518	1.147118	-15.828193
53901	16.069831	0.812480	-16.008846
53902	16.086865	0.498840	-16.239648
53903	16.116507	0.196808	-16.439205
53904	16.190134	-0.078596	-16.500329
53905	16.251556	-0.357780	-16.434296
53906	16.268316	-0.656557	-16.296327
53907	16.266413	-0.940553	-16.108621
53908	16.273708	-1.188808	-16.002424
53909	16.262636	-1.430256	-16.084078
53910	16.287940	-1.652039	-16.212768
53911	16.342696	-1.866593	-16.284248
53912	16.375260	-2.079095	-16.372408
53913	16.399026	-2.282096	-16.495408
53914	16.414870	-2.471517	-16.612129
53915	16.432328	-2.644366	-16.705713
53916	16.449824	-2.808200	-16.774574
53917	16.505127	-2.939978	-16.768698
53918	16.541878	-3.055539	-16.743814
53919	16.553615	-3.153974	-16.796362
53920	16.561710	-3.256644	-16.898750
53921	16.579476	-3.367499	-16.964201
53922	16.585531	-3.461557	-16.994877
53923	16.573066	-3.526923	-17.033419
53924	16.555819	-3.586414	-17.063288
53925	16.540401	-3.642213	-17.069318
53926	16.517921	-3.684460	-17.097321
53927	16.488327	-3.704888	-17.156144
53928	16.457266	-3.713038	-17.215725
53929	16.430829	-3.714405	-17.277164
53930	16.415316	-3.692965	-17.298230
53931	16.396431	-3.667913	-17.283404
53932	16.364427	-3.643296	-17.292850
53933	16.331896	-3.630968	-17.310893
53934	16.306729	-3.619885	-17.303140
53935	16.287455	-3.613584	-17.282326
53936	16.265141	-3.606920	-17.240384
53937	16.223817	-3.605270	-17.217559
53938	16.170404	-3.609194	-17.214710
53939	16.116132	-3.620358	-17.228032
53940	16.057486	-3.632189	-17.255691
53941	15.986991	-3.632407	-17.302354
53942	15.902439	-3.618997	-17.376623
53943	15.808820	-3.600750	-17.451675
53944	15.706411	-3.585563	-17.501016
53945	15.607660	-3.575953	-17.516575
53946	15.510372	-3.562370	-17.519571
53947	15.420015	-3.548374	-17.519837
53948	15.333443	-3.529346	-17.515533
53949	15.251387	-3.506489	-17.515991
53950	15.178684	-3.482958	-17.510069
53951	15.117459	-3.456296	-17.500733
53952	15.055213	-3.418482	-17.482229
53953	14.992173	-3.373100	-17.452337
53954	14.929297	-3.322843	-17.448772
53955	14.857369	-3.276121	-17.473207
53956	14.774341	-3.230161	-17.502335
53957	14.694256	-3.186040	-17.519934
53958	14.625557	-3.153419	-17.519000
53959	14.565824	-3.131186	-17.490734
53960	14.495333	-3.105711	-17.445400
53961	14.421746	-3.075331	-17.390485
53962	14.351187	-3.051660	-17.338007
53963	14.295115	-3.037454	-17.321542
53964	14.246437	-3.021257	-17.344949
53965	14.186899	-2.983707	-17.388238
53966	14.109959	-2.913380	-17.424727
53967	14.018333	-2.840795	-17.441000
53968	13.935567	-2.792019	-17.477504
53969	13.876549	-2.768118	-17.555204
53970	13.810833	-2.729363	-17.597993
53971	13.725078	-2.681040	-17.602701
53972	13.646757	-2.650222	-17.633309
53973	13.585129	-2.635576	-17.698962
53974	13.519199	-2.613668	-17.732337
53975	13.458162	-2.582696	-17.708601
53976	13.405078	-2.555016	-17.688501
53977	13.349198	-2.529222	-17.707997
53978	13.291485	-2.500705	-17.731737
53979	13.232534	-2.465747	-17.731407
53980	13.181937	-2.428538	-17.716025
53981	13.129290	-2.395720	-17.696911
53982	13.074576	-2.362683	-17.674365
53983	13.025117	-2.328591	-17.647344
53984	12.981026	-2.296395	-17.617671
53985	12.938472	-2.266838	-17.588737
53986	12.892737	-2.240058	-17.564657
53987	12.847317	-2.221936	-17.539268
53988	12.806200	-2.208498	-17.502489
53989	12.769101	-2.198454	-17.445187
53990	12.735282	-2.190648	-17.388059
53991	12.701493	-2.185292	-17.355161
53992	12.656327	-2.178479	-17.356521
53993	12.604616	-2.175537	-17.386382
53994	12.550077	-2.166278	-17.428533
53995	12.498247	-2.161744	-17.457550
53996	12.453522	-2.154269	-17.460996
53997	12.414436	-2.144631	-17.444943
53998	12.374473	-2.132092	-17.427610
53999	12.333934	-2.121676	-17.414212
54000	12.294942	-2.113959	-17.398919
54001	12.265689	-2.108399	-17.351217
54002	12.255074	-2.104191	-17.269180
54003	12.258603	-2.096278	-17.190624
54004	12.250777	-2.078363	-17.128251
54005	12.223878	-2.060236	-17.087404
54006	12.197656	-2.047661	-17.103586
54007	12.172179	-2.034503	-17.134051
54008	12.146737	-2.014670	-17.132449
54009	12.133224	-1.990803	-17.095008
54010	12.114790	-1.975333	-17.046600
54011	12.095646	-1.962018	-16.987412
54012	12.084727	-1.947094	-16.925824
54013	12.077120	-1.936792	-16.882164
54014	12.065516	-1.924464	-16.856008
54015	12.051456	-1.911317	-16.823477
54016	12.049796	-1.893128	-16.757206
54017	12.065253	-1.868060	-16.645745
54018	12.096118	-1.834515	-16.515608
54019	12.126189	-1.789696	-16.392322
54020	12.118757	-1.745146	-16.317993
54021	12.079156	-1.716790	-16.327552
54022	12.029591	-1.700012	-16.429771
54023	11.975372	-1.688209	-16.554572
54024	11.924852	-1.682141	-16.634985
54025	11.884847	-1.684465	-16.665673
54026	11.854222	-1.684375	-16.652923
54027	11.820083	-1.684155	-16.613808
54028	11.790998	-1.688682	-16.581210
54029	11.759762	-1.695726	-16.573331
54030	11.727660	-1.703653	-16.568148
54031	11.698831	-1.714627	-16.552236
54032	11.676836	-1.720770	-16.529508
54033	11.664767	-1.722252	-16.502010
54034	11.645928	-1.721603	-16.466481
54035	11.621505	-1.720218	-16.429077
54036	11.596635	-1.723977	-16.411996
54037	11.571424	-1.727804	-16.403865
54038	11.545087	-1.733751	-16.379093
54039	11.519930	-1.744375	-16.343411
54040	11.498173	-1.754792	-16.300844
54041	11.474520	-1.767071	-16.240979
54042	11.454714	-1.774640	-16.172296
54043	11.437883	-1.787296	-16.102527
54044	11.424128	-1.796736	-16.034560
54045	11.413866	-1.800018	-15.969927
54046	11.398878	-1.800316	-15.911735
54047	11.380388	-1.798221	-15.866491
54048	11.360053	-1.792986	-15.821591
54049	11.339643	-1.784987	-15.768282
54050	11.326331	-1.778152	-15.695751
54051	11.312482	-1.770168	-15.612419
54052	11.303244	-1.762681	-15.532624
54053	11.288099	-1.756868	-15.464421
54054	11.268969	-1.756125	-15.419308
54055	11.247751	-1.759594	-15.393148
54056	11.229756	-1.759033	-15.369172
54057	11.214986	-1.758975	-15.348655
54058	11.196920	-1.754182	-15.323373
54059	11.177059	-1.755844	-15.300646
54060	11.158250	-1.759247	-15.287729
54061	11.137482	-1.763588	-15.279063
54062	11.117459	-1.768786	-15.270849
54063	11.096682	-1.773121	-15.262182
54064	11.078242	-1.780818	-15.252203
54065	11.059215	-1.788121	-15.239142
