// General information: 
//  MT Manager version: 2021.4.0 
//  XDA version: 2021.4.0 build 6323 rev 112641 built on 2021-09-28
// Device information: 
//  DeviceId: 00B43773
//  ProductCode: MTW2-3A7G6
//  Firmware Version: 4.3.4
//  Hardware Version: 1.1.0
// Device settings: 
//  Filter Profile: human(46.1)
//  Option Flags: Orientation Smoother Disabled, Position/Velocity Smoother Disabled, Continuous Zero Rotation Update Disabled, AHS Disabled, ICC Disabled
// Coordinate system: ENU
PacketCounter	SampleTimeFine	Roll	Pitch	Yaw
24780		-1.253544	-0.224204	12.844018
24781		-1.279767	-0.234224	12.849806
24782		-1.303889	-0.244388	12.857184
24783		-1.328408	-0.254012	12.862794
24784		-1.351881	-0.263700	12.869201
24785		-1.377020	-0.268602	12.874295
24786		-1.402074	-0.276861	12.879143
24787		-1.425386	-0.282164	12.883058
24788		-1.446996	-0.287068	12.886792
24789		-1.464972	-0.291494	12.891041
24790		-1.475348	-0.297307	12.893334
24791		-1.487741	-0.295966	12.897299
24792		-1.499823	-0.295670	12.901153
24793		-1.511264	-0.297514	12.904779
24794		-1.525662	-0.296783	12.906162
24795		-1.536411	-0.299481	12.905933
24796		-1.541964	-0.303090	12.907789
24797		-1.544704	-0.307734	12.907374
24798		-1.547568	-0.311570	12.907958
24799		-1.546798	-0.314936	12.909057
24800		-1.547829	-0.319186	12.908460
24801		-1.544452	-0.323301	12.906404
24802		-1.542934	-0.329569	12.906284
24803		-1.540096	-0.334935	12.904208
24804		-1.532880	-0.342716	12.901428
24805		-1.524267	-0.349072	12.898573
24806		-1.512765	-0.355905	12.895330
24807		-1.498154	-0.360933	12.891827
24808		-1.480771	-0.365644	12.888933
24809		-1.462418	-0.370970	12.884943
24810		-1.446389	-0.371947	12.880614
24811		-1.434649	-0.373889	12.876743
24812		-1.428343	-0.373304	12.872790
24813		-1.427895	-0.372275	12.867731
24814		-1.430138	-0.371005	12.863949
24815		-1.427775	-0.369866	12.859591
24816		-1.427448	-0.368025	12.855533
24817		-1.430146	-0.367507	12.853609
24818		-1.433344	-0.363050	12.850166
24819		-1.431301	-0.360849	12.845920
24820		-1.424459	-0.359007	12.841990
24821		-1.413873	-0.357484	12.837575
24822		-1.397629	-0.356128	12.833383
24823		-1.374120	-0.357700	12.828089
24824		-1.344513	-0.361283	12.821905
24825		-1.315555	-0.362753	12.815941
24826		-1.289817	-0.365233	12.811230
24827		-1.268569	-0.368413	12.806089
24828		-1.248509	-0.373285	12.801903
24829		-1.230886	-0.376952	12.796240
24830		-1.214572	-0.381524	12.792532
24831		-1.198998	-0.387094	12.787912
24832		-1.185453	-0.391964	12.783592
24833		-1.166775	-0.395697	12.778714
24834		-1.153369	-0.402361	12.776135
24835		-1.138134	-0.409447	12.772367
24836		-1.120131	-0.416201	12.769206
24837		-1.100542	-0.421800	12.766856
24838		-1.078401	-0.429380	12.764973
24839		-1.050556	-0.435862	12.759667
24840		-1.023942	-0.442735	12.758198
24841		-1.005215	-0.448512	12.755925
24842		-0.987556	-0.456770	12.753604
24843		-0.971274	-0.463909	12.750602
24844		-0.953617	-0.472161	12.748274
24845		-0.933214	-0.481259	12.745894
24846		-0.911499	-0.490843	12.742953
24847		-0.885194	-0.504040	12.742500
24848		-0.860890	-0.516910	12.737120
24849		-0.835235	-0.531055	12.735735
24850		-0.808631	-0.544345	12.732805
24851		-0.778118	-0.560724	12.735007
24852		-0.746699	-0.578231	12.730203
24853		-0.717439	-0.597224	12.725237
24854		-0.688053	-0.614043	12.720717
24855		-0.659043	-0.630924	12.716186
24856		-0.629078	-0.647754	12.708782
24857		-0.598832	-0.664631	12.700190
24858		-0.569386	-0.680103	12.692004
24859		-0.542201	-0.691506	12.679937
24860		-0.516793	-0.703046	12.671624
24861		-0.494822	-0.712541	12.660967
24862		-0.470909	-0.722149	12.652983
24863		-0.448739	-0.727562	12.654136
24864		-0.429256	-0.732695	12.644276
24865		-0.408395	-0.738985	12.638191
24866		-0.385125	-0.746451	12.630439
24867		-0.362385	-0.753901	12.627335
24868		-0.337748	-0.762486	12.620238
24869		-0.313134	-0.772634	12.613940
24870		-0.287612	-0.784865	12.604566
24871		-0.261100	-0.798205	12.593023
24872		-0.234530	-0.810494	12.584422
24873		-0.206982	-0.826972	12.576469
24874		-0.179651	-0.842123	12.566589
24875		-0.151869	-0.856997	12.554228
24876		-0.123296	-0.872482	12.545997
24877		-0.096053	-0.888101	12.536830
24878		-0.068868	-0.905021	12.528641
24879		-0.045779	-0.920649	12.524139
24880		-0.028387	-0.932775	12.516679
24881		-0.013170	-0.942181	12.514197
24882		0.000044	-0.952231	12.508378
24883		0.011896	-0.960086	12.506184
24884		0.024894	-0.963409	12.500946
24885		0.038618	-0.966784	12.497526
24886		0.050207	-0.965120	12.493815
24887		0.062209	-0.963456	12.489663
24888		0.074522	-0.960813	12.486868
24889		0.084054	-0.958018	12.485136
24890		0.088390	-0.953564	12.482611
24891		0.090973	-0.950781	12.481750
24892		0.093477	-0.945963	12.480426
24893		0.096640	-0.940952	12.480869
24894		0.098571	-0.933539	12.481696
24895		0.102410	-0.927302	12.482527
24896		0.108070	-0.920124	12.482845
24897		0.112673	-0.913896	12.482951
24898		0.115565	-0.909638	12.483389
24899		0.117784	-0.904796	12.482326
24900		0.121332	-0.900051	12.481789
24901		0.123836	-0.895768	12.483248
24902		0.123318	-0.892326	12.484063
24903		0.119935	-0.887643	12.484404
24904		0.116343	-0.883479	12.484752
24905		0.114331	-0.882521	12.484167
24906		0.110934	-0.878638	12.485395
24907		0.111300	-0.873456	12.487827
24908		0.111632	-0.869808	12.488548
24909		0.110624	-0.867915	12.490355
24910		0.109504	-0.866218	12.489244
24911		0.107867	-0.864805	12.491389
24912		0.106956	-0.860796	12.490442
24913		0.108811	-0.859599	12.491893
24914		0.109395	-0.857492	12.490593
24915		0.111618	-0.854979	12.488797
24916		0.111866	-0.854412	12.488343
24917		0.111052	-0.853297	12.489799
24918		0.109147	-0.851314	12.490672
24919		0.107734	-0.846268	12.490587
24920		0.108834	-0.845495	12.490039
24921		0.104389	-0.844400	12.492962
24922		0.096646	-0.844620	12.493480
24923		0.084205	-0.844073	12.497222
24924		0.074436	-0.843647	12.498057
24925		0.066111	-0.842059	12.502337
24926		0.061664	-0.838094	12.502773
24927		0.056451	-0.828685	12.503909
24928		0.054977	-0.819480	12.504389
24929		0.049640	-0.812648	12.505111
24930		0.045818	-0.801742	12.506033
24931		0.043735	-0.793061	12.508430
24932		0.042778	-0.785189	12.509660
24933		0.041602	-0.777310	12.509353
24934		0.041887	-0.769795	12.512253
24935		0.044206	-0.760884	12.513953
24936		0.041776	-0.745913	12.514093
24937		0.045128	-0.730860	12.517176
24938		0.048328	-0.715994	12.517513
24939		0.052962	-0.705671	12.518566
24940		0.056989	-0.695790	12.520249
24941		0.059650	-0.688162	12.520608
24942		0.060590	-0.680153	12.522533
24943		0.061519	-0.673685	12.521339
24944		0.058670	-0.663332	12.521150
24945		0.059347	-0.654314	12.521713
24946		0.059560	-0.647280	12.522721
24947		0.060259	-0.636665	12.523249
24948		0.061864	-0.625566	12.523480
24949		0.062551	-0.611348	12.524227
24950		0.060184	-0.595863	12.526249
24951		0.059404	-0.583100	12.527330
24952		0.053807	-0.570471	12.525808
24953		0.049324	-0.562678	12.529859
24954		0.045070	-0.558979	12.531158
24955		0.039210	-0.556510	12.532419
24956		0.034229	-0.553789	12.532800
24957		0.030095	-0.550402	12.535149
24958		0.023482	-0.547598	12.537603
24959		0.019510	-0.547605	12.540982
24960		0.011776	-0.545215	12.540754
24961		0.003203	-0.544418	12.544364
24962		-0.006164	-0.541943	12.546207
24963		-0.013223	-0.540453	12.547789
24964		-0.021406	-0.536228	12.548692
24965		-0.031650	-0.530648	12.551009
24966		-0.051545	-0.524363	12.552619
24967		-0.084962	-0.517782	12.558035
24968		-0.121178	-0.514585	12.562369
24969		-0.162424	-0.514734	12.568979
24970		-0.203906	-0.517152	12.576307
24971		-0.242584	-0.522385	12.582833
24972		-0.281530	-0.526761	12.590614
24973		-0.324321	-0.531167	12.596952
24974		-0.371744	-0.536210	12.602018
24975		-0.416369	-0.542801	12.609126
24976		-0.461629	-0.544047	12.611420
24977		-0.510101	-0.548249	12.616735
24978		-0.561153	-0.551143	12.620544
24979		-0.613194	-0.549872	12.623429
24980		-0.660630	-0.547009	12.626278
24981		-0.698969	-0.543294	12.628212
24982		-0.729878	-0.540268	12.629945
24983		-0.755715	-0.538208	12.630223
24984		-0.775005	-0.533917	12.631538
24985		-0.791267	-0.529924	12.631109
24986		-0.802154	-0.525450	12.633256
24987		-0.811546	-0.519873	12.632562
24988		-0.817592	-0.516231	12.626617
24989		-0.821474	-0.520044	12.608645
24990		-0.820819	-0.526699	12.592761
24991		-0.820549	-0.525916	12.580229
24992		-0.816373	-0.524275	12.569163
24993		-0.813759	-0.516871	12.560562
24994		-0.812202	-0.514535	12.552656
24995		-0.814953	-0.548966	12.527716
24996		-0.823898	-0.611894	12.491237
24997		-0.836071	-0.661654	12.455187
24998		-0.845538	-0.695486	12.421834
24999		-0.850517	-0.721653	12.392196
25000		-0.855185	-0.737968	12.367894
25001		-0.858264	-0.746170	12.347698
25002		-0.861437	-0.743973	12.331068
25003		-0.863561	-0.737518	12.319260
25004		-0.865861	-0.726355	12.310612
25005		-0.868764	-0.715213	12.304819
25006		-0.868501	-0.701656	12.300673
25007		-0.870604	-0.684644	12.301714
25008		-0.866385	-0.665443	12.306784
25009		-0.859416	-0.643365	12.311716
25010		-0.850134	-0.621665	12.319133
25011		-0.838038	-0.599180	12.329044
25012		-0.820808	-0.578031	12.339164
25013		-0.799131	-0.558794	12.350455
25014		-0.774880	-0.541501	12.362229
25015		-0.750251	-0.524808	12.375770
25016		-0.720157	-0.507914	12.388666
25017		-0.692846	-0.493991	12.401684
25018		-0.666768	-0.482265	12.413771
25019		-0.638557	-0.477219	12.426029
25020		-0.618206	-0.473670	12.438216
25021		-0.607505	-0.468229	12.452652
25022		-0.605338	-0.469152	12.463948
25023		-0.606368	-0.473079	12.478424
25024		-0.600954	-0.487200	12.489269
25025		-0.593446	-0.510862	12.496734
25026		-0.583878	-0.536656	12.503402
25027		-0.571695	-0.565542	12.506975
25028		-0.558731	-0.592302	12.508488
25029		-0.537268	-0.620196	12.507481
25030		-0.513957	-0.649675	12.502836
25031		-0.490353	-0.679481	12.498553
25032		-0.464520	-0.718721	12.496537
25033		-0.439267	-0.767314	12.493941
25034		-0.407409	-0.825826	12.490563
25035		-0.376680	-0.891221	12.482771
25036		-0.346499	-0.962666	12.469214
25037		-0.325051	-1.045398	12.452713
25038		-0.292257	-1.145524	12.429948
25039		-0.259718	-1.253989	12.397965
25040		-0.240072	-1.366536	12.354377
25041		-0.234057	-1.489256	12.293440
25042		-0.315336	-1.646924	12.113596
25043		-0.347528	-1.895087	11.899870
25044		-0.233625	-2.295962	11.798200
25045		-0.173200	-2.777965	11.653067
25046		-0.071134	-3.375348	11.486247
25047		-0.039178	-4.142909	11.232735
25048		-0.006708	-5.116706	10.936216
25049		0.033382	-6.251121	10.621366
25050		-0.030412	-7.514676	10.200754
25051		-0.145206	-8.889683	9.665407
25052		-0.226717	-10.352794	9.058061
25053		-0.338475	-11.919633	8.364161
25054		-0.566580	-13.571531	7.484504
25055		-0.707667	-15.204918	6.282683
25056		-0.572639	-16.778924	4.972820
25057		0.070799	-18.065315	3.765046
25058		1.075102	-18.960542	2.650809
25059		1.829088	-19.357747	1.585520
25060		2.395937	-19.602770	0.592649
25061		2.928217	-19.971838	-0.234702
25062		3.452124	-20.504303	-0.833634
25063		3.835205	-21.056747	-1.194885
25064		4.071644	-21.592771	-1.335454
25065		4.173975	-22.148758	-1.302186
25066		4.160041	-22.740198	-1.140104
25067		4.005961	-23.292732	-0.878572
25068		3.721970	-23.652187	-0.501860
25069		3.413591	-23.841813	-0.012640
25070		3.104017	-23.925079	0.576378
25071		2.720761	-23.890841	1.259989
25072		2.257080	-23.781712	2.020071
25073		1.748356	-23.651604	2.841027
25074		1.209909	-23.481644	3.704375
25075		0.618731	-23.249212	4.565826
25076		-0.039762	-22.889488	5.408650
25077		-0.702881	-22.370839	6.242490
25078		-1.320138	-21.742065	7.064336
25079		-1.913935	-21.030862	7.854470
25080		-2.506909	-20.220462	8.584675
25081		-3.084992	-19.282720	9.246811
25082		-3.615157	-18.216300	9.848646
25083		-4.094101	-17.028300	10.393304
25084		-4.510842	-15.740432	10.887541
25085		-4.879066	-14.357135	11.343944
25086		-5.240787	-12.879005	11.766716
25087		-5.595147	-11.310286	12.143859
25088		-5.931446	-9.717664	12.481950
25089		-6.244436	-8.140940	12.788196
25090		-6.530625	-6.581038	13.078942
25091		-6.786345	-5.032999	13.386188
25092		-7.022830	-3.515336	13.735249
25093		-7.268307	-2.041506	14.116139
25094		-7.511249	-0.638667	14.515528
25095		-7.743107	0.678683	14.926984
25096		-7.942054	1.907644	15.323599
25097		-8.056759	3.055371	15.686380
25098		-8.105618	4.146170	15.979927
25099		-8.119893	5.182734	16.189214
25100		-8.062068	6.124877	16.349926
25101		-7.906726	6.928933	16.513125
25102		-7.694151	7.562164	16.710717
25103		-7.444397	8.020750	16.958162
25104		-7.141550	8.294805	17.252644
25105		-6.762252	8.516722	17.550420
25106		-6.302464	8.812841	17.836580
25107		-5.799288	9.184682	18.085620
25108		-5.304179	9.574269	18.288436
25109		-4.830757	9.910139	18.455595
25110		-4.374051	10.128243	18.618195
25111		-3.930047	10.174574	18.803379
25112		-3.477942	10.037952	19.019311
25113		-3.023489	9.713770	19.244967
25114		-2.589405	9.209035	19.447634
25115		-2.209610	8.556992	19.610866
25116		-1.937924	7.832167	19.725375
25117		-1.773642	7.092657	19.806734
25118		-1.708189	6.433741	19.838715
25119		-1.677187	5.968358	19.844711
25120		-1.653840	5.713543	19.818914
25121		-1.627502	5.624691	19.781779
25122		-1.610780	5.595884	19.741158
25123		-1.622594	5.551578	19.701361
25124		-1.665085	5.461878	19.680161
25125		-1.722269	5.320990	19.688281
25126		-1.777073	5.146097	19.730238
25127		-1.810913	4.961746	19.797901
25128		-1.794122	4.761197	19.885152
25129		-1.744840	4.534682	19.960264
25130		-1.697067	4.288034	20.000973
25131		-1.623545	4.034906	19.986873
25132		-1.588854	3.835812	19.824634
25133		-1.990737	3.258764	19.547297
25134		-1.824943	2.767018	19.203443
25135		-1.433203	2.132329	18.861322
25136		-1.036945	1.701436	18.687472
25137		-0.791442	1.422494	18.663962
25138		-0.724086	1.170686	18.729413
25139		-0.748251	0.945422	18.764474
25140		-0.834824	0.710235	18.718310
25141		-0.944538	0.500321	18.611660
25142		-1.044203	0.475360	18.537599
25143		-1.100043	0.441606	18.504064
25144		-1.120625	0.379102	18.486766
25145		-1.110955	0.291911	18.461735
25146		-1.086993	0.177664	18.434132
25147		-1.043857	0.026203	18.415387
25148		-0.962773	-0.155517	18.401043
25149		-0.836078	-0.344743	18.384273
25150		-0.692973	-0.532125	18.378044
25151		-0.598575	-0.710010	18.384956
25152		-0.566199	-0.865705	18.388698
25153		-0.571906	-1.024917	18.370947
25154		-0.551950	-1.223585	18.348760
25155		-0.478188	-1.441283	18.328301
25156		-0.361059	-1.647727	18.312074
25157		-0.219766	-1.842733	18.293151
25158		-0.069278	-2.018372	18.269517
25159		0.095673	-2.163926	18.241429
25160		0.301439	-2.284717	18.199547
25161		0.518914	-2.422955	18.153903
25162		0.691412	-2.576259	18.110475
25163		0.774500	-2.786206	18.044147
25164		0.805163	-2.992801	17.972274
25165		0.841294	-3.167232	17.913471
25166		0.916110	-3.330354	17.846378
25167		1.022353	-3.491735	17.785575
25168		1.139878	-3.622230	17.748690
25169		1.241131	-3.695688	17.725082
25170		1.316948	-3.703251	17.732812
25171		1.383007	-3.648042	17.752907
25172		1.453207	-3.537323	17.794587
25173		1.517484	-3.379031	17.865882
25174		1.545409	-3.268496	17.926674
25175		1.533063	-3.250202	17.941750
25176		1.488218	-3.258430	17.942332
25177		1.437131	-3.259078	17.937252
25178		1.404750	-3.244618	17.941075
25179		1.383167	-3.210443	17.962703
25180		1.379645	-3.151454	18.005282
25181		1.390572	-3.054693	18.078858
25182		1.395657	-2.928801	18.173562
25183		1.390384	-2.772096	18.284634
25184		1.387714	-2.587646	18.411756
25185		1.388562	-2.405481	18.537157
25186		1.389368	-2.237829	18.655576
25187		1.393034	-2.082000	18.758662
25188		1.396376	-1.936013	18.847073
25189		1.394415	-1.807666	18.916114
25190		1.389775	-1.692195	18.967757
25191		1.391071	-1.582587	19.007966
25192		1.398285	-1.471265	19.046663
25193		1.402838	-1.364474	19.083404
25194		1.402737	-1.259158	19.123322
25195		1.405138	-1.157398	19.160724
25196		1.412496	-1.067917	19.196326
25197		1.423306	-0.996944	19.218736
25198		1.439840	-0.933576	19.232415
25199		1.455410	-0.873573	19.237654
25200		1.464731	-0.809654	19.235816
25201		1.461053	-0.736191	19.230047
25202		1.458300	-0.653237	19.221409
25203		1.467822	-0.557745	19.222537
25204		1.487045	-0.437938	19.236740
25205		1.498751	-0.304174	19.257720
25206		1.490704	-0.168158	19.277535
25207		1.477309	-0.037722	19.293701
25208		1.457785	0.084613	19.300589
25209		1.424300	0.199233	19.295418
25210		1.382609	0.304515	19.276467
25211		1.329387	0.397170	19.240109
25212		1.255022	0.469261	19.203152
25213		1.158928	0.519044	19.172818
25214		1.039411	0.548537	19.154083
25215		0.928797	0.568404	19.143515
25216		0.837121	0.582124	19.133061
25217		0.751388	0.587118	19.123003
25218		0.670423	0.592367	19.115184
25219		0.596051	0.595012	19.103667
25220		0.521107	0.592360	19.090840
25221		0.430557	0.581201	19.081689
25222		0.337039	0.570312	19.071050
25223		0.269324	0.566916	19.056454
25224		0.210181	0.563871	19.045556
25225		0.151309	0.558119	19.038974
25226		0.091878	0.538450	19.050553
25227		0.022436	0.513358	19.073737
25228		-0.034373	0.489119	19.097504
25229		-0.087071	0.468632	19.118392
25230		-0.148801	0.453015	19.135147
25231		-0.207591	0.438641	19.148941
25232		-0.262532	0.414656	19.166166
25233		-0.312893	0.394472	19.176805
25234		-0.359896	0.374531	19.185296
25235		-0.422875	0.333372	19.197509
25236		-0.514263	0.215135	19.208746
25237		-0.646054	0.071101	19.231642
25238		-0.809930	-0.083841	19.269319
25239		-0.956673	-0.230532	19.293240
25240		-1.075090	-0.343792	19.313993
25241		-1.171355	-0.426132	19.327373
25242		-1.257813	-0.485335	19.335028
25243		-1.336888	-0.528719	19.339384
25244		-1.413703	-0.555623	19.344692
25245		-1.492159	-0.564219	19.353286
25246		-1.580216	-0.557381	19.368565
25247		-1.679271	-0.546669	19.392575
25248		-1.779484	-0.522180	19.421243
25249		-1.877907	-0.481388	19.446147
25250		-1.972344	-0.436309	19.467157
25251		-2.052392	-0.389068	19.482999
25252		-2.114751	-0.348404	19.494631
25253		-2.156547	-0.311139	19.502879
25254		-2.184690	-0.274622	19.508696
25255		-2.209261	-0.240667	19.508468
25256		-2.232310	-0.224886	19.512418
25257		-2.246351	-0.207670	19.510927
25258		-2.271266	-0.198990	19.514621
25259		-2.296308	-0.200126	19.519531
25260		-2.331411	-0.204670	19.524390
25261		-2.366232	-0.207689	19.527475
25262		-2.403476	-0.218227	19.532195
25263		-2.426949	-0.218827	19.536060
25264		-2.442335	-0.216296	19.537453
25265		-2.448362	-0.207947	19.538200
25266		-2.437619	-0.203489	19.540620
25267		-2.408792	-0.193324	19.538741
25268		-2.366780	-0.188823	19.535160
25269		-2.314823	-0.192014	19.530048
25270		-2.266074	-0.201524	19.522157
25271		-2.217746	-0.216946	19.513911
25272		-2.175107	-0.235070	19.505182
25273		-2.137487	-0.255905	19.494954
25274		-2.102283	-0.271583	19.482569
25275		-2.059228	-0.285557	19.471254
25276		-2.010793	-0.301519	19.461976
25277		-1.954995	-0.310163	19.454173
25278		-1.898795	-0.312848	19.446713
25279		-1.851983	-0.304201	19.439143
25280		-1.805849	-0.285227	19.432341
25281		-1.758652	-0.260302	19.424896
25282		-1.709383	-0.229726	19.415809
25283		-1.661229	-0.192143	19.405481
25284		-1.613564	-0.159214	19.395844
25285		-1.569237	-0.127279	19.387407
25286		-1.525772	-0.095252	19.379100
25287		-1.481740	-0.064984	19.372439
25288		-1.439815	-0.040524	19.365637
25289		-1.402362	-0.021003	19.357135
25290		-1.369655	-0.006292	19.351567
25291		-1.336807	0.000288	19.345412
25292		-1.307942	-0.004656	19.341636
25293		-1.283370	-0.014792	19.337020
25294		-1.260350	-0.025266	19.333467
25295		-1.244486	-0.032591	19.330869
25296		-1.227151	-0.038333	19.328237
25297		-1.207337	-0.042979	19.326317
25298		-1.190656	-0.042862	19.323247
25299		-1.176046	-0.042741	19.318555
25300		-1.159643	-0.038702	19.313962
25301		-1.151417	-0.034253	19.311163
25302		-1.156487	-0.026469	19.310931
25303		-1.162048	-0.020967	19.309664
25304		-1.174699	-0.013380	19.306563
25305		-1.189944	-0.009259	19.305304
25306		-1.211307	0.001121	19.304223
25307		-1.237328	0.011057	19.301757
25308		-1.264368	0.015648	19.301773
25309		-1.285996	0.016416	19.300942
25310		-1.303133	0.017874	19.300612
25311		-1.313993	0.015653	19.299359
25312		-1.323605	0.016709	19.300039
25313		-1.322291	0.017153	19.299520
25314		-1.320865	0.016944	19.298044
25315		-1.314244	0.014602	19.297692
25316		-1.303454	0.013437	19.296084
25317		-1.288347	0.012820	19.294047
25318		-1.273552	0.010064	19.291908
25319		-1.257580	0.009600	19.289789
25320		-1.240569	0.009232	19.288495
25321		-1.228332	0.009272	19.286801
25322		-1.212188	0.008760	19.285586
25323		-1.198064	0.011680	19.282980
25324		-1.184797	0.014646	19.280482
25325		-1.172677	0.018364	19.278142
25326		-1.157574	0.020787	19.274500
25327		-1.143998	0.025899	19.272105
25328		-1.129170	0.029420	19.268569
25329		-1.112739	0.036722	19.264203
25330		-1.092393	0.040651	19.261946
25331		-1.071526	0.045035	19.257825
25332		-1.051183	0.048973	19.255568
25333		-1.031068	0.049544	19.252170
25334		-1.010562	0.048375	19.247706
25335		-0.991576	0.047066	19.246118
25336		-0.975879	0.043068	19.241040
25337		-0.960954	0.042752	19.238118
25338		-0.945783	0.035280	19.236498
25339		-0.936946	0.027655	19.235517
25340		-0.928856	0.019228	19.233655
25341		-0.923531	0.010408	19.231127
25342		-0.916414	0.002674	19.230328
25343		-0.912442	-0.003519	19.229958
25344		-0.910038	-0.007241	19.229028
25345		-0.906666	-0.011845	19.227007
25346		-0.901067	-0.016702	19.227486
25347		-0.897376	-0.018971	19.225599
25348		-0.894380	-0.021450	19.224696
25349		-0.892207	-0.020846	19.224089
25350		-0.893223	-0.018914	19.222098
25351		-0.892942	-0.018365	19.220773
25352		-0.893049	-0.012855	19.218944
25353		-0.896288	-0.008642	19.219167
25354		-0.897203	-0.002689	19.219282
25355		-0.899907	0.002174	19.217667
25356		-0.903255	0.005394	19.214185
25357		-0.906225	0.006484	19.209585
25358		-0.907134	0.007575	19.206609
25359		-0.909032	0.011995	19.203048
25360		-0.906746	0.011951	19.201482
25361		-0.907398	0.014590	19.196750
25362		-0.907018	0.017325	19.192841
25363		-0.908808	0.020904	19.188295
25364		-0.912236	0.031230	19.184414
25365		-0.914747	0.042107	19.182292
25366		-0.914676	0.056472	19.178333
25367		-0.918333	0.066260	19.171681
25368		-0.919636	0.065228	19.160367
25369		-0.921367	0.062505	19.149879
25370		-0.923700	0.061572	19.137765
25371		-0.927148	0.053680	19.124346
25372		-0.928864	0.046292	19.110794
25373		-0.931939	0.041334	19.099372
25374		-0.932747	0.039557	19.090694
25375		-0.931939	0.038735	19.082817
25376		-0.930867	0.041880	19.077949
25377		-0.930773	0.045522	19.074120
25378		-0.928451	0.048914	19.072796
25379		-0.925968	0.051866	19.072325
25380		-0.922122	0.054413	19.074437
25381		-0.920242	0.060986	19.077029
25382		-0.918194	0.067501	19.080525
25383		-0.918152	0.074611	19.084260
25384		-0.921838	0.082394	19.088442
25385		-0.924346	0.092477	19.092653
25386		-0.929668	0.101951	19.094380
25387		-0.932765	0.110791	19.098561
25388		-0.933858	0.119037	19.102504
25389		-0.933430	0.124217	19.105147
25390		-0.934178	0.127096	19.107760
25391		-0.936066	0.130725	19.110532
25392		-0.938651	0.134142	19.114286
25393		-0.936901	0.135296	19.119249
25394		-0.935370	0.136295	19.121494
25395		-0.933402	0.135765	19.124488
25396		-0.931854	0.133925	19.128357
25397		-0.930694	0.133837	19.133294
25398		-0.930669	0.134874	19.138438
25399		-0.930922	0.136820	19.143664
25400		-0.931024	0.141541	19.148167
25401		-0.930154	0.145384	19.151584
25402		-0.929610	0.151946	19.157979
25403		-0.927231	0.157783	19.163209
25404		-0.927772	0.163849	19.166938
25405		-0.927874	0.168384	19.171417
25406		-0.930182	0.170712	19.175063
25407		-0.931518	0.172161	19.177623
25408		-0.936789	0.171096	19.179505
25409		-0.945734	0.170924	19.183643
25410		-0.952420	0.171896	19.185813
25411		-0.956072	0.171796	19.188501
25412		-0.958271	0.173281	19.191162
25413		-0.957605	0.173943	19.193461
25414		-0.955099	0.174252	19.194644
25415		-0.953516	0.173626	19.194017
25416		-0.951986	0.172592	19.191550
25417		-0.951009	0.173560	19.189269
25418		-0.948873	0.170933	19.188456
25419		-0.948154	0.170155	19.187907
25420		-0.947598	0.169813	19.186502
25421		-0.949746	0.169672	19.186290
25422		-0.949244	0.170770	19.187733
25423		-0.948634	0.170838	19.188168
25424		-0.946993	0.170995	19.189429
25425		-0.947962	0.173348	19.189272
25426		-0.947846	0.176386	19.191805
25427		-0.947197	0.179889	19.192477
25428		-0.946123	0.185076	19.192321
25429		-0.946300	0.191864	19.193308
25430		-0.945446	0.198742	19.195121
25431		-0.941176	0.202608	19.196365
25432		-0.940416	0.205455	19.196077
25433		-0.942358	0.208503	19.196980
25434		-0.942280	0.208106	19.199275
25435		-0.944369	0.208563	19.200926
25436		-0.946350	0.208360	19.201616
25437		-0.950056	0.207666	19.202436
25438		-0.956798	0.208044	19.202736
25439		-0.963648	0.209082	19.203996
25440		-0.969250	0.208518	19.204114
25441		-0.977128	0.209655	19.204571
25442		-0.979054	0.210049	19.207124
25443		-0.979305	0.209968	19.207638
25444		-0.979447	0.209226	19.207190
25445		-0.978449	0.207358	19.206538
25446		-0.977507	0.205078	19.204046
25447		-0.974947	0.203765	19.202361
25448		-0.971357	0.202539	19.201502
25449		-0.969073	0.202322	19.199921
25450		-0.966936	0.199695	19.199111
25451		-0.966251	0.195486	19.198327
25452		-0.968159	0.191000	19.197797
25453		-0.968925	0.185391	19.197062
25454		-0.968075	0.181115	19.197181
25455		-0.968639	0.178693	19.197562
25456		-0.966778	0.177162	19.196857
25457		-0.963281	0.173756	19.198585
25458		-0.963312	0.172169	19.197153
25459		-0.961983	0.169802	19.198260
25460		-0.962126	0.169060	19.197812
25461		-0.961991	0.167040	19.197237
25462		-0.960828	0.165106	19.197487
25463		-0.959665	0.162990	19.197714
25464		-0.959955	0.159655	19.198014
25465		-0.960795	0.158328	19.198499
25466		-0.960920	0.154743	19.199679
25467		-0.962071	0.151073	19.200032
25468		-0.962197	0.147489	19.201212
25469		-0.961032	0.145373	19.201439
25470		-0.958730	0.142498	19.201509
25471		-0.956814	0.141381	19.202643
25472		-0.954199	0.140849	19.202844
25473		-0.952335	0.139136	19.202114
25474		-0.950421	0.138201	19.203272
25475		-0.949956	0.135682	19.204455
25476		-0.949070	0.134843	19.204810
25477		-0.951360	0.132115	19.205344
25478		-0.952678	0.128876	19.204840
25479		-0.953241	0.126454	19.205221
25480		-0.956563	0.124004	19.204975
25481		-0.957953	0.124867	19.205669
25482		-0.956904	0.123779	19.206903
25483		-0.958735	0.125985	19.206821
25484		-0.960293	0.127279	19.206658
25485		-0.963263	0.130426	19.206756
25486		-0.966075	0.133508	19.207757
25487		-0.966765	0.134773	19.207494
25488		-0.969464	0.137010	19.207511
25489		-0.970560	0.143059	19.206706
25490		-0.968611	0.145564	19.208100
25491		-0.969103	0.150019	19.208952
25492		-0.969599	0.154658	19.209827
25493		-0.971230	0.160055	19.210858
25494		-0.974336	0.167079	19.210332
25495		-0.983396	0.176881	19.212415
25496		-0.994997	0.184968	19.211899
25497		-1.005743	0.195868	19.209652
25498		-1.022108	0.204538	19.208734
25499		-1.037191	0.208391	19.208260
25500		-1.054732	0.214567	19.207283
25501		-1.074855	0.220102	19.206508
25502		-1.097161	0.226864	19.205126
25503		-1.123414	0.235627	19.206087
25504		-1.145725	0.242398	19.204697
25505		-1.175268	0.248267	19.202123
25506		-1.205911	0.253823	19.196899
25507		-1.241431	0.254347	19.193636
25508		-1.278422	0.253662	19.190443
25509		-1.316884	0.247959	19.187053
25510		-1.356992	0.243347	19.187561
25511		-1.394327	0.238773	19.188703
25512		-1.426969	0.233195	19.188412
25513		-1.456232	0.226060	19.190420
25514		-1.477500	0.218761	19.189814
25515		-1.496946	0.207295	19.187838
25516		-1.511100	0.196060	19.184455
25517		-1.524494	0.185650	19.181955
25518		-1.537195	0.175815	19.178522
25519		-1.554184	0.168496	19.175665
25520		-1.564402	0.159963	19.172988
25521		-1.571804	0.152064	19.172804
25522		-1.578788	0.145835	19.171784
25523		-1.579774	0.133596	19.169779
25524		-1.583164	0.115940	19.165849
25525		-1.591351	0.095269	19.161279
25526		-1.601696	0.072976	19.157746
25527		-1.614076	0.039541	19.150958
25528		-1.635326	-0.004683	19.145298
25529		-1.664939	-0.063581	19.145028
25530		-1.717179	-0.148399	19.150908
25531		-1.810574	-0.334815	19.138204
25532		-1.971099	-0.702987	19.094002
25533		-2.177580	-1.007403	19.051096
25534		-2.373405	-1.203822	19.015203
25535		-2.571322	-1.357581	18.979786
25536		-2.811621	-1.508065	18.951429
25537		-3.105041	-1.675504	18.907480
25538		-3.480338	-1.887343	18.792486
25539		-4.039571	-2.200221	18.554745
25540		-4.514687	-2.643351	18.345681
25541		-4.981016	-3.223482	18.160899
25542		-5.417697	-3.845939	18.017043
25543		-5.880089	-4.539593	17.781383
25544		-6.498832	-5.376071	17.284350
25545		-7.043674	-6.296779	16.616500
25546		-7.033353	-7.181899	16.040695
25547		-6.636167	-8.111983	15.587327
25548		-6.244897	-9.219738	15.025496
25549		-5.963433	-10.535426	14.242590
25550		-5.662790	-11.973759	13.313804
25551		-5.203668	-13.478919	12.382782
25552		-4.659083	-15.037189	11.484236
25553		-4.112344	-16.662291	10.627894
25554		-3.600301	-18.332928	9.828948
25555		-3.140290	-20.016455	9.073633
25556		-2.685535	-21.668001	8.390654
25557		-2.224811	-23.263267	7.795433
25558		-1.795534	-24.816950	7.288605
25559		-1.435552	-26.361583	6.819637
25560		-1.110912	-27.881392	6.405243
25561		-0.827614	-29.327934	6.057964
25562		-0.583540	-30.662323	5.811197
25563		-0.409055	-31.895534	5.684999
25564		-0.340479	-32.979014	5.684118
25565		-0.359087	-33.872456	5.817634
25566		-0.465928	-34.645815	6.080664
25567		-0.688354	-35.344167	6.393126
25568		-1.012102	-35.930263	6.720989
25569		-1.376439	-36.359444	7.084045
25570		-1.738805	-36.630801	7.469344
25571		-2.089012	-36.746803	7.823824
25572		-2.402175	-36.713951	8.127658
25573		-2.673613	-36.520312	8.394144
25574		-2.919698	-36.171731	8.624012
25575		-3.152011	-35.677117	8.835685
25576		-3.389761	-35.032934	9.008301
25577		-3.605067	-34.226857	9.123271
25578		-3.769194	-33.254151	9.196300
25579		-3.892167	-32.132924	9.221293
25580		-3.998953	-30.874169	9.187205
25581		-4.107914	-29.505433	9.105284
25582		-4.236818	-28.057738	8.992124
25583		-4.395066	-26.560670	8.877456
25584		-4.581446	-25.055240	8.807838
25585		-4.800899	-23.557204	8.812705
25586		-5.060794	-22.082214	8.893794
25587		-5.404489	-20.622108	9.005960
25588		-5.794234	-19.211345	9.125846
25589		-6.198252	-17.848402	9.222778
25590		-6.606023	-16.502479	9.267773
25591		-6.983975	-15.158912	9.294126
25592		-7.307705	-13.798298	9.299677
25593		-7.568075	-12.456658	9.266119
25594		-7.766025	-11.200541	9.212229
25595		-7.881188	-10.035031	9.196116
25596		-7.898666	-8.952552	9.301504
25597		-7.919076	-7.998674	9.497927
25598		-8.000305	-7.194979	9.710275
25599		-8.078396	-6.551699	9.912864
25600		-8.118615	-6.077532	10.100125
25601		-8.153890	-5.730055	10.282559
25602		-8.208305	-5.430309	10.465063
25603		-8.274233	-5.045262	10.676686
25604		-8.330168	-4.522622	10.941707
25605		-8.353121	-3.907674	11.233005
25606		-8.342799	-3.334348	11.525151
25607		-8.331674	-2.868779	11.801483
25608		-8.337125	-2.490551	12.048594
25609		-8.345781	-2.150567	12.280428
25610		-8.355097	-1.859639	12.514409
25611		-8.372875	-1.629323	12.758796
25612		-8.405110	-1.464066	12.992909
25613		-8.441381	-1.365373	13.202867
25614		-8.459404	-1.317440	13.383972
25615		-8.438738	-1.318481	13.535312
25616		-8.384601	-1.363560	13.673128
25617		-8.321570	-1.451692	13.784835
25618		-8.240226	-1.594202	13.887860
25619		-8.151973	-1.801986	13.978345
25620		-8.050201	-2.101076	14.052362
25621		-7.935873	-2.469528	14.096699
25622		-7.830092	-2.786767	14.122990
25623		-7.764657	-3.006678	14.139413
25624		-7.735186	-3.184453	14.175787
25625		-7.709192	-3.365680	14.251938
25626		-7.676842	-3.556179	14.383250
25627		-7.657240	-3.737153	14.552752
25628		-7.661534	-3.913324	14.736892
25629		-7.665063	-4.107548	14.910283
25630		-7.634782	-4.350271	15.069277
25631		-7.549828	-4.670507	15.209382
25632		-7.404812	-5.043708	15.314031
25633		-6.903880	-5.321581	15.437009
25634		-6.078961	-5.047797	15.775940
25635		-5.613984	-4.637932	15.925778
25636		-5.170645	-4.280897	15.906108
25637		-4.899811	-3.884050	15.791320
25638		-4.634109	-3.598269	15.691965
25639		-4.378271	-3.394889	15.706701
25640		-4.117574	-3.213984	15.823339
25641		-3.930131	-3.018305	15.888477
25642		-3.720642	-2.947205	15.898525
25643		-3.500792	-2.999809	15.902949
25644		-3.281915	-3.106729	15.914391
25645		-3.126709	-3.249080	15.897206
25646		-3.067414	-3.383843	15.875502
25647		-3.080134	-3.507447	15.851407
25648		-3.110537	-3.695593	15.799305
25649		-3.130627	-3.894557	15.765452
25650		-3.150784	-4.044793	15.756411
25651		-3.188083	-4.220280	15.731642
25652		-3.233437	-4.399791	15.717872
25653		-3.256475	-4.540950	15.730867
25654		-3.260573	-4.666974	15.745844
25655		-3.271042	-4.806973	15.747064
25656		-3.276804	-4.935622	15.755626
25657		-3.274448	-5.078051	15.745681
25658		-3.253896	-5.238877	15.732045
25659		-3.218183	-5.384320	15.734472
25660		-3.180481	-5.530097	15.736460
25661		-3.135443	-5.657644	15.748427
25662		-3.107960	-5.775975	15.759722
25663		-3.097396	-5.910764	15.753096
25664		-3.081158	-6.056717	15.754048
25665		-3.077699	-6.195725	15.762745
25666		-3.096501	-6.335525	15.768274
25667		-3.134168	-6.452414	15.789106
25668		-3.177766	-6.536656	15.823041
25669		-3.196892	-6.611434	15.847442
25670		-3.153726	-6.684526	15.847751
25671		-3.047235	-6.741643	15.850258
25672		-2.912046	-6.758851	15.872843
25673		-2.782593	-6.728947	15.906711
25674		-2.658557	-6.638421	15.957491
25675		-2.525677	-6.524764	16.005867
25676		-2.385365	-6.401895	16.051191
25677		-2.248333	-6.264939	16.096363
25678		-2.146369	-6.187183	16.120855
25679		-2.101593	-6.145697	16.132214
25680		-2.087054	-6.108397	16.128612
25681		-2.084485	-6.078348	16.123537
25682		-2.093206	-6.039113	16.128158
25683		-2.091681	-5.981315	16.146297
25684		-2.074597	-5.884876	16.175861
25685		-2.025506	-5.735539	16.220936
25686		-1.953111	-5.525350	16.294500
25687		-1.862683	-5.289230	16.388516
25688		-1.770567	-5.065492	16.477954
25689		-1.653263	-4.941917	16.514668
25690		-1.580388	-4.881030	16.516610
25691		-1.528381	-4.855008	16.487818
25692		-1.428615	-4.826791	16.462558
25693		-1.339652	-4.792763	16.427334
25694		-1.263604	-4.732531	16.394092
25695		-1.212799	-4.648585	16.377218
25696		-1.124049	-4.514739	16.381803
25697		-1.011922	-4.324876	16.412306
25698		-0.922323	-4.126582	16.432103
25699		-0.827214	-3.923388	16.471894
25700		-0.741150	-3.773360	16.492511
25701		-0.646378	-3.651537	16.497995
25702		-0.566304	-3.590227	16.467818
25703		-0.505972	-3.549847	16.427638
25704		-0.448296	-3.509758	16.398835
25705		-0.406413	-3.451885	16.377204
25706		-0.369482	-3.378194	16.362098
25707		-0.336738	-3.294319	16.344686
25708		-0.300219	-3.191443	16.339340
25709		-0.278071	-3.067711	16.346703
25710		-0.237418	-2.910526	16.382835
25711		-0.187883	-2.718030	16.439038
25712		-0.127757	-2.497248	16.508173
25713		-0.065400	-2.265730	16.574299
25714		-0.030929	-2.080207	16.619159
25715		0.000782	-1.928821	16.646065
25716		0.035736	-1.826536	16.652231
25717		0.065445	-1.759382	16.641574
25718		0.104379	-1.699554	16.627445
25719		0.128753	-1.636542	16.616206
25720		0.162780	-1.569302	16.612470
25721		0.187665	-1.491063	16.605161
25722		0.197709	-1.408001	16.600887
25723		0.205274	-1.327504	16.602200
25724		0.212485	-1.227747	16.609661
25725		0.223451	-1.100132	16.626211
25726		0.227079	-0.949319	16.654570
25727		0.241194	-0.791162	16.680451
25728		0.254976	-0.631471	16.706469
25729		0.274325	-0.477167	16.726842
25730		0.290717	-0.330922	16.739548
25731		0.300616	-0.225256	16.736008
25732		0.290397	-0.141520	16.724606
25733		0.269091	-0.065401	16.718333
25734		0.245477	0.005407	16.710017
25735		0.207325	0.071287	16.707370
25736		0.176933	0.129806	16.696887
25737		0.134258	0.188120	16.682980
25738		0.092553	0.242645	16.667722
25739		0.052872	0.296228	16.652134
25740		0.010132	0.357524	16.637361
25741		-0.022789	0.418186	16.618746
25742		-0.056000	0.471220	16.602330
25743		-0.088174	0.511758	16.587641
25744		-0.126809	0.545157	16.570287
25745		-0.169805	0.568113	16.552590
25746		-0.214100	0.577399	16.536808
25747		-0.261156	0.583524	16.521059
25748		-0.305742	0.586284	16.510357
25749		-0.359838	0.585511	16.504005
25750		-0.413195	0.578538	16.496235
25751		-0.469714	0.574900	16.493595
25752		-0.537965	0.572027	16.486601
25753		-0.621936	0.568254	16.476436
25754		-0.703830	0.570956	16.452670
25755		-0.791688	0.557919	16.433039
25756		-0.857627	0.553023	16.409083
25757		-0.938153	0.536105	16.387586
25758		-1.029603	0.538842	16.369281
25759		-1.118840	0.527625	16.350801
25760		-1.190172	0.513811	16.329551
25761		-1.241484	0.492046	16.310534
25762		-1.276929	0.466199	16.298998
25763		-1.285467	0.440482	16.290448
25764		-1.302964	0.406036	16.293288
25765		-1.338059	0.363619	16.299165
25766		-1.396629	0.306124	16.310096
25767		-1.456684	0.248418	16.323952
25768		-1.492878	0.194265	16.330245
25769		-1.492897	0.139335	16.329330
25770		-1.448582	0.096484	16.320224
25771		-1.383127	0.056945	16.311962
25772		-1.306487	0.029155	16.310633
25773		-1.238404	0.014148	16.308106
25774		-1.193559	0.006129	16.304604
25775		-1.160578	-0.003398	16.298474
25776		-1.146402	-0.011959	16.290582
25777		-1.156118	-0.020559	16.283197
25778		-1.183264	-0.030316	16.281156
25779		-1.213778	-0.040470	16.281259
25780		-1.247456	-0.046114	16.281042
25781		-1.280174	-0.049194	16.279961
25782		-1.293962	-0.051523	16.277064
25783		-1.283726	-0.047121	16.276805
25784		-1.254926	-0.037426	16.275050
25785		-1.211063	-0.028326	16.275447
25786		-1.163509	-0.019887	16.273610
25787		-1.117428	-0.015754	16.272560
25788		-1.081323	-0.018623	16.270221
25789		-1.053547	-0.027256	16.269247
25790		-1.037296	-0.037463	16.267477
25791		-1.031245	-0.048975	16.270307
25792		-1.036179	-0.060800	16.272372
25793		-1.049591	-0.073569	16.278895
25794		-1.068498	-0.086083	16.285989
25795		-1.088505	-0.097375	16.295106
25796		-1.105703	-0.103448	16.301520
25797		-1.111916	-0.107715	16.304188
25798		-1.104599	-0.113141	16.300844
25799		-1.085780	-0.119053	16.300920
25800		-1.061736	-0.118944	16.297180
25801		-1.036367	-0.122308	16.296760
25802		-1.020112	-0.123386	16.302922
25803		-1.007244	-0.121866	16.302212
25804		-1.003775	-0.119472	16.301582
25805		-1.008177	-0.118693	16.300703
25806		-1.021880	-0.113861	16.301014
25807		-1.046228	-0.112980	16.303045
25808		-1.087749	-0.114912	16.308447
25809		-1.139879	-0.118708	16.312934
25810		-1.202131	-0.128112	16.318996
25811		-1.265548	-0.137371	16.323337
25812		-1.328207	-0.146745	16.325758
25813		-1.388868	-0.153609	16.328128
25814		-1.442680	-0.162793	16.327846
25815		-1.493047	-0.173531	16.329889
25816		-1.534217	-0.183849	16.332901
25817		-1.570945	-0.196378	16.337183
25818		-1.603696	-0.206116	16.343087
25819		-1.636031	-0.214551	16.348103
25820		-1.667483	-0.219946	16.352295
25821		-1.697175	-0.225216	16.356316
25822		-1.727256	-0.229721	16.358585
25823		-1.753821	-0.231708	16.357887
25824		-1.775334	-0.235011	16.357545
25825		-1.800149	-0.236067	16.358566
25826		-1.831444	-0.240205	16.359133
25827		-1.866556	-0.247369	16.358976
25828		-1.899303	-0.253506	16.357732
25829		-1.927155	-0.257727	16.356112
25830		-1.950332	-0.258739	16.355140
25831		-1.963517	-0.259407	16.354125
25832		-1.972160	-0.256038	16.354737
25833		-1.974880	-0.250846	16.355784
25834		-1.969160	-0.248902	16.357679
25835		-1.962308	-0.244657	16.359582
25836		-1.957621	-0.242628	16.360661
25837		-1.952560	-0.241346	16.363495
25838		-1.948216	-0.238801	16.362797
25839		-1.946462	-0.232989	16.364363
25840		-1.940639	-0.227854	16.367345
25841		-1.930000	-0.223424	16.370732
25842		-1.916877	-0.214788	16.374121
25843		-1.899113	-0.206599	16.377027
25844		-1.876487	-0.195457	16.381478
25845		-1.848813	-0.182663	16.386445
25846		-1.818686	-0.166222	16.389553
25847		-1.793534	-0.145257	16.393393
25848		-1.776425	-0.128566	16.395943
25849		-1.767791	-0.110678	16.400292
25850		-1.763767	-0.090294	16.402475
25851		-1.761537	-0.067614	16.403112
25852		-1.753696	-0.044988	16.404136
25853		-1.739082	-0.020347	16.405540
25854		-1.720784	0.003579	16.404723
25855		-1.701047	0.027242	16.408352
25856		-1.677832	0.054481	16.410947
25857		-1.655422	0.077286	16.411525
25858		-1.636789	0.100721	16.412510
25859		-1.616890	0.119558	16.413110
25860		-1.599427	0.133241	16.410896
25861		-1.588880	0.142647	16.410005
25862		-1.580593	0.151230	16.411129
25863		-1.569625	0.156659	16.411814
25864		-1.555907	0.164650	16.410553
25865		-1.542263	0.169221	16.408176
25866		-1.527852	0.171572	16.406526
25867		-1.513201	0.174007	16.407613
25868		-1.497721	0.176847	16.408653
25869		-1.480532	0.179252	16.407658
25870		-1.463024	0.181361	16.408464
25871		-1.444395	0.181201	16.405342
25872		-1.428571	0.178930	16.404209
25873		-1.420289	0.176058	16.400061
25874		-1.412609	0.165479	16.394605
25875		-1.408172	0.155196	16.385782
25876		-1.405794	0.145868	16.377215
25877		-1.406880	0.128384	16.365728
25878		-1.414240	0.084087	16.350507
25879		-1.426401	0.015512	16.326949
25880		-1.445937	-0.057484	16.299247
25881		-1.462386	-0.119327	16.270988
25882		-1.471723	-0.171981	16.248115
25883		-1.480060	-0.219973	16.221733
25884		-1.492530	-0.274964	16.197192
25885		-1.507515	-0.324059	16.174165
25886		-1.520100	-0.365491	16.151365
25887		-1.524040	-0.400190	16.133627
25888		-1.527381	-0.424151	16.116468
25889		-1.526007	-0.440756	16.103871
25890		-1.518497	-0.451573	16.095614
25891		-1.507257	-0.458960	16.089022
25892		-1.496474	-0.463656	16.085401
25893		-1.484372	-0.465727	16.084559
25894		-1.475959	-0.464041	16.085233
25895		-1.471928	-0.462086	16.089116
25896		-1.466522	-0.458468	16.092966
25897		-1.460991	-0.451878	16.097896
25898		-1.455169	-0.439541	16.104065
25899		-1.447098	-0.421773	16.112171
25900		-1.437224	-0.399687	16.123124
25901		-1.426737	-0.375977	16.135951
25902		-1.412363	-0.352678	16.149299
25903		-1.399501	-0.330209	16.163666
25904		-1.389077	-0.308336	16.179165
25905		-1.383516	-0.277262	16.192003
25906		-1.378490	-0.252753	16.207270
25907		-1.375343	-0.229105	16.219902
25908		-1.373011	-0.208879	16.232414
25909		-1.371903	-0.191131	16.243972
25910		-1.371676	-0.179434	16.256181
25911		-1.371783	-0.167971	16.264720
25912		-1.374834	-0.163899	16.276793
25913		-1.378532	-0.158971	16.285291
25914		-1.385799	-0.157754	16.292997
25915		-1.393261	-0.159098	16.300566
25916		-1.399904	-0.160059	16.308082
25917		-1.407398	-0.161965	16.313779
25918		-1.413137	-0.166762	16.319141
25919		-1.416430	-0.170954	16.323379
25920		-1.422512	-0.175223	16.326964
25921		-1.427556	-0.180340	16.329475
25922		-1.430266	-0.186512	16.333545
25923		-1.434828	-0.192982	16.336851
25924		-1.437257	-0.200809	16.338956
25925		-1.439273	-0.207301	16.340175
25926		-1.441778	-0.211676	16.342490
25927		-1.440980	-0.215267	16.343607
25928		-1.441909	-0.218453	16.346761
25929		-1.442765	-0.219780	16.347251
25930		-1.441833	-0.223434	16.349277
25931		-1.442896	-0.226556	16.351522
25932		-1.442788	-0.228332	16.350976
25933		-1.444332	-0.230101	16.352427
25934		-1.443100	-0.228769	16.353796
25935		-1.445892	-0.226175	16.355623
25936		-1.445690	-0.224761	16.356176
25937		-1.448417	-0.219542	16.357230
25938		-1.446013	-0.219120	16.358433
25939		-1.445226	-0.216633	16.358988
25940		-1.444541	-0.216571	16.360335
25941		-1.443444	-0.215173	16.360796
25942		-1.441900	-0.214931	16.362072
25943		-1.441596	-0.211088	16.361832
25944		-1.438710	-0.212019	16.363830
25945		-1.437377	-0.208256	16.364407
25946		-1.433255	-0.207474	16.365466
25947		-1.430098	-0.206237	16.367561
25948		-1.429207	-0.204378	16.367152
25949		-1.428968	-0.203156	16.367686
25950		-1.428859	-0.204931	16.367140
25951		-1.430025	-0.205161	16.367723
25952		-1.432259	-0.205114	16.367509
25953		-1.431394	-0.206072	16.367855
25954		-1.427677	-0.207389	16.367910
25955		-1.426502	-0.209438	16.368162
25956		-1.426158	-0.208850	16.367732
25957		-1.427154	-0.209341	16.369203
25958		-1.430936	-0.209918	16.370021
25959		-1.432194	-0.213336	16.369506
25960		-1.434336	-0.210098	16.370390
25961		-1.437193	-0.210119	16.372988
25962		-1.440364	-0.206798	16.373054
25963		-1.441296	-0.204661	16.373752
25964		-1.440001	-0.200700	16.374348
25965		-1.437781	-0.196185	16.376725
25966		-1.434050	-0.190853	16.378088
25967		-1.432313	-0.184982	16.379669
25968		-1.425146	-0.178927	16.380747
25969		-1.420286	-0.171242	16.382136
25970		-1.412090	-0.165267	16.384033
25971		-1.408197	-0.154870	16.383832
25972		-1.405682	-0.143104	16.382927
25973		-1.402756	-0.129995	16.381136
25974		-1.397808	-0.116854	16.381000
25975		-1.397541	-0.100827	16.379631
25976		-1.391845	-0.084607	16.377764
25977		-1.385805	-0.071170	16.380299
25978		-1.382893	-0.057290	16.380400
25979		-1.379318	-0.045786	16.380296
25980		-1.375296	-0.035445	16.381007
25981		-1.372269	-0.025208	16.380880
25982		-1.368451	-0.016665	16.383347
25983		-1.363626	-0.009523	16.382872
25984		-1.360494	0.000076	16.381782
25985		-1.355641	0.007787	16.383179
25986		-1.349106	0.016048	16.384456
25987		-1.343625	0.021576	16.385668
25988		-1.339383	0.027635	16.385190
25989		-1.335650	0.032237	16.384671
25990		-1.333500	0.036394	16.385199
25991		-1.332202	0.039625	16.383906
25992		-1.329313	0.038698	16.385909
25993		-1.327700	0.040835	16.384524
25994		-1.324924	0.042806	16.384865
25995		-1.322826	0.043587	16.384278
25996		-1.319735	0.044465	16.384526
25997		-1.318638	0.045897	16.384989
25998		-1.316720	0.047686	16.385400
25999		-1.317168	0.048490	16.386889
26000		-1.315624	0.048740	16.388166
26001		-1.316130	0.046911	16.390430
26002		-1.318737	0.045421	16.391070
26003		-1.322304	0.044405	16.392745
26004		-1.324910	0.042916	16.393385
26005		-1.326677	0.038803	16.394712
26006		-1.330859	0.036120	16.394510
26007		-1.333825	0.032354	16.394133
26008		-1.340583	0.029125	16.394139
26009		-1.349986	0.028078	16.392671
26010		-1.359232	0.027504	16.393982
26011		-1.367746	0.027205	16.394320
26012		-1.376305	0.027078	16.394673
26013		-1.381931	0.026233	16.394711
26014		-1.387429	0.025294	16.395653
26015		-1.392710	0.025423	16.392950
26016		-1.397378	0.024100	16.391952
26017		-1.397568	0.022685	16.389609
26018		-1.400832	0.022819	16.388565
26019		-1.404057	0.022786	16.387504
26020		-1.406120	0.022575	16.388169
26021		-1.406909	0.023917	16.387886
26022		-1.407254	0.024069	16.388413
26023		-1.405698	0.023591	16.387800
26024		-1.404497	0.024370	16.387299
26025		-1.402166	0.027538	16.386830
26026		-1.398762	0.027323	16.386989
26027		-1.395948	0.029136	16.387314
26028		-1.394090	0.028294	16.388500
26029		-1.392277	0.030756	16.389873
26030		-1.388873	0.030542	16.390032
26031		-1.386262	0.030551	16.392117
26032		-1.384433	0.029143	16.391432
26033		-1.382474	0.030774	16.391829
26034		-1.380644	0.029366	16.391144
26035		-1.379459	0.027352	16.391402
26036		-1.381065	0.025215	16.390993
26037		-1.380050	0.023467	16.390366
26038		-1.382514	0.021148	16.390026
26039		-1.383762	0.017760	16.389516
26040		-1.385996	0.017812	16.389290
26041		-1.386814	0.018601	16.387128
26042		-1.388104	0.022037	16.387930
26043		-1.390755	0.023858	16.388758
26044		-1.392275	0.024923	16.389444
26045		-1.392030	0.026196	16.389983
26046		-1.392175	0.028154	16.388753
26047		-1.392332	0.027323	16.388276
26048		-1.389787	0.026928	16.388505
26049		-1.389253	0.026544	16.387069
26050		-1.386133	0.029496	16.384674
26051		-1.381802	0.031386	16.382089
26052		-1.377339	0.033163	16.380424
26053		-1.374929	0.032882	16.379755
26054		-1.371869	0.033200	16.378136
26055		-1.372081	0.031240	16.373935
26056		-1.372940	0.032186	16.371791
26057		-1.370352	0.031642	16.372012
26058		-1.371698	0.033948	16.369069
26059		-1.369000	0.038679	16.367738
26060		-1.367201	0.043377	16.366485
26061		-1.369815	0.047277	16.364662
26062		-1.371823	0.049702	16.364548
26063		-1.379742	0.053339	16.364116
26064		-1.390107	0.056309	16.364799
26065		-1.401130	0.058117	16.364563
26066		-1.404963	0.048232	16.364837
26067		-1.406640	0.040684	16.365957
26068		-1.412910	0.036092	16.366756
26069		-1.416929	0.030364	16.368215
26070		-1.421482	0.026138	16.368878
26071		-1.427162	0.022688	16.369660
26072		-1.428425	0.020024	16.371032
26073		-1.422197	0.015359	16.367905
26074		-1.404736	0.010307	16.365583
26075		-1.386690	0.006398	16.363261
26076		-1.373466	0.003075	16.360501
26077		-1.364496	-0.001299	16.358051
26078		-1.358684	-0.007362	16.355814
26079		-1.355858	-0.012190	16.354853
26080		-1.357204	-0.018059	16.355125
26081		-1.359553	-0.024554	16.352722
26082		-1.361611	-0.031436	16.352081
26083		-1.362001	-0.034621	16.351511
26084		-1.361233	-0.038016	16.352651
26085		-1.359018	-0.040083	16.353713
26086		-1.359658	-0.038271	16.356201
26087		-1.357757	-0.039244	16.357350
26088		-1.361078	-0.041748	16.357076
26089		-1.357568	-0.046126	16.355170
26090		-1.345372	-0.049361	16.351585
26091		-1.333753	-0.050543	16.348187
26092		-1.323737	-0.052218	16.345811
26093		-1.315166	-0.052021	16.343673
26094		-1.308730	-0.053599	16.342551
26095		-1.303381	-0.051778	16.340919
26096		-1.299756	-0.049612	16.341193
26097		-1.294810	-0.051962	16.341118
26098		-1.288544	-0.053273	16.339106
26099		-1.281526	-0.053140	16.339921
26100		-1.273171	-0.052538	16.336906
26101		-1.265113	-0.053067	16.336715
26102		-1.261512	-0.051462	16.335116
26103		-1.261666	-0.052267	16.334634
26104		-1.260842	-0.053024	16.334996
26105		-1.261591	-0.048999	16.333925
26106		-1.261253	-0.048396	16.333489
26107		-1.255960	-0.049184	16.332521
26108		-1.249762	-0.046461	16.332590
26109		-1.244569	-0.043781	16.331829
26110		-1.234646	-0.041975	16.329662
26111		-1.225227	-0.041567	16.327419
26112		-1.218513	-0.038125	16.325641
26113		-1.211859	-0.040085	16.325378
26114		-1.207062	-0.038822	16.325491
26115		-1.200691	-0.037055	16.324635
26116		-1.196289	-0.037900	16.323741
26117		-1.194013	-0.037317	16.324036
26118		-1.193213	-0.038636	16.322524
26119		-1.192275	-0.036858	16.321981
26120		-1.189103	-0.039433	16.322020
26121		-1.186556	-0.041057	16.318457
26122		-1.183352	-0.041553	16.315851
26123		-1.182943	-0.041056	16.315294
26124		-1.181061	-0.039814	16.313831
26125		-1.177097	-0.038834	16.313917
26126		-1.171297	-0.038211	16.312980
26127		-1.168632	-0.036073	16.312385
26128		-1.165306	-0.032242	16.314624
26129		-1.162274	-0.027991	16.315037
26130		-1.162625	-0.027838	16.315557
26131		-1.166815	-0.026617	16.317370
26132		-1.173411	-0.023466	16.319556
26133		-1.181271	-0.019246	16.320898
26134		-1.184583	-0.014523	16.323796
26135		-1.185621	-0.009371	16.322685
26136		-1.189127	-0.004942	16.322820
26137		-1.194382	-0.004196	16.321938
26138		-1.201342	-0.001071	16.320469
26139		-1.209106	0.001764	16.318986
26140		-1.218809	0.004600	16.316828
26141		-1.230227	0.004313	16.315530
26142		-1.245596	0.005320	16.315622
26143		-1.265917	0.001645	16.315747
26144		-1.286131	-0.008303	16.317494
26145		-1.307981	-0.016639	16.316669
26146		-1.329619	-0.028609	16.316592
26147		-1.347914	-0.039127	16.317285
26148		-1.360410	-0.047399	16.318434
26149		-1.372632	-0.060635	16.316482
26150		-1.389369	-0.074425	16.314026
26151		-1.409932	-0.086536	16.314623
26152		-1.433396	-0.105076	16.322649
26153		-1.467647	-0.133838	16.330065
26154		-1.511716	-0.163428	16.338449
26155		-1.578729	-0.211802	16.336655
26156		-1.661719	-0.271758	16.325819
26157		-1.769766	-0.386104	16.279413
26158		-1.921347	-0.483392	16.207773
26159		-2.110649	-0.560638	16.122184
26160		-2.376952	-0.622652	15.958348
26161		-2.858674	-0.608606	15.506821
26162		-3.625679	-0.578197	14.596972
26163		-4.612580	-0.667402	13.333720
26164		-5.374540	-0.952301	12.038425
26165		-5.525760	-1.461830	11.041910
26166		-5.046712	-2.079552	10.423607
26167		-4.453463	-2.779552	9.873835
26168		-4.057140	-3.597282	9.113209
26169		-3.758762	-4.579002	8.078553
26170		-3.301474	-5.731961	6.866249
26171		-2.601985	-7.015542	5.628690
26172		-1.779635	-8.420671	4.453095
26173		-0.953953	-9.957178	3.430616
26174		-0.161656	-11.647852	2.652806
26175		0.583454	-13.467030	2.189608
26176		1.251660	-15.345405	2.012150
26177		1.763143	-17.258697	2.047600
26178		2.096390	-19.216479	2.209149
26179		2.330417	-21.211854	2.433985
26180		2.530117	-23.212768	2.659669
26181		2.721569	-25.173674	2.791358
26182		2.927238	-27.035912	2.784209
26183		3.180159	-28.759489	2.629545
26184		3.540238	-30.376739	2.350719
26185		4.013128	-31.923192	2.034541
26186		4.496448	-33.420202	1.702222
26187		4.909686	-34.822173	1.382103
26188		5.219969	-36.074712	1.147286
26189		5.429002	-37.217768	1.076454
26190		5.490334	-38.295764	1.197137
26191		5.345639	-39.285357	1.457422
26192		5.033573	-40.181235	1.834046
26193		4.600957	-40.981904	2.331450
26194		4.064391	-41.667272	2.884866
26195		3.454526	-42.201211	3.438519
26196		2.813269	-42.540626	4.008816
26197		2.168668	-42.680588	4.573716
26198		1.550756	-42.654240	5.075114
26199		0.993166	-42.459462	5.502791
26200		0.511878	-42.097026	5.862476
26201		0.097491	-41.563705	6.099778
26202		-0.250278	-40.866308	6.244489
26203		-0.557664	-40.012324	6.354843
26204		-0.850171	-39.033987	6.447963
26205		-1.158338	-37.944230	6.556115
26206		-1.493555	-36.716566	6.696703
26207		-1.855767	-35.361779	6.863725
26208		-2.246959	-33.932223	7.048229
26209		-2.675812	-32.464994	7.276319
26210		-3.136904	-30.959550	7.545133
26211		-3.604831	-29.397902	7.809268
26212		-4.041146	-27.760262	8.037665
26213		-4.435595	-26.055229	8.171624
26214		-4.753283	-24.363167	8.237785
26215		-5.009541	-22.686431	8.255796
26216		-5.223000	-21.019424	8.255038
26217		-5.406455	-19.398785	8.315325
26218		-5.627007	-17.851026	8.422137
26219		-5.879258	-16.384572	8.580293
26220		-6.123872	-15.004801	8.820900
26221		-6.399901	-13.738898	9.102410
26222		-6.683451	-12.631228	9.417368
26223		-6.936813	-11.668389	9.735372
26224		-7.165196	-10.812436	9.967255
26225		-7.300493	-9.959291	10.091168
26226		-7.285889	-9.105014	10.123137
26227		-7.155420	-8.287616	10.111709
26228		-7.024172	-7.531213	10.072832
26229		-6.929666	-6.876554	10.024027
26230		-6.800042	-6.352702	10.031553
26231		-6.643413	-5.926955	10.136362
26232		-6.529398	-5.547206	10.341050
26233		-6.495801	-5.217032	10.652512
26234		-6.517481	-4.960544	11.061654
26235		-6.572245	-4.810384	11.540498
26236		-6.630262	-4.751367	12.068004
26237		-6.692363	-4.711168	12.615099
26238		-6.741212	-4.645260	13.124092
26239		-6.783678	-4.575555	13.523386
26240		-6.805166	-4.556630	13.781093
26241		-6.750106	-4.597548	13.927999
26242		-6.611543	-4.680407	14.007939
26243		-6.401907	-4.790171	14.064789
26244		-6.175455	-4.928535	14.104484
26245		-5.982050	-5.075230	14.131476
26246		-5.814523	-5.225168	14.176578
26247		-5.649675	-5.386580	14.282875
26248		-5.522038	-5.568224	14.444199
26249		-5.464152	-5.773103	14.640655
26250		-5.482337	-5.961540	14.864614
26251		-5.519285	-6.121203	15.122194
26252		-5.556994	-6.251538	15.371550
26253		-5.572953	-6.379961	15.582077
26254		-5.546628	-6.522896	15.747726
26255		-5.473747	-6.671430	15.838698
26256		-5.358326	-6.823329	15.838971
26257		-5.194794	-6.971945	15.757893
26258		-4.998099	-7.123046	15.629234
26259		-4.810694	-7.259078	15.487116
26260		-4.657891	-7.366019	15.362640
26261		-4.540873	-7.442955	15.299521
26262		-4.454824	-7.505126	15.331550
26263		-4.411416	-7.559560	15.466583
26264		-4.435368	-7.601760	15.687314
26265		-4.308144	-7.557634	15.989208
26266		-3.840987	-6.933056	16.397404
26267		-3.683057	-6.406981	16.588329
26268		-3.529407	-5.877736	16.610090
26269		-3.416469	-5.473931	16.505591
26270		-3.190788	-5.158522	16.409017
26271		-2.964693	-4.945601	16.293862
26272		-2.794052	-4.848387	16.110030
26273		-2.684061	-4.811986	15.945209
26274		-2.571332	-4.827442	15.841404
26275		-2.472211	-4.874741	15.752100
26276		-2.415628	-4.930633	15.664866
26277		-2.366123	-4.980078	15.645059
26278		-2.299496	-5.006033	15.688765
26279		-2.240468	-5.018323	15.691003
26280		-2.186729	-5.029785	15.670048
26281		-2.145872	-5.074181	15.655170
26282		-2.082536	-5.143429	15.641299
26283		-1.991380	-5.245158	15.617933
26284		-1.899639	-5.373014	15.576972
26285		-1.830993	-5.495909	15.547452
26286		-1.788356	-5.632317	15.507505
26287		-1.750883	-5.753079	15.476506
26288		-1.711712	-5.863951	15.444895
26289		-1.660170	-5.970291	15.408987
26290		-1.595898	-6.088400	15.367591
26291		-1.538215	-6.238520	15.311837
26292		-1.500956	-6.382161	15.275816
26293		-1.465525	-6.506205	15.248655
26294		-1.419618	-6.621597	15.222307
26295		-1.368908	-6.733137	15.182505
26296		-1.308091	-6.841081	15.141329
26297		-1.241603	-6.938735	15.110038
26298		-1.190748	-7.049182	15.075381
26299		-1.174575	-7.173054	15.045740
26300		-1.169800	-7.276772	15.025725
26301		-1.150009	-7.365967	15.003552
26302		-1.106778	-7.437134	14.984626
26303		-1.061125	-7.497686	14.968832
26304		-1.003076	-7.535104	14.951926
26305		-0.929586	-7.538794	14.929677
26306		-0.822784	-7.511921	14.905569
26307		-0.686584	-7.441794	14.883131
26308		-0.545001	-7.341566	14.884512
26309		-0.437963	-7.294573	14.890710
26310		-0.385803	-7.255326	14.908465
26311		-0.349039	-7.200436	14.917914
26312		-0.291337	-7.150783	14.920978
26313		-0.212073	-7.108299	14.919256
26314		-0.151210	-7.088181	14.910222
26315		-0.131728	-7.078194	14.904843
26316		-0.131003	-7.062166	14.895468
26317		-0.135166	-7.032588	14.893501
26318		-0.142985	-6.996502	14.898158
26319		-0.174963	-6.966368	14.903220
26320		-0.250962	-6.965591	14.904223
26321		-0.360806	-6.994168	14.898732
26322		-0.481315	-7.033205	14.895878
26323		-0.595495	-7.075785	14.882603
26324		-0.720876	-7.103112	14.873189
26325		-0.827489	-7.157775	14.863434
26326		-0.966544	-7.180688	14.900724
26327		-1.063728	-7.207622	14.927684
26328		-1.171913	-7.211596	14.977387
26329		-1.291832	-7.198423	15.027324
26330		-1.375877	-7.154075	15.074994
26331		-1.461799	-7.073143	15.145737
26332		-1.524526	-6.949345	15.216844
26333		-1.605195	-6.917655	15.267347
26334		-1.749180	-6.991224	15.301370
26335		-1.918650	-7.068103	15.347308
26336		-2.090675	-7.145210	15.402007
26337		-2.275480	-7.202464	15.474717
26338		-2.481253	-7.237252	15.546481
26339		-2.679023	-7.240127	15.615346
26340		-2.858211	-7.203431	15.681010
26341		-2.991273	-7.131921	15.738146
26342		-3.028656	-7.012307	15.780436
26343		-2.998391	-6.820489	15.820831
26344		-2.939716	-6.567442	15.866288
26345		-2.852697	-6.281571	15.931847
26346		-2.809477	-6.169077	15.955894
26347		-2.829086	-6.220175	15.953388
26348		-2.853035	-6.266097	15.950870
26349		-2.870402	-6.283787	15.951832
26350		-2.890299	-6.269639	15.963236
26351		-2.913226	-6.221858	15.985224
26352		-2.953982	-6.168949	16.015410
26353		-3.039515	-6.138911	16.052164
26354		-3.152665	-6.092692	16.097124
26355		-3.255635	-6.014584	16.143196
26356		-3.329757	-5.904096	16.196131
26357		-3.372890	-5.764199	16.242641
26358		-3.389665	-5.592954	16.294511
26359		-3.444774	-5.492761	16.327392
26360		-3.553403	-5.436729	16.362955
26361		-3.667501	-5.376334	16.388254
26362		-3.738147	-5.308638	16.400922
26363		-3.761049	-5.211801	16.408860
26364		-3.758665	-5.072853	16.427478
26365		-3.766316	-4.918427	16.461745
26366		-3.781433	-4.748176	16.509476
26367		-3.774972	-4.559085	16.559013
26368		-3.730453	-4.340726	16.612647
26369		-3.680065	-4.093010	16.687111
26370		-3.648060	-3.862248	16.768462
26371		-3.617804	-3.664102	16.831129
26372		-3.613625	-3.531781	16.866302
26373		-3.600209	-3.426583	16.880908
26374		-3.569097	-3.331622	16.882143
26375		-3.535047	-3.251011	16.866864
26376		-3.507239	-3.136041	16.865695
26377		-3.443534	-3.049537	16.851226
26378		-3.380365	-2.927398	16.857706
26379		-3.284832	-2.803472	16.871958
26380		-3.175581	-2.643403	16.902142
26381		-3.057306	-2.487755	16.936904
26382		-2.953075	-2.369619	16.958752
26383		-2.875725	-2.266086	16.971777
26384		-2.812807	-2.174666	16.979363
26385		-2.761448	-2.104325	16.984428
26386		-2.718680	-2.032983	16.978509
26387		-2.683465	-1.965300	16.968608
26388		-2.656695	-1.906268	16.960074
26389		-2.638378	-1.849317	16.953204
26390		-2.616362	-1.793181	16.944105
26391		-2.579002	-1.735791	16.935419
26392		-2.537071	-1.666858	16.934206
26393		-2.484898	-1.589014	16.932463
26394		-2.439029	-1.517422	16.932906
26395		-2.394155	-1.457374	16.935680
26396		-2.347397	-1.407167	16.937830
26397		-2.321844	-1.363121	16.939878
26398		-2.280490	-1.330752	16.936206
26399		-2.246919	-1.316587	16.929633
26400		-2.243441	-1.295396	16.929006
26401		-2.249167	-1.284900	16.934231
26402		-2.237672	-1.279730	16.929308
26403		-2.229146	-1.281099	16.920672
26404		-2.234251	-1.282808	16.913300
26405		-2.226282	-1.291513	16.905273
26406		-2.209662	-1.296297	16.893867
26407		-2.189944	-1.301425	16.884903
26408		-2.164399	-1.304935	16.874549
26409		-2.143130	-1.303366	16.863927
26410		-2.128721	-1.305968	16.855583
26411		-2.116541	-1.309728	16.849227
26412		-2.111460	-1.320035	16.845052
26413		-2.109460	-1.331676	16.842938
26414		-2.109719	-1.341633	16.842041
26415		-2.115783	-1.347714	16.840052
26416		-2.115784	-1.357046	16.833650
26417		-2.104610	-1.360149	16.828336
26418		-2.079408	-1.355289	16.821170
26419		-2.050891	-1.341772	16.817802
26420		-2.018832	-1.322730	16.810707
26421		-1.984699	-1.298465	16.802768
26422		-1.957912	-1.271508	16.793833
26423		-1.953933	-1.247429	16.787826
26424		-1.952131	-1.225667	16.780988
26425		-1.957455	-1.204958	16.772925
26426		-1.950335	-1.182941	16.764678
26427		-1.942829	-1.162144	16.756334
26428		-1.930465	-1.142492	16.747478
26429		-1.917345	-1.121367	16.741387
26430		-1.904992	-1.101700	16.732537
26431		-1.892712	-1.087398	16.725261
26432		-1.885527	-1.069381	16.714972
26433		-1.881152	-1.056438	16.707443
26434		-1.884506	-1.048476	16.700374
26435		-1.890431	-1.043792	16.694297
26436		-1.900290	-1.035170	16.688780
26437		-1.909592	-1.028005	16.684057
26438		-1.915699	-1.019174	16.680040
26439		-1.923128	-1.011903	16.676066
26440		-1.932500	-1.009574	16.675697
26441		-1.945155	-1.006015	16.672934
26442		-1.954147	-1.001574	16.673554
26443		-1.958372	-0.994214	16.674803
26444		-1.961884	-0.989777	16.674918
26445		-1.961145	-0.989791	16.676261
26446		-1.962110	-0.994113	16.675705
26447		-1.968547	-1.000570	16.678304
26448		-1.982570	-1.007928	16.676035
26449		-2.000659	-1.015958	16.676868
26450		-2.018579	-1.028202	16.676556
26451		-2.034054	-1.042354	16.675931
26452		-2.046786	-1.059601	16.675821
26453		-2.062737	-1.072394	16.674392
26454		-2.079639	-1.085283	16.673047
26455		-2.103973	-1.097510	16.672423
26456		-2.129169	-1.113290	16.671706
26457		-2.151524	-1.129444	16.669797
26458		-2.174073	-1.142047	16.668080
26459		-2.193084	-1.154012	16.666073
26460		-2.207030	-1.164232	16.665523
26461		-2.217984	-1.175091	16.664670
26462		-2.225179	-1.189121	16.665156
26463		-2.230331	-1.201086	16.663717
26464		-2.236975	-1.214421	16.662348
26465		-2.241500	-1.227991	16.662615
26466		-2.253554	-1.239262	16.659090
26467		-2.271457	-1.254746	16.657750
26468		-2.291879	-1.271525	16.655662
26469		-2.307096	-1.290504	16.652075
26470		-2.312787	-1.307111	16.650474
26471		-2.313856	-1.320532	16.648598
26472		-2.316996	-1.329936	16.648023
26473		-2.316989	-1.340234	16.648034
26474		-2.316129	-1.348229	16.645314
26475		-2.315675	-1.353795	16.645507
26476		-2.314058	-1.357571	16.644756
26477		-2.311584	-1.357794	16.644096
26478		-2.307098	-1.355464	16.644286
26479		-2.293757	-1.351686	16.644642
26480		-2.276677	-1.344990	16.645707
26481		-2.254716	-1.339993	16.643480
26482		-2.230817	-1.334475	16.644774
26483		-2.208330	-1.327616	16.644427
26484		-2.185061	-1.320481	16.644020
26485		-2.162259	-1.314705	16.643594
26486		-2.141036	-1.306829	16.643416
26487		-2.121010	-1.294665	16.643563
26488		-2.102332	-1.278609	16.642187
26489		-2.082162	-1.261762	16.638878
26490		-2.053421	-1.239221	16.637816
26491		-2.019225	-1.213303	16.636425
26492		-1.980741	-1.183737	16.633909
26493		-1.942669	-1.152893	16.630589
26494		-1.906884	-1.120368	16.628495
26495		-1.869060	-1.091282	16.626975
26496		-1.835136	-1.064924	16.624765
26497		-1.807765	-1.043840	16.623818
26498		-1.785890	-1.020027	16.622597
26499		-1.769093	-0.997401	16.621787
26500		-1.755438	-0.973872	16.620390
26501		-1.742722	-0.949780	16.620033
26502		-1.729777	-0.926683	16.619605
26503		-1.717061	-0.903150	16.617386
26504		-1.704823	-0.880487	16.617925
26505		-1.691738	-0.854825	16.616707
26506		-1.675053	-0.831487	16.617807
26507		-1.657902	-0.806691	16.618027
26508		-1.640684	-0.782057	16.619154
26509		-1.624236	-0.758262	16.618474
26510		-1.610498	-0.739852	16.611319
26511		-1.599366	-0.727935	16.604066
26512		-1.588964	-0.714303	16.595124
26513		-1.577840	-0.701803	16.589744
26514		-1.566325	-0.691146	16.583312
26515		-1.558696	-0.682022	16.578989
26516		-1.552933	-0.675835	16.575597
26517		-1.547406	-0.677385	16.573669
26518		-1.545565	-0.679346	16.571123
26519		-1.543358	-0.686249	16.565530
26520		-1.543986	-0.692247	16.562992
26521		-1.547203	-0.694820	16.562707
26522		-1.548641	-0.697222	16.563188
26523		-1.550408	-0.695113	16.563938
26524		-1.549539	-0.692645	16.565388
26525		-1.548037	-0.688955	16.566849
26526		-1.546472	-0.685466	16.569211
26527		-1.541752	-0.683410	16.570303
26528		-1.542858	-0.678712	16.567442
26529		-1.546055	-0.683562	16.559673
26530		-1.550047	-0.689371	16.551002
26531		-1.554210	-0.690932	16.543491
26532		-1.555420	-0.692661	16.538466
26533		-1.554875	-0.696151	16.535960
26534		-1.553673	-0.696485	16.531713
26535		-1.552756	-0.697856	16.530202
26536		-1.552635	-0.699620	16.529658
26537		-1.551669	-0.697208	16.531099
26538		-1.551443	-0.693113	16.530849
26539		-1.546882	-0.690784	16.531049
26540		-1.542906	-0.686468	16.532319
26541		-1.538993	-0.681376	16.534563
26542		-1.535716	-0.677510	16.536792
26543		-1.532611	-0.669390	16.540180
26544		-1.528639	-0.664503	16.543322
26545		-1.524944	-0.661221	16.547330
26546		-1.520808	-0.657167	16.549494
26547		-1.518291	-0.653538	16.551780
26548		-1.515391	-0.651220	16.554883
26549		-1.514587	-0.647966	16.557305
26550		-1.513185	-0.644209	16.558774
26551		-1.511953	-0.644962	16.562790
26552		-1.512485	-0.643393	16.566156
26553		-1.509158	-0.642788	16.567298
26554		-1.507166	-0.643872	16.569385
26555		-1.505074	-0.645003	16.571464
26556		-1.502383	-0.645635	16.572592
26557		-1.499055	-0.645028	16.573736
26558		-1.495665	-0.645208	16.573906
26559		-1.495021	-0.641684	16.575435
26560		-1.493084	-0.636641	16.576924
26561		-1.491421	-0.633193	16.579281
26562		-1.490124	-0.626522	16.579069
26563		-1.490282	-0.620535	16.579870
26564		-1.488504	-0.615225	16.580466
26565		-1.487158	-0.611246	16.581041
26566		-1.487954	-0.606498	16.581833
26567		-1.488695	-0.605012	16.581538
26568		-1.489864	-0.602383	16.581332
26569		-1.490867	-0.597715	16.578454
26570		-1.488499	-0.597248	16.579669
26571		-1.486671	-0.595196	16.579181
26572		-1.485319	-0.594652	16.579567
26573		-1.485577	-0.595091	16.578206
26574		-1.486096	-0.595227	16.575960
26575		-1.487531	-0.594756	16.574743
26576		-1.488701	-0.592127	16.574536
26577		-1.490463	-0.590556	16.573402
26578		-1.492385	-0.591028	16.574941
26579		-1.494680	-0.590741	16.573782
26580		-1.497454	-0.591970	16.573516
26581		-1.499587	-0.591951	16.573274
26582		-1.500810	-0.591970	16.573855
26583		-1.501925	-0.592024	16.574427
26584		-1.502131	-0.592119	16.575837
26585		-1.500516	-0.591871	16.577106
26586		-1.501739	-0.591890	16.577688
26587		-1.502697	-0.592205	16.579153
26588		-1.502204	-0.591848	16.579605
26589		-1.501931	-0.590424	16.580134
26590		-1.502672	-0.591806	16.581524
26591		-1.502717	-0.589285	16.582150
26592		-1.508718	-0.588311	16.584116
26593		-1.514233	-0.585817	16.585206
26594		-1.518570	-0.587117	16.587832
26595		-1.523322	-0.590302	16.588581
26596		-1.525127	-0.594826	16.588062
26597		-1.525653	-0.599715	16.589253
26598		-1.527946	-0.602306	16.589796
26599		-1.525676	-0.604814	16.589036
26600		-1.522874	-0.608927	16.589980
26601		-1.520612	-0.610865	16.591083
26602		-1.521189	-0.613080	16.591496
26603		-1.520318	-0.616493	16.592648
26604		-1.520037	-0.618520	16.592997
26605		-1.519857	-0.622952	16.593228
26606		-1.520646	-0.627553	16.593537
26607		-1.519870	-0.637404	16.592542
26608		-1.518877	-0.648330	16.591454
26609		-1.518475	-0.660294	16.589444
26610		-1.515873	-0.676141	16.589804
26611		-1.516384	-0.690935	16.588637
26612		-1.519035	-0.704995	16.587704
26613		-1.520716	-0.718875	16.586691
26614		-1.519077	-0.731992	16.585433
26615		-1.518037	-0.745572	16.585107
26616		-1.518114	-0.759064	16.583978
26617		-1.517704	-0.771016	16.581973
26618		-1.516932	-0.783749	16.582648
26619		-1.516056	-0.796496	16.583331
26620		-1.515276	-0.809796	16.582134
26621		-1.512362	-0.823258	16.582585
26622		-1.510735	-0.835800	16.583192
26623		-1.508261	-0.845251	16.582021
26624		-1.507649	-0.857716	16.581800
26625		-1.505483	-0.866078	16.580764
26626		-1.506966	-0.871696	16.580161
26627		-1.507630	-0.876876	16.578609
26628		-1.508901	-0.880112	16.578111
26629		-1.508666	-0.882459	16.575688
