// General information: 
//  MT Manager version: 2021.4.0 
//  XDA version: 2021.4.0 build 6323 rev 112641 built on 2021-09-28
// Device information: 
//  DeviceId: 00B43856
//  ProductCode: MTW2-3A7G6
//  Firmware Version: 4.3.4
//  Hardware Version: 1.1.0
// Device settings: 
//  Filter Profile: human(46.1)
//  Option Flags: Orientation Smoother Disabled, Position/Velocity Smoother Disabled, Continuous Zero Rotation Update Disabled, AHS Disabled, ICC Disabled
// Coordinate system: ENU
PacketCounter	Roll	Pitch	Yaw
50101	3.213289	-0.609332	9.569791
50102	3.216202	-0.605919	9.592072
50103	3.218830	-0.605321	9.613313
50104	3.223648	-0.601352	9.632963
50105	3.226033	-0.599567	9.654148
50106	3.230419	-0.598882	9.670758
50107	3.234336	-0.599196	9.688099
50108	3.239176	-0.597617	9.699846
50109	3.244060	-0.595587	9.708762
50110	3.247909	-0.593375	9.711434
50111	3.252664	-0.593801	9.707544
50112	3.258417	-0.592841	9.701639
50113	3.262274	-0.594320	9.688228
50114	3.267181	-0.595651	9.668322
50115	3.272668	-0.596550	9.642288
50116	3.278620	-0.597515	9.612673
50117	3.285359	-0.599003	9.578749
50118	3.292504	-0.601318	9.538464
50119	3.301673	-0.604271	9.492409
50120	3.313635	-0.608475	9.448018
50121	3.324180	-0.612573	9.401009
50122	3.336026	-0.616494	9.352657
50123	3.345943	-0.620494	9.304409
50124	3.355195	-0.625351	9.255622
50125	3.365879	-0.630049	9.206594
50126	3.375435	-0.630748	9.158874
50127	3.384744	-0.634241	9.115105
50128	3.392549	-0.636018	9.073017
50129	3.400566	-0.639289	9.031622
50130	3.407209	-0.642078	8.992303
50131	3.416442	-0.641973	8.955378
50132	3.423488	-0.640295	8.923060
50133	3.431799	-0.642259	8.895379
50134	3.435221	-0.644320	8.864402
50135	3.441067	-0.649258	8.834517
50136	3.443053	-0.656464	8.805249
50137	3.448303	-0.661635	8.777209
50138	3.451417	-0.665157	8.754071
50139	3.455123	-0.666176	8.736860
50140	3.458754	-0.665818	8.723690
50141	3.464817	-0.667459	8.714568
50142	3.468884	-0.670511	8.704415
50143	3.471247	-0.675382	8.698595
50144	3.474688	-0.677067	8.696229
50145	3.479316	-0.682456	8.698799
50146	3.481706	-0.685166	8.704136
50147	3.482886	-0.687418	8.713967
50148	3.485396	-0.690100	8.724258
50149	3.487950	-0.692277	8.737463
50150	3.492621	-0.695193	8.752069
50151	3.492461	-0.694568	8.772416
50152	3.496366	-0.694975	8.793814
50153	3.499746	-0.696248	8.816277
50154	3.502333	-0.696267	8.840418
50155	3.502834	-0.695534	8.863087
50156	3.502108	-0.697227	8.882712
50157	3.500977	-0.700547	8.900578
50158	3.498967	-0.703891	8.916033
50159	3.499128	-0.707803	8.930810
50160	3.500194	-0.709814	8.939890
50161	3.499446	-0.712758	8.951422
50162	3.498921	-0.712984	8.958267
50163	3.499292	-0.713739	8.965644
50164	3.500083	-0.714056	8.970739
50165	3.502838	-0.713277	8.976088
50166	3.507274	-0.716814	8.978827
50167	3.508365	-0.720645	8.977820
50168	3.511794	-0.721732	8.977437
50169	3.513302	-0.722813	8.978030
50170	3.515421	-0.724098	8.978410
50171	3.516141	-0.723691	8.982306
50172	3.517518	-0.723338	8.986519
50173	3.516168	-0.720182	8.994107
50174	3.516232	-0.719733	9.000075
50175	3.511668	-0.719769	9.008602
50176	3.511146	-0.719693	9.016444
50177	3.508084	-0.720569	9.024572
50178	3.505530	-0.720508	9.032071
50179	3.501731	-0.720940	9.040923
50180	3.499184	-0.721461	9.046447
50181	3.498344	-0.718076	9.051989
50182	3.499574	-0.715703	9.058170
50183	3.498880	-0.713484	9.064339
50184	3.500982	-0.713007	9.070660
50185	3.499763	-0.712747	9.073661
50186	3.497530	-0.711496	9.072331
50187	3.495302	-0.709111	9.071087
50188	3.490173	-0.706855	9.066306
50189	3.483542	-0.703227	9.058834
50190	3.477843	-0.703099	9.049993
50191	3.467591	-0.704637	9.039266
50192	3.460298	-0.709103	9.029145
50193	3.454925	-0.712555	9.019240
50194	3.452274	-0.715446	9.011891
50195	3.451436	-0.714470	9.009987
50196	3.449791	-0.712848	9.006785
50197	3.446400	-0.712717	9.004191
50198	3.444753	-0.710802	9.001979
50199	3.441486	-0.711004	9.003593
50200	3.441871	-0.709073	9.001725
50201	3.438184	-0.706699	9.002639
50202	3.434064	-0.706597	9.001977
50203	3.428720	-0.707307	9.001453
50204	3.422574	-0.707805	8.998470
50205	3.415907	-0.710613	8.991907
50206	3.409193	-0.713530	8.983876
50207	3.403313	-0.717273	8.975970
50208	3.401098	-0.717483	8.969701
50209	3.396865	-0.715309	8.967327
50210	3.391738	-0.712465	8.964536
50211	3.386843	-0.710537	8.964658
50212	3.381274	-0.709198	8.964751
50213	3.375960	-0.708635	8.968469
50214	3.367914	-0.708228	8.973083
50215	3.364662	-0.706373	8.980616
50216	3.356033	-0.706331	8.987109
50217	3.350402	-0.702436	8.992530
50218	3.343960	-0.698017	8.996448
50219	3.338997	-0.694802	9.001492
50220	3.334009	-0.691910	9.003671
50221	3.331743	-0.688699	9.005505
50222	3.328790	-0.686380	9.006047
50223	3.326537	-0.683353	9.006307
50224	3.325188	-0.677619	9.004169
50225	3.323575	-0.674341	9.002606
50226	3.322369	-0.669740	9.001475
50227	3.318635	-0.667030	8.998366
50228	3.315545	-0.665040	8.992953
50229	3.312690	-0.665002	8.986433
50230	3.309173	-0.659902	8.977009
50231	3.305396	-0.658667	8.963296
50232	3.302611	-0.656677	8.945085
50233	3.297925	-0.654964	8.925905
50234	3.293113	-0.654156	8.903397
50235	3.289697	-0.653411	8.879912
50236	3.287352	-0.649914	8.858822
50237	3.285499	-0.649909	8.835939
50238	3.283448	-0.649850	8.812908
50239	3.277378	-0.655971	8.786519
50240	3.272145	-0.658416	8.760971
50241	3.266100	-0.659457	8.734739
50242	3.260574	-0.658169	8.712129
50243	3.252654	-0.657236	8.691829
50244	3.242490	-0.656635	8.669432
50245	3.235167	-0.656195	8.649482
50246	3.227903	-0.656900	8.629540
50247	3.221463	-0.656760	8.615209
50248	3.218817	-0.653571	8.605932
50249	3.217568	-0.650337	8.596441
50250	3.216522	-0.649810	8.586430
50251	3.215499	-0.650515	8.573704
50252	3.213883	-0.652108	8.559639
50253	3.212965	-0.653276	8.544972
50254	3.209604	-0.651069	8.530638
50255	3.204661	-0.651355	8.511867
50256	3.199276	-0.649742	8.495221
50257	3.191376	-0.648235	8.482573
50258	3.182371	-0.650058	8.468270
50259	3.171987	-0.650773	8.455502
50260	3.162400	-0.652680	8.444065
50261	3.156340	-0.653377	8.435740
50262	3.153109	-0.649985	8.430319
50263	3.149724	-0.648846	8.430845
50264	3.146052	-0.646382	8.430281
50265	3.144237	-0.646326	8.430068
50266	3.143464	-0.645167	8.431952
50267	3.144104	-0.641881	8.434601
50268	3.143909	-0.639767	8.436586
50269	3.143459	-0.638695	8.437810
50270	3.140658	-0.637545	8.439359
50271	3.134809	-0.638567	8.440118
50272	3.129842	-0.637453	8.436375
50273	3.125213	-0.639175	8.427776
50274	3.120835	-0.638851	8.418204
50275	3.115652	-0.637522	8.406234
50276	3.111707	-0.635398	8.394771
50277	3.106577	-0.634004	8.383146
50278	3.102196	-0.633100	8.375553
50279	3.098588	-0.632020	8.365483
50280	3.098691	-0.628423	8.359630
50281	3.095286	-0.628713	8.355606
50282	3.093798	-0.628245	8.353422
50283	3.093446	-0.629011	8.354051
50284	3.094277	-0.630517	8.355200
50285	3.098167	-0.633689	8.358416
50286	3.104516	-0.642203	8.362412
50287	3.107174	-0.657648	8.369528
50288	3.109763	-0.673368	8.380765
50289	3.108603	-0.683638	8.392999
50290	3.106968	-0.690119	8.407543
50291	3.102563	-0.693469	8.420381
50292	3.098028	-0.698049	8.434463
50293	3.092395	-0.705647	8.445530
50294	3.087722	-0.710538	8.453668
50295	3.079823	-0.716316	8.455154
50296	3.071833	-0.724308	8.453850
50297	3.060457	-0.731187	8.447689
50298	3.049873	-0.736680	8.435113
50299	3.038730	-0.742835	8.418582
50300	3.028589	-0.747113	8.402138
50301	3.020372	-0.747702	8.389184
50302	3.014996	-0.749824	8.382417
50303	3.008715	-0.749178	8.379751
50304	3.004197	-0.750871	8.381026
50305	3.001402	-0.754621	8.383755
50306	2.998483	-0.763886	8.390197
50307	2.996815	-0.775722	8.399482
50308	2.994758	-0.790914	8.414934
50309	2.993089	-0.805839	8.436297
50310	2.989572	-0.818613	8.456472
50311	2.982540	-0.829054	8.476132
50312	2.978872	-0.834028	8.495334
50313	2.974373	-0.836247	8.513452
50314	2.968974	-0.838577	8.528436
50315	2.961116	-0.842365	8.541523
50316	2.952970	-0.851153	8.555058
50317	2.943097	-0.867524	8.571729
50318	2.931182	-0.892445	8.584618
50319	2.922005	-0.922025	8.596210
50320	2.903432	-0.955098	8.606057
50321	2.885633	-0.987874	8.613995
50322	2.865908	-1.023690	8.620725
50323	2.844550	-1.060686	8.622394
50324	2.822254	-1.100054	8.619853
50325	2.801063	-1.142486	8.608498
50326	2.785358	-1.191091	8.590220
50327	2.766458	-1.240608	8.565338
50328	2.755188	-1.288332	8.537909
50329	2.743633	-1.339995	8.506179
50330	2.735412	-1.393679	8.465417
50331	2.730141	-1.457577	8.409693
50332	2.731135	-1.527928	8.337770
50333	2.737303	-1.604708	8.246672
50334	2.749366	-1.688755	8.138941
50335	2.769696	-1.769052	8.013755
50336	2.797931	-1.847408	7.879880
50337	2.828528	-1.922623	7.745852
50338	2.860625	-1.999471	7.619517
50339	2.894406	-2.079363	7.509074
50340	2.928673	-2.167092	7.412674
50341	2.965704	-2.267655	7.332265
50342	3.003140	-2.376227	7.260957
50343	3.041571	-2.493944	7.195063
50344	3.083896	-2.621913	7.139208
50345	3.133593	-2.752767	7.091413
50346	3.190016	-2.886977	7.055252
50347	3.258280	-3.024193	7.036052
50348	3.338660	-3.162943	7.036686
50349	3.432323	-3.311816	7.060462
50350	3.539113	-3.465866	7.098154
50351	3.657436	-3.641068	7.133938
50352	3.795415	-3.844176	7.158819
50353	3.953451	-4.079533	7.173193
50354	4.139553	-4.348759	7.167334
50355	4.362585	-4.657800	7.136320
50356	4.630619	-5.010718	7.064617
50357	4.959084	-5.415749	6.949123
50358	5.361436	-5.864075	6.785540
50359	5.845851	-6.349906	6.577968
50360	6.428898	-6.881762	6.338732
50361	7.115973	-7.450550	6.075243
50362	7.910055	-8.042810	5.812155
50363	8.814833	-8.625386	5.565658
50364	9.815066	-9.201539	5.348747
50365	10.891337	-9.805187	5.161293
50366	12.017849	-10.471903	4.987700
50367	13.198238	-11.211406	4.790471
50368	14.452011	-12.013205	4.502432
50369	15.815441	-12.861763	4.088167
50370	17.312938	-13.697865	3.536499
50371	18.967473	-14.465537	2.833258
50372	20.772247	-15.143436	1.938832
50373	22.703389	-15.713700	0.824695
50374	24.715490	-16.152228	-0.517322
50375	26.760106	-16.404405	-2.052190
50376	28.787463	-16.481471	-3.700965
50377	30.754496	-16.399452	-5.340120
50378	32.624062	-16.233816	-6.856792
50379	34.414060	-16.068814	-8.182885
50380	36.171461	-15.959403	-9.290365
50381	37.935664	-15.941126	-10.162884
50382	39.721707	-16.026166	-10.781821
50383	41.516290	-16.241040	-11.138008
50384	43.299168	-16.610145	-11.247542
50385	45.031205	-17.134297	-11.153024
50386	46.691870	-17.822775	-10.930363
50387	48.272858	-18.633975	-10.629863
50388	49.774179	-19.513692	-10.290379
50389	51.203831	-20.408062	-9.933886
50390	52.582165	-21.283716	-9.575210
50391	53.941521	-22.131262	-9.238413
50392	55.290852	-22.947435	-8.946471
50393	56.633914	-23.702794	-8.717534
50394	57.957929	-24.370019	-8.562696
50395	59.248839	-24.934347	-8.488330
50396	60.495506	-25.381650	-8.462244
50397	61.697324	-25.725116	-8.473516
50398	62.855478	-25.969606	-8.535352
50399	63.964400	-26.102077	-8.646404
50400	65.021345	-26.129962	-8.824652
50401	66.021013	-26.044375	-9.071244
50402	66.944498	-25.824458	-9.370198
50403	67.777859	-25.477974	-9.696437
50404	68.505695	-25.050838	-9.996640
50405	69.121251	-24.609332	-10.225965
50406	69.628904	-24.231094	-10.358094
50407	70.033201	-23.962051	-10.410211
50408	70.352793	-23.829388	-10.399497
50409	70.587554	-23.818809	-10.340958
50410	70.733705	-23.880900	-10.222860
50411	70.794756	-23.977147	-10.052667
50412	70.774996	-24.077799	-9.840904
50413	70.673580	-24.175829	-9.592297
50414	70.499711	-24.266079	-9.308262
50415	70.258866	-24.357390	-9.001680
50416	69.966598	-24.459646	-8.667270
50417	69.638810	-24.581417	-8.329500
50418	69.292754	-24.705010	-8.021055
50419	68.935620	-24.789766	-7.752272
50420	68.566572	-24.804747	-7.531700
50421	68.177587	-24.733969	-7.332546
50422	67.773647	-24.572732	-7.123333
50423	67.360472	-24.326116	-6.902586
50424	66.946789	-23.997279	-6.688772
50425	66.536673	-23.622925	-6.487378
50426	66.121896	-23.263676	-6.289516
50427	65.709824	-22.957033	-6.096618
50428	65.300453	-22.715450	-5.915088
50429	64.901526	-22.537275	-5.728852
50430	64.513106	-22.412603	-5.534898
50431	64.139411	-22.335988	-5.334023
50432	63.768503	-22.310033	-5.114013
50433	63.406873	-22.345443	-4.880336
50434	63.095826	-22.526021	-4.639293
50435	62.959807	-22.831341	-4.383965
50436	63.074258	-22.999403	-4.219760
50437	63.304781	-23.028720	-4.195296
50438	63.451837	-23.031736	-4.109077
50439	63.507162	-23.119940	-3.987093
50440	63.514447	-23.287404	-3.926019
50441	63.499469	-23.461120	-3.914031
50442	63.463492	-23.584611	-3.918351
50443	63.413870	-23.613116	-3.950449
50444	63.341701	-23.505631	-4.066170
50445	63.218338	-23.236708	-4.259019
50446	63.011277	-22.819260	-4.449820
50447	62.739759	-22.320905	-4.591943
50448	62.440359	-21.824868	-4.657946
50449	62.159872	-21.407837	-4.670958
50450	61.904571	-21.137859	-4.608487
50451	61.670152	-21.043062	-4.416374
50452	61.453697	-21.115187	-4.102929
50453	61.251858	-21.290267	-3.727223
50454	61.023278	-21.460323	-3.325183
50455	60.726331	-21.555090	-2.956371
50456	60.319845	-21.541709	-2.633558
50457	59.806887	-21.422996	-2.326626
50458	59.203217	-21.200213	-1.997978
50459	58.533505	-20.896909	-1.670662
50460	57.805006	-20.536586	-1.418567
50461	57.039105	-20.123899	-1.199843
50462	56.254699	-19.686575	-0.971444
50463	55.463908	-19.207885	-0.732085
50464	54.638757	-18.709094	-0.510990
50465	53.760663	-18.265335	-0.310815
50466	52.821997	-17.936081	-0.128108
50467	51.830942	-17.702046	0.086430
50468	50.804505	-17.520884	0.345367
50469	49.759313	-17.370575	0.650707
50470	48.699228	-17.213871	1.004161
50471	47.643611	-17.004951	1.373080
50472	46.593225	-16.751916	1.728940
50473	45.544832	-16.475977	2.067931
50474	44.504681	-16.167890	2.382834
50475	43.486713	-15.814436	2.656741
50476	42.504393	-15.438892	2.875594
50477	41.551924	-15.042595	3.046054
50478	40.624968	-14.613315	3.178808
50479	39.704219	-14.154350	3.296144
50480	38.791083	-13.679306	3.406340
50481	37.882987	-13.211055	3.491437
50482	36.980798	-12.744983	3.541645
50483	36.085481	-12.280468	3.574872
50484	35.196521	-11.827976	3.592488
50485	34.320982	-11.398852	3.594373
50486	33.451967	-10.979752	3.606189
50487	32.582470	-10.567915	3.620216
50488	31.706303	-10.169607	3.626580
50489	30.815470	-9.793951	3.631269
50490	29.926011	-9.433907	3.627008
50491	29.047902	-9.070946	3.632484
50492	28.193798	-8.711037	3.647530
50493	27.367047	-8.359648	3.658407
50494	26.555311	-8.028517	3.654575
50495	25.757640	-7.716423	3.605281
50496	24.984426	-7.428318	3.483980
50497	24.241655	-7.125329	3.321929
50498	23.532345	-6.789506	3.147054
50499	22.827584	-6.428637	2.963334
50500	22.101472	-6.056390	2.758664
50501	21.361604	-5.694823	2.549491
50502	20.619561	-5.389752	2.360506
50503	19.894203	-5.109347	2.227100
50504	19.195164	-4.843513	2.141666
50505	18.524734	-4.596865	2.085063
50506	17.878040	-4.383519	2.047785
50507	17.247705	-4.193480	2.035089
50508	16.634310	-4.034631	2.030640
50509	16.048350	-3.903671	2.036999
50510	15.494035	-3.780905	2.068233
50511	14.960668	-3.667674	2.106751
50512	14.454522	-3.538065	2.132078
50513	13.969405	-3.413686	2.144604
50514	13.495645	-3.310729	2.125488
50515	13.024256	-3.215106	2.074971
50516	12.554189	-3.104567	2.011627
50517	12.079743	-2.979015	1.941256
50518	11.588226	-2.869971	1.862749
50519	11.084880	-2.779285	1.782911
50520	10.575708	-2.693195	1.740810
50521	10.073024	-2.602295	1.749789
50522	9.600531	-2.499921	1.821550
50523	9.180719	-2.402313	1.953503
50524	8.806234	-2.335175	2.115580
50525	8.470430	-2.283342	2.310008
50526	8.161711	-2.246168	2.545625
50527	7.870642	-2.205242	2.809767
50528	7.592046	-2.160268	3.107254
50529	7.338340	-2.107967	3.432670
50530	7.094823	-2.035271	3.756905
50531	6.849376	-1.953881	4.060151
50532	6.596841	-1.865043	4.335350
50533	6.337017	-1.774631	4.578473
50534	6.081137	-1.689350	4.793576
50535	5.834746	-1.622097	4.991036
50536	5.613894	-1.560454	5.177466
50537	5.411041	-1.490828	5.358281
50538	5.216256	-1.416503	5.548195
50539	5.034236	-1.336017	5.764847
50540	4.881086	-1.262502	6.003245
50541	4.771192	-1.191703	6.245471
50542	4.708025	-1.118906	6.460542
50543	4.674317	-1.062544	6.638719
50544	4.654737	-1.029300	6.787934
50545	4.649453	-1.024141	6.954573
50546	4.655604	-1.028740	7.158124
50547	4.660792	-1.028335	7.381677
50548	4.653933	-1.018577	7.598767
50549	4.637673	-0.994773	7.808169
50550	4.617595	-0.961788	8.011340
50551	4.605967	-0.919662	8.219293
50552	4.599400	-0.878436	8.411252
50553	4.598126	-0.853913	8.578125
50554	4.582982	-0.847037	8.721611
50555	4.550510	-0.839207	8.847683
50556	4.498973	-0.831062	8.968799
50557	4.440217	-0.816762	9.088040
50558	4.379582	-0.802791	9.191120
50559	4.321215	-0.809755	9.281261
50560	4.275252	-0.824541	9.360303
50561	4.242591	-0.838455	9.419638
50562	4.224693	-0.851071	9.464424
50563	4.223532	-0.860284	9.497991
50564	4.235059	-0.879241	9.524384
50565	4.248152	-0.915544	9.549694
50566	4.257141	-0.961153	9.569198
50567	4.263087	-1.009764	9.589191
50568	4.277207	-1.060699	9.607409
50569	4.299831	-1.111938	9.617994
50570	4.329474	-1.162154	9.621691
50571	4.369132	-1.207586	9.616073
50572	4.417928	-1.255082	9.597840
50573	4.472553	-1.311439	9.567364
50574	4.530046	-1.380907	9.525062
50575	4.589112	-1.461216	9.475778
50576	4.645959	-1.534083	9.418295
50577	4.702065	-1.597282	9.340983
50578	4.752436	-1.655259	9.242987
50579	4.796323	-1.703556	9.134292
50580	4.831227	-1.741909	9.023483
50581	4.855963	-1.782332	8.922064
50582	4.872111	-1.818085	8.839354
50583	4.874600	-1.836583	8.785819
50584	4.872189	-1.839570	8.757733
50585	4.859230	-1.842430	8.761864
50586	4.842634	-1.839530	8.802324
50587	4.824965	-1.831077	8.870600
50588	4.802665	-1.822709	8.965022
50589	4.774402	-1.815183	9.079489
50590	4.743290	-1.803074	9.202622
50591	4.710697	-1.794807	9.326540
50592	4.678604	-1.794632	9.440447
50593	4.647674	-1.797438	9.536613
50594	4.613042	-1.797899	9.607386
50595	4.573353	-1.789526	9.649698
50596	4.529278	-1.773493	9.660601
50597	4.490522	-1.751153	9.646479
50598	4.451664	-1.733398	9.615312
50599	4.412174	-1.723303	9.564955
50600	4.374510	-1.720805	9.505793
50601	4.347928	-1.722152	9.447198
50602	4.327614	-1.729577	9.396427
50603	4.313402	-1.735268	9.353553
50604	4.302490	-1.740401	9.330115
50605	4.295969	-1.744389	9.322273
50606	4.286416	-1.754806	9.325827
50607	4.271866	-1.759458	9.337717
50608	4.253336	-1.760651	9.361042
50609	4.235681	-1.763530	9.385473
50610	4.217549	-1.769199	9.407796
50611	4.197212	-1.780618	9.427723
50612	4.171487	-1.792577	9.445862
50613	4.145892	-1.792025	9.462255
50614	4.125566	-1.798120	9.477309
50615	4.110562	-1.810233	9.494050
50616	4.097629	-1.830529	9.509966
50617	4.093157	-1.856963	9.521039
50618	4.088435	-1.890946	9.522993
50619	4.079278	-1.927371	9.505329
50620	4.062015	-1.962516	9.466604
50621	4.037562	-1.990229	9.413017
50622	4.013770	-2.013125	9.349668
50623	3.983900	-2.037656	9.279470
50624	3.955952	-2.066998	9.210519
50625	3.929743	-2.100487	9.140786
50626	3.908262	-2.130812	9.079774
50627	3.885956	-2.156034	9.030677
50628	3.860690	-2.175626	8.989234
50629	3.831257	-2.190530	8.959225
50630	3.804892	-2.200471	8.935697
50631	3.785643	-2.206532	8.916210
50632	3.772287	-2.216929	8.900471
50633	3.756192	-2.234827	8.879298
50634	3.736607	-2.260384	8.849591
50635	3.715029	-2.294468	8.812568
50636	3.695331	-2.334181	8.773765
50637	3.680284	-2.378841	8.738554
50638	3.671642	-2.421690	8.697295
50639	3.675786	-2.467183	8.645828
50640	3.685115	-2.514017	8.578161
50641	3.699931	-2.558880	8.493371
50642	3.713676	-2.603197	8.387604
50643	3.722698	-2.637647	8.262466
50644	3.724846	-2.670690	8.128548
50645	3.721855	-2.709344	8.003850
50646	3.715283	-2.753135	7.898517
50647	3.707144	-2.796090	7.816812
50648	3.698858	-2.833047	7.756998
50649	3.694924	-2.864304	7.710720
50650	3.687843	-2.889511	7.674016
50651	3.680150	-2.906598	7.652199
50652	3.668224	-2.919823	7.643739
50653	3.646969	-2.931705	7.645983
50654	3.619447	-2.946940	7.653318
50655	3.592317	-2.958603	7.665722
50656	3.565419	-2.973957	7.669199
50657	3.543816	-2.996207	7.660442
50658	3.531307	-3.031047	7.631926
50659	3.527015	-3.088123	7.579521
50660	3.534033	-3.171488	7.499595
50661	3.555636	-3.283530	7.396545
50662	3.591235	-3.428826	7.279114
50663	3.633373	-3.608508	7.158267
50664	3.706720	-3.808911	7.040044
50665	3.827251	-4.032058	6.923299
50666	4.009493	-4.291957	6.791515
50667	4.251648	-4.621769	6.598280
50668	4.546680	-5.028980	6.344063
50669	4.884111	-5.490328	6.024401
50670	5.267234	-5.996447	5.646096
50671	5.710381	-6.541911	5.206163
50672	6.212747	-7.098742	4.688407
50673	6.780980	-7.641198	4.090599
50674	7.406283	-8.143376	3.429018
50675	8.079795	-8.601150	2.725918
50676	8.786205	-9.019906	2.000620
50677	9.514986	-9.409042	1.267019
50678	10.259006	-9.767346	0.523758
50679	11.011303	-10.095025	-0.235081
50680	11.771301	-10.379969	-1.004433
50681	12.543524	-10.615064	-1.784336
50682	13.336136	-10.803151	-2.551008
50683	14.163775	-10.944705	-3.291379
50684	15.045487	-11.028136	-3.999757
50685	15.997641	-11.058492	-4.658878
50686	17.017250	-11.086175	-5.228093
50687	18.101778	-11.144225	-5.653166
50688	19.244241	-11.239732	-5.913028
50689	20.440685	-11.396006	-6.024285
50690	21.680470	-11.645936	-6.030882
50691	22.952930	-12.012017	-5.961929
50692	24.235180	-12.527374	-5.846920
50693	25.512441	-13.219112	-5.682083
50694	26.765130	-14.016836	-5.445749
50695	28.010724	-14.839569	-5.168399
50696	29.256343	-15.647708	-4.897764
50697	30.511081	-16.423506	-4.677047
50698	31.771610	-17.147891	-4.526149
50699	33.030973	-17.835039	-4.440693
50700	34.273425	-18.499958	-4.416207
50701	35.502835	-19.131844	-4.430564
50702	36.729439	-19.731682	-4.470477
50703	37.959273	-20.296117	-4.519833
50704	39.199560	-20.828535	-4.581646
50705	40.448499	-21.326176	-4.676885
50706	41.700822	-21.784016	-4.826827
50707	42.953887	-22.201716	-5.042143
50708	44.193329	-22.579171	-5.324080
50709	45.406459	-22.914042	-5.660404
50710	46.578736	-23.216716	-6.022780
50711	47.705939	-23.498366	-6.398691
50712	48.773529	-23.735692	-6.759936
50713	49.799163	-23.912567	-7.109583
50714	50.782017	-24.036890	-7.448203
50715	51.727189	-24.099382	-7.780551
50716	52.631506	-24.134996	-8.109380
50717	53.492354	-24.171917	-8.427381
50718	54.313162	-24.213769	-8.717886
50719	55.094054	-24.266237	-8.974453
50720	55.846573	-24.314416	-9.195272
50721	56.566823	-24.342175	-9.391372
50722	57.257542	-24.339210	-9.585544
50723	57.909517	-24.313848	-9.780273
50724	58.514398	-24.285139	-9.955248
50725	59.058186	-24.272849	-10.083064
50726	59.533160	-24.290873	-10.143314
50727	59.947005	-24.335457	-10.142495
50728	60.297146	-24.400074	-10.098489
50729	60.583025	-24.469316	-10.024806
50730	60.806076	-24.532868	-9.934252
50731	60.971817	-24.571968	-9.844846
50732	61.081950	-24.567518	-9.759447
50733	61.135906	-24.514825	-9.672964
50734	61.129424	-24.402797	-9.580698
50735	61.068716	-24.224472	-9.476839
50736	60.954380	-24.005066	-9.368500
50737	60.795695	-23.768257	-9.259438
50738	60.607259	-23.523670	-9.157559
50739	60.405555	-23.274580	-9.069910
50740	60.199385	-23.008510	-9.001206
50741	59.986398	-22.717642	-8.958897
50742	59.760050	-22.409455	-8.943474
50743	59.511225	-22.092778	-8.920084
50744	59.243186	-21.778568	-8.878492
50745	58.960718	-21.482818	-8.821526
50746	58.660194	-21.208439	-8.737532
50747	58.345580	-20.957409	-8.628381
50748	58.058515	-20.781612	-8.517016
50749	57.904338	-20.736417	-8.396331
50750	57.970914	-20.670656	-8.254869
50751	58.159921	-20.563708	-8.065497
50752	58.293479	-20.557409	-7.750572
50753	58.348564	-20.710301	-7.393420
50754	58.353921	-20.957983	-7.130158
50755	58.331952	-21.187759	-6.984845
50756	58.282363	-21.333800	-6.927424
50757	58.207375	-21.406999	-6.934764
50758	58.098435	-21.412719	-6.972755
50759	57.966047	-21.356387	-7.011342
50760	57.817098	-21.249681	-7.023647
50761	57.655954	-21.109391	-6.992771
50762	57.486710	-20.970961	-6.930907
50763	57.321978	-20.872024	-6.862321
50764	57.179047	-20.835334	-6.775886
50765	57.065243	-20.861666	-6.636889
50766	56.987155	-20.934702	-6.450506
50767	56.932013	-21.003906	-6.236333
50768	56.873163	-21.029440	-6.010844
50769	56.814781	-21.001779	-5.804399
50770	56.749558	-20.929207	-5.655370
50771	56.669057	-20.819537	-5.568029
50772	56.558363	-20.678964	-5.521446
50773	56.413659	-20.493044	-5.461111
50774	56.252304	-20.258468	-5.363444
50775	56.103209	-19.996015	-5.246548
50776	55.987382	-19.719389	-5.127042
50777	55.898383	-19.465919	-5.018105
50778	55.829944	-19.256152	-4.935868
50779	55.773108	-19.099993	-4.864793
50780	55.718752	-18.999372	-4.778716
50781	55.654961	-18.940378	-4.653933
50782	55.570456	-18.913083	-4.476960
50783	55.472211	-18.910976	-4.277470
50784	55.355724	-18.924767	-4.068672
50785	55.234574	-18.937247	-3.847319
50786	55.103196	-18.935436	-3.632011
50787	54.972570	-18.912259	-3.451697
50788	54.832729	-18.849492	-3.265928
50789	54.680518	-18.770023	-3.061599
50790	54.513662	-18.692455	-2.881967
50791	54.319868	-18.620408	-2.736535
50792	54.080387	-18.539600	-2.598844
50793	53.788715	-18.422977	-2.459035
50794	53.428084	-18.246492	-2.320504
50795	53.002286	-18.011287	-2.172351
50796	52.520985	-17.732404	-2.013259
50797	52.012380	-17.403249	-1.844747
50798	51.478591	-17.050794	-1.665385
50799	50.916644	-16.702383	-1.484009
50800	50.303613	-16.392997	-1.272846
50801	49.632723	-16.105652	-0.996401
50802	48.899423	-15.826194	-0.638977
50803	48.104881	-15.546784	-0.217618
50804	47.243502	-15.265724	0.267467
50805	46.323384	-14.985741	0.799534
50806	45.359126	-14.701929	1.344294
50807	44.371154	-14.420105	1.859600
50808	43.379911	-14.140478	2.335477
50809	42.416311	-13.859461	2.764540
50810	41.481351	-13.571503	3.129907
50811	40.568372	-13.270711	3.424323
50812	39.673448	-12.951968	3.648013
50813	38.794145	-12.610469	3.815419
50814	37.924230	-12.254944	3.937620
50815	37.050302	-11.883723	4.030024
50816	36.153128	-11.504712	4.115167
50817	35.222996	-11.130950	4.192921
50818	34.265169	-10.764873	4.258390
50819	33.290858	-10.423125	4.282547
50820	32.320608	-10.088376	4.274499
50821	31.369541	-9.758435	4.230922
50822	30.446391	-9.428485	4.147608
50823	29.548544	-9.092001	4.023021
50824	28.665631	-8.729293	3.866159
50825	27.787350	-8.354495	3.690378
50826	26.915903	-7.974592	3.499552
50827	26.052600	-7.602328	3.311541
50828	25.202446	-7.267240	3.111195
50829	24.367224	-6.957981	2.898675
50830	23.551241	-6.685004	2.679259
50831	22.770229	-6.440919	2.453381
50832	22.021472	-6.216284	2.227686
50833	21.301405	-6.004218	2.026684
50834	20.593710	-5.799321	1.845668
50835	19.883598	-5.600104	1.670471
50836	19.162009	-5.406173	1.490039
50837	18.442844	-5.206607	1.302225
50838	17.746334	-4.991610	1.117490
50839	17.064152	-4.745110	0.920610
50840	16.388167	-4.454112	0.693303
50841	15.716074	-4.132275	0.431857
50842	15.051458	-3.797066	0.157041
50843	14.397620	-3.471765	-0.107615
50844	13.755821	-3.187004	-0.355544
50845	13.139884	-2.930664	-0.569713
50846	12.566039	-2.688514	-0.738098
50847	12.033460	-2.464815	-0.856801
50848	11.542951	-2.245228	-0.920181
50849	11.092745	-2.027537	-0.918072
50850	10.674720	-1.840653	-0.868699
50851	10.257137	-1.715306	-0.816981
50852	9.833477	-1.655983	-0.776913
50853	9.405681	-1.624482	-0.734869
50854	8.977212	-1.593099	-0.692431
50855	8.548374	-1.562001	-0.662223
50856	8.131152	-1.512135	-0.631368
50857	7.720170	-1.416602	-0.593426
50858	7.325602	-1.309571	-0.545677
50859	6.953224	-1.201998	-0.472027
50860	6.602964	-1.110047	-0.362774
50861	6.277574	-1.022768	-0.201603
50862	5.978485	-0.930628	0.016264
50863	5.705544	-0.867581	0.287963
50864	5.462537	-0.808090	0.612871
50865	5.239738	-0.761451	0.952685
50866	5.031873	-0.739654	1.263946
50867	4.828332	-0.749192	1.548736
50868	4.644292	-0.771934	1.825534
50869	4.498585	-0.767792	2.092672
50870	4.393395	-0.734308	2.299135
50871	4.313130	-0.717921	2.395223
50872	4.233518	-0.719064	2.401766
50873	4.128880	-0.717105	2.374067
50874	3.986197	-0.688642	2.344210
50875	3.801556	-0.612390	2.328707
50876	3.581709	-0.505932	2.327812
50877	3.361780	-0.396447	2.343206
50878	3.187456	-0.333501	2.380612
50879	3.074634	-0.314825	2.446158
50880	3.006777	-0.308400	2.555202
50881	2.959211	-0.287032	2.721619
50882	2.927713	-0.248019	2.934423
50883	2.904431	-0.197075	3.173057
50884	2.888536	-0.146255	3.418721
50885	2.885920	-0.094914	3.667411
50886	2.902905	-0.061949	3.919480
50887	2.936907	-0.038370	4.171953
50888	2.969236	-0.033669	4.416149
50889	2.986262	-0.032157	4.631075
50890	2.987604	-0.015401	4.813239
50891	2.975134	0.009506	4.959635
50892	2.948924	0.029339	5.074786
50893	2.912784	0.023719	5.170276
50894	2.868516	0.003034	5.260433
50895	2.812151	-0.028231	5.342778
50896	2.747771	-0.061783	5.409443
50897	2.688072	-0.081551	5.462408
50898	2.641809	-0.082780	5.511910
50899	2.605095	-0.076845	5.564788
50900	2.575229	-0.077508	5.624418
50901	2.544260	-0.080633	5.691630
50902	2.513661	-0.096469	5.769490
50903	2.480238	-0.125828	5.862337
50904	2.454346	-0.152944	5.972091
50905	2.436266	-0.172833	6.104671
50906	2.430293	-0.193668	6.258675
50907	2.437551	-0.214227	6.419449
50908	2.455917	-0.243823	6.574838
50909	2.478102	-0.285483	6.720711
50910	2.504328	-0.321275	6.859534
50911	2.537556	-0.359723	6.993371
50912	2.570609	-0.394673	7.124439
50913	2.598143	-0.427992	7.247920
50914	2.621156	-0.462003	7.365969
50915	2.637884	-0.497716	7.481186
50916	2.645912	-0.532564	7.590433
50917	2.639910	-0.561813	7.689029
50918	2.621979	-0.583712	7.768473
50919	2.599896	-0.593441	7.834721
50920	2.578940	-0.590756	7.886581
50921	2.563862	-0.586215	7.919412
50922	2.551886	-0.585576	7.931840
50923	2.536402	-0.595636	7.926711
50924	2.517591	-0.614438	7.909155
50925	2.497385	-0.636345	7.878435
50926	2.484077	-0.653356	7.839873
50927	2.484725	-0.664457	7.794299
50928	2.497602	-0.676368	7.743457
50929	2.518534	-0.692858	7.693540
50930	2.541789	-0.714177	7.644889
50931	2.562132	-0.741381	7.601625
50932	2.574587	-0.762324	7.563437
50933	2.580700	-0.774713	7.531446
50934	2.577636	-0.781024	7.505352
50935	2.572124	-0.783548	7.487856
50936	2.562728	-0.792850	7.476708
50937	2.556011	-0.803768	7.472748
50938	2.546870	-0.815601	7.476429
50939	2.536035	-0.826900	7.483801
50940	2.523358	-0.835453	7.490057
50941	2.509908	-0.834997	7.495332
50942	2.497349	-0.829623	7.490979
50943	2.486815	-0.831172	7.482748
50944	2.482245	-0.837013	7.468350
50945	2.480416	-0.843709	7.450275
50946	2.479414	-0.856120	7.426332
50947	2.476368	-0.869574	7.395125
50948	2.472216	-0.878285	7.353047
50949	2.466850	-0.893489	7.309656
50950	2.465472	-0.909040	7.268815
50951	2.463884	-0.930844	7.234705
50952	2.469461	-0.950675	7.205562
50953	2.472065	-0.970186	7.180933
50954	2.473973	-0.978499	7.155482
50955	2.474395	-0.983944	7.128853
50956	2.470123	-0.990920	7.101653
50957	2.463977	-0.996832	7.075174
50958	2.455618	-1.000937	7.052450
50959	2.452662	-1.000458	7.038352
50960	2.451337	-1.006727	7.035256
50961	2.448106	-1.022317	7.037634
50962	2.439361	-1.033444	7.035489
50963	2.426174	-1.041893	7.023895
50964	2.416063	-1.045475	7.007885
50965	2.407671	-1.044175	6.992134
50966	2.404490	-1.042217	6.981049
50967	2.408497	-1.043320	6.969793
50968	2.410336	-1.045063	6.958291
50969	2.412889	-1.045724	6.944882
50970	2.412953	-1.044464	6.930246
50971	2.405429	-1.045619	6.912597
50972	2.395949	-1.047214	6.900659
50973	2.387609	-1.048421	6.894761
50974	2.378372	-1.049561	6.889777
50975	2.373515	-1.051275	6.886290
50976	2.370000	-1.059623	6.888815
50977	2.364637	-1.068018	6.888109
50978	2.355021	-1.070683	6.886019
50979	2.342999	-1.066959	6.883709
50980	2.329902	-1.062286	6.880323
50981	2.318436	-1.058185	6.876109
50982	2.306544	-1.057430	6.875771
50983	2.295000	-1.057673	6.874441
50984	2.282809	-1.061186	6.872020
50985	2.271138	-1.059755	6.871693
50986	2.259431	-1.052776	6.875437
50987	2.247080	-1.043228	6.879112
50988	2.232361	-1.039692	6.881435
50989	2.215344	-1.039619	6.876470
50990	2.203156	-1.040385	6.865212
50991	2.190222	-1.043473	6.854789
50992	2.176649	-1.049278	6.845257
50993	2.166122	-1.060469	6.839941
50994	2.151333	-1.065359	6.835217
50995	2.133880	-1.061070	6.830297
50996	2.117614	-1.051858	6.825615
50997	2.102214	-1.047364	6.821920
50998	2.087787	-1.046902	6.823256
50999	2.072487	-1.047631	6.824441
51000	2.056825	-1.039686	6.830680
51001	2.038449	-1.033986	6.837531
51002	2.017829	-1.028329	6.846088
51003	1.998461	-1.022313	6.860700
51004	1.978611	-1.019045	6.881176
51005	1.959675	-1.020215	6.903664
51006	1.941150	-1.022782	6.925216
51007	1.922549	-1.023473	6.940843
51008	1.901418	-1.024686	6.951234
51009	1.876703	-1.026791	6.960169
51010	1.853160	-1.029967	6.971235
51011	1.828473	-1.031771	6.981173
51012	1.803135	-1.032472	6.987120
51013	1.778316	-1.036675	6.988130
51014	1.757326	-1.036818	6.988692
51015	1.736598	-1.036851	6.987306
51016	1.718662	-1.033005	6.991262
51017	1.700985	-1.032016	7.001139
51018	1.686400	-1.036248	7.017273
51019	1.669574	-1.046688	7.035027
51020	1.650826	-1.056161	7.049617
51021	1.626269	-1.060081	7.056635
51022	1.599631	-1.058979	7.051612
51023	1.575687	-1.056374	7.041929
51024	1.557193	-1.050716	7.036957
51025	1.540861	-1.050170	7.030183
51026	1.521717	-1.053349	7.020094
51027	1.500015	-1.060415	7.009681
51028	1.477046	-1.064293	7.001111
51029	1.452300	-1.065444	6.994327
51030	1.432355	-1.065890	6.987152
51031	1.414408	-1.070580	6.976213
51032	1.398029	-1.077668	6.959516
51033	1.381322	-1.094021	6.933778
51034	1.365224	-1.114914	6.906118
51035	1.352113	-1.140626	6.879754
51036	1.344801	-1.175162	6.854018
51037	1.341260	-1.222052	6.827603
51038	1.338758	-1.283681	6.801228
51039	1.334116	-1.369968	6.775396
51040	1.335557	-1.469689	6.762067
51041	1.357860	-1.596183	6.753921
51042	1.409212	-1.745203	6.747940
51043	1.494028	-1.882827	6.748649
51044	1.607082	-2.001517	6.757620
51045	1.739035	-2.112943	6.762689
51046	1.887525	-2.234067	6.768406
51047	2.045147	-2.363888	6.761080
51048	2.222427	-2.491536	6.743831
51049	2.415021	-2.629739	6.707137
51050	2.629053	-2.776905	6.650642
51051	2.866311	-2.956046	6.570173
51052	3.136419	-3.177268	6.462434
51053	3.446431	-3.447152	6.323740
51054	3.803159	-3.760121	6.145810
51055	4.210286	-4.106469	5.932663
51056	4.668977	-4.479595	5.688126
51057	5.177763	-4.882279	5.418498
51058	5.734964	-5.312374	5.115071
51059	6.342088	-5.776091	4.774280
51060	7.000112	-6.279952	4.405182
51061	7.706384	-6.807801	4.009313
51062	8.446788	-7.350342	3.571263
51063	9.215877	-7.918740	3.079498
51064	10.022310	-8.528417	2.521089
51065	10.891190	-9.153320	1.903746
51066	11.844042	-9.775884	1.236291
51067	12.898683	-10.351515	0.534916
51068	14.062061	-10.839750	-0.185792
51069	15.331314	-11.226516	-0.912536
51070	16.691752	-11.498527	-1.648849
51071	18.128430	-11.699484	-2.418031
51072	19.616525	-11.886073	-3.252366
51073	21.136136	-12.118365	-4.160118
51074	22.669864	-12.441597	-5.101260
51075	24.202102	-12.847024	-5.991869
51076	25.707455	-13.289001	-6.749122
51077	27.176654	-13.773779	-7.308244
51078	28.615091	-14.317184	-7.652514
51079	30.062990	-14.928303	-7.829754
51080	31.535014	-15.607752	-7.905632
51081	33.029405	-16.326237	-7.934165
51082	34.505594	-17.055256	-7.939209
51083	35.942140	-17.786077	-7.921702
51084	37.319840	-18.521099	-7.876557
51085	38.634853	-19.301554	-7.820107
51086	39.881434	-20.131042	-7.758321
51087	41.083599	-20.945692	-7.678467
51088	42.266936	-21.715965	-7.597724
51089	43.463735	-22.404122	-7.534764
51090	44.690560	-23.015895	-7.529280
51091	45.934334	-23.578862	-7.603865
51092	47.165631	-24.082822	-7.750616
51093	48.362710	-24.525269	-7.960796
51094	49.498496	-24.898183	-8.219064
51095	50.567189	-25.189440	-8.505347
51096	51.578140	-25.416523	-8.797532
51097	52.541618	-25.584285	-9.086340
51098	53.457352	-25.691157	-9.359972
51099	54.330898	-25.734021	-9.627356
51100	55.168329	-25.717689	-9.915671
51101	55.970239	-25.630953	-10.215204
51102	56.742935	-25.495884	-10.513682
51103	57.478568	-25.348757	-10.804599
51104	58.167489	-25.191386	-11.054567
51105	58.822145	-25.041488	-11.255851
51106	59.429862	-24.918048	-11.409028
51107	59.984518	-24.831880	-11.490553
51108	60.479844	-24.807198	-11.505398
51109	60.914228	-24.841378	-11.465765
51110	61.276513	-24.922039	-11.389764
51111	61.561573	-25.007374	-11.265711
51112	61.771457	-25.066507	-11.097395
51113	61.902827	-25.074014	-10.899394
51114	61.964081	-25.022181	-10.680964
51115	61.960590	-24.916247	-10.447493
51116	61.902242	-24.777759	-10.201025
51117	61.797651	-24.620243	-9.945734
51118	61.660050	-24.445602	-9.696399
51119	61.506719	-24.249600	-9.476451
51120	61.344712	-24.003883	-9.306705
51121	61.174877	-23.690796	-9.189591
51122	61.002289	-23.328097	-9.122043
51123	60.817734	-22.938662	-9.052913
51124	60.624017	-22.545552	-8.948287
51125	60.428788	-22.167235	-8.804167
51126	60.235061	-21.831184	-8.640156
51127	60.042489	-21.570009	-8.452796
51128	59.845263	-21.391725	-8.234343
51129	59.650296	-21.292233	-7.966848
51130	59.451252	-21.267648	-7.661376
51131	59.253439	-21.307784	-7.335386
51132	59.067810	-21.406457	-7.013717
51133	58.935844	-21.594644	-6.707396
51134	58.913006	-21.805062	-6.410086
51135	58.993475	-21.995453	-6.122550
51136	59.085279	-22.150145	-5.793194
51137	59.140933	-22.328302	-5.464454
51138	59.139207	-22.538806	-5.186018
51139	59.109909	-22.740368	-4.978469
51140	59.076630	-22.911224	-4.856474
51141	59.041034	-23.014719	-4.794929
51142	59.002852	-23.036995	-4.776911
51143	58.949058	-22.977521	-4.802744
51144	58.868764	-22.839008	-4.849320
51145	58.757358	-22.625854	-4.868122
51146	58.631728	-22.360209	-4.841031
51147	58.526994	-22.086768	-4.791360
51148	58.463718	-21.844526	-4.739126
51149	58.444631	-21.670057	-4.683398
51150	58.457206	-21.581135	-4.603982
51151	58.488924	-21.556435	-4.469234
51152	58.529157	-21.576239	-4.292427
51153	58.569920	-21.620205	-4.089365
51154	58.598011	-21.665568	-3.889936
51155	58.603205	-21.691592	-3.702178
51156	58.578417	-21.697724	-3.535412
51157	58.531246	-21.691098	-3.387775
51158	58.459997	-21.675803	-3.240382
51159	58.368102	-21.656864	-3.072835
51160	58.252251	-21.614623	-2.871408
51161	58.126147	-21.529709	-2.664095
51162	57.994205	-21.374708	-2.494154
51163	57.854094	-21.155575	-2.390346
51164	57.706337	-20.885836	-2.314795
51165	57.569911	-20.604098	-2.288429
51166	57.420701	-20.297005	-2.285543
51167	57.239069	-20.001595	-2.316120
51168	57.010732	-19.743925	-2.361337
51169	56.723677	-19.489401	-2.357740
51170	56.376395	-19.217565	-2.300388
51171	55.971279	-18.938807	-2.203091
51172	55.503851	-18.676685	-2.051786
51173	54.971506	-18.446509	-1.830732
51174	54.374720	-18.247108	-1.542102
51175	53.710588	-18.092489	-1.197941
51176	52.975142	-17.962288	-0.768145
51177	52.178412	-17.834842	-0.246426
51178	51.323498	-17.696295	0.326498
51179	50.407030	-17.509223	0.917117
51180	49.443158	-17.267763	1.509395
51181	48.444125	-17.000785	2.096220
51182	47.419441	-16.699056	2.689056
51183	46.380292	-16.366064	3.258303
51184	45.352946	-16.026351	3.760432
51185	44.360167	-15.673640	4.188307
51186	43.404916	-15.291013	4.556935
51187	42.478416	-14.899968	4.850815
51188	41.571217	-14.493033	5.066956
51189	40.680710	-14.070186	5.216979
51190	39.811892	-13.636925	5.317615
51191	38.958888	-13.210443	5.391567
51192	38.107260	-12.792585	5.475683
51193	37.223693	-12.400357	5.589649
51194	36.288078	-12.041822	5.740998
51195	35.292441	-11.727905	5.902752
51196	34.261201	-11.456762	6.056721
51197	33.231739	-11.205265	6.197453
51198	32.227432	-10.935833	6.322664
51199	31.254173	-10.635960	6.410435
51200	30.324823	-10.298121	6.465653
51201	29.427159	-9.939891	6.490690
51202	28.551729	-9.550153	6.493028
51203	27.691329	-9.137316	6.483420
51204	26.846171	-8.715493	6.448654
51205	26.017287	-8.297616	6.374455
51206	25.215755	-7.913379	6.264753
51207	24.430550	-7.601023	6.117776
51208	23.662404	-7.351529	5.946530
51209	22.910535	-7.114519	5.757703
51210	22.169894	-6.856627	5.542047
51211	21.436393	-6.566484	5.295134
51212	20.704320	-6.240556	5.037276
51213	19.975405	-5.916285	4.771613
51214	19.261767	-5.593329	4.517746
51215	18.562871	-5.258758	4.273718
51216	17.883569	-4.915342	4.046248
51217	17.210124	-4.584281	3.815268
51218	16.537118	-4.275442	3.597418
51219	15.868510	-4.018858	3.416265
51220	15.228575	-3.820795	3.279650
51221	14.637737	-3.665794	3.177157
51222	14.120938	-3.533980	3.090128
51223	13.675579	-3.410372	3.031870
51224	13.276300	-3.295265	3.004506
51225	12.891570	-3.198840	2.986834
51226	12.503316	-3.092643	2.960893
51227	12.098981	-2.983800	2.900655
51228	11.683736	-2.873598	2.796912
51229	11.253876	-2.744280	2.663894
51230	10.813960	-2.621498	2.523109
51231	10.370677	-2.517370	2.399878
51232	9.937597	-2.431527	2.308764
51233	9.527189	-2.360773	2.267372
51234	9.140470	-2.318157	2.281496
51235	8.769946	-2.296287	2.343167
51236	8.424645	-2.279974	2.443047
51237	8.114090	-2.271967	2.588962
51238	7.839176	-2.236852	2.768882
51239	7.585884	-2.174388	2.967236
51240	7.337788	-2.091606	3.173516
51241	7.062848	-1.996094	3.388118
51242	6.756773	-1.908967	3.598343
51243	6.423208	-1.831311	3.776282
51244	6.065047	-1.756425	3.900215
51245	5.693001	-1.684944	3.970469
51246	5.324963	-1.615821	4.009854
51247	4.963803	-1.553498	4.051815
51248	4.636127	-1.487481	4.111728
51249	4.347490	-1.427361	4.200484
51250	4.110605	-1.372361	4.306839
51251	3.920414	-1.318639	4.430315
51252	3.762198	-1.254097	4.584404
51253	3.608712	-1.157860	4.783397
51254	3.442313	-1.035903	5.024072
51255	3.257813	-0.914194	5.301928
51256	3.074685	-0.816243	5.607776
51257	2.901211	-0.742006	5.903323
51258	2.741217	-0.699074	6.169179
51259	2.602102	-0.679141	6.413349
51260	2.482628	-0.663874	6.646141
51261	2.379990	-0.631459	6.877633
51262	2.285927	-0.592641	7.109535
51263	2.195013	-0.561976	7.344765
51264	2.110230	-0.555002	7.592293
51265	2.040951	-0.556715	7.864567
51266	1.992603	-0.544774	8.157875
51267	1.952327	-0.516740	8.451872
51268	1.903609	-0.480273	8.727500
51269	1.837305	-0.446517	8.977357
51270	1.761767	-0.427950	9.199100
51271	1.686547	-0.426259	9.394744
51272	1.634842	-0.441694	9.561958
51273	1.605414	-0.469437	9.697598
51274	1.585736	-0.506682	9.775140
51275	1.565450	-0.545453	9.787423
51276	1.540761	-0.592007	9.745935
51277	1.517168	-0.645328	9.669393
51278	1.505617	-0.709690	9.573037
51279	1.507809	-0.779962	9.454140
51280	1.528201	-0.854413	9.313237
51281	1.548675	-0.926483	9.150433
51282	1.564279	-0.986940	8.971374
51283	1.566251	-1.030321	8.793222
51284	1.557359	-1.060860	8.623210
51285	1.536647	-1.087000	8.470074
51286	1.504491	-1.112345	8.345735
51287	1.466645	-1.141115	8.254708
51288	1.432224	-1.162160	8.201097
51289	1.399523	-1.181839	8.180612
51290	1.371036	-1.195136	8.199553
51291	1.343064	-1.195886	8.259625
51292	1.311937	-1.193445	8.351341
51293	1.274539	-1.191287	8.458405
51294	1.236630	-1.191325	8.576425
51295	1.199187	-1.191559	8.700573
51296	1.168710	-1.195488	8.814494
51297	1.145277	-1.201234	8.898217
51298	1.125221	-1.201536	8.945380
51299	1.103601	-1.200707	8.955402
51300	1.081959	-1.198981	8.931411
51301	1.060133	-1.200094	8.878382
51302	1.040248	-1.204414	8.795529
51303	1.013596	-1.220850	8.692891
51304	0.985938	-1.237104	8.581202
51305	0.951404	-1.241231	8.460026
51306	0.913440	-1.231565	8.342690
51307	0.873376	-1.213322	8.238273
51308	0.829771	-1.187889	8.150541
51309	0.784994	-1.155676	8.089709
51310	0.743385	-1.117269	8.059147
51311	0.705094	-1.081687	8.060791
51312	0.670506	-1.041113	8.076789
51313	0.640076	-0.996021	8.103234
51314	0.610964	-0.949119	8.131804
51315	0.575940	-0.897179	8.155826
51316	0.539476	-0.843327	8.179687
51317	0.502530	-0.789953	8.194524
51318	0.465746	-0.742712	8.191350
51319	0.427359	-0.706209	8.168972
51320	0.388697	-0.672222	8.126593
51321	0.346552	-0.647734	8.068833
51322	0.305998	-0.625686	8.000262
51323	0.266982	-0.614870	7.931787
51324	0.235876	-0.607804	7.868101
51325	0.211052	-0.610256	7.809007
51326	0.194638	-0.607859	7.753822
51327	0.177356	-0.591953	7.704654
51328	0.163025	-0.574488	7.673698
51329	0.146765	-0.556405	7.655487
51330	0.133456	-0.540372	7.639540
51331	0.123299	-0.527553	7.627889
51332	0.120185	-0.510254	7.619982
51333	0.114487	-0.492865	7.612813
51334	0.110355	-0.476227	7.608769
51335	0.102758	-0.461573	7.609329
51336	0.096001	-0.444899	7.615944
51337	0.087741	-0.428379	7.629373
51338	0.079359	-0.406481	7.648785
51339	0.067758	-0.387410	7.674810
51340	0.057887	-0.367660	7.708966
51341	0.050678	-0.352002	7.747367
51342	0.046865	-0.326386	7.781232
51343	0.042950	-0.303594	7.808120
51344	0.040611	-0.279796	7.831192
51345	0.038031	-0.263398	7.849216
51346	0.037865	-0.247656	7.864493
51347	0.035922	-0.234600	7.877584
51348	0.032328	-0.222475	7.885498
51349	0.027089	-0.213000	7.883275
51350	0.023232	-0.201406	7.876227
51351	0.019587	-0.188124	7.873214
51352	0.019612	-0.176579	7.875539
51353	0.022658	-0.165428	7.882182
51354	0.025198	-0.157139	7.888729
51355	0.025040	-0.147896	7.894017
51356	0.027148	-0.133661	7.901573
51357	0.029069	-0.116023	7.909158
51358	0.029769	-0.103008	7.913567
51359	0.026619	-0.093085	7.913565
51360	0.027652	-0.080878	7.912029
51361	0.027505	-0.068188	7.911385
51362	0.029675	-0.052208	7.912003
51363	0.032011	-0.032822	7.917670
51364	0.035156	-0.013388	7.927394
51365	0.037067	0.008228	7.939020
51366	0.035483	0.024487	7.952187
51367	0.031578	0.039440	7.966101
51368	0.023259	0.050412	7.979479
51369	0.016671	0.058072	7.993028
51370	0.009276	0.063427	8.003461
51371	0.000137	0.069822	8.006761
51372	-0.008939	0.080226	8.008100
51373	-0.014335	0.094854	8.008903
51374	-0.019538	0.114350	8.010759
51375	-0.021199	0.127782	8.016941
51376	-0.026939	0.137249	8.027598
51377	-0.038910	0.144015	8.037566
51378	-0.052670	0.151553	8.043345
51379	-0.069861	0.160006	8.045791
51380	-0.087964	0.165577	8.043106
51381	-0.109168	0.169784	8.039090
51382	-0.128360	0.179852	8.035337
51383	-0.143198	0.191875	8.038078
51384	-0.157181	0.198001	8.038836
51385	-0.167893	0.210030	8.035040
51386	-0.179306	0.222043	8.023182
51387	-0.190362	0.233494	8.004396
51388	-0.197431	0.242658	7.986006
51389	-0.202760	0.242778	7.970729
51390	-0.206746	0.237868	7.961499
51391	-0.209125	0.233026	7.954451
51392	-0.211256	0.231368	7.947449
51393	-0.219411	0.227600	7.933825
51394	-0.232178	0.226703	7.915721
51395	-0.242733	0.230478	7.894925
51396	-0.253827	0.235399	7.870091
51397	-0.264529	0.242032	7.841358
51398	-0.273771	0.253920	7.813809
51399	-0.283644	0.256598	7.783134
51400	-0.292708	0.257378	7.754505
51401	-0.300216	0.262214	7.732085
51402	-0.306570	0.273121	7.716791
51403	-0.315403	0.285830	7.703260
51404	-0.323984	0.296013	7.692696
51405	-0.330652	0.303705	7.685308
51406	-0.336429	0.312335	7.684982
51407	-0.341766	0.316986	7.683696
51408	-0.345555	0.325460	7.683584
51409	-0.352015	0.332299	7.678201
51410	-0.356929	0.338725	7.668990
51411	-0.360528	0.345473	7.657957
51412	-0.364347	0.351121	7.644876
51413	-0.369693	0.358917	7.628679
51414	-0.378452	0.369688	7.607157
51415	-0.388412	0.380331	7.584511
51416	-0.400096	0.386633	7.562631
51417	-0.416701	0.392594	7.542231
51418	-0.429996	0.397070	7.523147
51419	-0.443902	0.396614	7.505974
51420	-0.455534	0.395205	7.485026
51421	-0.464903	0.398780	7.462392
51422	-0.472197	0.406787	7.440015
51423	-0.474896	0.409360	7.418086
51424	-0.481251	0.409737	7.390768
