// General information: 
//  MT Manager version: 2021.4.0 
//  XDA version: 2021.4.0 build 6323 rev 112641 built on 2021-09-28
// Device information: 
//  DeviceId: 00B43773
//  ProductCode: MTW2-3A7G6
//  Firmware Version: 4.3.4
//  Hardware Version: 1.1.0
// Device settings: 
//  Filter Profile: human(46.1)
//  Option Flags: Orientation Smoother Disabled, Position/Velocity Smoother Disabled, Continuous Zero Rotation Update Disabled, AHS Disabled, ICC Disabled
// Coordinate system: ENU
PacketCounter	Roll	Pitch	Yaw
50101	2.075444	1.639237	13.893646
50102	2.075526	1.636073	13.893145
50103	2.078010	1.634233	13.893749
50104	2.075552	1.634288	13.892741
50105	2.077030	1.634525	13.893411
50106	2.078161	1.633717	13.893424
50107	2.079108	1.633017	13.893465
50108	2.079238	1.633803	13.894282
50109	2.080179	1.633102	13.894317
50110	2.081358	1.636244	13.895650
50111	2.080775	1.636688	13.895120
50112	2.082439	1.636332	13.896506
50113	2.082386	1.637713	13.896608
50114	2.084038	1.638325	13.896508
50115	2.083492	1.640020	13.897755
50116	2.084117	1.640493	13.897428
50117	2.085586	1.641700	13.896615
50118	2.086257	1.642454	13.899547
50119	2.085194	1.645908	13.899718
50120	2.088900	1.646798	13.900072
50121	2.087823	1.647069	13.901433
50122	2.087948	1.648337	13.901508
50123	2.088925	1.649377	13.902574
50124	2.089050	1.650646	13.902649
50125	2.092048	1.651200	13.901661
50126	2.090653	1.652642	13.902653
50127	2.091123	1.654963	13.903380
50128	2.088189	1.658030	13.903061
50129	2.087594	1.658472	13.902533
50130	2.085173	1.659775	13.903298
50131	2.081554	1.661545	13.903123
50132	2.078606	1.661912	13.903258
50133	2.075499	1.665097	13.902969
50134	2.073572	1.666087	13.902588
50135	2.072986	1.666536	13.902055
50136	2.070519	1.667558	13.899559
50137	2.068429	1.670389	13.900240
50138	2.068050	1.672936	13.899975
50139	2.069036	1.674953	13.899568
50140	2.070718	1.677296	13.900501
50141	2.072701	1.678954	13.901050
50142	2.072828	1.680222	13.901125
50143	2.075356	1.682819	13.902319
50144	2.075465	1.685538	13.900165
50145	2.075446	1.685969	13.901750
50146	2.077100	1.686580	13.901651
50147	2.076528	1.687031	13.901136
50148	2.076128	1.687363	13.900580
50149	2.076072	1.688256	13.901439
50150	2.074146	1.689245	13.901058
50151	2.074147	1.690179	13.901896
50152	2.073226	1.689092	13.901453
50153	2.073688	1.689690	13.901162
50154	2.073288	1.690022	13.900607
50155	2.073724	1.690119	13.901056
50156	2.073859	1.690903	13.901874
50157	2.076848	1.691459	13.900889
50158	2.076455	1.691307	13.901077
50159	2.076399	1.693186	13.900427
50160	2.079585	1.692657	13.900898
50161	2.079545	1.693559	13.901762
50162	2.081205	1.693686	13.902406
50163	2.082666	1.694419	13.902319
50164	2.083799	1.693611	13.902333
50165	2.083730	1.694516	13.903153
50166	2.084857	1.694191	13.902424
50167	2.084825	1.695100	13.903281
50168	2.085958	1.694291	13.903294
50169	2.087472	1.695044	13.903230
50170	2.088628	1.696451	13.903533
50171	2.091112	1.695119	13.903384
50172	2.091247	1.695902	13.904201
50173	2.091163	1.694587	13.904754
50174	2.092813	1.695682	13.903913
50175	2.090218	1.695863	13.902966
50176	2.088833	1.696818	13.904700
50177	2.087714	1.695355	13.905036
50178	2.085297	1.696654	13.905799
50179	2.082685	1.696838	13.904831
50180	2.080734	1.696095	13.903415
50181	2.077120	1.697860	13.903262
50182	2.077193	1.695665	13.901271
50183	2.074621	1.695858	13.900333
50184	2.070651	1.696082	13.900235
50185	2.067518	1.693876	13.900859
50186	2.064546	1.692509	13.899957
50187	2.063506	1.691093	13.900289
50188	2.064645	1.689801	13.901046
50189	2.063585	1.689346	13.899897
50190	2.063194	1.689193	13.900085
50191	2.062174	1.691711	13.901729
50192	2.063298	1.691870	13.900259
50193	2.063785	1.692490	13.899963
50194	2.064415	1.692961	13.899636
50195	2.063767	1.693390	13.899091
50196	2.062839	1.693270	13.897162
50197	2.065901	1.693386	13.896930
50198	2.067040	1.692094	13.897686
50199	2.066940	1.688585	13.897930
50200	2.066544	1.688916	13.897375
50201	2.067043	1.688558	13.898590
50202	2.068177	1.687749	13.898604
50203	2.067591	1.685535	13.898480
50204	2.067704	1.684103	13.899007
50205	2.067093	1.681859	13.898929
50206	2.064650	1.681426	13.898658
50207	2.064077	1.679940	13.901111
50208	2.065201	1.680100	13.899641
50209	2.064130	1.678665	13.899983
50210	2.063739	1.678512	13.900171
50211	2.062608	1.677038	13.900521
50212	2.062217	1.676885	13.900709
50213	2.061544	1.676828	13.900876
50214	2.061628	1.673665	13.900370
50215	2.063072	1.674391	13.900301
50216	2.062145	1.674270	13.898372
50217	2.061029	1.672820	13.898691
50218	2.060116	1.671248	13.898989
50219	2.059941	1.671389	13.898997
50220	2.061079	1.670097	13.899754
50221	2.061026	1.669294	13.899562
50222	2.062687	1.669421	13.900209
50223	2.063060	1.667282	13.900383
50224	2.067774	1.665613	13.901426
50225	2.068188	1.665719	13.901840
50226	2.069326	1.664427	13.902596
50227	2.069285	1.663148	13.903134
50228	2.069397	1.661716	13.903662
50229	2.068273	1.661973	13.905019
50230	2.068357	1.658811	13.904512
50231	2.066251	1.659435	13.904907
50232	2.066339	1.655788	13.905143
50233	2.066227	1.654954	13.904944
50234	2.065841	1.654317	13.905873
50235	2.067261	1.652333	13.906274
50236	2.068403	1.650556	13.907773
50237	2.068910	1.649013	13.907125
50238	2.068528	1.647891	13.908797
50239	2.068080	1.647450	13.909757
50240	2.065644	1.646532	13.910228
50241	2.065565	1.645720	13.910029
50242	2.064150	1.645426	13.909987
50243	2.064174	1.644180	13.910540
50244	2.064311	1.644961	13.911359
50245	2.064328	1.644666	13.910459
50246	2.065989	1.644792	13.911106
50247	2.068012	1.646965	13.910943
50248	2.071197	1.646436	13.911417
50249	2.072550	1.647128	13.911300
50250	2.075237	1.647394	13.912177
50251	2.076140	1.647180	13.911477
50252	2.076776	1.647166	13.911894
50253	2.078774	1.645876	13.909716
50254	2.076341	1.644473	13.910927
50255	2.076291	1.645381	13.911784
50256	2.078423	1.642984	13.910994
50257	2.079345	1.641786	13.911833
50258	2.078436	1.639729	13.912872
50259	2.078885	1.638147	13.912254
50260	2.080027	1.636369	13.913753
50261	2.079463	1.636361	13.913961
50262	2.079555	1.632231	13.914937
50263	2.079961	1.630119	13.915109
50264	2.075481	1.627952	13.916603
50265	2.073913	1.626822	13.918121
50266	2.074553	1.626323	13.919281
50267	2.074000	1.625845	13.920205
50268	2.074636	1.625831	13.920622
50269	2.076213	1.624423	13.920291
50270	2.078397	1.625967	13.920829
50271	2.080317	1.623685	13.920078
50272	2.078404	1.624185	13.920438
50273	2.077263	1.623960	13.922510
50274	2.079423	1.623291	13.922754
50275	2.081334	1.622723	13.923025
50276	2.081970	1.622708	13.923442
50277	2.085491	1.623745	13.923801
50278	2.088672	1.623700	13.923534
50279	2.090745	1.624926	13.924867
50280	2.090360	1.624287	13.925796
50281	2.091364	1.626322	13.925415
50282	2.091498	1.627587	13.925494
50283	2.090913	1.628541	13.924223
50284	2.092072	1.629945	13.924532
50285	2.090527	1.632009	13.924833
50286	2.089665	1.634862	13.925717
50287	2.088178	1.637931	13.924542
50288	2.086784	1.640819	13.923309
50289	2.084728	1.644152	13.923283
50290	2.083335	1.647040	13.922050
50291	2.079761	1.649316	13.921173
50292	2.077346	1.651579	13.920451
50293	2.074250	1.655261	13.919422
50294	2.074380	1.657494	13.918017
50295	2.071275	1.659712	13.919214
50296	2.071933	1.662879	13.918442
50297	2.071956	1.666503	13.918897
50298	2.074140	1.668531	13.918695
50299	2.075749	1.671540	13.918958
50300	2.078457	1.674986	13.918648
50301	2.080992	1.678557	13.918429
50302	2.080128	1.682377	13.917828
50303	2.081219	1.686159	13.918518
50304	2.080830	1.686488	13.917963
50305	2.082854	1.690881	13.918044
50306	2.082488	1.693907	13.917041
50307	2.079398	1.697598	13.915989
50308	2.076983	1.700344	13.914524
50309	2.075939	1.701620	13.914405
50310	2.075542	1.703403	13.911624
50311	2.071911	1.705185	13.911394
50312	2.074562	1.705176	13.909013
50313	2.075063	1.705318	13.909469
50314	2.078244	1.705758	13.908464
50315	2.081217	1.705826	13.908245
50316	2.081851	1.706780	13.907180
50317	2.081918	1.708747	13.906492
50318	2.077487	1.712454	13.906341
50319	2.071837	1.719333	13.904744
50320	2.066929	1.727498	13.903064
50321	2.058716	1.735343	13.900702
50322	2.048714	1.745016	13.898155
50323	2.033422	1.757783	13.892526
50324	2.014225	1.769851	13.885955
50325	1.996542	1.782206	13.881794
50326	1.981972	1.796247	13.876036
50327	1.970782	1.804645	13.871570
50328	1.955695	1.816778	13.866657
50329	1.938292	1.822832	13.855676
50330	1.917994	1.830034	13.845006
50331	1.899983	1.838047	13.836160
50332	1.885867	1.846852	13.829401
50333	1.876650	1.854269	13.823555
50334	1.871164	1.858991	13.817672
50335	1.870188	1.860970	13.812872
50336	1.869735	1.859769	13.807280
50337	1.867623	1.862787	13.803979
50338	1.859078	1.865148	13.800366
50339	1.840274	1.869190	13.797378
50340	1.808857	1.876116	13.793168
50341	1.769209	1.885018	13.789944
50342	1.725085	1.891770	13.785845
50343	1.675554	1.896598	13.778865
50344	1.630871	1.899892	13.770577
50345	1.583834	1.903350	13.761251
50346	1.541719	1.906111	13.753027
50347	1.501941	1.908490	13.744847
50348	1.464401	1.908802	13.736872
50349	1.424754	1.904822	13.731311
50350	1.377557	1.899505	13.725821
50351	1.322643	1.896523	13.722856
50352	1.268880	1.883615	13.724288
50353	1.215016	1.865931	13.726113
50354	1.157641	1.838946	13.731098
50355	1.099732	1.804182	13.742849
50356	1.042797	1.754985	13.758520
50357	0.974976	1.687611	13.777647
50358	0.880347	1.598546	13.797595
50359	0.760073	1.472924	13.822559
50360	0.613577	1.300139	13.849457
50361	0.442992	1.069733	13.878124
50362	0.221059	0.766851	13.895620
50363	-0.098873	0.382354	13.879286
50364	-0.610012	-0.131347	13.795105
50365	-1.334236	-0.806465	13.660345
50366	-2.171372	-1.723250	13.555968
50367	-3.092100	-2.929656	13.506299
50368	-4.084583	-4.453250	13.507221
50369	-5.050647	-6.280361	13.588912
50370	-5.928781	-8.363833	13.751819
50371	-6.699736	-10.605150	13.986143
50372	-7.298800	-12.942437	14.296627
50373	-7.752856	-15.235564	14.590646
50374	-8.042148	-17.495249	14.800656
50375	-8.218024	-19.756764	14.759965
50376	-8.261187	-22.061823	14.397682
50377	-8.125195	-24.340134	13.698509
50378	-7.744406	-26.466194	12.657095
50379	-7.271706	-28.170606	11.424314
50380	-6.795995	-29.413210	10.153678
50381	-6.315387	-30.378557	9.086036
50382	-5.872938	-31.230465	8.446672
50383	-5.519013	-32.061818	8.285143
50384	-5.374586	-32.815028	8.510292
50385	-5.499613	-33.373667	8.992927
50386	-5.886249	-33.651862	9.630080
50387	-6.436243	-33.582067	10.336621
50388	-6.994502	-33.220764	11.028724
50389	-7.556484	-32.736003	11.648367
50390	-8.128594	-32.146414	12.147161
50391	-8.712658	-31.481788	12.539008
50392	-9.287887	-30.748886	12.954884
50393	-9.848017	-30.025519	13.428654
50394	-10.412225	-29.281221	14.062234
50395	-11.052593	-28.468966	14.870860
50396	-11.781904	-27.578421	15.864456
50397	-12.553881	-26.616880	16.991038
50398	-13.306743	-25.598959	18.147570
50399	-13.938096	-24.494272	19.229035
50400	-14.395035	-23.314653	20.144183
50401	-14.657911	-22.085676	20.833941
50402	-14.720916	-20.826592	21.276193
50403	-14.584493	-19.537941	21.459398
50404	-14.296292	-18.209675	21.403228
50405	-13.884723	-16.834194	21.144145
50406	-13.385080	-15.422580	20.735385
50407	-12.831486	-13.967643	20.251196
50408	-12.264541	-12.502746	19.750457
50409	-11.702889	-11.048131	19.297471
50410	-11.142040	-9.607033	18.923301
50411	-10.611291	-8.199292	18.615812
50412	-10.138476	-6.834947	18.324137
50413	-9.719681	-5.524034	18.009230
50414	-9.348065	-4.303407	17.648266
50415	-9.007672	-3.209109	17.240833
50416	-8.715582	-2.246184	16.819083
50417	-8.438809	-1.404547	16.443102
50418	-8.124214	-0.683508	16.162477
50419	-7.755350	-0.085520	15.968512
50420	-7.361183	0.370664	15.818580
50421	-6.988819	0.713628	15.676222
50422	-6.691164	0.960343	15.484545
50423	-6.427557	1.220463	15.209661
50424	-6.169833	1.546224	14.885990
50425	-5.914571	1.848736	14.580073
50426	-5.657376	2.068088	14.335583
50427	-5.388231	2.232519	14.179450
50428	-5.114779	2.349956	14.109874
50429	-4.864326	2.403759	14.122010
50430	-4.643134	2.403358	14.218927
50431	-4.471101	2.376259	14.385034
50432	-4.377281	2.363184	14.588790
50433	-4.034082	1.786513	14.688064
50434	-3.146457	1.189797	14.633048
50435	-2.441474	0.940778	14.819002
50436	-2.209080	0.669628	15.087453
50437	-2.255697	0.486881	15.223365
50438	-2.534648	0.356288	15.151951
50439	-2.950226	0.233735	15.025831
50440	-3.418666	0.159027	14.932387
50441	-3.848396	0.133920	14.876440
50442	-4.190287	0.131484	14.841983
50443	-4.403997	0.107611	14.820454
50444	-4.490363	0.063574	14.824267
50445	-4.468995	-0.021235	14.837089
50446	-4.353716	-0.163627	14.858190
50447	-4.169030	-0.360470	14.892946
50448	-3.957881	-0.570745	14.924281
50449	-3.760238	-0.789542	14.953976
50450	-3.605889	-0.995964	14.975565
50451	-3.470525	-1.189672	14.995302
50452	-3.336138	-1.380812	15.018968
50453	-3.172177	-1.573973	15.039518
50454	-2.965202	-1.773437	15.053947
50455	-2.750083	-1.947935	15.060968
50456	-2.546692	-2.121824	15.048226
50457	-2.381901	-2.268999	15.017942
50458	-2.297692	-2.399309	14.988820
50459	-2.244631	-2.504824	14.928120
50460	-2.214143	-2.620133	14.819906
50461	-2.201297	-2.747573	14.719421
50462	-2.197394	-2.888670	14.630832
50463	-2.258537	-3.015010	14.517407
50464	-2.342750	-3.133281	14.430708
50465	-2.403699	-3.248328	14.347270
50466	-2.436779	-3.358483	14.268299
50467	-2.454644	-3.465398	14.206847
50468	-2.479328	-3.567470	14.163678
50469	-2.532971	-3.643717	14.125882
50470	-2.596760	-3.695105	14.099717
50471	-2.666379	-3.734458	14.086756
50472	-2.738600	-3.757106	14.084669
50473	-2.804913	-3.759680	14.091999
50474	-2.870119	-3.754397	14.108716
50475	-2.938534	-3.738278	14.121880
50476	-3.000938	-3.725694	14.139715
50477	-3.054447	-3.711116	14.164502
50478	-3.092076	-3.689705	14.199415
50479	-3.098703	-3.669712	14.243490
50480	-3.049606	-3.664692	14.310931
50481	-2.918059	-3.672191	14.427983
50482	-2.707053	-3.691994	14.587565
50483	-2.490209	-3.696100	14.732241
50484	-2.335939	-3.679535	14.836768
50485	-2.257499	-3.649286	14.895928
50486	-2.256767	-3.608378	14.900499
50487	-2.291916	-3.561587	14.875320
50488	-2.340441	-3.508030	14.822989
50489	-2.391258	-3.460521	14.747847
50490	-2.434921	-3.416018	14.672769
50491	-2.447517	-3.362548	14.618853
50492	-2.394753	-3.290599	14.615928
50493	-2.248993	-3.186214	14.667515
50494	-2.046590	-3.071352	14.741102
50495	-1.827237	-2.940250	14.814854
50496	-1.624627	-2.789444	14.889301
50497	-1.531703	-2.706517	14.903830
50498	-1.605700	-2.742496	14.865226
50499	-1.723592	-2.787232	14.836642
50500	-1.836142	-2.818334	14.817292
50501	-1.924489	-2.832632	14.808824
50502	-1.996094	-2.837149	14.807494
50503	-2.054769	-2.834247	14.813660
50504	-2.101770	-2.819671	14.829459
50505	-2.134367	-2.788744	14.848623
50506	-2.152967	-2.747807	14.865539
50507	-2.160346	-2.700909	14.879799
50508	-2.168507	-2.657812	14.895924
50509	-2.181266	-2.617745	14.912974
50510	-2.184891	-2.583000	14.931088
50511	-2.167478	-2.550282	14.952395
50512	-2.112871	-2.515671	14.977700
50513	-2.023383	-2.479554	15.006662
50514	-1.915931	-2.445786	15.043471
50515	-1.799719	-2.405323	15.081018
50516	-1.678742	-2.369795	15.122586
50517	-1.577508	-2.348707	15.159213
50518	-1.501604	-2.337928	15.189380
50519	-1.435139	-2.323035	15.210651
50520	-1.378882	-2.302130	15.231081
50521	-1.340688	-2.281365	15.251509
50522	-1.317711	-2.259449	15.272903
50523	-1.300909	-2.243538	15.297435
50524	-1.291355	-2.225619	15.321228
50525	-1.288508	-2.205671	15.348491
50526	-1.287045	-2.180696	15.380429
50527	-1.301061	-2.155246	15.406800
50528	-1.333213	-2.123961	15.429207
50529	-1.370480	-2.091651	15.451601
50530	-1.401022	-2.051449	15.469934
50531	-1.419710	-2.009713	15.483352
50532	-1.425727	-1.961449	15.493677
50533	-1.433908	-1.914449	15.505111
50534	-1.449776	-1.869924	15.513208
50535	-1.465794	-1.833915	15.519616
50536	-1.485089	-1.798006	15.526566
50537	-1.500135	-1.764219	15.536934
50538	-1.502712	-1.732893	15.558599
50539	-1.482273	-1.703721	15.592033
50540	-1.446302	-1.678257	15.632394
50541	-1.402090	-1.657901	15.675035
50542	-1.346174	-1.640688	15.714277
50543	-1.294417	-1.629059	15.753023
50544	-1.237404	-1.620164	15.786796
50545	-1.174631	-1.611875	15.824056
50546	-1.103620	-1.599324	15.861665
50547	-1.036705	-1.581973	15.897456
50548	-0.969008	-1.561026	15.933350
50549	-0.904409	-1.536891	15.966646
50550	-0.839559	-1.516341	15.997976
50551	-0.768374	-1.496617	16.027654
50552	-0.689949	-1.477751	16.057781
50553	-0.608617	-1.451342	16.088541
50554	-0.530974	-1.421571	16.119769
50555	-0.454926	-1.387997	16.149982
50556	-0.384042	-1.350205	16.176861
50557	-0.321227	-1.310010	16.192878
50558	-0.264588	-1.267578	16.197086
50559	-0.217510	-1.220400	16.184356
50560	-0.180617	-1.168284	16.157736
50561	-0.144957	-1.119807	16.128929
50562	-0.114066	-1.069286	16.098621
50563	-0.086920	-1.020774	16.071864
50564	-0.058625	-0.976770	16.048830
50565	-0.027090	-0.937810	16.029536
50566	0.004632	-0.899215	16.018278
50567	0.032586	-0.865642	16.007787
50568	0.054220	-0.833342	15.994691
50569	0.055788	-0.788180	15.960683
50570	0.049090	-0.738670	15.921904
50571	0.043632	-0.694007	15.885665
50572	0.041302	-0.654252	15.858301
50573	0.041692	-0.621437	15.835545
50574	0.046669	-0.597688	15.819459
50575	0.058398	-0.579654	15.804084
50576	0.072774	-0.566323	15.791470
50577	0.092370	-0.560438	15.783498
50578	0.115128	-0.558319	15.778896
50579	0.139138	-0.560517	15.776096
50580	0.164869	-0.561365	15.777373
50581	0.191386	-0.563502	15.781114
50582	0.216106	-0.565458	15.783674
50583	0.232664	-0.563758	15.769786
50584	0.241983	-0.555361	15.751590
50585	0.244063	-0.547893	15.731904
50586	0.245323	-0.541550	15.713496
50587	0.246915	-0.532501	15.696719
50588	0.252203	-0.524835	15.681678
50589	0.261834	-0.515176	15.667364
50590	0.266153	-0.505233	15.648371
50591	0.267291	-0.494044	15.622491
50592	0.263701	-0.477596	15.582556
50593	0.248955	-0.457462	15.524775
50594	0.229008	-0.428486	15.460112
50595	0.207395	-0.396641	15.395893
50596	0.188478	-0.362733	15.342478
50597	0.178813	-0.331011	15.309612
50598	0.176300	-0.301576	15.290750
50599	0.182583	-0.273440	15.281581
50600	0.199555	-0.248870	15.276906
50601	0.220325	-0.225641	15.276100
50602	0.242782	-0.205624	15.271594
50603	0.262010	-0.188531	15.262924
50604	0.278909	-0.173946	15.251442
50605	0.291108	-0.158134	15.238002
50606	0.302491	-0.144530	15.220072
50607	0.313190	-0.129916	15.198542
50608	0.319634	-0.111542	15.167302
50609	0.317867	-0.091868	15.130586
50610	0.314353	-0.068186	15.086703
50611	0.308184	-0.039828	15.040064
50612	0.301751	-0.008312	14.990081
50613	0.301707	0.028376	14.936801
50614	0.302909	0.070090	14.883529
50615	0.308527	0.123182	14.831340
50616	0.318345	0.177420	14.786552
50617	0.331011	0.238417	14.751257
50618	0.342397	0.303819	14.721439
50619	0.356615	0.372317	14.703093
50620	0.370987	0.437675	14.704515
50621	0.392244	0.504177	14.714784
50622	0.423294	0.570956	14.730706
50623	0.452648	0.632629	14.755796
50624	0.481775	0.695341	14.784573
50625	0.515712	0.750188	14.816680
50626	0.544309	0.800625	14.847535
50627	0.571676	0.844564	14.880625
50628	0.599177	0.881320	14.913656
50629	0.622900	0.911808	14.945593
50630	0.645336	0.943089	14.973706
50631	0.661482	0.970556	14.997672
50632	0.679803	0.995756	15.018567
50633	0.698015	1.026080	15.035278
50634	0.712362	1.054550	15.049310
50635	0.721451	1.082543	15.058199
50636	0.729770	1.114692	15.060154
50637	0.739540	1.153814	15.061295
50638	0.745934	1.192220	15.056372
50639	0.753108	1.228583	15.051408
50640	0.758244	1.250968	15.052318
50641	0.766343	1.250792	15.062005
50642	0.783028	1.240598	15.074261
50643	0.803398	1.216938	15.101780
50644	0.826951	1.182824	15.150368
50645	0.852783	1.144344	15.204970
50646	0.879815	1.104944	15.261268
50647	0.907117	1.066892	15.310175
50648	0.930612	1.034014	15.349208
50649	0.947378	1.005501	15.380555
50650	0.960377	0.983438	15.403812
50651	0.968200	0.967796	15.418765
50652	0.970223	0.957382	15.426664
50653	0.966572	0.952257	15.429639
50654	0.957586	0.949629	15.428141
50655	0.947460	0.951062	15.423725
50656	0.931973	0.952085	15.419300
50657	0.911788	0.956313	15.409895
50658	0.885787	0.963824	15.396411
50659	0.849107	0.977169	15.378617
50660	0.806127	0.994091	15.357876
50661	0.761499	1.013625	15.334316
50662	0.719683	1.038433	15.309122
50663	0.676210	1.064880	15.282592
50664	0.644076	1.092573	15.262577
50665	0.614301	1.120058	15.245875
50666	0.568185	1.150291	15.230416
50667	0.496344	1.183349	15.215881
50668	0.396919	1.207581	15.204410
50669	0.264469	1.215242	15.194804
50670	0.092367	1.207401	15.185755
50671	-0.123179	1.174663	15.177515
50672	-0.418505	1.102401	15.166861
50673	-0.850137	0.963176	15.124463
50674	-1.413799	0.729258	15.053428
50675	-2.080988	0.360905	14.969835
50676	-2.817572	-0.131816	14.895799
50677	-3.585024	-0.719344	14.845389
50678	-4.386774	-1.353607	14.795004
50679	-5.195863	-2.020122	14.758728
50680	-5.954410	-2.719731	14.763957
50681	-6.628093	-3.479671	14.826371
50682	-7.217511	-4.297118	14.951667
50683	-7.728866	-5.145298	15.150310
50684	-8.200220	-6.023570	15.341228
50685	-8.624110	-6.997471	15.357653
50686	-8.874756	-8.108213	15.086277
50687	-8.840871	-9.363406	14.421719
50688	-8.455784	-10.739763	13.380294
50689	-7.736861	-12.093298	12.151991
50690	-6.813192	-13.441642	10.833502
50691	-5.827462	-14.857304	9.539640
50692	-4.996131	-16.362349	8.381704
50693	-4.414148	-17.972185	7.476688
50694	-4.106734	-19.705399	6.926859
50695	-4.060946	-21.560781	6.768403
50696	-4.275295	-23.514512	6.950285
50697	-4.728823	-25.530091	7.388132
50698	-5.310422	-27.540639	8.010394
50699	-5.902288	-29.519458	8.771955
50700	-6.453163	-31.428156	9.622651
50701	-6.958927	-33.240572	10.500940
50702	-7.400333	-34.892784	11.294672
50703	-7.796245	-36.284510	11.928788
50704	-8.141319	-37.359196	12.363321
50705	-8.418348	-38.133853	12.621429
50706	-8.633603	-38.691755	12.797329
50707	-8.842874	-39.129115	12.983132
50708	-9.106486	-39.475536	13.250034
50709	-9.434078	-39.708603	13.585165
50710	-9.840289	-39.720636	13.963527
50711	-10.330339	-39.500622	14.379951
50712	-10.877219	-39.143446	14.849757
50713	-11.468824	-38.731696	15.359378
50714	-12.086466	-38.221569	15.865162
50715	-12.673795	-37.591146	16.320904
50716	-13.188976	-36.854491	16.742861
50717	-13.632608	-36.047180	17.134965
50718	-14.036933	-35.137139	17.519685
50719	-14.424906	-34.127979	17.925591
50720	-14.784581	-33.030304	18.324291
50721	-15.106881	-31.849050	18.697160
50722	-15.354891	-30.591811	19.020745
50723	-15.495535	-29.254908	19.262828
50724	-15.515211	-27.844201	19.373148
50725	-15.403172	-26.398724	19.342753
50726	-15.151641	-24.949141	19.169331
50727	-14.769468	-23.490576	18.847913
50728	-14.285554	-22.029344	18.408738
50729	-13.732960	-20.535935	17.901127
50730	-13.158089	-19.018570	17.386819
50731	-12.613943	-17.495871	16.914402
50732	-12.128600	-15.987534	16.498074
50733	-11.698716	-14.511092	16.137868
50734	-11.312712	-13.094499	15.805825
50735	-10.944592	-11.715909	15.479075
50736	-10.568483	-10.377740	15.107702
50737	-10.176660	-9.099020	14.691724
50738	-9.767696	-7.906840	14.245439
50739	-9.355195	-6.799450	13.800443
50740	-8.951264	-5.769516	13.390267
50741	-8.563985	-4.804993	13.063145
50742	-8.207428	-3.902340	12.859446
50743	-7.915586	-3.065049	12.794060
50744	-7.683849	-2.300185	12.847532
50745	-7.492834	-1.589002	12.988941
50746	-7.271539	-0.958722	13.161999
50747	-6.159064	-0.901100	13.250515
50748	-4.929400	-1.427157	13.080817
50749	-4.131684	-1.529670	13.418075
50750	-3.874534	-1.469042	13.852551
50751	-4.012648	-1.590779	13.913912
50752	-4.183921	-1.665774	13.837671
50753	-4.435377	-1.832667	13.777048
50754	-4.645944	-1.970299	13.803367
50755	-4.736000	-2.121687	13.846494
50756	-4.753708	-2.260909	13.888558
50757	-4.763665	-2.358747	13.965319
50758	-4.754012	-2.457026	14.040828
50759	-4.714193	-2.554647	14.063470
50760	-4.655037	-2.605094	14.061477
50761	-4.567582	-2.645346	14.058633
50762	-4.427338	-2.686207	14.055597
50763	-4.251608	-2.716984	14.057412
50764	-4.088591	-2.770606	14.044667
50765	-3.958611	-2.841254	14.021478
50766	-3.861576	-2.911230	14.004271
50767	-3.788321	-2.985150	13.969403
50768	-3.731625	-3.071654	13.912870
50769	-3.685484	-3.148793	13.857251
50770	-3.617984	-3.237426	13.785225
50771	-3.533735	-3.332011	13.701352
50772	-3.444213	-3.421124	13.628786
50773	-3.340420	-3.514834	13.567061
50774	-3.223589	-3.613883	13.502361
50775	-3.114310	-3.718886	13.445698
50776	-3.014147	-3.825646	13.386975
50777	-2.908451	-3.937716	13.319564
50778	-2.802653	-4.051666	13.252864
50779	-2.702324	-4.169805	13.182156
50780	-2.596119	-4.294673	13.108966
50781	-2.483277	-4.421902	13.026636
50782	-2.352602	-4.548171	12.944924
50783	-2.217824	-4.670943	12.869226
50784	-2.068618	-4.788347	12.791141
50785	-1.911649	-4.902912	12.715919
50786	-1.759314	-5.010210	12.641915
50787	-1.612206	-5.112915	12.563623
50788	-1.455628	-5.207138	12.495545
50789	-1.297607	-5.279808	12.414870
50790	-1.136254	-5.339047	12.335563
50791	-0.956081	-5.382701	12.253984
50792	-0.765073	-5.401236	12.164666
50793	-0.564228	-5.390879	12.057567
50794	-0.356250	-5.347658	11.966678
50795	-0.161575	-5.282048	11.877563
50796	0.036630	-5.214888	11.793805
50797	0.260782	-5.164387	11.709715
50798	0.523816	-5.126230	11.659571
50799	0.824880	-5.078963	11.647916
50800	1.164264	-4.999628	11.659617
50801	1.547444	-4.865543	11.717709
50802	1.984517	-4.655709	11.822107
50803	2.454247	-4.358678	11.980857
50804	2.903274	-4.006997	12.205121
50805	3.300305	-3.640402	12.462946
50806	3.625540	-3.287789	12.709420
50807	3.858965	-2.952394	12.923595
50808	4.027844	-2.651695	13.058029
50809	4.135503	-2.363290	13.144271
50810	4.192735	-2.099496	13.185451
50811	4.201428	-1.853659	13.208844
50812	4.182836	-1.636837	13.223190
50813	4.147490	-1.442191	13.229911
50814	4.093210	-1.266185	13.241237
50815	4.027171	-1.107073	13.259240
50816	3.956636	-0.961261	13.276446
50817	3.861462	-0.825031	13.296930
50818	3.727582	-0.710428	13.289129
50819	3.455980	-0.802431	13.042460
50820	3.091591	-1.113521	12.615413
50821	2.643196	-1.503134	12.221687
50822	2.103662	-1.972695	11.904375
50823	1.522677	-2.410546	11.707832
50824	0.938000	-2.802771	11.600888
50825	0.397313	-3.086058	11.577411
50826	-0.087884	-3.261739	11.600066
50827	-0.515930	-3.353040	11.652548
50828	-0.893651	-3.383946	11.717084
50829	-1.233131	-3.368776	11.788895
50830	-1.523752	-3.323435	11.867594
50831	-1.754927	-3.250454	11.960754
50832	-1.909725	-3.135111	12.076987
50833	-1.983382	-2.954436	12.210440
50834	-1.984580	-2.725385	12.364302
50835	-1.960179	-2.466652	12.510927
50836	-1.916280	-2.195781	12.656277
50837	-1.831262	-1.919375	12.798268
50838	-1.737330	-1.662128	12.925869
50839	-1.654233	-1.440196	13.038094
50840	-1.579100	-1.246918	13.137688
50841	-1.500794	-1.082889	13.223566
50842	-1.386302	-0.941925	13.290705
50843	-1.230224	-0.822108	13.334919
50844	-1.034926	-0.708411	13.367494
50845	-0.808002	-0.587491	13.390254
50846	-0.540853	-0.454945	13.407875
50847	-0.262936	-0.307556	13.423998
50848	-0.001940	-0.155504	13.439441
50849	0.223849	-0.005822	13.454948
50850	0.400977	0.125654	13.466324
50851	0.524533	0.237413	13.473873
50852	0.607412	0.325338	13.480641
50853	0.664575	0.386446	13.481649
50854	0.688455	0.371107	13.472053
50855	0.705041	0.327410	13.462208
50856	0.727133	0.258407	13.469981
50857	0.743518	0.146745	13.504250
50858	0.723964	-0.059065	13.572757
50859	0.674334	-0.336655	13.686764
50860	0.595253	-0.658498	13.837196
50861	0.503433	-0.976360	13.988998
50862	0.431279	-1.232474	14.117287
50863	0.359818	-1.448089	14.222457
50864	0.284019	-1.634967	14.307141
50865	0.203479	-1.789589	14.386729
50866	0.120087	-1.905870	14.461770
50867	0.046146	-1.979987	14.522515
50868	-0.028265	-2.027495	14.567833
50869	-0.101836	-2.059803	14.608774
50870	-0.159709	-2.078293	14.648252
50871	-0.202520	-2.087304	14.692981
50872	-0.238138	-2.092521	14.738662
50873	-0.263733	-2.088232	14.791060
50874	-0.271265	-2.079949	14.848901
50875	-0.264037	-2.061592	14.905110
50876	-0.245970	-2.032001	14.957770
50877	-0.216985	-1.995518	15.004475
50878	-0.181953	-1.955106	15.041828
50879	-0.151850	-1.906500	15.067966
50880	-0.127741	-1.860840	15.086503
50881	-0.116700	-1.817423	15.099104
50882	-0.104714	-1.782605	15.104737
50883	-0.085412	-1.756797	15.107110
50884	-0.053986	-1.733887	15.115460
50885	-0.003977	-1.714590	15.130248
50886	0.058830	-1.697883	15.145117
50887	0.119924	-1.684030	15.158172
50888	0.178431	-1.670471	15.166599
50889	0.233267	-1.654124	15.171093
50890	0.280549	-1.628882	15.169516
50891	0.315125	-1.596900	15.165183
50892	0.335071	-1.561183	15.156015
50893	0.342324	-1.518248	15.143327
50894	0.342832	-1.466155	15.132033
50895	0.341688	-1.410516	15.116459
50896	0.347403	-1.358599	15.096452
50897	0.356438	-1.309094	15.072406
50898	0.362356	-1.268726	15.040506
50899	0.361537	-1.231921	15.005690
50900	0.358980	-1.199875	14.969890
50901	0.350144	-1.175872	14.932723
50902	0.342475	-1.152417	14.900513
50903	0.329078	-1.132387	14.865591
50904	0.310217	-1.109989	14.816889
50905	0.290560	-1.087779	14.770079
50906	0.272185	-1.067200	14.722452
50907	0.252573	-1.048531	14.673588
50908	0.230339	-1.027459	14.619591
50909	0.216310	-1.002037	14.568210
50910	0.205431	-0.974635	14.522493
50911	0.205249	-0.947809	14.478879
50912	0.208367	-0.916879	14.433949
50913	0.217658	-0.891727	14.391612
50914	0.229201	-0.868991	14.350182
50915	0.239458	-0.854026	14.309210
50916	0.245540	-0.847314	14.265922
50917	0.245908	-0.841812	14.220190
50918	0.244016	-0.834591	14.176185
50919	0.239870	-0.822732	14.131557
50920	0.235949	-0.807419	14.088964
50921	0.236768	-0.793059	14.046446
50922	0.239796	-0.774933	14.006399
50923	0.243422	-0.752833	13.971880
50924	0.254096	-0.730025	13.946891
50925	0.268900	-0.702606	13.926197
50926	0.291942	-0.671266	13.906788
50927	0.322214	-0.634190	13.887597
50928	0.358688	-0.592722	13.871785
50929	0.394521	-0.560049	13.873416
50930	0.431448	-0.528102	13.884032
50931	0.469108	-0.496465	13.895641
50932	0.507583	-0.462967	13.906399
50933	0.544855	-0.425941	13.915014
50934	0.576380	-0.389112	13.924829
50935	0.603587	-0.355289	13.937499
50936	0.622523	-0.326092	13.951491
50937	0.639788	-0.300484	13.961107
50938	0.658340	-0.269841	13.970775
50939	0.677181	-0.239002	13.978568
50940	0.700362	-0.203445	13.984574
50941	0.727399	-0.163879	13.986294
50942	0.748747	-0.124305	13.985193
50943	0.763779	-0.104805	13.982699
50944	0.768027	-0.090684	13.979669
50945	0.769991	-0.081745	13.976365
50946	0.775732	-0.070964	13.973616
50947	0.782211	-0.057772	13.971387
50948	0.788986	-0.043657	13.967668
50949	0.797485	-0.029677	13.965151
50950	0.800285	-0.017426	13.958758
50951	0.806390	-0.003534	13.949677
50952	0.812731	0.009347	13.942077
50953	0.819316	0.023701	13.934370
50954	0.826182	0.038490	13.925917
50955	0.832279	0.056333	13.918161
50956	0.840225	0.075902	13.906513
50957	0.850498	0.104092	13.892080
50958	0.858576	0.136381	13.875653
50959	0.869851	0.170884	13.863068
50960	0.884364	0.206564	13.853685
50961	0.899708	0.247548	13.840381
50962	0.917308	0.290038	13.829316
50963	0.934626	0.333818	13.820044
50964	0.954236	0.380066	13.811531
50965	0.976143	0.431261	13.802198
50966	0.997354	0.484946	13.792200
50967	1.025374	0.542913	13.782656
50968	1.054253	0.604179	13.770064
50969	1.083860	0.664667	13.759221
50970	1.116406	0.729444	13.741061
50971	1.149704	0.797862	13.725248
50972	1.184849	0.868766	13.708120
50973	1.220789	0.939579	13.688015
50974	1.254466	1.010610	13.671882
50975	1.283366	1.080127	13.654208
50976	1.313528	1.143601	13.635170
50977	1.341398	1.205843	13.617171
50978	1.370015	1.264072	13.599981
50979	1.395297	1.318232	13.584024
50980	1.415688	1.363299	13.572208
50981	1.429628	1.396266	13.561464
50982	1.436019	1.408629	13.554732
50983	1.439572	1.417880	13.549842
50984	1.443889	1.427521	13.546330
50985	1.446399	1.435170	13.543420
50986	1.449211	1.444206	13.538288
50987	1.454262	1.452343	13.533980
50988	1.460112	1.462318	13.528832
50989	1.464175	1.472508	13.524588
50990	1.471547	1.482335	13.518543
50991	1.475666	1.497416	13.514165
50992	1.483071	1.511167	13.509467
50993	1.488247	1.528334	13.502376
50994	1.496221	1.546674	13.496408
50995	1.504473	1.567467	13.488871
50996	1.511985	1.589275	13.482873
50997	1.525972	1.621488	13.469671
50998	1.544835	1.655125	13.450829
50999	1.556161	1.680293	13.445384
51000	1.568779	1.704792	13.437663
51001	1.581623	1.730561	13.433855
51002	1.593218	1.755172	13.429162
51003	1.604487	1.774966	13.424605
51004	1.614981	1.791850	13.420238
51005	1.622655	1.807833	13.418005
51006	1.631069	1.819525	13.413282
51007	1.638733	1.833792	13.410009
51008	1.642578	1.845438	13.408708
51009	1.648164	1.855749	13.406858
51010	1.652980	1.863630	13.404453
51011	1.654996	1.870350	13.400918
51012	1.657780	1.877442	13.398762
51013	1.660282	1.882898	13.395566
51014	1.666058	1.886530	13.392795
51015	1.669534	1.889455	13.390277
51016	1.676272	1.890072	13.388922
51017	1.678721	1.891131	13.385113
51018	1.685445	1.890031	13.382712
51019	1.691414	1.890284	13.379978
51020	1.700160	1.889489	13.378069
51021	1.710655	1.887856	13.374871
51022	1.720425	1.887698	13.372468
51023	1.729938	1.888113	13.369333
51024	1.736701	1.889698	13.366502
51025	1.746809	1.894439	13.358847
51026	1.758238	1.899950	13.346696
51027	1.765746	1.901777	13.344117
51028	1.770426	1.899406	13.342700
51029	1.774826	1.895410	13.340240
51030	1.774940	1.892241	13.339715
51031	1.773280	1.889793	13.339351
51032	1.773906	1.887558	13.339473
51033	1.769207	1.885399	13.340895
51034	1.759750	1.886301	13.342437
51035	1.745474	1.886497	13.344879
51036	1.730428	1.884732	13.346021
51037	1.715593	1.880827	13.348985
51038	1.704053	1.875308	13.348373
51039	1.686179	1.868484	13.347033
51040	1.671586	1.860303	13.345379
51041	1.652696	1.852841	13.344537
51042	1.633105	1.847059	13.340490
51043	1.610740	1.841850	13.336362
51044	1.584126	1.837671	13.330169
51045	1.551718	1.836067	13.326725
51046	1.517068	1.834079	13.320661
51047	1.478104	1.830121	13.315844
51048	1.436392	1.827305	13.311328
51049	1.383819	1.821888	13.307729
51050	1.330470	1.814754	13.306100
51051	1.271295	1.802353	13.304542
51052	1.201231	1.783510	13.303699
51053	1.117745	1.751520	13.302231
51054	1.026373	1.706156	13.298854
51055	0.915591	1.646490	13.297484
51056	0.777302	1.567144	13.300039
51057	0.614220	1.468079	13.304897
51058	0.444203	1.333999	13.316083
51059	0.260335	1.151148	13.335862
51060	-0.018469	0.859468	13.360059
51061	-0.473654	0.388959	13.366023
51062	-1.096114	-0.192646	13.374508
51063	-1.853766	-0.906975	13.432841
51064	-2.740365	-1.800257	13.539094
51065	-3.731096	-2.862320	13.701679
51066	-4.775545	-4.056924	13.861955
51067	-5.737560	-5.371810	14.050087
51068	-6.543452	-6.788228	14.255852
51069	-7.114749	-8.282208	14.495072
51070	-7.466721	-9.801386	14.790686
51071	-7.648748	-11.327610	15.086733
51072	-7.707667	-12.991891	15.116078
51073	-7.509329	-14.803872	14.638362
51074	-6.912397	-16.679423	13.641360
51075	-5.982902	-18.560989	12.228224
51076	-5.028340	-20.285307	10.624784
51077	-4.265112	-21.944498	9.027436
51078	-3.717817	-23.660638	7.661600
51079	-3.366348	-25.469485	6.703187
51080	-3.227587	-27.335289	6.233906
51081	-3.367165	-29.198160	6.209111
51082	-3.819729	-31.019558	6.539267
51083	-4.491961	-32.758781	7.102995
51084	-5.219195	-34.362044	7.782983
51085	-5.915837	-35.783444	8.529804
51086	-6.517488	-36.948903	9.262018
51087	-6.990781	-37.810462	9.872122
51088	-7.369729	-38.378006	10.330802
51089	-7.722055	-38.739274	10.697624
51090	-8.092623	-38.984095	11.054181
51091	-8.518915	-39.161623	11.461075
51092	-9.021619	-39.197230	11.936599
51093	-9.633739	-39.044508	12.490061
51094	-10.346376	-38.724327	13.075872
51095	-11.103949	-38.264298	13.704395
51096	-11.925336	-37.691777	14.389352
51097	-12.772594	-37.010534	15.113754
51098	-13.575329	-36.246596	15.869168
51099	-14.297603	-35.395894	16.613486
51100	-14.906731	-34.448715	17.285732
51101	-15.379230	-33.398686	17.852005
51102	-15.689282	-32.269465	18.293772
51103	-15.846267	-31.082637	18.598520
51104	-15.865866	-29.807962	18.780487
51105	-15.807081	-28.421488	18.867335
51106	-15.683584	-26.937525	18.893441
51107	-15.501542	-25.385163	18.880911
51108	-15.279315	-23.781984	18.831608
51109	-15.012033	-22.124779	18.738354
51110	-14.684560	-20.439734	18.607629
51111	-14.308420	-18.732945	18.449861
51112	-13.897757	-17.024173	18.307426
51113	-13.490150	-15.335578	18.192199
51114	-13.095407	-13.678058	18.108738
51115	-12.720399	-12.054211	18.065576
51116	-12.357306	-10.484495	18.055457
51117	-11.985914	-8.970608	18.077347
51118	-11.611911	-7.528351	18.131200
51119	-11.230372	-6.185234	18.198127
51120	-10.834137	-4.961352	18.267398
51121	-10.418442	-3.840925	18.318157
51122	-10.000231	-2.822055	18.323724
51123	-9.570843	-1.901265	18.272961
51124	-9.115767	-1.090469	18.151750
51125	-8.640156	-0.389223	17.946138
51126	-8.152787	0.217522	17.653671
51127	-7.655339	0.763868	17.297525
51128	-7.149655	1.235152	16.925509
51129	-6.670988	1.627401	16.566197
51130	-6.234843	1.950899	16.235824
51131	-5.700517	2.095081	15.999334
51132	-4.826286	1.429582	15.582810
51133	-3.888648	0.821836	15.030643
51134	-3.249805	0.715464	14.686132
51135	-3.056184	0.639405	14.631061
51136	-3.135956	0.501663	14.708432
51137	-3.273809	0.390574	14.758326
51138	-3.408915	0.253767	14.680264
51139	-3.484784	0.077984	14.519349
51140	-3.477344	-0.103168	14.335341
51141	-3.425072	-0.288834	14.185957
51142	-3.364993	-0.491159	14.119299
51143	-3.294810	-0.681093	14.141600
51144	-3.215320	-0.856635	14.199170
51145	-3.126699	-1.038256	14.217886
51146	-2.999359	-1.200405	14.217298
51147	-2.871547	-1.368610	14.230427
51148	-2.769836	-1.538111	14.237347
51149	-2.686700	-1.703358	14.239165
51150	-2.609015	-1.868311	14.231104
51151	-2.546688	-2.030962	14.211205
51152	-2.496873	-2.194654	14.188080
51153	-2.441507	-2.364987	14.160760
51154	-2.380503	-2.537643	14.131551
51155	-2.319254	-2.713658	14.086061
51156	-2.255116	-2.891574	14.036519
51157	-2.187938	-3.068090	13.985878
51158	-2.123448	-3.241533	13.924161
51159	-2.052402	-3.410484	13.850128
51160	-1.974355	-3.579198	13.770506
51161	-1.886106	-3.744663	13.686323
51162	-1.801097	-3.902154	13.592670
51163	-1.711267	-4.060558	13.496643
51164	-1.596165	-4.217152	13.395453
51165	-1.455755	-4.372137	13.287893
51166	-1.301029	-4.514202	13.181292
51167	-1.151857	-4.636464	13.085082
51168	-1.000789	-4.734817	12.989980
51169	-0.853835	-4.818535	12.904705
51170	-0.709199	-4.875667	12.812620
51171	-0.563707	-4.923461	12.723775
51172	-0.425115	-4.959313	12.635858
51173	-0.296275	-4.972442	12.558206
51174	-0.166031	-4.972207	12.487307
51175	-0.007128	-4.970695	12.416508
51176	0.206598	-4.970181	12.353795
51177	0.476541	-4.961636	12.308963
51178	0.806607	-4.936378	12.265743
51179	1.183798	-4.898655	12.220849
51180	1.586673	-4.840129	12.195200
51181	2.012093	-4.737405	12.208694
51182	2.430634	-4.606504	12.254613
51183	2.723215	-4.532106	12.249820
51184	2.901850	-4.468347	12.231167
51185	3.001369	-4.413000	12.197966
51186	3.056139	-4.365092	12.160043
51187	3.108130	-4.312849	12.125748
51188	3.182223	-4.250384	12.108345
51189	3.260464	-4.166550	12.137526
51190	3.328607	-4.040134	12.227296
51191	3.390749	-3.858018	12.361363
51192	3.433244	-3.650100	12.503546
51193	3.348465	-3.582779	12.513469
51194	3.157178	-3.643857	12.445132
51195	2.915562	-3.737230	12.411720
51196	2.633812	-3.847863	12.383998
51197	2.334445	-3.961989	12.371996
51198	2.028606	-4.058552	12.377140
51199	1.723045	-4.137093	12.398162
51200	1.429146	-4.195813	12.433790
51201	1.146345	-4.231248	12.476567
51202	0.866166	-4.252491	12.513660
51203	0.566885	-4.273762	12.535640
51204	0.248183	-4.300704	12.543238
51205	-0.082423	-4.329039	12.536842
51206	-0.390703	-4.340068	12.528425
51207	-0.646261	-4.312738	12.546339
51208	-0.783053	-4.266370	12.579803
51209	-0.787553	-4.181002	12.649023
51210	-0.709766	-4.062996	12.753078
51211	-0.657131	-4.019270	12.869548
51212	-0.674859	-4.031083	12.958313
51213	-0.714730	-4.041314	13.039755
51214	-0.730797	-4.045894	13.123602
51215	-0.717850	-4.046046	13.204654
51216	-0.708268	-4.046122	13.274035
51217	-0.710509	-4.042714	13.336120
51218	-0.704423	-4.023369	13.382438
51219	-0.673062	-3.981442	13.414548
51220	-0.590832	-3.910231	13.435720
51221	-0.465477	-3.805142	13.456450
51222	-0.326959	-3.682257	13.483989
51223	-0.187715	-3.565566	13.517727
51224	-0.080633	-3.504626	13.554838
51225	0.013753	-3.460758	13.599401
51226	0.100498	-3.412522	13.644752
51227	0.195335	-3.352556	13.688793
51228	0.312308	-3.270363	13.730892
51229	0.445487	-3.164064	13.776987
51230	0.585802	-3.027008	13.833158
51231	0.730103	-2.890163	13.891231
51232	0.863168	-2.763807	13.952488
51233	0.970266	-2.665277	14.009008
51234	1.030410	-2.630175	14.057327
51235	1.060507	-2.619319	14.093863
51236	1.071039	-2.612504	14.127694
51237	1.069580	-2.609553	14.154719
51238	1.051308	-2.620795	14.175312
51239	1.025755	-2.630874	14.194755
51240	0.992650	-2.642141	14.221898
51241	0.949005	-2.653595	14.265399
51242	0.896239	-2.665271	14.329454
51243	0.833308	-2.674438	14.402156
51244	0.767110	-2.673784	14.475085
51245	0.689915	-2.667365	14.541859
51246	0.591616	-2.650166	14.593761
51247	0.509966	-2.624343	14.624771
51248	0.448183	-2.591093	14.641733
51249	0.417288	-2.566655	14.656149
51250	0.409042	-2.546015	14.686513
51251	0.413080	-2.531014	14.727498
51252	0.430042	-2.519756	14.766738
51253	0.449773	-2.506115	14.803646
51254	0.467210	-2.489487	14.844090
51255	0.489196	-2.476312	14.888286
51256	0.518000	-2.460849	14.933613
51257	0.549499	-2.439531	14.978684
51258	0.587339	-2.404762	15.024242
51259	0.625844	-2.360977	15.071210
51260	0.657494	-2.304147	15.111612
51261	0.676256	-2.246582	15.141576
51262	0.672235	-2.201309	15.146733
51263	0.663923	-2.163100	15.136785
51264	0.670433	-2.130899	15.112619
51265	0.682934	-2.100358	15.078929
51266	0.705640	-2.066435	15.035029
51267	0.733275	-2.025886	14.983321
51268	0.756920	-1.979983	14.927017
51269	0.776860	-1.942878	14.866069
51270	0.783151	-1.914262	14.804484
51271	0.788465	-1.889516	14.746739
51272	0.793496	-1.863730	14.692660
51273	0.800655	-1.831760	14.639502
51274	0.809160	-1.796949	14.586111
51275	0.818899	-1.759085	14.530614
51276	0.829504	-1.724259	14.474410
51277	0.838248	-1.696425	14.419009
51278	0.844280	-1.662887	14.364581
51279	0.858582	-1.628705	14.307500
51280	0.884194	-1.594601	14.251786
51281	0.908377	-1.559868	14.198398
51282	0.939714	-1.524289	14.150555
51283	0.973570	-1.487948	14.106663
51284	1.003166	-1.448461	14.065136
51285	1.029575	-1.417514	14.033671
51286	1.049610	-1.391106	14.007960
51287	1.069198	-1.361697	13.985090
51288	1.087065	-1.323732	13.962987
51289	1.104455	-1.278339	13.944333
51290	1.122346	-1.227329	13.920811
51291	1.141155	-1.171975	13.904253
51292	1.161785	-1.115543	13.888565
51293	1.186650	-1.055600	13.871475
51294	1.212040	-0.992260	13.849232
51295	1.241852	-0.925401	13.834976
51296	1.269938	-0.850983	13.823001
51297	1.299276	-0.764178	13.809461
51298	1.331873	-0.674465	13.800214
51299	1.366159	-0.584953	13.792217
51300	1.403160	-0.499860	13.790227
51301	1.444830	-0.414985	13.790923
51302	1.484327	-0.333361	13.793529
51303	1.526038	-0.250498	13.797297
51304	1.558992	-0.165854	13.805131
51305	1.589640	-0.080292	13.814335
51306	1.618156	0.002997	13.823950
51307	1.644011	0.083070	13.828184
51308	1.664625	0.154539	13.833689
51309	1.683954	0.225865	13.838986
51310	1.697112	0.292607	13.842664
51311	1.705321	0.350481	13.848554
51312	1.715931	0.401746	13.850721
51313	1.724197	0.448326	13.851791
51314	1.739849	0.494200	13.853487
51315	1.755647	0.538341	13.856261
51316	1.777314	0.580202	13.859523
51317	1.804211	0.620837	13.861804
51318	1.829307	0.652068	13.866351
51319	1.854095	0.680398	13.868068
51320	1.871073	0.704545	13.872285
51321	1.886130	0.723985	13.877508
51322	1.892923	0.739779	13.882366
51323	1.893810	0.754679	13.887897
51324	1.891534	0.766925	13.890265
51325	1.886374	0.780441	13.895083
51326	1.879053	0.793162	13.898031
51327	1.868892	0.808133	13.901955
51328	1.859064	0.823048	13.905877
51329	1.846895	0.836007	13.908257
51330	1.837535	0.847448	13.912185
51331	1.830863	0.859395	13.916839
51332	1.825002	0.866589	13.919712
51333	1.818741	0.868951	13.922686
51334	1.813801	0.869201	13.925583
51335	1.810069	0.869861	13.926846
51336	1.808123	0.868358	13.930152
51337	1.806946	0.871226	13.931077
51338	1.803052	0.872604	13.932744
51339	1.798319	0.874829	13.934818
51340	1.791428	0.876247	13.935021
51341	1.785710	0.878813	13.936117
51342	1.781814	0.878479	13.936730
51343	1.778123	0.880121	13.936522
51344	1.776259	0.880574	13.936884
51345	1.774012	0.880120	13.938721
51346	1.773635	0.879452	13.939657
51347	1.771868	0.877731	13.941825
51348	1.769460	0.876275	13.943011
51349	1.769787	0.876809	13.942721
51350	1.766377	0.876916	13.944718
51351	1.762168	0.880568	13.946705
51352	1.762316	0.881320	13.947553
51353	1.762165	0.884836	13.947986
51354	1.761837	0.888570	13.949557
51355	1.760140	0.891741	13.951624
51356	1.760833	0.894401	13.951649
51357	1.762709	0.896995	13.950779
51358	1.764413	0.901516	13.952100
51359	1.768763	0.904363	13.953837
51360	1.772499	0.909671	13.954910
51361	1.776391	0.914278	13.955581
51362	1.779607	0.919878	13.957795
51363	1.782495	0.924337	13.958224
51364	1.784222	0.929346	13.958811
51365	1.783574	0.933651	13.959650
51366	1.785755	0.935189	13.960249
51367	1.783118	0.939686	13.959865
51368	1.781308	0.944538	13.960862
51369	1.779091	0.946299	13.963016
51370	1.777757	0.948170	13.963290
51371	1.775580	0.950910	13.963972
51372	1.774205	0.951803	13.965716
51373	1.772468	0.952297	13.968201
51374	1.770588	0.952260	13.969297
51375	1.771881	0.951981	13.970723
51376	1.770022	0.952433	13.971083
51377	1.766808	0.951116	13.970149
51378	1.762418	0.951562	13.971162
51379	1.759170	0.950980	13.972754
51380	1.753269	0.950345	13.972873
51381	1.746482	0.947898	13.973821
51382	1.738571	0.946965	13.973452
51383	1.729734	0.943242	13.975384
51384	1.723288	0.940699	13.976327
51385	1.713414	0.932918	13.976646
51386	1.707382	0.925927	13.979075
51387	1.701506	0.918258	13.981107
51388	1.696474	0.909706	13.982729
51389	1.692128	0.903605	13.984919
51390	1.686097	0.896615	13.987351
51391	1.680269	0.891636	13.988968
51392	1.676794	0.886853	13.991065
51393	1.669436	0.880305	13.992527
51394	1.663926	0.873022	13.993821
51395	1.658053	0.865355	13.995859
51396	1.651523	0.859146	13.998701
51397	1.644645	0.851331	14.000498
51398	1.639616	0.842778	14.002126
51399	1.630732	0.834666	14.003439
51400	1.624675	0.823762	14.004511
51401	1.618321	0.815658	14.005171
51402	1.611811	0.808224	14.006229
51403	1.604436	0.801196	14.008438
51404	1.600459	0.795481	14.009895
51405	1.596199	0.791345	14.009152
51406	1.593272	0.788469	14.010432
51407	1.588449	0.785361	14.013355
51408	1.585501	0.781998	14.015372
51409	1.581748	0.780505	14.016329
51410	1.575790	0.776691	14.017618
51411	1.569990	0.773924	14.019564
51412	1.566561	0.770117	14.020198
51413	1.562284	0.767208	14.021245
51414	1.558833	0.762913	14.022616
51415	1.557588	0.760943	14.023657
51416	1.556214	0.761839	14.025408
51417	1.554490	0.761138	14.026116
51418	1.551632	0.761440	14.026241
51419	1.549362	0.758831	14.027774
51420	1.545436	0.757518	14.029866
51421	1.543166	0.754912	14.031400
51422	1.539240	0.753599	14.033492
51423	1.532983	0.752595	14.034371
51424	1.530036	0.749232	14.036390
