// General information: 
//  MT Manager version: 2019.0.1 
//  XDA version: 2019.0.1 build 2740 rev 84096 built on 2019-01-30
// Device information: 
//  DeviceId: 00B43773
//  ProductCode: MTW2-3A7G6
//  Firmware Version: 4.3.4
//  Hardware Version: 1.1.0
// Device settings: 
//  Filter Profile: human(46.1)
//  Option Flags: Orientation Smoother Disabled, AHS Disabled, ICC Disabled
// Coordinate system: ENU
PacketCounter	Roll	Pitch	Yaw
27270	0.091343	-0.373125	-0.049686
27271	0.088149	-0.380279	-0.050752
27272	0.086066	-0.384177	-0.051895
27273	0.083520	-0.388626	-0.053201
27274	0.083738	-0.389473	-0.050127
27275	0.082292	-0.389773	-0.049503
27276	0.080934	-0.388178	-0.054192
27277	0.080049	-0.386846	-0.052650
27278	0.079238	-0.385327	-0.052345
27279	0.079071	-0.383949	-0.051320
27280	0.079171	-0.383107	-0.054507
27281	0.080404	-0.384482	-0.053541
27282	0.080639	-0.384705	-0.053153
27283	0.080409	-0.385288	-0.051063
27284	0.079146	-0.385418	-0.053790
27285	0.078419	-0.385670	-0.053684
27286	0.077736	-0.385965	-0.056946
27287	0.077008	-0.386218	-0.056840
27288	0.077725	-0.385621	-0.049883
27289	0.076120	-0.384337	-0.047826
27290	0.077401	-0.381984	-0.046496
27291	0.075859	-0.378738	-0.045504
27292	0.075625	-0.377328	-0.040706
27293	0.076153	-0.375016	-0.040105
27294	0.077462	-0.371772	-0.037717
27295	0.076639	-0.368479	-0.037242
27296	0.076767	-0.366721	-0.036616
27297	0.075162	-0.365437	-0.034560
27298	0.077842	-0.363030	-0.036545
27299	0.076482	-0.362255	-0.037081
27300	0.077086	-0.359988	-0.037703
27301	0.077749	-0.358374	-0.038445
27302	0.077800	-0.357735	-0.041083
27303	0.077768	-0.357054	-0.041401
27304	0.076421	-0.355419	-0.041382
27305	0.079178	-0.355625	-0.042606
27306	0.078985	-0.355163	-0.041175
27307	0.080414	-0.355274	-0.042617
27308	0.080189	-0.352850	-0.042019
27309	0.080131	-0.351283	-0.042245
27310	0.079357	-0.348985	-0.047646
27311	0.080019	-0.347371	-0.048388
27312	0.078678	-0.346776	-0.045781
27313	0.078732	-0.345020	-0.047257
27314	0.078722	-0.346314	-0.045948
27315	0.080016	-0.345728	-0.046048
27316	0.080883	-0.347605	-0.041966
27317	0.081531	-0.349725	-0.041826
27318	0.081486	-0.349980	-0.042155
27319	0.081501	-0.351071	-0.042657
27320	0.081550	-0.352955	-0.048347
27321	0.081517	-0.352273	-0.048665
27322	0.081445	-0.350796	-0.052765
27323	0.081300	-0.350304	-0.051833
27324	0.082444	-0.345410	-0.058639
27325	0.083033	-0.341136	-0.059104
27326	0.083768	-0.336037	-0.060286
27327	0.083588	-0.330037	-0.060051
27328	0.082121	-0.323989	-0.059567
27329	0.083466	-0.316818	-0.061521
27330	0.083361	-0.311845	-0.067576
27331	0.081901	-0.307523	-0.067746
27332	0.079826	-0.301381	-0.071510
27333	0.078316	-0.295286	-0.071497
27334	0.076783	-0.289260	-0.070975
27335	0.073288	-0.281155	-0.071734
27336	0.070384	-0.273434	-0.068880
27337	0.068935	-0.265376	-0.069935
27338	0.066165	-0.253780	-0.073087
27339	0.063166	-0.246005	-0.071864
27340	0.062260	-0.236409	-0.072251
27341	0.059930	-0.226813	-0.071360
27342	0.057830	-0.217981	-0.071594
27343	0.055075	-0.210714	-0.072966
27344	0.051704	-0.202616	-0.066230
27345	0.048912	-0.198198	-0.066627
27346	0.048757	-0.191969	-0.055771
27347	0.045720	-0.187041	-0.053577
27348	0.044999	-0.184553	-0.056515
27349	0.043584	-0.182003	-0.056875
27350	0.042285	-0.178624	-0.056468
27351	0.041528	-0.177989	-0.056275
27352	0.041725	-0.178083	-0.058555
27353	0.041637	-0.175627	-0.058693
27354	0.041509	-0.174195	-0.062771
27355	0.042665	-0.172909	-0.061528
27356	0.043497	-0.173166	-0.063536
27357	0.043410	-0.170710	-0.063675
27358	0.042677	-0.169334	-0.069215
27359	0.041310	-0.168558	-0.069759
27360	0.039831	-0.167180	-0.070000
27361	0.038624	-0.167989	-0.071978
27362	0.038657	-0.166459	-0.069651
27363	0.038594	-0.164890	-0.069881
27364	0.039453	-0.162484	-0.073423
27365	0.039415	-0.161802	-0.073745
27366	0.039352	-0.162348	-0.078942
27367	0.039339	-0.162552	-0.079356
27368	0.040010	-0.166004	-0.073971
27369	0.040172	-0.172418	-0.075026
27370	0.041609	-0.175446	-0.072510
27371	0.040308	-0.181067	-0.072446
27372	0.039728	-0.186726	-0.071618
27373	0.039756	-0.192442	-0.071331
27374	0.039158	-0.196298	-0.068494
27375	0.040599	-0.201032	-0.069143
27376	0.042183	-0.204719	-0.064351
27377	0.043463	-0.207868	-0.063567
27378	0.043141	-0.211496	-0.067270
27379	0.044481	-0.212682	-0.067553
27380	0.045272	-0.213165	-0.069597
27381	0.045843	-0.212625	-0.069183
27382	0.046685	-0.211258	-0.063928
27383	0.047231	-0.209830	-0.063423
27384	0.048251	-0.207998	-0.062835
27385	0.048435	-0.206937	-0.065657
27386	0.051335	-0.204594	-0.067340
27387	0.053707	-0.203592	-0.064626
27388	0.055688	-0.204200	-0.069318
27389	0.058442	-0.204404	-0.070538
27390	0.059108	-0.205808	-0.076061
27391	0.059729	-0.207042	-0.075832
27392	0.058957	-0.205762	-0.086858
27393	0.060322	-0.207836	-0.087235
27394	0.060205	-0.209261	-0.088345
27395	0.061717	-0.208295	-0.090947
27396	0.062542	-0.209363	-0.084482
27397	0.065135	-0.207983	-0.084268
27398	0.067295	-0.207645	-0.081969
27399	0.071327	-0.206170	-0.082783
27400	0.075472	-0.205706	-0.084110
27401	0.079478	-0.203344	-0.084832
27402	0.082269	-0.202020	-0.076969
27403	0.084861	-0.200640	-0.076755
27404	0.087798	-0.200941	-0.074992
27405	0.091160	-0.201288	-0.075475
27406	0.094654	-0.200913	-0.080324
27407	0.096689	-0.201165	-0.081031
27408	0.100209	-0.201556	-0.074561
27409	0.102827	-0.201063	-0.074439
27410	0.104137	-0.201314	-0.077023
27411	0.103987	-0.200821	-0.076097
27412	0.105351	-0.197711	-0.076763
27413	0.105287	-0.196141	-0.076995
27414	0.105216	-0.194637	-0.071633
27415	0.106505	-0.194049	-0.071734
27416	0.107884	-0.193576	-0.070671
27417	0.109062	-0.193178	-0.069522
27418	0.109162	-0.192874	-0.074140
27419	0.109184	-0.190227	-0.075529
27420	0.109159	-0.187941	-0.077046
27421	0.110397	-0.185579	-0.076963
27422	0.111690	-0.182428	-0.076710
27423	0.113622	-0.179131	-0.077048
27424	0.115514	-0.176140	-0.074931
27425	0.118114	-0.171020	-0.075597
27426	0.118320	-0.167728	-0.070247
27427	0.119472	-0.166443	-0.069005
27428	0.120027	-0.164252	-0.066335
27429	0.121290	-0.162776	-0.066343
27430	0.124068	-0.164153	-0.063867
27431	0.124689	-0.165387	-0.063638
27432	0.124950	-0.167477	-0.079145
27433	0.123438	-0.169742	-0.077471
27434	0.123774	-0.170740	-0.077276
27435	0.123761	-0.170944	-0.077693
27436	0.122548	-0.171415	-0.079599
27437	0.121867	-0.173442	-0.079688
27438	0.121840	-0.174760	-0.087009
27439	0.121767	-0.176929	-0.086361
27440	0.120928	-0.178255	-0.089097
27441	0.122294	-0.180328	-0.089475
27442	0.119686	-0.183446	-0.096964
27443	0.119586	-0.184728	-0.096225
27444	0.118230	-0.184981	-0.095465
27445	0.117385	-0.185424	-0.094120
27446	0.116774	-0.184907	-0.090936
27447	0.116067	-0.186047	-0.090934
27448	0.116853	-0.185471	-0.091022
27449	0.115288	-0.185961	-0.089164
27450	0.116750	-0.184779	-0.083724
27451	0.118039	-0.184191	-0.083826
27452	0.118062	-0.184617	-0.089627
27453	0.119958	-0.184171	-0.088992
27454	0.121949	-0.183636	-0.084505
27455	0.122569	-0.184870	-0.084278
27456	0.121875	-0.186371	-0.084570
27457	0.123241	-0.188445	-0.084948
27458	0.123411	-0.190538	-0.082903
27459	0.120707	-0.193405	-0.082798
27460	0.120611	-0.195715	-0.080517
27461	0.119347	-0.198487	-0.081437
27462	0.119567	-0.200588	-0.080974
27463	0.120187	-0.201822	-0.080747
27464	0.120839	-0.204019	-0.088578
27465	0.120765	-0.206188	-0.087931
27466	0.123341	-0.208847	-0.080121
27467	0.124819	-0.210729	-0.081749
27468	0.124788	-0.210863	-0.079685
27469	0.126761	-0.213079	-0.079327
27470	0.129604	-0.215620	-0.079992
27471	0.131551	-0.216949	-0.079541
27472	0.133667	-0.218298	-0.081732
27473	0.132100	-0.218789	-0.079875
27474	0.133460	-0.216696	-0.089071
27475	0.134661	-0.217186	-0.088016
27476	0.134774	-0.214900	-0.087204
27477	0.135289	-0.212585	-0.086609
27478	0.138031	-0.210463	-0.085389
27479	0.138598	-0.209923	-0.084979
27480	0.138743	-0.207703	-0.091261
27481	0.137176	-0.208194	-0.089407
27482	0.138756	-0.207711	-0.084855
27483	0.136052	-0.210579	-0.084752
27484	0.132952	-0.212054	-0.081113
27485	0.129614	-0.213892	-0.081654
27486	0.125860	-0.215122	-0.086021
27487	0.121714	-0.218086	-0.084894
27488	0.116917	-0.218230	-0.085901
27489	0.110229	-0.220814	-0.086472
27490	0.103607	-0.219732	-0.079914
27491	0.093957	-0.219845	-0.078159
27492	0.082692	-0.217719	-0.078304
27493	0.071914	-0.216468	-0.079181
27494	0.058468	-0.213642	-0.080001
27495	0.047082	-0.212249	-0.081618
27496	0.036253	-0.209679	-0.088022
27497	0.024424	-0.209727	-0.091812
27498	0.015299	-0.208941	-0.092552
27499	0.005873	-0.208671	-0.093301
27500	-0.006861	-0.207542	-0.091101
27501	-0.019771	-0.203580	-0.091424
27502	-0.032929	-0.200502	-0.090712
27503	-0.048584	-0.197426	-0.090332
27504	-0.065460	-0.194672	-0.092819
27505	-0.083167	-0.191546	-0.092156
27506	-0.099275	-0.186397	-0.081198
27507	-0.117011	-0.182382	-0.080448
27508	-0.131769	-0.175015	-0.083965
27509	-0.146260	-0.166703	-0.082826
27510	-0.158535	-0.158638	-0.081755
27511	-0.168841	-0.149347	-0.082350
27512	-0.179693	-0.142971	-0.082331
27513	-0.194876	-0.131852	-0.081673
27514	-0.208477	-0.121824	-0.090414
27515	-0.224833	-0.115935	-0.090528
27516	-0.243456	-0.109222	-0.096535
27517	-0.263830	-0.102158	-0.097252
27518	-0.283947	-0.094172	-0.096496
27519	-0.302242	-0.084305	-0.098486
27520	-0.316421	-0.075136	-0.100880
27521	-0.332641	-0.066206	-0.103248
27522	-0.347846	-0.055093	-0.102273
27523	-0.364290	-0.042796	-0.103045
27524	-0.384214	-0.033045	-0.101471
27525	-0.405098	-0.021912	-0.105109
27526	-0.425948	-0.010422	-0.104463
27527	-0.444314	0.001226	-0.106313
27528	-0.461126	0.013541	-0.101449
27529	-0.476222	0.028597	-0.103007
27530	-0.491074	0.041450	-0.107193
27531	-0.503429	0.053652	-0.108558
27532	-0.513038	0.065899	-0.115327
27533	-0.523426	0.076979	-0.115813
27534	-0.535102	0.091598	-0.105639
27535	-0.547045	0.106145	-0.104767
27536	-0.557455	0.122545	-0.104571
27537	-0.569985	0.143822	-0.106346
27538	-0.584941	0.163165	-0.102645
27539	-0.600200	0.190151	-0.105636
27540	-0.619404	0.216004	-0.103651
27541	-0.641057	0.250260	-0.105158
27542	-0.666866	0.290612	-0.090813
27543	-0.694421	0.335562	-0.089781
27544	-0.721591	0.384093	-0.086872
27545	-0.748947	0.437631	-0.083062
27546	-0.778698	0.492189	-0.067545
27547	-0.810539	0.549939	-0.060353
27548	-0.844638	0.604186	-0.048951
27549	-0.883921	0.663292	-0.042461
27550	-0.923702	0.725833	-0.026861
27551	-0.967019	0.785260	-0.021206
27552	-1.010340	0.844050	-0.010999
27553	-1.052970	0.903552	-0.005963
27554	-1.096673	0.961052	0.016506
27555	-1.132472	1.014759	0.022182
27556	-1.164132	1.061182	0.036751
27557	-1.196341	1.101931	0.043733
27558	-1.226767	1.134569	0.061688
27559	-1.259249	1.159685	0.052290
27560	-1.304026	1.166197	0.032025
27561	-1.356305	1.159084	-0.022844
27562	-1.411451	1.147641	-0.070594
27563	-1.468438	1.130659	-0.131150
27564	-1.518362	1.115793	-0.186343
27565	-1.569123	1.102193	-0.241514
27566	-1.621695	1.087383	-0.284302
27567	-1.671396	1.074772	-0.328228
27568	-1.715046	1.059915	-0.356901
27569	-1.754791	1.049662	-0.382593
27570	-1.788053	1.037887	-0.392507
27571	-1.816588	1.027196	-0.405774
27572	-1.839751	1.013728	-0.409109
27573	-1.859486	1.001629	-0.421447
27574	-1.878293	0.988352	-0.420623
27575	-1.897201	0.970771	-0.432648
27576	-1.911919	0.955398	-0.432431
27577	-1.920459	0.938355	-0.438546
27578	-1.927411	0.923006	-0.422229
27579	-1.925651	0.905443	-0.421261
27580	-1.919930	0.885627	-0.421645
27581	-1.913069	0.860608	-0.413939
27582	-1.901406	0.829982	-0.387560
27583	-1.889057	0.792503	-0.376082
27584	-1.879271	0.747247	-0.358568
27585	-1.874502	0.688426	-0.346630
27586	-1.882290	0.613221	-0.334912
27587	-1.901879	0.515571	-0.327264
27588	-1.942686	0.387618	-0.322123
27589	-2.007062	0.232619	-0.320911
27590	-2.096920	0.037114	-0.336045
27591	-2.218384	-0.224030	-0.386181
27592	-2.354105	-0.559640	-0.479258
27593	-2.529755	-0.960288	-0.619141
27594	-2.815615	-1.450875	-0.899411
27595	-2.922959	-2.212097	-0.985426
27596	-3.136338	-3.114881	-1.174604
27597	-3.437471	-4.194556	-1.325720
27598	-3.791991	-5.456490	-1.447112
27599	-4.325120	-6.776802	-1.610397
27600	-5.044079	-8.087586	-1.854451
27601	-6.036339	-9.368891	-2.145794
27602	-7.416400	-10.723277	-2.384158
27603	-9.445659	-11.993790	-2.491436
27604	-12.091489	-13.246200	-2.209468
27605	-14.837474	-14.522986	-1.078697
27606	-16.825249	-15.680992	0.976746
27607	-18.182243	-16.541074	3.552224
27608	-19.507776	-17.179963	6.002503
27609	-20.994813	-17.698883	7.850210
27610	-22.352079	-18.154859	8.958273
27611	-23.200504	-18.572953	9.448479
27612	-23.504220	-18.980730	9.467907
27613	-23.456396	-19.394010	9.125359
27614	-23.253933	-19.862285	8.575393
27615	-23.017749	-20.416430	7.994605
27616	-22.808995	-21.051476	7.495597
27617	-22.664732	-21.706182	7.126936
27618	-22.568566	-22.318146	6.871615
27619	-22.445700	-22.852690	6.665367
27620	-22.207559	-23.290279	6.432780
27621	-21.808474	-23.642907	6.089645
27622	-21.154160	-23.922197	5.542825
27623	-20.141258	-24.106745	4.709444
27624	-18.762687	-24.170993	3.528221
27625	-17.054606	-24.111663	1.996424
27626	-15.064778	-23.915204	0.173765
27627	-12.891021	-23.555861	-1.826825
27628	-10.654430	-23.002753	-3.873505
27629	-8.466543	-22.253507	-5.864992
27630	-6.407182	-21.341327	-7.750714
27631	-4.537177	-20.317835	-9.486052
27632	-2.872997	-19.201076	-11.039544
27633	-1.417436	-18.026295	-12.341789
27634	-0.145011	-16.840735	-13.394583
27635	0.930071	-15.699319	-14.228113
27636	1.797660	-14.627519	-14.833672
27637	2.505725	-13.631855	-15.215416
27638	3.117411	-12.687169	-15.416814
27639	3.639920	-11.782329	-15.502787
27640	4.111918	-10.922901	-15.508840
27641	4.537073	-10.117289	-15.448560
27642	4.930158	-9.347341	-15.319231
27643	5.269264	-8.619986	-15.087315
27644	5.537612	-7.937855	-14.722109
27645	5.694690	-7.309936	-14.216543
27646	5.722803	-6.730783	-13.591914
27647	5.627877	-6.209246	-12.866433
27648	5.444863	-5.744600	-12.046622
27649	5.274586	-5.306445	-11.142299
27650	5.138270	-4.855773	-10.193842
27651	4.980621	-4.387592	-9.273135
27652	4.830035	-3.887258	-8.422867
27653	4.717851	-3.365125	-7.664375
27654	4.646029	-2.834881	-7.003146
27655	4.592943	-2.341679	-6.430620
27656	4.528136	-1.931848	-5.921630
27657	4.440428	-1.636750	-5.449962
27658	4.407631	-1.549754	-4.976123
27659	4.460331	-1.787757	-4.503399
27660	4.221148	-2.332391	-4.182908
27661	2.781614	-2.269737	-3.846582
27662	2.136363	-1.737426	-4.234757
27663	1.504116	-1.367203	-3.882728
27664	1.538989	-1.375966	-3.734731
27665	1.806317	-1.561587	-3.872773
27666	1.891340	-1.771947	-4.086712
27667	1.794738	-1.954883	-4.228497
27668	1.690417	-2.059917	-4.304353
27669	1.582053	-2.090191	-4.333975
27670	1.448625	-2.068679	-4.348075
27671	1.380817	-2.053310	-4.378175
27672	1.361985	-2.097157	-4.433828
27673	1.346636	-2.195661	-4.514035
27674	1.317494	-2.276341	-4.574322
27675	1.282615	-2.318175	-4.608101
27676	1.243429	-2.371827	-4.607356
27677	1.225574	-2.422525	-4.591129
27678	1.222561	-2.486297	-4.564402
27679	1.222989	-2.570982	-4.539377
27680	1.209556	-2.670917	-4.551890
27681	1.174537	-2.771642	-4.567280
27682	1.144082	-2.871397	-4.564670
27683	1.118671	-2.987893	-4.536060
27684	1.102595	-3.098624	-4.480877
27685	1.077189	-3.182051	-4.394006
27686	1.024938	-3.256089	-4.315055
27687	0.938621	-3.323037	-4.277689
27688	0.832915	-3.362949	-4.267690
27689	0.711069	-3.378223	-4.304121
27690	0.578171	-3.362255	-4.378707
27691	0.454882	-3.303201	-4.473963
27692	0.364682	-3.196845	-4.583735
27693	0.299173	-3.053015	-4.691761
27694	0.257750	-2.900764	-4.762946
27695	0.231131	-2.808181	-4.743272
27696	0.188959	-2.775860	-4.713940
27697	0.130039	-2.744144	-4.682869
27698	0.054298	-2.702113	-4.640022
27699	-0.049928	-2.655593	-4.609171
27700	-0.191864	-2.607750	-4.609060
27701	-0.357356	-2.543115	-4.631237
27702	-0.530623	-2.453195	-4.674075
27703	-0.699843	-2.332501	-4.728122
27704	-0.857280	-2.186630	-4.769833
27705	-1.007624	-2.032584	-4.793007
27706	-1.152995	-1.878679	-4.801407
27707	-1.276862	-1.720741	-4.781482
27708	-1.355984	-1.565474	-4.725219
27709	-1.379097	-1.414656	-4.615206
27710	-1.359417	-1.270438	-4.449053
27711	-1.311967	-1.141010	-4.237516
27712	-1.248381	-1.064018	-3.969540
27713	-1.167974	-1.031733	-3.678909
27714	-1.095176	-1.015913	-3.390129
27715	-1.008414	-0.992512	-3.110022
27716	-0.905783	-0.965478	-2.854702
27717	-0.848114	-0.952137	-2.625191
27718	-0.816945	-0.932685	-2.423051
27719	-0.788503	-0.903121	-2.265902
27720	-0.743839	-0.849434	-2.142811
27721	-0.687748	-0.780132	-2.050492
27722	-0.623058	-0.718974	-1.962591
27723	-0.558248	-0.668827	-1.882421
27724	-0.503669	-0.630789	-1.806569
27725	-0.458835	-0.618668	-1.721761
27726	-0.410568	-0.617277	-1.629645
27727	-0.349980	-0.607465	-1.539698
27728	-0.301087	-0.591644	-1.460156
27729	-0.271628	-0.565964	-1.396711
27730	-0.259805	-0.540760	-1.335088
27731	-0.259650	-0.521446	-1.259470
27732	-0.258284	-0.496935	-1.179750
27733	-0.264233	-0.472688	-1.105373
27734	-0.284214	-0.447671	-1.035314
27735	-0.320760	-0.421008	-0.980486
27736	-0.377530	-0.394994	-0.942279
27737	-0.449353	-0.370292	-0.906428
27738	-0.522407	-0.344407	-0.874526
27739	-0.597305	-0.309261	-0.852465
27740	-0.661320	-0.261254	-0.837395
27741	-0.710187	-0.209248	-0.831569
27742	-0.743117	-0.159913	-0.838577
27743	-0.763018	-0.116919	-0.857538
27744	-0.776526	-0.078133	-0.888612
27745	-0.787745	-0.042544	-0.926159
27746	-0.798417	-0.007808	-0.972662
27747	-0.780735	0.031432	-1.017413
27748	-0.760944	0.067615	-1.050995
27749	-0.736320	0.086310	-1.068773
27750	-0.700835	0.095956	-1.079556
27751	-0.655294	0.103317	-1.092678
27752	-0.596731	0.112337	-1.104401
27753	-0.525885	0.123865	-1.114963
27754	-0.442459	0.143976	-1.122167
27755	-0.360115	0.162614	-1.128522
27756	-0.270657	0.181614	-1.135344
27757	-0.169476	0.201510	-1.141914
27758	-0.064054	0.220669	-1.147013
27759	0.041486	0.246665	-1.152717
27760	0.139580	0.279630	-1.157607
27761	0.207894	0.316537	-1.167026
27762	0.277627	0.345387	-1.162723
27763	0.337852	0.362738	-1.149922
27764	0.361936	0.341505	-1.106075
27765	0.374827	0.295432	-1.038119
27766	0.371912	0.241930	-0.968037
27767	0.356800	0.195869	-0.905289
27768	0.342999	0.170896	-0.852753
27769	0.329744	0.172714	-0.812706
27770	0.306530	0.184114	-0.787570
27771	0.280242	0.176457	-0.763954
27772	0.243919	0.124012	-0.736780
27773	0.187685	0.032359	-0.705442
27774	0.109204	-0.072334	-0.673671
27775	0.019047	-0.177172	-0.652432
27776	-0.073214	-0.289780	-0.617344
27777	-0.163974	-0.421430	-0.550355
27778	-0.247653	-0.539812	-0.467462
27779	-0.322535	-0.651135	-0.353697
27780	-0.382008	-0.771594	-0.215322
27781	-0.402151	-0.893304	-0.041590
27782	-0.369361	-1.014470	0.198596
27783	-0.353894	-1.139328	0.481698
27784	-0.335144	-1.257883	0.791236
27785	-0.359769	-1.380152	1.166259
27786	-0.429964	-1.480044	1.536950
27787	-0.441454	-1.559796	2.017914
27788	-0.418805	-1.631472	2.627892
27789	-0.388337	-1.693905	3.332389
27790	-0.359286	-1.750830	4.091910
27791	-0.339848	-1.814328	4.870201
27792	-0.321825	-1.887476	5.644036
27793	-0.319561	-1.949966	6.374475
27794	-0.349338	-2.004137	7.018887
27795	-0.403535	-2.032742	7.544500
27796	-0.477892	-2.028466	7.923473
27797	-0.557284	-1.984729	8.143699
27798	-0.611758	-1.898410	8.207028
27799	-0.620854	-1.770280	8.131030
27800	-0.538314	-1.607804	7.988847
27801	-0.377330	-1.402384	7.830275
27802	-0.163848	-1.156156	7.687036
27803	0.121410	-0.947589	7.656207
27804	0.333282	-0.733907	7.645405
27805	0.467133	-0.536282	7.629294
27806	0.498366	-0.371718	7.604622
27807	0.451747	-0.240265	7.583043
27808	0.360007	-0.147038	7.556151
27809	0.257435	-0.088378	7.534438
27810	0.172171	-0.060162	7.513020
27811	0.111581	-0.050113	7.494411
27812	0.077015	-0.047284	7.484592
27813	0.067701	-0.045713	7.479363
27814	0.081495	-0.045324	7.481057
27815	0.107309	-0.038508	7.488116
27816	0.140753	-0.021921	7.494477
27817	0.172425	0.003711	7.498735
27818	0.196101	0.036284	7.502252
27819	0.210951	0.073133	7.504414
27820	0.212620	0.110008	7.507350
27821	0.205682	0.144593	7.510236
27822	0.191920	0.174531	7.510168
27823	0.176320	0.198051	7.508389
27824	0.161016	0.214980	7.505473
27825	0.151066	0.231384	7.504721
27826	0.146110	0.241552	7.503138
27827	0.145255	0.253149	7.503669
27828	0.144110	0.258332	7.502339
27829	0.143211	0.262964	7.500914
27830	0.141834	0.265313	7.500542
27831	0.140993	0.266545	7.497523
27832	0.139284	0.262493	7.497746
27833	0.137284	0.260795	7.503158
27834	0.131212	0.258566	7.506544
27835	0.125453	0.258457	7.510107
27836	0.116280	0.260318	7.512649
27837	0.104686	0.261092	7.514532
27838	0.092677	0.261367	7.517649
27839	0.079818	0.264104	7.519475
27840	0.066529	0.264490	7.516610
27841	0.058566	0.263447	7.515828
27842	0.058569	0.262218	7.514101
27843	0.061514	0.262752	7.513024
27844	0.067241	0.266484	7.510326
27845	0.073859	0.272167	7.508537
27846	0.081421	0.278952	7.508401
27847	0.085642	0.287828	7.505180
27848	0.085348	0.296572	7.503712
27849	0.084680	0.304043	7.501324
27850	0.080826	0.306024	7.499155
27851	0.079435	0.304091	7.499555
27852	0.074118	0.300905	7.496607
27853	0.071496	0.296639	7.495269
27854	0.067127	0.291167	7.494840
27855	0.062272	0.286031	7.494901
27856	0.057276	0.278947	7.493558
27857	0.053132	0.272913	7.493034
27858	0.045903	0.264960	7.493092
27859	0.041734	0.258035	7.492479
27860	0.036472	0.252406	7.493778
27861	0.030903	0.248170	7.494429
27862	0.025275	0.244655	7.493946
27863	0.020627	0.241466	7.492960
27864	0.014728	0.239406	7.495117
27865	0.009478	0.235496	7.493308
27866	0.010555	0.230362	7.492693
27867	0.010353	0.223795	7.492885
27868	0.011426	0.218664	7.492269
27869	0.011986	0.212981	7.492054
27870	0.012323	0.207857	7.491935
27871	0.012430	0.206801	7.491435
27872	0.009528	0.206494	7.491788
27873	0.009549	0.207949	7.492788
27874	0.009439	0.207448	7.492385
27875	0.009336	0.204446	7.492936
27876	0.011152	0.199305	7.491824
27877	0.014502	0.193430	7.490853
27878	0.016218	0.184727	7.489381
27879	0.017627	0.177417	7.487259
27880	0.018032	0.168893	7.485550
27881	0.016689	0.157482	7.482504
27882	0.015315	0.147690	7.478414
27883	0.012523	0.137185	7.476451
27884	0.006411	0.131331	7.473739
27885	0.002452	0.126351	7.472080
27886	-0.000355	0.123533	7.470935
27887	-0.001401	0.122817	7.468969
27888	-0.003396	0.122663	7.467596
27889	-0.003513	0.124846	7.469918
27890	-0.008957	0.127564	7.470069
27891	-0.008776	0.129181	7.469839
27892	-0.006985	0.128333	7.470408
27893	-0.004826	0.127092	7.469650
27894	-0.003821	0.124469	7.470536
27895	-0.003138	0.123242	7.470771
27896	-0.001507	0.122232	7.472570
27897	-0.001351	0.122959	7.472251
27898	-0.003109	0.121421	7.473983
27899	-0.003164	0.120202	7.474715
27900	-0.003422	0.119541	7.475544
27901	-0.003452	0.119213	7.476365
27902	-0.003731	0.117659	7.477104
27903	-0.003810	0.115549	7.477746
27904	-0.004413	0.113671	7.480946
27905	-0.004355	0.110832	7.480267
27906	-0.004869	0.106445	7.481968
27907	-0.006036	0.101273	7.479552
27908	-0.005697	0.095261	7.479345
27909	-0.005161	0.088687	7.479041
27910	-0.004847	0.081783	7.478744
27911	-0.004522	0.073264	7.479490
27912	-0.003770	0.066917	7.481248
27913	-0.005336	0.058746	7.481023
27914	-0.005484	0.050393	7.478583
27915	-0.004347	0.044541	7.479101
27916	-0.004055	0.036746	7.478715
27917	-0.003519	0.030172	7.478410
27918	-0.004003	0.026676	7.480201
27919	-0.003920	0.024729	7.479612
27920	-0.001398	0.022982	7.479596
27921	-0.001241	0.023708	7.479277
27922	-0.000122	0.024648	7.480525
27923	-0.001467	0.024497	7.481110
27924	-0.000422	0.022766	7.482087
27925	0.000449	0.022593	7.481182
27926	-0.000944	0.022272	7.480546
27927	-0.002240	0.023904	7.481311
27928	-0.001644	0.026798	7.482005
27929	-0.001667	0.032545	7.484688
27930	-0.001548	0.039170	7.485009
27931	-0.001359	0.046864	7.486640
27932	-0.001329	0.055999	7.488461
27933	-0.002381	0.066544	7.490125
27934	-0.003451	0.077801	7.490658
27935	-0.004219	0.092967	7.491541
27936	-0.006407	0.111531	7.492554
27937	-0.010244	0.128349	7.496828
27938	-0.020283	0.127676	7.511082
27939	-0.036392	0.112566	7.538027
27940	-0.050753	0.097074	7.576215
27941	-0.059306	0.094600	7.616687
27942	-0.066332	0.104004	7.652915
27943	-0.068688	0.118833	7.682177
27944	-0.067514	0.132300	7.703136
27945	-0.062137	0.140317	7.717292
27946	-0.061242	0.142129	7.731345
27947	-0.057300	0.140681	7.743049
27948	-0.054806	0.132339	7.757090
27949	-0.053962	0.107072	7.785089
27950	-0.061119	0.033954	7.852419
27951	-0.077156	-0.063816	7.948841
27952	-0.098334	-0.176105	8.066002
27953	-0.117751	-0.278279	8.177402
27954	-0.132752	-0.350894	8.273376
27955	-0.142436	-0.387282	8.343052
27956	-0.149755	-0.394409	8.394286
27957	-0.156625	-0.380951	8.430847
27958	-0.161089	-0.360850	8.460899
27959	-0.157167	-0.339674	8.485550
27960	-0.145372	-0.328416	8.507035
27961	-0.131989	-0.326571	8.519568
27962	-0.123834	-0.335808	8.535254
27963	-0.123601	-0.345182	8.560818
27964	-0.129789	-0.356052	8.587006
27965	-0.136316	-0.358798	8.609979
27966	-0.145254	-0.353574	8.627564
27967	-0.154049	-0.347364	8.640720
27968	-0.167910	-0.351733	8.666042
27969	-0.179632	-0.357403	8.701149
27970	-0.190504	-0.366419	8.737462
27971	-0.201922	-0.376945	8.768349
27972	-0.214389	-0.381564	8.788170
27973	-0.230588	-0.377020	8.800384
27974	-0.246514	-0.362475	8.803433
27975	-0.259155	-0.344100	8.804829
27976	-0.270332	-0.334196	8.810908
27977	-0.275444	-0.333234	8.819808
27978	-0.278851	-0.343099	8.830675
27979	-0.275275	-0.364554	8.836640
27980	-0.272425	-0.388030	8.835975
27981	-0.270771	-0.403899	8.823574
27982	-0.272712	-0.408922	8.805810
27983	-0.276419	-0.404916	8.785904
27984	-0.279116	-0.393976	8.764990
27985	-0.283274	-0.376108	8.743715
27986	-0.285107	-0.357333	8.724323
27987	-0.292569	-0.343109	8.705906
27988	-0.296065	-0.333048	8.685394
27989	-0.302372	-0.321051	8.662526
27990	-0.309902	-0.306372	8.638467
27991	-0.318619	-0.290530	8.609739
27992	-0.330689	-0.276352	8.573905
27993	-0.343668	-0.259717	8.536764
27994	-0.360210	-0.245796	8.493654
27995	-0.379069	-0.222767	8.441910
27996	-0.396302	-0.190662	8.379889
27997	-0.411442	-0.144352	8.307994
27998	-0.417756	-0.088377	8.222168
27999	-0.417917	-0.024389	8.128619
28000	-0.411024	0.037711	8.040189
28001	-0.392648	0.087933	7.958600
28002	-0.366269	0.133130	7.884596
28003	-0.340015	0.175319	7.821722
28004	-0.311716	0.215091	7.771890
28005	-0.285607	0.253559	7.729107
28006	-0.264417	0.289926	7.696101
28007	-0.244662	0.324958	7.669647
28008	-0.227986	0.358166	7.649520
28009	-0.215278	0.387874	7.633961
28010	-0.205312	0.405765	7.624493
28011	-0.198387	0.415098	7.616106
28012	-0.191510	0.418271	7.610396
28013	-0.186691	0.421786	7.606155
28014	-0.186831	0.421074	7.601242
28015	-0.188389	0.417122	7.596951
28016	-0.191620	0.411093	7.593479
28017	-0.196827	0.402885	7.589982
28018	-0.207463	0.394190	7.585429
28019	-0.214123	0.386892	7.583007
28020	-0.224269	0.380537	7.580688
28021	-0.232704	0.378051	7.577726
28022	-0.243885	0.376495	7.574373
28023	-0.258324	0.374736	7.570927
28024	-0.278596	0.372808	7.564458
28025	-0.304442	0.365269	7.553105
28026	-0.331823	0.356366	7.531173
28027	-0.359441	0.341936	7.499682
28028	-0.379106	0.327157	7.468529
28029	-0.398332	0.312118	7.434821
28030	-0.420337	0.292476	7.388712
28031	-0.447768	0.266050	7.320403
28032	-0.481574	0.232117	7.224661
28033	-0.523359	0.192048	7.116493
28034	-0.572048	0.157525	7.010099
28035	-0.625316	0.124765	6.909297
28036	-0.677056	0.094541	6.812297
28037	-0.723556	0.068379	6.729423
28038	-0.764757	0.039984	6.662162
28039	-0.807552	0.010034	6.602705
28040	-0.852342	-0.025027	6.546308
28041	-0.891757	-0.059488	6.496724
28042	-0.931254	-0.095717	6.457275
28043	-0.976304	-0.144518	6.416851
28044	-1.026355	-0.203835	6.375243
28045	-1.086766	-0.272714	6.333948
28046	-1.157036	-0.356838	6.296551
28047	-1.244333	-0.452378	6.258088
28048	-1.356315	-0.562619	6.217618
28049	-1.483556	-0.698733	6.174676
28050	-1.643366	-0.873819	6.102020
28051	-1.853642	-1.093211	5.981880
28052	-2.067991	-1.400030	5.869108
28053	-2.353488	-1.876688	5.773948
28054	-2.815599	-2.542872	5.690812
28055	-3.243375	-3.347568	5.764332
28056	-3.668547	-4.144198	5.863965
28057	-4.103648	-4.926799	5.896011
28058	-4.709483	-5.640726	5.754093
28059	-5.340705	-6.396576	5.476217
28060	-6.005126	-7.268770	5.062143
28061	-6.680355	-8.271486	4.604269
28062	-7.397996	-9.431237	4.123822
28063	-7.988332	-10.698562	3.694102
28064	-8.082279	-12.040134	3.438941
28065	-7.849467	-13.492114	3.323220
28066	-7.588225	-15.129711	3.181376
28067	-7.414063	-16.956246	2.930589
28068	-7.286899	-18.936309	2.586358
28069	-7.195408	-21.027079	2.209333
28070	-7.209411	-23.153235	1.829734
28071	-7.369317	-25.173987	1.443143
28072	-7.745846	-26.997702	1.115878
28073	-8.339370	-28.600191	0.844700
28074	-9.097051	-29.980349	0.638855
28075	-10.012388	-31.198340	0.564971
28076	-10.998784	-32.253301	0.581052
28077	-12.058498	-33.149302	0.688158
28078	-13.208021	-33.887945	0.895061
28079	-14.381570	-34.431364	1.199505
28080	-15.471565	-34.793095	1.571890
28081	-16.438882	-35.011998	1.988619
28082	-17.220803	-35.096497	2.381692
28083	-17.781670	-35.064701	2.684589
28084	-18.112979	-34.959951	2.839696
28085	-18.268706	-34.841646	2.842002
28086	-18.271935	-34.739537	2.713765
28087	-18.153612	-34.659105	2.496232
28088	-17.950169	-34.612563	2.223300
28089	-17.690483	-34.567766	1.899448
28090	-17.365665	-34.472182	1.515796
28091	-16.933481	-34.288431	1.053836
28092	-16.345047	-34.011932	0.493247
28093	-15.583547	-33.655754	-0.192984
28094	-14.659679	-33.233056	-1.028747
28095	-13.577953	-32.732328	-2.008272
28096	-12.361187	-32.146958	-3.079471
28097	-11.065292	-31.488340	-4.198803
28098	-9.737708	-30.758563	-5.341886
28099	-8.435230	-29.949081	-6.445692
28100	-7.175600	-29.058118	-7.498845
28101	-5.969957	-28.107589	-8.468768
28102	-4.853417	-27.109043	-9.324478
28103	-3.872533	-26.084274	-10.029624
28104	-3.052136	-25.049145	-10.574459
28105	-2.391602	-24.010172	-10.942505
28106	-1.884347	-22.976344	-11.157062
28107	-1.504069	-21.956908	-11.290616
28108	-1.185485	-20.955044	-11.391490
28109	-0.894204	-19.961615	-11.507151
28110	-0.598820	-18.963917	-11.659909
28111	-0.286548	-17.974340	-11.812975
28112	0.012799	-17.003156	-11.920059
28113	0.253137	-16.082243	-11.984306
28114	0.431280	-15.221890	-12.039729
28115	0.557619	-14.439939	-12.090511
28116	0.650795	-13.712101	-12.152923
28117	0.727715	-13.007288	-12.220198
28118	0.806508	-12.317476	-12.281763
28119	0.886326	-11.661990	-12.340272
28120	0.967028	-11.050119	-12.379634
28121	1.039520	-10.483759	-12.366921
28122	1.095810	-9.962341	-12.281150
28123	1.112504	-9.474660	-12.110358
28124	1.086991	-9.014537	-11.828555
28125	1.024123	-8.591545	-11.436080
28126	0.906530	-8.220734	-10.978404
28127	0.734486	-7.892280	-10.485914
28128	0.535487	-7.596090	-9.985249
28129	0.337950	-7.294184	-9.511841
28130	0.169749	-6.971561	-9.077290
28131	0.032243	-6.638995	-8.657150
28132	-0.102133	-6.314664	-8.256081
28133	-0.251517	-5.999997	-7.887853
28134	-0.403446	-5.692527	-7.556906
28135	-0.555501	-5.389246	-7.258983
28136	-0.706795	-5.101829	-6.979997
28137	-0.860494	-4.847495	-6.706610
28138	-1.036861	-4.642625	-6.450865
28139	-1.273444	-4.450816	-6.260138
28140	-1.088388	-4.138844	-6.478489
28141	-0.775907	-3.755411	-6.438564
28142	-0.632989	-3.437292	-6.296080
28143	-0.546238	-3.280312	-6.229008
28144	-0.495614	-3.281116	-6.248758
28145	-0.521207	-3.413128	-6.267281
28146	-0.530265	-3.619202	-6.256817
28147	-0.475034	-3.812814	-6.246641
28148	-0.421216	-3.957416	-6.268809
28149	-0.385892	-4.064203	-6.344102
28150	-0.311511	-4.133562	-6.423672
28151	-0.219488	-4.147068	-6.469022
28152	-0.151369	-4.115470	-6.471685
28153	-0.107647	-4.049591	-6.468432
28154	-0.079455	-3.969035	-6.470758
28155	-0.069735	-3.883878	-6.466241
28156	-0.051007	-3.825169	-6.461686
28157	-0.011801	-3.804047	-6.469582
28158	0.049846	-3.807872	-6.495619
28159	0.123862	-3.818751	-6.534694
28160	0.206516	-3.834369	-6.584191
28161	0.303191	-3.851770	-6.640532
28162	0.403834	-3.860333	-6.692339
28163	0.504440	-3.860084	-6.735195
28164	0.598382	-3.852706	-6.779983
28165	0.684011	-3.833482	-6.828532
28166	0.760192	-3.802262	-6.881365
28167	0.817320	-3.753261	-6.936755
28168	0.869534	-3.691924	-6.983064
28169	0.923672	-3.630464	-7.027158
28170	0.980087	-3.566036	-7.059710
28171	1.035537	-3.515007	-7.085138
28172	1.083037	-3.475627	-7.118614
28173	1.129034	-3.438447	-7.147452
28174	1.175303	-3.400218	-7.169329
28175	1.217204	-3.359745	-7.181746
28176	1.254603	-3.328550	-7.185472
28177	1.274168	-3.301046	-7.188036
28178	1.279656	-3.276104	-7.185131
28179	1.273498	-3.256576	-7.181007
28180	1.241081	-3.244221	-7.186612
28181	1.200132	-3.233287	-7.197880
28182	1.140844	-3.235050	-7.187969
28183	1.079008	-3.238647	-7.151056
28184	1.032168	-3.242807	-7.091870
28185	0.989214	-3.265629	-6.991174
28186	0.955824	-3.300714	-6.873370
28187	0.930069	-3.344284	-6.719973
28188	0.934109	-3.381850	-6.489518
28189	0.972760	-3.392165	-6.176001
28190	1.018204	-3.380686	-5.785858
28191	1.047524	-3.353750	-5.359702
28192	1.049871	-3.312803	-4.923084
28193	1.011854	-3.262097	-4.515967
28194	0.961678	-3.181533	-4.159776
28195	0.893649	-3.063573	-3.871764
28196	0.803121	-2.922277	-3.700264
28197	0.704223	-2.776260	-3.758320
28198	0.615315	-2.579924	-3.908019
28199	0.554563	-2.350266	-4.083828
28200	0.504611	-2.133820	-4.264847
28201	0.459238	-1.948742	-4.434329
28202	0.384998	-1.808141	-4.609316
28203	0.283138	-1.735337	-4.807238
28204	0.172947	-1.695774	-4.962303
28205	0.061262	-1.665278	-5.063230
28206	-0.052886	-1.619744	-5.112841
28207	-0.146023	-1.545329	-5.112767
28208	-0.204262	-1.429172	-5.058118
28209	-0.238468	-1.281612	-4.935363
28210	-0.243062	-1.122961	-4.762783
28211	-0.229380	-0.987382	-4.562472
28212	-0.218093	-0.887390	-4.356429
28213	-0.221853	-0.807474	-4.166955
28214	-0.227417	-0.755483	-3.985049
28215	-0.258496	-0.803488	-3.749985
28216	-0.313252	-0.915752	-3.452347
28217	-0.373673	-1.016915	-3.178106
28218	-0.436632	-1.092805	-2.953498
28219	-0.492201	-1.145228	-2.864478
28220	-0.543107	-1.172063	-2.880414
28221	-0.601040	-1.176788	-2.940882
28222	-0.663393	-1.166073	-3.021174
28223	-0.725484	-1.130460	-3.114413
28224	-0.777030	-1.060312	-3.219368
28225	-0.817531	-0.968459	-3.323947
28226	-0.851758	-0.859236	-3.411021
28227	-0.866921	-0.743162	-3.461336
28228	-0.863806	-0.640571	-3.431374
28229	-0.843268	-0.555717	-3.351331
28230	-0.813180	-0.494815	-3.260279
28231	-0.790337	-0.449900	-3.173160
28232	-0.786960	-0.430269	-3.097644
28233	-0.795282	-0.417972	-3.034430
28234	-0.808194	-0.404023	-2.983521
28235	-0.827850	-0.381548	-2.948733
28236	-0.860880	-0.354246	-2.928247
28237	-0.898949	-0.319014	-2.920382
28238	-0.932904	-0.277628	-2.925939
28239	-0.958566	-0.229198	-2.934490
28240	-0.973553	-0.185236	-2.941363
28241	-0.969615	-0.158882	-2.927722
28242	-0.957709	-0.160140	-2.885456
28243	-0.936798	-0.167485	-2.831816
28244	-0.907367	-0.166811	-2.775540
28245	-0.864348	-0.153671	-2.723220
28246	-0.805903	-0.132252	-2.676630
28247	-0.739750	-0.100837	-2.634731
28248	-0.672683	-0.069894	-2.598399
28249	-0.619359	-0.046758	-2.559860
28250	-0.581032	-0.027265	-2.521893
28251	-0.556399	-0.014228	-2.490033
28252	-0.540435	-0.017629	-2.447237
28253	-0.533654	-0.033357	-2.391468
28254	-0.524058	-0.052783	-2.338037
28255	-0.503283	-0.076580	-2.290197
28256	-0.482244	-0.115901	-2.227003
28257	-0.447254	-0.166046	-2.146846
28258	-0.404115	-0.236428	-2.034764
28259	-0.357453	-0.329350	-1.893505
28260	-0.293292	-0.395459	-1.762087
28261	-0.216475	-0.440690	-1.643012
28262	-0.160245	-0.457396	-1.543422
28263	-0.114315	-0.455472	-1.460099
28264	-0.090855	-0.453507	-1.397829
28265	-0.088939	-0.464619	-1.348440
28266	-0.097646	-0.503428	-1.306679
28267	-0.114112	-0.554487	-1.274398
28268	-0.134844	-0.622532	-1.249905
28269	-0.153530	-0.699759	-1.239154
28270	-0.176188	-0.784171	-1.229821
28271	-0.203736	-0.882114	-1.206142
28272	-0.224721	-1.005439	-1.151441
28273	-0.252342	-1.128242	-1.085010
28274	-0.287859	-1.237683	-1.028769
28275	-0.331083	-1.336539	-0.978033
28276	-0.386929	-1.432402	-0.933647
28277	-0.460468	-1.527472	-0.893113
28278	-0.552692	-1.636236	-0.842983
28279	-0.666586	-1.754059	-0.784112
28280	-0.802605	-1.876732	-0.718420
28281	-0.927391	-2.003072	-0.610673
28282	-0.996628	-2.134752	-0.407407
28283	-1.010923	-2.271280	-0.072693
28284	-1.008087	-2.412343	0.391895
28285	-0.975073	-2.550276	1.018232
28286	-0.927016	-2.673216	1.818188
28287	-0.859399	-2.779654	2.795879
28288	-0.777012	-2.871931	3.941842
28289	-0.703604	-2.948028	5.206831
28290	-0.631226	-3.010614	6.562494
28291	-0.572982	-3.060462	7.981692
28292	-0.544216	-3.093095	9.399632
28293	-0.530658	-3.111019	10.773824
28294	-0.546121	-3.115418	12.042368
28295	-0.580807	-3.111483	13.164768
28296	-0.629736	-3.097263	14.080516
28297	-0.705679	-3.075384	14.708356
28298	-0.784375	-3.048763	15.011401
28299	-0.818884	-3.009880	15.024385
28300	-0.708357	-2.951879	14.868559
28301	-0.449084	-2.867550	14.661911
28302	-0.089992	-2.768388	14.466225
28303	0.299804	-2.655162	14.289764
28304	0.638153	-2.545927	14.132482
28305	0.851489	-2.445538	13.988769
28306	0.913892	-2.356474	13.862692
28307	0.848082	-2.281307	13.760083
28308	0.701620	-2.221059	13.671212
28309	0.522273	-2.173662	13.589473
28310	0.350706	-2.131976	13.515657
28311	0.223336	-2.085792	13.450899
28312	0.155020	-2.036478	13.396221
28313	0.138164	-1.979451	13.346600
28314	0.156382	-1.912568	13.300754
28315	0.196042	-1.834467	13.263667
28316	0.239530	-1.750869	13.232467
28317	0.290481	-1.658226	13.215537
28318	0.337961	-1.561994	13.206786
28319	0.378897	-1.461069	13.200957
28320	0.411348	-1.355008	13.197989
28321	0.437226	-1.246504	13.200893
28322	0.461973	-1.143046	13.205844
28323	0.478000	-1.041169	13.215217
28324	0.491995	-0.939928	13.222371
28325	0.505819	-0.837236	13.228864
28326	0.518953	-0.736785	13.236438
28327	0.531048	-0.639142	13.242154
28328	0.544515	-0.546556	13.247191
28329	0.560570	-0.463327	13.253688
28330	0.586726	-0.386493	13.259236
28331	0.611758	-0.319329	13.259751
28332	0.635638	-0.271380	13.259072
28333	0.658418	-0.237917	13.254821
28334	0.672045	-0.215053	13.249163
28335	0.683531	-0.200362	13.241557
28336	0.688977	-0.189876	13.229292
28337	0.689802	-0.182524	13.220765
28338	0.688332	-0.179085	13.214089
28339	0.687874	-0.174023	13.203818
28340	0.682502	-0.167342	13.197921
28341	0.675760	-0.160418	13.194184
28342	0.666702	-0.152618	13.190821
28343	0.656958	-0.145508	13.189036
28344	0.646025	-0.142966	13.186081
28345	0.631606	-0.140782	13.185439
28346	0.614904	-0.142514	13.186648
28347	0.596612	-0.142144	13.183779
28348	0.571133	-0.145960	13.183649
28349	0.547350	-0.151357	13.182323
28350	0.523101	-0.156299	13.182344
28351	0.501859	-0.165593	13.179913
28352	0.484405	-0.180539	13.178510
28353	0.468733	-0.198714	13.174510
28354	0.453757	-0.218445	13.171915
28355	0.436678	-0.240696	13.165999
28356	0.420614	-0.260045	13.161954
28357	0.406006	-0.273809	13.157946
28358	0.394168	-0.281206	13.155198
28359	0.385002	-0.281611	13.154128
28360	0.378273	-0.277584	13.155348
28361	0.361599	-0.288530	13.153089
28362	0.271974	-0.435418	13.124145
28363	0.029770	-0.889507	13.011234
28364	-0.302851	-1.449682	12.860005
28365	-0.669141	-1.917780	12.699153
28366	-1.001982	-2.208841	12.541533
28367	-1.268400	-2.339259	12.397321
28368	-1.474703	-2.345922	12.271823
28369	-1.631153	-2.291060	12.159520
28370	-1.747285	-2.257432	12.053163
28371	-1.840103	-2.284561	11.949049
28372	-1.925478	-2.353718	11.863183
28373	-1.991272	-2.446607	11.800258
28374	-2.042610	-2.538380	11.758831
28375	-2.073842	-2.608772	11.734749
28376	-2.091627	-2.664219	11.724613
28377	-2.095289	-2.710097	11.717655
28378	-2.087896	-2.740402	11.715270
28379	-2.060118	-2.749546	11.724432
28380	-1.999999	-2.730222	11.746866
28381	-1.904081	-2.665964	11.789338
28382	-1.781597	-2.552555	11.852785
28383	-1.642684	-2.398487	11.928837
28384	-1.495967	-2.217308	12.014627
28385	-1.344516	-2.020039	12.106630
28386	-1.190433	-1.805254	12.190848
28387	-1.047472	-1.594930	12.276717
28388	-0.915452	-1.393569	12.357724
28389	-0.800062	-1.210773	12.429725
28390	-0.699063	-1.046676	12.492027
28391	-0.610069	-0.901876	12.545349
28392	-0.533263	-0.775587	12.591818
28393	-0.466430	-0.668888	12.628922
28394	-0.414452	-0.577383	12.664538
28395	-0.373063	-0.500217	12.692926
28396	-0.335354	-0.434489	12.719775
28397	-0.305178	-0.376145	12.745016
28398	-0.277544	-0.326476	12.767244
28399	-0.255469	-0.283123	12.784515
28400	-0.235846	-0.244118	12.800416
28401	-0.217476	-0.205597	12.817179
28402	-0.200638	-0.174765	12.829289
28403	-0.188195	-0.151981	12.840971
28404	-0.180541	-0.132036	12.849647
28405	-0.174563	-0.118833	12.858557
28406	-0.171912	-0.111700	12.866391
28407	-0.174659	-0.107929	12.873982
28408	-0.177282	-0.106423	12.882163
28409	-0.182057	-0.104905	12.888509
28410	-0.185956	-0.105697	12.894960
28411	-0.193247	-0.105352	12.899416
28412	-0.198550	-0.102009	12.904019
28413	-0.201152	-0.098989	12.910301
28414	-0.204951	-0.095746	12.913932
28415	-0.206657	-0.093529	12.918420
28416	-0.207833	-0.093299	12.921062
28417	-0.207000	-0.092448	12.925957
28418	-0.205294	-0.093909	12.930959
28419	-0.201513	-0.094149	12.933822
28420	-0.199605	-0.095472	12.937604
28421	-0.196126	-0.100175	12.940028
28422	-0.191635	-0.107941	12.941250
28423	-0.189882	-0.118657	12.942808
28424	-0.186872	-0.128858	12.943517
28425	-0.185947	-0.138168	12.942478
28426	-0.185799	-0.148927	12.943823
28427	-0.187533	-0.158655	12.942202
28428	-0.192375	-0.168328	12.941341
28429	-0.196975	-0.178612	12.940358
28430	-0.201269	-0.188472	12.940231
28431	-0.206149	-0.197539	12.937385
28432	-0.212102	-0.204299	12.936545
28433	-0.217274	-0.203637	12.936374
28434	-0.217628	-0.202562	12.938619
28435	-0.213437	-0.202528	12.939042
28436	-0.212955	-0.203151	12.939406
28437	-0.208970	-0.203254	12.941049
28438	-0.207189	-0.204113	12.941659
28439	-0.206678	-0.205478	12.943119
28440	-0.208852	-0.206517	12.942901
28441	-0.211668	-0.209898	12.942870
28442	-0.214471	-0.209102	12.943314
28443	-0.218343	-0.208676	12.943389
28444	-0.221982	-0.206187	12.945714
28445	-0.225126	-0.203270	12.946786
28446	-0.227599	-0.200555	12.946186
28447	-0.230197	-0.197826	12.947990
28448	-0.234236	-0.195903	12.948274
28449	-0.238315	-0.195613	12.949568
28450	-0.243837	-0.196129	12.949341
28451	-0.251644	-0.198424	12.947103
28452	-0.259070	-0.199406	12.945808
28453	-0.267655	-0.199111	12.945538
28454	-0.275310	-0.197692	12.946944
28455	-0.282015	-0.194386	12.949224
28456	-0.288274	-0.188880	12.952533
28457	-0.293352	-0.183889	12.954016
28458	-0.298504	-0.179050	12.954312
28459	-0.303885	-0.178521	12.955356
28460	-0.310700	-0.178799	12.954879
28461	-0.316056	-0.180812	12.954443
28462	-0.321754	-0.184002	12.953952
28463	-0.323877	-0.188325	12.953352
28464	-0.326249	-0.189500	12.954353
28465	-0.325106	-0.192699	12.955157
28466	-0.319691	-0.193054	12.954648
28467	-0.317032	-0.190377	12.957529
28468	-0.313635	-0.187014	12.958827
28469	-0.306273	-0.181961	12.959057
28470	-0.301370	-0.178698	12.959384
28471	-0.295550	-0.176979	12.959017
28472	-0.292562	-0.180154	12.955225
28473	-0.290883	-0.181294	12.953763
28474	-0.293383	-0.182007	12.951592
28475	-0.289749	-0.179539	12.948290
28476	-0.288229	-0.179181	12.947037
28477	-0.284195	-0.176144	12.945776
28478	-0.280915	-0.174564	12.946900
28479	-0.276543	-0.171851	12.947592
28480	-0.273598	-0.169945	12.946763
28481	-0.270707	-0.169673	12.946944
28482	-0.269362	-0.171990	12.945426
28483	-0.266531	-0.172611	12.945520
28484	-0.261653	-0.172777	12.944278
28485	-0.252422	-0.170687	12.944012
28486	-0.242190	-0.166585	12.945511
28487	-0.229307	-0.160554	12.945697
28488	-0.218747	-0.154530	12.946154
28489	-0.207431	-0.149292	12.947224
28490	-0.199019	-0.147304	12.946257
28491	-0.193350	-0.144828	12.947200
28492	-0.197345	-0.145441	12.945995
28493	-0.206963	-0.143878	12.944334
28494	-0.222531	-0.146545	12.938007
28495	-0.245284	-0.148123	12.927631
28496	-0.274040	-0.154828	12.912503
28497	-0.304248	-0.171585	12.881480
28498	-0.344931	-0.196013	12.842666
28499	-0.382130	-0.224270	12.790147
28500	-0.423492	-0.259577	12.724833
28501	-0.467325	-0.297446	12.649788
28502	-0.513086	-0.335953	12.572502
28503	-0.562935	-0.378731	12.486290
28504	-0.618102	-0.432250	12.388667
28505	-0.674070	-0.485192	12.289574
28506	-0.725222	-0.534578	12.203364
28507	-0.770070	-0.576643	12.125327
28508	-0.808666	-0.616111	12.059097
28509	-0.843043	-0.651388	11.999712
28510	-0.872455	-0.684129	11.947394
28511	-0.896020	-0.713202	11.904117
28512	-0.919068	-0.746042	11.858836
28513	-0.946892	-0.785640	11.803648
28514	-0.972913	-0.828925	11.751191
28515	-1.002836	-0.882599	11.694455
28516	-1.035931	-0.941148	11.641279
28517	-1.068834	-1.012252	11.595330
28518	-1.104338	-1.105551	11.545918
28519	-1.143070	-1.219862	11.496016
28520	-1.184275	-1.353330	11.447422
28521	-1.251054	-1.509306	11.372787
28522	-1.338539	-1.691656	11.271769
28523	-1.478544	-1.891420	11.114540
28524	-1.656522	-2.102687	10.904765
28525	-1.762305	-2.390037	10.781805
28526	-1.860555	-2.736658	10.708571
28527	-2.001779	-3.121447	10.636989
28528	-2.170335	-3.561845	10.572410
28529	-2.357421	-4.081644	10.509793
28530	-2.581817	-4.693771	10.425005
28531	-2.767974	-5.437704	10.375963
28532	-2.990193	-6.315369	10.339753
28533	-3.295897	-7.322536	10.273351
28534	-3.618489	-8.450532	10.207417
28535	-4.065602	-9.698329	10.058336
28536	-4.530669	-11.011469	9.843635
28537	-5.063376	-12.440083	9.596571
28538	-5.757634	-13.929771	9.216522
28539	-6.625820	-15.426897	8.668155
28540	-7.579438	-16.952436	7.970986
28541	-8.707282	-18.601487	7.214677
28542	-10.112446	-20.424247	6.524614
28543	-11.740645	-22.416238	6.038148
28544	-13.501637	-24.492623	5.771984
28545	-15.056208	-26.308333	5.723196
28546	-16.357023	-27.664234	5.916369
28547	-17.397212	-28.426917	6.254724
28548	-18.288003	-28.649732	6.649548
28549	-19.094816	-28.495086	6.984002
28550	-19.903202	-28.232409	7.221740
28551	-20.774373	-28.017635	7.395806
28552	-21.737869	-27.922453	7.518920
28553	-22.737024	-27.864202	7.579598
28554	-23.682588	-27.766632	7.576175
28555	-24.426666	-27.594950	7.537337
28556	-24.814548	-27.308016	7.467091
28557	-24.899970	-26.999178	7.321765
28558	-24.864898	-26.792721	7.022935
28559	-24.813034	-26.743015	6.526882
28560	-24.679292	-26.821694	5.880576
28561	-24.364012	-26.968884	5.192156
28562	-23.827928	-27.117627	4.498716
28563	-23.160156	-27.244289	3.776914
28564	-22.388018	-27.326022	2.962397
28565	-21.440400	-27.338522	2.019270
28566	-20.238000	-27.261052	0.936874
28567	-18.797607	-27.116155	-0.310571
28568	-17.168338	-26.906485	-1.734890
28569	-15.400918	-26.635051	-3.279417
28570	-13.549347	-26.289740	-4.885286
28571	-11.701804	-25.844937	-6.504499
28572	-9.920650	-25.286942	-8.085737
28573	-8.250889	-24.640402	-9.555559
28574	-6.737513	-23.941761	-10.849001
28575	-5.427240	-23.209810	-11.956454
28576	-4.342779	-22.440197	-12.888064
28577	-3.464425	-21.639143	-13.670614
28578	-2.734750	-20.813558	-14.326395
28579	-2.099572	-19.970359	-14.900810
28580	-1.512229	-19.121917	-15.422948
28581	-0.964068	-18.276951	-15.889672
28582	-0.445069	-17.440958	-16.287954
28583	0.015332	-16.629339	-16.591785
28584	0.387397	-15.845478	-16.791530
28585	0.666235	-15.098369	-16.896059
28586	0.874706	-14.378268	-16.908547
28587	1.032488	-13.680539	-16.830994
28588	1.171851	-13.004141	-16.683115
28589	1.290361	-12.373581	-16.498587
28590	1.386570	-11.800455	-16.304427
28591	1.455247	-11.265193	-16.109343
28592	1.498049	-10.735524	-15.904703
28593	1.521669	-10.190315	-15.659579
28594	1.548366	-9.630326	-15.349885
28595	1.559298	-9.084876	-14.987015
28596	1.520882	-8.568195	-14.591735
28597	1.424227	-8.079159	-14.167758
28598	1.298342	-7.607803	-13.696070
28599	1.154143	-7.157362	-13.164347
28600	0.988117	-6.724903	-12.570798
28601	0.817311	-6.294430	-11.935688
28602	0.661019	-5.869594	-11.279711
28603	0.485386	-5.473818	-10.655529
28604	0.288111	-5.111983	-10.109584
28605	0.084587	-4.778719	-9.639893
28606	-0.092691	-4.460042	-9.225218
28607	-0.242044	-4.157734	-8.858089
28608	-0.374137	-3.889634	-8.528693
28609	-0.506353	-3.663998	-8.229212
28610	-0.640559	-3.488656	-7.952544
28611	-0.775826	-3.346221	-7.673396
28612	-0.917406	-3.232118	-7.393801
28613	-1.068426	-3.144695	-7.111400
28614	-1.237714	-3.092687	-6.823939
28615	-1.425035	-3.095074	-6.544220
28616	-1.621496	-3.175655	-6.286832
28617	-1.776741	-3.153180	-6.177221
28618	-1.256777	-2.678546	-6.441678
28619	-0.839364	-2.076845	-6.372283
28620	-0.515932	-1.691832	-6.127373
28621	-0.343702	-1.518262	-6.053545
28622	-0.309854	-1.560516	-6.104031
28623	-0.363315	-1.745334	-6.208695
28624	-0.390414	-1.965567	-6.306225
28625	-0.360541	-2.095802	-6.350565
28626	-0.289287	-2.131338	-6.347533
28627	-0.246073	-2.140740	-6.364980
28628	-0.245740	-2.139743	-6.380131
28629	-0.264568	-2.117323	-6.387642
28630	-0.286151	-2.118264	-6.393185
28631	-0.272873	-2.146750	-6.396079
28632	-0.230815	-2.175453	-6.398207
28633	-0.173495	-2.211595	-6.400730
28634	-0.102190	-2.268401	-6.420429
28635	-0.013903	-2.335816	-6.447993
28636	0.074852	-2.396869	-6.487815
28637	0.151161	-2.435490	-6.550993
28638	0.219305	-2.443999	-6.608211
28639	0.252169	-2.436218	-6.630752
28640	0.248584	-2.449422	-6.611523
28641	0.234949	-2.463135	-6.577806
28642	0.216892	-2.484201	-6.550965
28643	0.204253	-2.514149	-6.527164
28644	0.202983	-2.557850	-6.513568
28645	0.207683	-2.617894	-6.496651
28646	0.207906	-2.674801	-6.469360
28647	0.199483	-2.724403	-6.446101
28648	0.176298	-2.787762	-6.394040
28649	0.151448	-2.838008	-6.322169
28650	0.141528	-2.859858	-6.248994
28651	0.132539	-2.872248	-6.175906
28652	0.117396	-2.887673	-6.103469
28653	0.100777	-2.920235	-6.028460
28654	0.094005	-2.962121	-5.948158
28655	0.103492	-3.011903	-5.860955
28656	0.090972	-3.089706	-5.781121
28657	0.051710	-3.160069	-5.695872
28658	0.021655	-3.215578	-5.609497
28659	-0.011252	-3.255378	-5.517761
28660	-0.045688	-3.279575	-5.408875
28661	-0.074369	-3.301251	-5.290944
28662	-0.098189	-3.325510	-5.165082
28663	-0.108829	-3.338600	-5.012619
28664	-0.117111	-3.355014	-4.837613
28665	-0.126436	-3.366816	-4.660467
28666	-0.137786	-3.358621	-4.502070
28667	-0.169849	-3.341446	-4.460991
28668	-0.207699	-3.305987	-4.460582
28669	-0.269523	-3.244345	-4.462583
28670	-0.357246	-3.169028	-4.472597
28671	-0.478250	-3.097072	-4.512245
28672	-0.624485	-3.031795	-4.567744
28673	-0.782941	-2.958134	-4.666222
28674	-0.949480	-2.859178	-4.829008
28675	-1.110534	-2.742604	-5.039214
28676	-1.258593	-2.622446	-5.238276
28677	-1.387784	-2.510877	-5.351129
28678	-1.463539	-2.401325	-5.399196
28679	-1.498872	-2.317602	-5.334532
28680	-1.482661	-2.245793	-5.147823
28681	-1.403144	-2.173649	-4.860878
28682	-1.266177	-2.113301	-4.501481
28683	-1.109533	-2.075642	-4.087606
28684	-0.957702	-2.048575	-3.676568
28685	-0.801005	-2.015468	-3.293875
28686	-0.649444	-1.986288	-2.964968
28687	-0.498464	-1.943371	-2.698379
28688	-0.373367	-1.890235	-2.479108
28689	-0.274465	-1.828641	-2.290141
28690	-0.207929	-1.769778	-2.127018
28691	-0.183685	-1.714996	-2.001343
28692	-0.177999	-1.659863	-1.909696
28693	-0.174742	-1.596614	-1.836715
28694	-0.173290	-1.527173	-1.770383
28695	-0.168333	-1.456773	-1.713274
28696	-0.160038	-1.386520	-1.652770
28697	-0.157996	-1.317291	-1.604238
28698	-0.165537	-1.250623	-1.568135
28699	-0.168766	-1.185751	-1.530313
28700	-0.164996	-1.117844	-1.492573
28701	-0.153675	-1.037684	-1.456705
28702	-0.137489	-0.947774	-1.428352
28703	-0.124797	-0.848289	-1.410852
28704	-0.133328	-0.753044	-1.399161
28705	-0.165214	-0.665948	-1.402390
28706	-0.223714	-0.576869	-1.426221
28707	-0.297527	-0.476700	-1.484703
28708	-0.375721	-0.368250	-1.578910
28709	-0.452049	-0.263540	-1.681943
28710	-0.517284	-0.161542	-1.773226
28711	-0.581381	-0.066856	-1.845848
28712	-0.648153	-0.002526	-1.884543
28713	-0.712422	0.040620	-1.902511
28714	-0.780946	0.074970	-1.918295
28715	-0.860799	0.090455	-1.930862
28716	-0.942370	0.093696	-1.931299
28717	-1.017839	0.092727	-1.926553
28718	-1.088125	0.092388	-1.923113
28719	-1.155434	0.098864	-1.909413
28720	-1.221673	0.108849	-1.891722
28721	-1.287099	0.127726	-1.876385
28722	-1.344484	0.153204	-1.866363
28723	-1.394759	0.181760	-1.857351
28724	-1.428891	0.218400	-1.847254
28725	-1.452616	0.255837	-1.835755
28726	-1.469629	0.284057	-1.809335
28727	-1.474507	0.313369	-1.772004
28728	-1.476567	0.328373	-1.738613
28729	-1.480370	0.330140	-1.704517
28730	-1.477588	0.333294	-1.659625
28731	-1.473079	0.338721	-1.615624
28732	-1.461677	0.339284	-1.567244
28733	-1.445767	0.334216	-1.510226
28734	-1.418363	0.331600	-1.444522
28735	-1.387007	0.334255	-1.376347
28736	-1.351706	0.344323	-1.301215
28737	-1.314243	0.366922	-1.229090
28738	-1.278947	0.380905	-1.162013
28739	-1.238446	0.392386	-1.100769
28740	-1.198157	0.400991	-1.052665
28741	-1.156855	0.419758	-1.021008
28742	-1.108481	0.441690	-0.990579
28743	-1.058151	0.461454	-0.967282
28744	-1.003690	0.489043	-0.945337
28745	-0.956203	0.518508	-0.931339
28746	-0.903177	0.548201	-0.922416
28747	-0.874703	0.574782	-0.920493
28748	-0.855322	0.606267	-0.915885
28749	-0.852335	0.632299	-0.910970
28750	-0.858618	0.652499	-0.909747
28751	-0.879532	0.673684	-0.914962
28752	-0.912271	0.697151	-0.928776
28753	-0.946745	0.725019	-0.950479
28754	-0.978578	0.746075	-0.972167
28755	-1.002567	0.764458	-0.999130
28756	-1.028474	0.775541	-1.027741
28757	-1.062581	0.780114	-1.062844
28758	-1.078146	0.770712	-1.090065
28759	-1.090078	0.750756	-1.117761
28760	-1.102517	0.722547	-1.146890
28761	-1.114455	0.678307	-1.169944
28762	-1.130355	0.622231	-1.205268
28763	-1.148778	0.573092	-1.241885
28764	-1.160612	0.530203	-1.269791
28765	-1.164091	0.487791	-1.283069
28766	-1.164019	0.448338	-1.283430
28767	-1.157667	0.405651	-1.273886
28768	-1.150740	0.360234	-1.272128
28769	-1.143628	0.315845	-1.269110
28770	-1.136494	0.259133	-1.264598
28771	-1.133955	0.186230	-1.257721
28772	-1.131185	0.104292	-1.252871
28773	-1.127798	0.011621	-1.258300
28774	-1.124792	-0.081033	-1.288356
28775	-1.122920	-0.179130	-1.338932
28776	-1.119156	-0.283866	-1.406600
28777	-1.111859	-0.383010	-1.479700
28778	-1.104679	-0.475422	-1.545487
28779	-1.107876	-0.569114	-1.599434
28780	-1.134459	-0.691298	-1.619319
28781	-1.178525	-0.835010	-1.623671
28782	-1.252433	-1.033894	-1.588783
28783	-1.353780	-1.258605	-1.536612
28784	-1.477866	-1.489567	-1.491695
28785	-1.611689	-1.708418	-1.449775
28786	-1.752001	-1.914991	-1.398152
28787	-1.881970	-2.113778	-1.313481
28788	-1.999013	-2.294733	-1.182281
28789	-2.121281	-2.450364	-1.016078
28790	-2.242332	-2.575875	-0.827354
28791	-2.384941	-2.668983	-0.621178
28792	-2.519104	-2.733383	-0.383714
28793	-2.627534	-2.766450	-0.109226
28794	-2.697576	-2.772361	0.203642
28795	-2.737183	-2.747671	0.536464
28796	-2.758681	-2.699276	0.860405
28797	-2.757896	-2.629524	1.155680
28798	-2.751264	-2.541555	1.406852
28799	-2.736093	-2.427826	1.608418
28800	-2.712564	-2.285238	1.738943
28801	-2.669417	-2.111409	1.794785
28802	-2.595739	-1.918038	1.804145
28803	-2.476719	-1.699982	1.801325
28804	-2.299313	-1.468246	1.814552
28805	-2.106026	-1.275623	1.852959
28806	-1.903182	-1.140039	1.898420
28807	-1.723736	-1.077573	1.925887
28808	-1.613338	-1.076336	1.947482
28809	-1.575080	-1.118871	1.961099
28810	-1.589037	-1.184509	1.967330
28811	-1.639389	-1.257954	1.964059
28812	-1.715499	-1.330453	1.957231
28813	-1.795971	-1.392177	1.948534
28814	-1.869421	-1.440107	1.939516
28815	-1.931929	-1.470588	1.925786
28816	-1.979111	-1.473065	1.909480
28817	-2.011330	-1.441211	1.882350
28818	-2.021250	-1.379022	1.845805
28819	-2.009302	-1.290576	1.808134
28820	-1.977353	-1.170479	1.771804
28821	-1.917705	-1.026110	1.746460
28822	-1.830021	-0.854078	1.728441
28823	-1.719739	-0.647511	1.722227
28824	-1.590765	-0.416590	1.737581
28825	-1.446319	-0.201126	1.769750
28826	-1.281292	-0.025375	1.803017
28827	-1.125724	0.095202	1.825188
28828	-0.986970	0.179188	1.841927
28829	-0.894056	0.228096	1.847330
28830	-0.833611	0.259799	1.845007
28831	-0.800642	0.282296	1.838353
28832	-0.792679	0.301007	1.828120
28833	-0.799894	0.316446	1.817400
28834	-0.811510	0.329062	1.806913
28835	-0.820064	0.344617	1.795915
28836	-0.821866	0.367368	1.792410
28837	-0.817549	0.398954	1.790282
28838	-0.807971	0.438550	1.790897
28839	-0.797058	0.489109	1.792730
28840	-0.788900	0.544608	1.796580
28841	-0.783476	0.604794	1.796912
28842	-0.777609	0.671323	1.800725
28843	-0.773999	0.731984	1.804584
28844	-0.768071	0.778082	1.805717
28845	-0.762115	0.811939	1.806112
28846	-0.758374	0.834622	1.807017
28847	-0.756021	0.852513	1.806328
28848	-0.759318	0.865004	1.805329
28849	-0.764968	0.875160	1.804710
28850	-0.772480	0.885835	1.805193
28851	-0.779634	0.896819	1.805617
28852	-0.786751	0.908950	1.808263
28853	-0.791534	0.923997	1.810895
28854	-0.793933	0.940479	1.813063
28855	-0.796850	0.957053	1.816896
28856	-0.802223	0.974295	1.821068
28857	-0.811004	0.989700	1.822853
28858	-0.818856	1.001801	1.825966
28859	-0.828279	1.009811	1.823000
28860	-0.834326	1.012124	1.824245
28861	-0.838537	1.010137	1.825304
28862	-0.842399	1.008783	1.826020
28863	-0.845400	1.010267	1.827686
28864	-0.846980	1.015665	1.830860
28865	-0.844695	1.022245	1.832897
28866	-0.844154	1.030434	1.834873
28867	-0.843432	1.039638	1.838118
28868	-0.841056	1.050249	1.841381
28869	-0.840930	1.059605	1.843863
28870	-0.842457	1.067879	1.846038
28871	-0.842976	1.074511	1.848755
28872	-0.845762	1.076440	1.851317
28873	-0.845885	1.071409	1.852970
28874	-0.843097	1.061025	1.851025
28875	-0.838970	1.043792	1.853699
28876	-0.832594	1.023161	1.852174
28877	-0.826061	1.004423	1.851995
28878	-0.821983	0.986383	1.852154
28879	-0.816874	0.970455	1.851937
28880	-0.810731	0.952332	1.851891
28881	-0.803868	0.936846	1.854034
28882	-0.794506	0.923900	1.854555
28883	-0.787736	0.911106	1.856942
28884	-0.781912	0.898177	1.858622
28885	-0.777041	0.884755	1.859883
28886	-0.772599	0.869069	1.862275
28887	-0.767610	0.852061	1.863202
28888	-0.762205	0.833911	1.863618
28889	-0.758068	0.815787	1.866181
28890	-0.757982	0.793442	1.866308
28891	-0.757663	0.770295	1.867535
28892	-0.757751	0.748664	1.868985
28893	-0.756728	0.726450	1.869811
28894	-0.754694	0.702944	1.870887
28895	-0.751519	0.677959	1.871255
28896	-0.751266	0.654915	1.870050
28897	-0.753590	0.631114	1.870634
28898	-0.754987	0.608711	1.871718
28899	-0.755985	0.589461	1.871753
28900	-0.757295	0.569036	1.871760
28901	-0.758975	0.552629	1.871287
28902	-0.760575	0.541162	1.872131
28903	-0.760597	0.532549	1.873444
28904	-0.758711	0.522856	1.873280
28905	-0.754539	0.512283	1.874008
28906	-0.753277	0.498978	1.873992
28907	-0.749020	0.481052	1.875290
28908	-0.746108	0.462444	1.873802
28909	-0.743065	0.445720	1.873664
28910	-0.742455	0.429698	1.873877
28911	-0.742837	0.418737	1.872935
28912	-0.744906	0.412274	1.876764
28913	-0.744929	0.408327	1.877253
28914	-0.746782	0.409587	1.878028
28915	-0.747066	0.413702	1.879273
28916	-0.743066	0.420791	1.881248
28917	-0.740126	0.430080	1.883061
28918	-0.737485	0.438182	1.884847
28919	-0.733099	0.443770	1.886599
28920	-0.729753	0.448141	1.888807
28921	-0.725691	0.455150	1.887402
28922	-0.726303	0.458978	1.888702
28923	-0.725285	0.468538	1.889483
28924	-0.723380	0.476608	1.891752
28925	-0.721121	0.484072	1.893881
28926	-0.718303	0.491468	1.894341
28927	-0.716607	0.498189	1.895628
28928	-0.714644	0.504469	1.897730
28929	-0.710644	0.513273	1.896494
28930	-0.711312	0.518894	1.897962
28931	-0.710120	0.523080	1.898238
28932	-0.709930	0.525155	1.898880
28933	-0.708089	0.527396	1.899748
28934	-0.707249	0.527527	1.900987
28935	-0.705969	0.529025	1.901012
28936	-0.705335	0.530762	1.903658
28937	-0.705414	0.533275	1.903490
28938	-0.703064	0.537245	1.902858
28939	-0.701991	0.540349	1.904292
28940	-0.702922	0.540938	1.903249
28941	-0.698954	0.541304	1.903742
28942	-0.695927	0.542438	1.903613
28943	-0.692521	0.542060	1.903262
28944	-0.692064	0.540744	1.902330
28945	-0.694804	0.538826	1.902431
28946	-0.696532	0.536511	1.902864
28947	-0.701606	0.534308	1.899845
28948	-0.705870	0.533313	1.898572
28949	-0.709349	0.531360	1.899156
28950	-0.711546	0.530281	1.897666
28951	-0.710682	0.531223	1.895605
28952	-0.711636	0.532714	1.894649
28953	-0.709116	0.536783	1.895202
28954	-0.709717	0.540623	1.896503
28955	-0.708350	0.544101	1.895454
28956	-0.707888	0.547454	1.893709
28957	-0.706551	0.551829	1.892744
28958	-0.705287	0.553425	1.890325
28959	-0.704512	0.557057	1.888516
28960	-0.705731	0.558181	1.884197
28961	-0.708355	0.562015	1.882316
28962	-0.709901	0.563663	1.880584
28963	-0.712258	0.564098	1.877126
28964	-0.716550	0.568672	1.875125
28965	-0.720683	0.573332	1.874293
28966	-0.723872	0.575618	1.874834
28967	-0.726083	0.580008	1.875037
28968	-0.729902	0.583342	1.874920
28969	-0.733059	0.589304	1.877014
28970	-0.737673	0.594398	1.877574
28971	-0.742100	0.598686	1.879222
28972	-0.745031	0.606012	1.882288
28973	-0.747627	0.612719	1.885223
28974	-0.751707	0.619454	1.886681
28975	-0.756165	0.624639	1.888410
28976	-0.761396	0.630789	1.888308
28977	-0.766092	0.638477	1.891527
28978	-0.772414	0.646011	1.894538
28979	-0.779567	0.657001	1.894963
28980	-0.786007	0.668119	1.898251
28981	-0.792807	0.681462	1.900923
28982	-0.802680	0.693681	1.904248
28983	-0.817312	0.707026	1.909723
28984	-0.837705	0.725056	1.914513
28985	-0.860506	0.744502	1.918789
28986	-0.882149	0.764640	1.922284
28987	-0.907538	0.790982	1.924066
28988	-0.929245	0.817594	1.926843
28989	-0.948638	0.845296	1.929407
28990	-0.968284	0.871827	1.931961
28991	-0.987426	0.900804	1.932098
28992	-1.005388	0.929569	1.931372
28993	-1.020063	0.956962	1.934259
28994	-1.029094	0.983440	1.933326
28995	-1.036763	1.008815	1.934975
28996	-1.045780	1.030624	1.934740
28997	-1.051085	1.051611	1.934544
28998	-1.058539	1.070795	1.933149
28999	-1.066421	1.089329	1.932135
29000	-1.073649	1.106005	1.929292
29001	-1.081484	1.118956	1.923225
29002	-1.092409	1.131655	1.906136
29003	-1.120666	1.125080	1.869089
29004	-1.153411	1.107922	1.817858
29005	-1.187524	1.091664	1.768891
29006	-1.235843	1.064165	1.701561
29007	-1.292812	1.023121	1.620598
29008	-1.347448	0.983351	1.546185
29009	-1.409951	0.932982	1.474125
29010	-1.475873	0.883789	1.405361
29011	-1.531117	0.841128	1.351207
29012	-1.581102	0.803750	1.312611
29013	-1.625535	0.771742	1.279993
29014	-1.676289	0.738976	1.246630
29015	-1.723890	0.708417	1.217360
29016	-1.770788	0.678908	1.191047
29017	-1.817949	0.648036	1.169638
29018	-1.862162	0.618287	1.143928
29019	-1.901557	0.593011	1.124780
29020	-1.939768	0.568446	1.104979
29021	-1.976310	0.545979	1.084152
29022	-2.016734	0.521234	1.059738
29023	-2.056221	0.498570	1.035032
29024	-2.097355	0.476639	1.010145
29025	-2.137915	0.458230	0.987550
29026	-2.179077	0.440099	0.967664
29027	-2.215593	0.424210	0.944906
29028	-2.250681	0.413225	0.929235
29029	-2.282917	0.407846	0.913542
29030	-2.324118	0.393440	0.892800
29031	-2.380551	0.371732	0.860649
29032	-2.448308	0.345301	0.819183
29033	-2.518489	0.322246	0.781987
