// General information: 
//  MT Manager version: 2019.0.1 
//  XDA version: 2019.0.1 build 2740 rev 84096 built on 2019-01-30
// Device information: 
//  DeviceId: 00B43859
//  ProductCode: MTW2-3A7G6
//  Firmware Version: 4.3.4
//  Hardware Version: 1.1.0
// Device settings: 
//  Filter Profile: human(46.1)
//  Option Flags: Orientation Smoother Disabled, AHS Disabled, ICC Disabled
// Coordinate system: ENU
PacketCounter	Roll	Pitch	Yaw
27270	-0.305167	0.592661	-0.282058
27271	-0.308048	0.591216	-0.289692
27272	-0.309752	0.590820	-0.304079
27273	-0.309785	0.591603	-0.301770
27274	-0.304282	0.593347	-0.298455
27275	-0.301734	0.596362	-0.299554
27276	-0.297107	0.600916	-0.301365
27277	-0.292181	0.605919	-0.301616
27278	-0.287353	0.609657	-0.314304
27279	-0.284558	0.611815	-0.321570
27280	-0.283669	0.614433	-0.325050
27281	-0.280816	0.616547	-0.327155
27282	-0.276959	0.613368	-0.322861
27283	-0.276890	0.614274	-0.322680
27284	-0.272477	0.612509	-0.313152
27285	-0.267409	0.611653	-0.308384
27286	-0.262945	0.608845	-0.302067
27287	-0.260875	0.605474	-0.297829
27288	-0.259214	0.601541	-0.288921
27289	-0.259558	0.599618	-0.281924
27290	-0.256970	0.596258	-0.272534
27291	-0.254418	0.597998	-0.268256
27292	-0.249316	0.596964	-0.268104
27293	-0.246204	0.599280	-0.269304
27294	-0.246042	0.598911	-0.271242
27295	-0.246085	0.597361	-0.270629
27296	-0.249643	0.595975	-0.266499
27297	-0.254637	0.593811	-0.267007
27298	-0.258596	0.591080	-0.269252
27299	-0.261005	0.589874	-0.267793
27300	-0.262536	0.587939	-0.262398
27301	-0.261190	0.585189	-0.261092
27302	-0.258394	0.580953	-0.255592
27303	-0.254923	0.578709	-0.248968
27304	-0.255187	0.573233	-0.244539
27305	-0.255645	0.570127	-0.242490
27306	-0.254238	0.567199	-0.246660
27307	-0.252836	0.565676	-0.245571
27308	-0.252660	0.561746	-0.247673
27309	-0.253730	0.561722	-0.248980
27310	-0.252875	0.559466	-0.241592
27311	-0.250649	0.557442	-0.239705
27312	-0.247711	0.553478	-0.236603
27313	-0.246011	0.552333	-0.241895
27314	-0.244873	0.549111	-0.234416
27315	-0.244945	0.544178	-0.242575
27316	-0.243748	0.542561	-0.254606
27317	-0.243299	0.538030	-0.260959
27318	-0.238335	0.533266	-0.251863
27319	-0.233213	0.530015	-0.243650
27320	-0.225770	0.527303	-0.233895
27321	-0.216924	0.525934	-0.222231
27322	-0.213328	0.519920	-0.208548
27323	-0.207497	0.513706	-0.199116
27324	-0.206570	0.506885	-0.194855
27325	-0.204992	0.499671	-0.196053
27326	-0.205383	0.493196	-0.202653
27327	-0.205730	0.485738	-0.213419
27328	-0.206960	0.479722	-0.220489
27329	-0.209611	0.472552	-0.225247
27330	-0.213872	0.463908	-0.230535
27331	-0.214657	0.457037	-0.230883
27332	-0.216164	0.449481	-0.232021
27333	-0.216947	0.442609	-0.232370
27334	-0.220162	0.433516	-0.227852
27335	-0.223325	0.424658	-0.229049
27336	-0.227373	0.413790	-0.232171
27337	-0.233134	0.402930	-0.242404
27338	-0.239181	0.387218	-0.258611
27339	-0.244745	0.372994	-0.269432
27340	-0.249831	0.360224	-0.275526
27341	-0.254193	0.346870	-0.279704
27342	-0.261111	0.331187	-0.279725
27343	-0.265469	0.316546	-0.278535
27344	-0.267312	0.304057	-0.284783
27345	-0.268840	0.289526	-0.287804
27346	-0.270777	0.277041	-0.294704
27347	-0.269295	0.267356	-0.295497
27348	-0.270598	0.257569	-0.295233
27349	-0.273453	0.245467	-0.299154
27350	-0.275267	0.234105	-0.301890
27351	-0.280543	0.222400	-0.310109
27352	-0.283393	0.211245	-0.311229
27353	-0.286855	0.200942	-0.313126
27354	-0.290565	0.193794	-0.309542
27355	-0.291852	0.186507	-0.311709
27356	-0.293677	0.181057	-0.318837
27357	-0.290726	0.177345	-0.321122
27358	-0.287686	0.174744	-0.323089
27359	-0.282864	0.173424	-0.306822
27360	-0.279839	0.170753	-0.305789
27361	-0.278528	0.170375	-0.307956
27362	-0.279406	0.165927	-0.319250
27363	-0.283467	0.162331	-0.328153
27364	-0.284378	0.158851	-0.332845
27365	-0.280854	0.156769	-0.333538
27366	-0.279521	0.155032	-0.331983
27367	-0.277236	0.153180	-0.337402
27368	-0.275435	0.147183	-0.342593
27369	-0.271864	0.144000	-0.345204
27370	-0.269662	0.141813	-0.346038
27371	-0.259292	0.137212	-0.344860
27372	-0.250250	0.134725	-0.335472
27373	-0.243055	0.134338	-0.325441
27374	-0.235813	0.133896	-0.318250
27375	-0.231624	0.131243	-0.321184
27376	-0.230797	0.130292	-0.323394
27377	-0.230815	0.131056	-0.321084
27378	-0.231437	0.128957	-0.321940
27379	-0.226099	0.129563	-0.321680
27380	-0.222692	0.127274	-0.318782
27381	-0.216634	0.127247	-0.315605
27382	-0.213347	0.128220	-0.310624
27383	-0.212857	0.127051	-0.308218
27384	-0.214269	0.124243	-0.310811
27385	-0.214195	0.121513	-0.306975
27386	-0.215022	0.117769	-0.299262
27387	-0.214442	0.114401	-0.300694
27388	-0.214526	0.108089	-0.309874
27389	-0.211622	0.104181	-0.304891
27390	-0.206714	0.100540	-0.289897
27391	-0.204723	0.098035	-0.276506
27392	-0.203276	0.097456	-0.271721
27393	-0.199166	0.098034	-0.263752
27394	-0.200784	0.093703	-0.259322
27395	-0.203067	0.093646	-0.252911
27396	-0.206509	0.090149	-0.246700
27397	-0.211589	0.086546	-0.239705
27398	-0.214431	0.083348	-0.227420
27399	-0.219409	0.078580	-0.217190
27400	-0.227185	0.072747	-0.214018
27401	-0.233925	0.066524	-0.204954
27402	-0.239927	0.057501	-0.207326
27403	-0.244720	0.050668	-0.203061
27404	-0.246414	0.046087	-0.193470
27405	-0.245680	0.040188	-0.181164
27406	-0.242348	0.035383	-0.176054
27407	-0.240519	0.032806	-0.165706
27408	-0.238400	0.030246	-0.153033
27409	-0.236253	0.029097	-0.141991
27410	-0.236607	0.024649	-0.132370
27411	-0.234594	0.021306	-0.133343
27412	-0.236504	0.020515	-0.135725
27413	-0.236295	0.018117	-0.141301
27414	-0.238096	0.016090	-0.139324
27415	-0.242518	0.013219	-0.139930
27416	-0.244064	0.009073	-0.137002
27417	-0.247605	0.006928	-0.137026
27418	-0.253252	0.003027	-0.141614
27419	-0.260215	-0.001893	-0.146090
27420	-0.265718	-0.005498	-0.157078
27421	-0.269737	-0.007839	-0.166184
27422	-0.270342	-0.009838	-0.172148
27423	-0.268472	-0.009618	-0.179797
27424	-0.265183	-0.009286	-0.194697
27425	-0.261941	-0.012603	-0.203387
27426	-0.260366	-0.015988	-0.219979
27427	-0.261236	-0.018083	-0.227251
27428	-0.262861	-0.023203	-0.231929
27429	-0.260441	-0.026015	-0.241410
27430	-0.257115	-0.028172	-0.247766
27431	-0.254114	-0.030658	-0.250291
27432	-0.253788	-0.030809	-0.250714
27433	-0.254640	-0.031876	-0.250914
27434	-0.252656	-0.030895	-0.241633
27435	-0.252134	-0.027411	-0.235812
27436	-0.254529	-0.028625	-0.238825
27437	-0.256932	-0.027245	-0.248082
27438	-0.258221	-0.027358	-0.258738
27439	-0.257956	-0.027225	-0.269885
27440	-0.261156	-0.027873	-0.276301
27441	-0.262221	-0.025302	-0.288325
27442	-0.261673	-0.022841	-0.295035
27443	-0.258183	-0.020200	-0.297480
27444	-0.255776	-0.017351	-0.302422
27445	-0.254497	-0.012999	-0.306324
27446	-0.257668	-0.011168	-0.316860
27447	-0.258918	-0.006535	-0.322918
27448	-0.256489	-0.001264	-0.331191
27449	-0.257232	0.001435	-0.337161
27450	-0.259767	0.006092	-0.340267
27451	-0.262145	0.012128	-0.346094
27452	-0.264594	0.014659	-0.359028
27453	-0.265749	0.019424	-0.367213
27454	-0.269982	0.022844	-0.378828
27455	-0.272157	0.027844	-0.383550
27456	-0.275949	0.031539	-0.397095
27457	-0.278139	0.034208	-0.403535
27458	-0.278665	0.038109	-0.405772
27459	-0.278145	0.042892	-0.405311
27460	-0.278241	0.046771	-0.397006
27461	-0.277555	0.051617	-0.393516
27462	-0.276946	0.057606	-0.390943
27463	-0.274966	0.064744	-0.388298
27464	-0.272174	0.071423	-0.389910
27465	-0.268843	0.082087	-0.388313
27466	-0.271961	0.088471	-0.384512
27467	-0.275585	0.093447	-0.389703
27468	-0.280217	0.099978	-0.396788
27469	-0.283825	0.107282	-0.400263
27470	-0.286068	0.113329	-0.403228
27471	-0.287575	0.120092	-0.408479
27472	-0.288001	0.126445	-0.408978
27473	-0.285908	0.136046	-0.406742
27474	-0.283397	0.143625	-0.404846
27475	-0.280870	0.153486	-0.398680
27476	-0.277673	0.160335	-0.396408
27477	-0.274055	0.169887	-0.388552
27478	-0.272113	0.180291	-0.380001
27479	-0.269190	0.189387	-0.376978
27480	-0.267334	0.199874	-0.375234
27481	-0.265739	0.207773	-0.369447
27482	-0.263304	0.213895	-0.355629
27483	-0.261064	0.221014	-0.344805
27484	-0.259393	0.228864	-0.330614
27485	-0.256441	0.236649	-0.322234
27486	-0.253083	0.242296	-0.312635
27487	-0.248948	0.249907	-0.304690
27488	-0.242550	0.256749	-0.287483
27489	-0.237113	0.263013	-0.276742
27490	-0.228551	0.270616	-0.264439
27491	-0.215973	0.276854	-0.249236
27492	-0.203203	0.284534	-0.240741
27493	-0.188764	0.292354	-0.226494
27494	-0.177056	0.296810	-0.210641
27495	-0.166856	0.297635	-0.199927
27496	-0.158470	0.293688	-0.196493
27497	-0.145699	0.289709	-0.189188
27498	-0.132476	0.283592	-0.172013
27499	-0.116842	0.276869	-0.150957
27500	-0.094229	0.270850	-0.115105
27501	-0.066502	0.267602	-0.070350
27502	-0.032808	0.265145	-0.003758
27503	0.005368	0.262661	0.066720
27504	0.046598	0.260476	0.131009
27505	0.089592	0.260965	0.193950
27506	0.132677	0.258296	0.252760
27507	0.176219	0.255078	0.297381
27508	0.217787	0.254225	0.325402
27509	0.260319	0.252196	0.344429
27510	0.303538	0.247199	0.367508
27511	0.341322	0.238781	0.388221
27512	0.380743	0.229007	0.423110
27513	0.418370	0.219163	0.446108
27514	0.456428	0.208699	0.465544
27515	0.495856	0.194978	0.474929
27516	0.531757	0.182094	0.479305
27517	0.570231	0.166694	0.481017
27518	0.608272	0.149672	0.496615
27519	0.648572	0.133244	0.502859
27520	0.687236	0.117758	0.519502
27521	0.729362	0.100590	0.523025
27522	0.772690	0.078311	0.537075
27523	0.816623	0.056720	0.541450
27524	0.863945	0.032656	0.568801
27525	0.914605	0.007626	0.591481
27526	0.967244	-0.018035	0.621122
27527	1.019147	-0.046507	0.637494
27528	1.075274	-0.078877	0.674241
27529	1.132765	-0.106011	0.684009
27530	1.197966	-0.134941	0.700685
27531	1.274635	-0.164458	0.696835
27532	1.343886	-0.189376	0.692476
27533	1.418493	-0.211654	0.697677
27534	1.487752	-0.236102	0.720455
27535	1.564843	-0.258242	0.715294
27536	1.644466	-0.277339	0.700980
27537	1.720389	-0.291824	0.662398
27538	1.789871	-0.306687	0.628063
27539	1.865970	-0.320172	0.572785
27540	1.943564	-0.337559	0.517072
27541	2.023840	-0.357034	0.440194
27542	2.106542	-0.378728	0.395928
27543	2.201039	-0.398546	0.351255
27544	2.304322	-0.417103	0.352436
27545	2.412248	-0.437075	0.344335
27546	2.516662	-0.463832	0.362502
27547	2.623546	-0.491173	0.364740
27548	2.728503	-0.528786	0.388853
27549	2.831708	-0.572591	0.418850
27550	2.944536	-0.623125	0.495227
27551	3.063841	-0.676319	0.589041
27552	3.187785	-0.732409	0.733333
27553	3.310605	-0.791268	0.824704
27554	3.423414	-0.851956	0.892719
27555	3.532867	-0.920390	0.896994
27556	3.642272	-0.981752	0.911302
27557	3.738409	-1.040477	0.846156
27558	3.824953	-1.098639	0.808439
27559	3.915110	-1.153056	0.765575
27560	4.012008	-1.206110	0.756312
27561	4.107059	-1.255426	0.770981
27562	4.202762	-1.315836	0.786151
27563	4.289130	-1.382263	0.751652
27564	4.366859	-1.449170	0.655203
27565	4.441955	-1.522446	0.525743
27566	4.515110	-1.595879	0.415259
27567	4.583560	-1.663579	0.352246
27568	4.649579	-1.722559	0.329099
27569	4.705772	-1.776801	0.323017
27570	4.747588	-1.817990	0.318632
27571	4.770576	-1.849363	0.304107
27572	4.785771	-1.871523	0.286854
27573	4.788447	-1.876847	0.288867
27574	4.781736	-1.863216	0.299224
27575	4.763555	-1.837317	0.304288
27576	4.739251	-1.800183	0.311869
27577	4.711816	-1.745768	0.326467
27578	4.671831	-1.674501	0.337596
27579	4.621229	-1.584093	0.342316
27580	4.558139	-1.479870	0.334479
27581	4.485144	-1.363133	0.322410
27582	4.401499	-1.229659	0.310876
27583	4.304218	-1.080731	0.275705
27584	4.195020	-0.916191	0.221949
27585	4.081218	-0.729311	0.154085
27586	3.956095	-0.520547	0.084839
27587	3.821422	-0.278747	0.028728
27588	3.666494	-0.000776	-0.022992
27589	3.487510	0.313059	-0.072135
27590	3.286545	0.668140	-0.116736
27591	3.060801	1.066587	-0.157459
27592	2.812637	1.502599	-0.208393
27593	2.548593	1.975303	-0.288428
27594	2.284540	2.500706	-0.424542
27595	2.010470	3.108128	-0.664150
27596	1.671174	3.709788	-1.060324
27597	1.305193	4.324924	-1.527698
27598	0.925007	4.988261	-1.924141
27599	0.563772	5.697655	-2.164728
27600	0.225571	6.438174	-2.242002
27601	-0.084979	7.212389	-2.127290
27602	-0.364074	8.005780	-1.819859
27603	-0.632468	8.913813	-1.328692
27604	-0.963862	10.009244	-0.677153
27605	-1.284031	11.310940	0.303800
27606	-1.545393	12.773259	1.496077
27607	-1.702185	14.365828	2.800971
27608	-1.713249	16.093426	4.068442
27609	-1.689964	17.912040	5.382331
27610	-1.578648	19.788094	6.770581
27611	-1.450121	21.683270	7.962504
27612	-1.402841	23.580017	8.697967
27613	-1.574188	25.451666	8.837305
27614	-2.148606	27.227548	8.297289
27615	-3.215600	28.839679	7.131992
27616	-4.782690	30.246932	5.480651
27617	-6.652371	31.464330	3.564630
27618	-8.604539	32.468849	1.664084
27619	-10.361144	33.294186	0.029956
27620	-11.649373	34.014639	-1.055272
27621	-12.333341	34.693219	-1.478424
27622	-12.461298	35.315947	-1.345543
27623	-12.176029	35.850799	-0.862745
27624	-11.674130	36.236938	-0.264489
27625	-11.113816	36.442859	0.254697
27626	-10.726623	36.380639	0.452710
27627	-10.772057	35.972644	0.107746
27628	-11.367369	35.259754	-0.951661
27629	-12.445385	34.266693	-2.576642
27630	-13.858956	33.047730	-4.586558
27631	-15.423732	31.629870	-6.802131
27632	-16.934693	30.055788	-9.003048
27633	-18.215550	28.397139	-10.992827
27634	-19.165517	26.722660	-12.603140
27635	-19.724341	25.153069	-13.693369
27636	-19.982888	23.702920	-14.300052
27637	-19.965821	22.460669	-14.407323
27638	-19.749384	21.433214	-14.108891
27639	-19.440504	20.565176	-13.559227
27640	-19.095872	19.802196	-12.886706
27641	-18.744823	19.080425	-12.198374
27642	-18.448598	18.364036	-11.580337
27643	-18.248143	17.636143	-11.109700
27644	-18.171303	16.907559	-10.805396
27645	-18.164716	16.212025	-10.593170
27646	-18.161580	15.576638	-10.357282
27647	-18.092956	15.017571	-10.001926
27648	-17.911908	14.527391	-9.478714
27649	-17.606367	14.110170	-8.749176
27650	-17.171846	13.768531	-7.787001
27651	-16.609150	13.482092	-6.621514
27652	-15.936954	13.243695	-5.287963
27653	-15.228759	13.009242	-3.915252
27654	-14.575337	12.736013	-2.686376
27655	-14.019204	12.410005	-1.673613
27656	-13.606827	12.006310	-0.902969
27657	-13.306008	11.561812	-0.380304
27658	-13.043649	11.104866	-0.037412
27659	-12.779701	10.646224	0.177713
27660	-12.514478	10.187151	0.254269
27661	-12.158910	9.716072	0.155467
27662	-11.922273	8.790474	-0.054463
27663	-11.989921	7.289624	-0.987277
27664	-12.251762	7.377054	-0.996090
27665	-12.109119	9.379006	0.255691
27666	-12.735435	10.252303	-0.768063
27667	-13.465841	10.330539	-3.063990
27668	-13.412990	10.781115	-3.340608
27669	-12.624789	11.327358	-1.441388
27670	-11.721421	11.472537	-0.217072
27671	-11.558468	11.389586	-0.023336
27672	-11.083445	11.495608	-0.152272
27673	-10.604894	11.533044	0.317251
27674	-10.469590	11.548527	0.701392
27675	-10.589044	11.674187	0.518108
27676	-10.893223	11.883372	-0.010945
27677	-11.145834	12.111881	-0.475390
27678	-11.275204	12.334400	-0.734899
27679	-11.217784	12.528329	-0.741522
27680	-11.027058	12.673324	-0.582581
27681	-10.741713	12.823925	-0.280072
27682	-10.424783	12.996109	0.145526
27683	-10.101606	13.161140	0.581659
27684	-9.827280	13.301358	0.962346
27685	-9.541601	13.424106	1.321071
27686	-9.261185	13.487006	1.583609
27687	-9.031863	13.457741	1.706386
27688	-8.808325	13.379540	1.777795
27689	-8.557245	13.260293	1.849399
27690	-8.296873	13.087585	1.925135
27691	-8.046613	12.862210	1.991126
27692	-7.790844	12.592476	2.071812
27693	-7.538657	12.276147	2.128596
27694	-7.290480	11.945905	2.176665
27695	-7.036241	11.618727	2.348529
27696	-6.786244	11.302082	2.517092
27697	-6.542259	10.960036	2.601337
27698	-6.265120	10.606807	2.658588
27699	-5.978503	10.229145	2.662182
27700	-5.670680	9.830731	2.655586
27701	-5.355644	9.431966	2.627658
27702	-5.003759	9.058196	2.565777
27703	-4.618276	8.676546	2.550264
27704	-4.236450	8.285800	2.528478
27705	-3.869156	7.882165	2.494272
27706	-3.528758	7.478781	2.379325
27707	-3.231110	7.074482	2.194335
27708	-2.955220	6.659488	1.976876
27709	-2.686160	6.245078	1.782483
27710	-2.414346	5.845356	1.552582
27711	-2.142750	5.448138	1.382171
27712	-1.889092	5.076852	1.312110
27713	-1.645862	4.713489	1.166711
27714	-1.396698	4.340123	1.052282
27715	-1.131154	3.948792	1.013156
27716	-0.877798	3.546712	1.055803
27717	-0.588741	3.143937	1.209448
27718	-0.312674	2.738602	1.467451
27719	-0.107569	2.343953	1.623634
27720	0.084841	1.980339	1.724969
27721	0.245986	1.642596	1.760514
27722	0.397280	1.322353	1.675392
27723	0.551263	1.007451	1.506974
27724	0.710749	0.687923	1.381255
27725	0.893124	0.370239	1.375709
27726	1.113660	0.071450	1.530780
27727	1.370246	-0.197635	1.831713
27728	1.610336	-0.452344	2.154397
27729	1.808453	-0.693613	2.401545
27730	1.978760	-0.922061	2.556093
27731	2.119327	-1.150791	2.594515
27732	2.278676	-1.382740	2.598059
27733	2.459831	-1.596810	2.612217
27734	2.639309	-1.786187	2.628867
27735	2.833916	-1.970299	2.661135
27736	3.045400	-2.154991	2.756160
27737	3.281332	-2.330518	2.899568
27738	3.551566	-2.477638	3.058959
27739	3.822305	-2.617939	3.253644
27740	4.079170	-2.729544	3.393398
27741	4.310096	-2.792021	3.407203
27742	4.498601	-2.808704	3.348231
27743	4.601181	-2.786741	3.285640
27744	4.646492	-2.721147	3.241891
27745	4.642521	-2.616688	3.220988
27746	4.599125	-2.495951	3.219918
27747	4.539583	-2.368340	3.239386
27748	4.500692	-2.240311	3.306186
27749	4.456494	-2.109769	3.423502
27750	4.406749	-1.985366	3.527312
27751	4.359117	-1.873620	3.608874
27752	4.308595	-1.776544	3.609799
27753	4.252644	-1.682868	3.545522
27754	4.183333	-1.594851	3.448693
27755	4.106961	-1.515609	3.335073
27756	4.015911	-1.454361	3.198379
27757	3.933804	-1.409757	3.080239
27758	3.856342	-1.379897	2.986435
27759	3.782615	-1.354385	2.925786
27760	3.712736	-1.329731	2.853327
27761	3.654080	-1.302372	2.800208
27762	3.595725	-1.277848	2.831350
27763	3.546936	-1.246519	2.995904
27764	3.540518	-1.192318	3.336282
27765	3.522908	-1.115810	3.689422
27766	3.490257	-1.014790	3.980771
27767	3.448435	-0.892449	4.204346
27768	3.418586	-0.731266	4.364026
27769	3.376965	-0.540934	4.465508
27770	3.318445	-0.332188	4.579318
27771	3.199013	-0.145833	4.760300
27772	3.053203	-0.017413	5.039420
27773	3.002501	0.094480	5.397109
27774	2.967058	0.227352	5.798996
27775	2.923362	0.365436	6.221765
27776	2.871973	0.456940	6.606580
27777	2.856678	0.514396	6.926942
27778	2.850965	0.550135	7.173359
27779	2.860207	0.580482	7.426197
27780	2.878680	0.609232	7.713387
27781	2.915437	0.634708	8.052588
27782	2.952958	0.666023	8.430757
27783	2.980096	0.700301	8.755477
27784	2.951474	0.719914	8.991106
27785	2.926045	0.740218	9.233355
27786	2.891602	0.765594	9.501567
27787	2.849843	0.785688	9.827947
27788	2.852357	0.821267	10.426447
27789	2.833589	0.858029	11.118149
27790	2.756019	0.862088	11.874512
27791	2.673531	0.842003	12.764566
27792	2.630013	0.812990	13.670714
27793	2.603357	0.770996	14.530195
27794	2.575452	0.714749	15.295054
27795	2.550924	0.652789	15.905122
27796	2.547823	0.584012	16.262652
27797	2.548258	0.498886	16.317515
27798	2.572824	0.393733	16.095161
27799	2.626504	0.267915	15.692604
27800	2.710144	0.145565	15.135355
27801	2.805365	0.017631	14.412979
27802	2.883088	-0.108964	13.555831
27803	2.939192	-0.230273	12.637552
27804	2.970025	-0.322594	11.787521
27805	2.962261	-0.402369	11.110415
27806	2.965197	-0.450476	10.779207
27807	2.983038	-0.451534	10.737532
27808	3.007050	-0.421933	10.854087
27809	3.025919	-0.381613	11.023736
27810	3.025617	-0.343734	11.140777
27811	3.017043	-0.311951	11.152613
27812	2.989357	-0.290781	11.021104
27813	2.947150	-0.290221	10.740936
27814	2.900039	-0.308648	10.370252
27815	2.862786	-0.341967	9.996136
27816	2.843031	-0.380443	9.682515
27817	2.835558	-0.417903	9.440318
27818	2.843578	-0.452136	9.279103
27819	2.865318	-0.480772	9.192623
27820	2.894719	-0.502801	9.154328
27821	2.919414	-0.524198	9.142887
27822	2.944504	-0.545054	9.142139
27823	2.972631	-0.559064	9.148718
27824	2.991451	-0.566572	9.159635
27825	3.001507	-0.565956	9.147790
27826	2.998951	-0.559097	9.094829
27827	2.987510	-0.551157	8.998643
27828	2.976906	-0.533864	8.857514
27829	2.965322	-0.513297	8.684596
27830	2.947640	-0.490187	8.497853
27831	2.936327	-0.465626	8.330280
27832	2.932934	-0.441222	8.189284
27833	2.924038	-0.420631	8.057784
27834	2.926624	-0.399137	7.957401
27835	2.928666	-0.381495	7.869541
27836	2.933168	-0.370288	7.798052
27837	2.937935	-0.367582	7.759159
27838	2.945324	-0.367726	7.735347
27839	2.947803	-0.365261	7.717449
27840	2.945431	-0.363474	7.717563
27841	2.938820	-0.360818	7.711411
27842	2.930348	-0.358730	7.684954
27843	2.920670	-0.349960	7.637530
27844	2.905227	-0.333649	7.548756
27845	2.889786	-0.317778	7.439959
27846	2.877360	-0.300432	7.338734
27847	2.873418	-0.280240	7.260926
27848	2.872868	-0.251077	7.210108
27849	2.863214	-0.223072	7.173202
27850	2.856743	-0.195567	7.154033
27851	2.850644	-0.172071	7.133049
27852	2.844249	-0.146700	7.112979
27853	2.832694	-0.123935	7.081201
27854	2.821526	-0.105750	7.040471
27855	2.813189	-0.090046	7.000825
27856	2.808017	-0.078922	6.974225
27857	2.804205	-0.065562	6.959034
27858	2.807087	-0.054039	6.943177
27859	2.812899	-0.039817	6.921954
27860	2.818430	-0.028282	6.890918
27861	2.823052	-0.021791	6.858676
27862	2.826316	-0.019090	6.820161
27863	2.828477	-0.014889	6.781036
27864	2.827807	-0.010524	6.741988
27865	2.825500	-0.008108	6.710863
27866	2.830524	-0.007384	6.707006
27867	2.837783	-0.004808	6.713235
27868	2.843437	0.000271	6.715846
27869	2.845997	0.007709	6.717600
27870	2.848644	0.020865	6.706743
27871	2.853261	0.038347	6.701866
27872	2.858603	0.059370	6.700396
27873	2.856965	0.083166	6.687538
27874	2.856282	0.100834	6.674680
27875	2.847513	0.117559	6.657204
27876	2.837768	0.127398	6.644609
27877	2.830454	0.136407	6.648276
27878	2.824405	0.140941	6.660769
27879	2.812056	0.138785	6.683464
27880	2.800803	0.137455	6.705582
27881	2.792701	0.134847	6.718502
27882	2.793233	0.127020	6.734258
27883	2.797586	0.115297	6.737711
27884	2.798292	0.107031	6.724200
27885	2.798876	0.098866	6.696682
27886	2.802513	0.091490	6.672832
27887	2.811663	0.089967	6.665490
27888	2.822617	0.091556	6.663161
27889	2.830464	0.097824	6.658798
27890	2.833001	0.110003	6.646037
27891	2.826309	0.116074	6.614389
27892	2.820003	0.122546	6.569371
27893	2.810897	0.131492	6.524365
27894	2.801169	0.144559	6.478219
27895	2.797123	0.160075	6.450796
27896	2.792120	0.175153	6.431801
27897	2.790488	0.194233	6.421272
27898	2.789723	0.208203	6.422818
27899	2.787931	0.228070	6.426423
27900	2.787591	0.243406	6.428702
27901	2.788884	0.258113	6.427393
27902	2.787121	0.272276	6.419236
27903	2.784846	0.285910	6.413412
27904	2.784156	0.300868	6.416867
27905	2.780742	0.320100	6.426230
27906	2.776244	0.336109	6.436203
27907	2.769561	0.354402	6.441924
27908	2.758762	0.375940	6.439920
27909	2.745822	0.398178	6.438802
27910	2.738743	0.420757	6.431147
27911	2.729037	0.444250	6.418495
27912	2.714523	0.465296	6.404888
27913	2.705412	0.485386	6.408406
27914	2.699479	0.501466	6.417933
27915	2.694594	0.517445	6.426100
27916	2.691316	0.536549	6.436345
27917	2.687017	0.554624	6.439055
27918	2.681166	0.574864	6.430015
27919	2.674980	0.594802	6.411103
27920	2.668185	0.615719	6.388231
27921	2.659579	0.638209	6.371104
27922	2.649285	0.657207	6.352806
27923	2.644364	0.676835	6.346523
27924	2.636871	0.696942	6.349307
27925	2.632566	0.716802	6.368043
27926	2.626546	0.735503	6.384482
27927	2.622600	0.755737	6.402030
27928	2.625135	0.772911	6.429204
27929	2.632002	0.791949	6.470779
27930	2.641898	0.814270	6.522986
27931	2.647297	0.836243	6.568979
27932	2.651721	0.858039	6.608136
27933	2.654332	0.877062	6.640316
27934	2.653931	0.893924	6.670833
27935	2.650518	0.911098	6.699531
27936	2.644769	0.926366	6.718117
27937	2.641023	0.941088	6.757249
27938	2.647262	0.958750	6.816362
27939	2.646004	0.972619	6.903078
27940	2.652991	0.986258	7.005541
27941	2.661295	1.004562	7.105189
27942	2.663235	1.016108	7.234115
27943	2.670437	1.020411	7.404857
27944	2.693759	1.022894	7.626569
27945	2.721264	1.020762	7.877035
27946	2.729592	1.013892	8.080900
27947	2.724851	0.993531	8.209384
27948	2.716817	0.970687	8.275872
27949	2.710189	0.942165	8.312001
27950	2.708614	0.914874	8.338854
27951	2.703935	0.889958	8.364868
27952	2.702478	0.867433	8.410508
27953	2.710978	0.854675	8.483615
27954	2.726163	0.852910	8.570215
27955	2.749937	0.869490	8.657207
27956	2.774878	0.902298	8.723425
27957	2.789904	0.941225	8.731091
27958	2.799390	0.982726	8.708526
27959	2.804394	1.024311	8.667805
27960	2.786560	1.063433	8.622417
27961	2.764876	1.087554	8.588589
27962	2.742817	1.095575	8.555890
27963	2.735430	1.102083	8.531532
27964	2.738913	1.112790	8.518465
27965	2.757596	1.114614	8.533192
27966	2.792826	1.114660	8.569461
27967	2.831113	1.118582	8.610320
27968	2.864847	1.123146	8.646011
27969	2.900245	1.128987	8.660741
27970	2.931712	1.141933	8.646371
27971	2.964319	1.164665	8.621895
27972	2.987634	1.192327	8.583719
27973	3.006740	1.227012	8.526685
27974	3.027720	1.273639	8.463944
27975	3.059486	1.333008	8.397108
27976	3.092550	1.397475	8.332443
27977	3.107552	1.446111	8.285143
27978	3.110096	1.480746	8.261721
27979	3.075242	1.490086	8.217949
27980	3.029421	1.470362	8.163316
27981	2.995899	1.443824	8.138558
27982	2.974435	1.433235	8.116946
27983	2.953671	1.427274	8.108858
27984	2.943165	1.410024	8.097375
27985	2.938848	1.388393	8.065553
27986	2.936039	1.373480	8.013007
27987	2.935971	1.362347	7.954531
27988	2.938078	1.351290	7.898924
27989	2.942830	1.340897	7.844491
27990	2.948078	1.331252	7.805786
27991	2.956489	1.322243	7.782079
27992	2.967867	1.315404	7.786912
27993	2.984699	1.308697	7.816173
27994	3.004413	1.305772	7.859162
27995	3.026148	1.315875	7.889326
27996	3.033077	1.326298	7.891203
27997	3.029210	1.340909	7.857753
27998	3.017243	1.363055	7.794906
27999	3.002329	1.391503	7.717485
28000	2.966514	1.414121	7.636806
28001	2.919738	1.421925	7.567543
28002	2.875255	1.417595	7.529304
28003	2.837533	1.414682	7.522809
28004	2.798078	1.408163	7.545355
28005	2.758386	1.403858	7.598389
28006	2.724721	1.399398	7.670286
28007	2.700588	1.394861	7.736217
28008	2.680702	1.392585	7.787907
28009	2.652105	1.390081	7.827186
28010	2.616682	1.378521	7.852503
28011	2.592255	1.366218	7.866535
28012	2.565993	1.352091	7.853856
28013	2.538026	1.344507	7.832626
28014	2.508418	1.339366	7.837706
28015	2.484683	1.330410	7.846175
28016	2.462638	1.314173	7.839281
28017	2.438660	1.300399	7.829005
28018	2.422044	1.290616	7.830074
28019	2.398717	1.277331	7.819504
28020	2.378378	1.260621	7.778258
28021	2.363470	1.242654	7.701988
28022	2.347207	1.226577	7.608684
28023	2.323308	1.216592	7.511193
28024	2.298886	1.211198	7.397667
28025	2.276777	1.205760	7.278819
28026	2.250966	1.202885	7.162533
28027	2.209464	1.191830	7.045806
28028	2.173509	1.177376	6.965632
28029	2.133042	1.166162	6.919349
28030	2.101294	1.163669	6.882223
28031	2.065590	1.174741	6.838346
28032	2.031449	1.187640	6.776250
28033	1.989709	1.207174	6.683400
28034	1.941551	1.230712	6.558935
28035	1.883054	1.258068	6.421317
28036	1.828677	1.293894	6.305789
28037	1.771583	1.345528	6.225271
28038	1.711190	1.410104	6.168907
28039	1.628720	1.473795	6.138012
28040	1.544470	1.538895	6.121812
28041	1.452875	1.611515	6.101643
28042	1.350755	1.703171	6.079497
28043	1.243462	1.824302	6.064919
28044	1.123908	1.969319	6.052527
28045	0.983559	2.141241	6.047619
28046	0.823930	2.343376	6.027961
28047	0.638800	2.569329	5.988987
28048	0.444795	2.822776	5.935949
28049	0.224001	3.105437	5.855298
28050	0.007327	3.418460	5.770272
28051	-0.215957	3.743918	5.684139
28052	-0.426597	4.090373	5.569786
28053	-0.644055	4.489718	5.420730
28054	-0.881888	4.905760	5.272750
28055	-1.140211	5.321506	5.135704
28056	-1.431845	5.761814	4.975731
28057	-1.714126	6.229766	4.808765
28058	-1.982132	6.701433	4.647127
28059	-2.224400	7.202125	4.515636
28060	-2.363948	7.789675	4.413901
28061	-2.507335	8.499936	4.296414
28062	-2.692997	9.359965	4.131257
28063	-2.888885	10.347374	3.975598
28064	-3.083535	11.455810	3.842967
28065	-3.299583	12.652746	3.669382
28066	-3.562216	13.902298	3.385610
28067	-3.915013	15.160540	2.984889
28068	-4.317090	16.425516	2.497828
28069	-4.752524	17.700172	1.992465
28070	-5.261374	18.966183	1.395630
28071	-5.873042	20.238125	0.636614
28072	-6.625255	21.504436	-0.279762
28073	-7.501941	22.781418	-1.334143
28074	-8.424246	24.089423	-2.376292
28075	-9.333048	25.434641	-3.285420
28076	-10.216589	26.816578	-4.089731
28077	-10.993512	28.215324	-4.716173
28078	-11.653152	29.608468	-5.133305
28079	-12.190878	30.992528	-5.347119
28080	-12.522204	32.411793	-5.271682
28081	-12.678825	33.836337	-4.916980
28082	-12.720342	35.217827	-4.355997
28083	-12.616506	36.567699	-3.690203
28084	-12.417463	37.857206	-3.002661
28085	-12.252594	39.018214	-2.439930
28086	-12.202265	40.004951	-2.069582
28087	-12.257572	40.833076	-1.884632
28088	-12.404887	41.490984	-1.872796
28089	-12.617479	41.988499	-2.007812
28090	-12.959781	42.327853	-2.307885
28091	-13.473973	42.484011	-2.774491
28092	-14.104494	42.477148	-3.375206
28093	-14.832295	42.300120	-4.088196
28094	-15.633831	41.948287	-4.919768
28095	-16.438012	41.448220	-5.818976
28096	-17.158646	40.845916	-6.701962
28097	-17.804331	40.154189	-7.567688
28098	-18.405007	39.378715	-8.397569
28099	-18.990246	38.503418	-9.214814
28100	-19.570778	37.530346	-10.019456
28101	-20.109292	36.506788	-10.777702
28102	-20.595602	35.423596	-11.488520
28103	-21.008556	34.312919	-12.089086
28104	-21.292148	33.223192	-12.528067
28105	-21.423656	32.160066	-12.781155
28106	-21.397383	31.140460	-12.824945
28107	-21.201428	30.202388	-12.641842
28108	-20.887025	29.333902	-12.313698
28109	-20.532015	28.504173	-11.940956
28110	-20.138431	27.707156	-11.561684
28111	-19.735758	26.918953	-11.221853
28112	-19.384833	26.112023	-10.966971
28113	-19.104226	25.277973	-10.826242
28114	-18.872336	24.439877	-10.752528
28115	-18.693491	23.601658	-10.764554
28116	-18.581126	22.771751	-10.864686
28117	-18.463019	22.009696	-10.981623
28118	-18.328516	21.315319	-11.076442
28119	-18.168218	20.686566	-11.118632
28120	-17.989141	20.103150	-11.129059
28121	-17.818026	19.547548	-11.107207
28122	-17.647258	19.041977	-11.020380
28123	-17.465708	18.584627	-10.848189
28124	-17.284868	18.173970	-10.590112
28125	-17.087880	17.827468	-10.221682
28126	-16.848062	17.549179	-9.742918
28127	-16.572691	17.331210	-9.174102
28128	-16.265913	17.167018	-8.537916
28129	-15.933291	17.037057	-7.881448
28130	-15.590392	16.910237	-7.254209
28131	-15.257903	16.762288	-6.682153
28132	-14.945749	16.601726	-6.160713
28133	-14.656978	16.439019	-5.684958
28134	-14.393950	16.280601	-5.264633
28135	-14.191946	16.109690	-4.949984
28136	-14.023237	15.924602	-4.735610
28137	-13.868087	15.726316	-4.564264
28138	-13.720064	15.523954	-4.406353
28139	-13.558056	15.335083	-4.245107
28140	-13.413139	15.150637	-4.072501
28141	-13.276278	14.961009	-4.009249
28142	-13.002009	14.982986	-3.867603
28143	-12.703794	15.300497	-3.502757
28144	-12.885534	15.403239	-3.642182
28145	-13.497778	15.227847	-4.476210
28146	-13.810707	15.213290	-4.996456
28147	-13.695522	15.393514	-4.777929
28148	-13.451173	15.676224	-4.303192
28149	-13.286434	15.970431	-4.097653
28150	-13.286724	16.155802	-4.197671
28151	-13.342359	16.235596	-4.353765
28152	-13.375155	16.268618	-4.403484
28153	-13.435852	16.275823	-4.407589
28154	-13.548075	16.291061	-4.439604
28155	-13.661569	16.344427	-4.437697
28156	-13.684575	16.447201	-4.293557
28157	-13.610239	16.584355	-4.032946
28158	-13.521268	16.731791	-3.785201
28159	-13.442445	16.901849	-3.573938
28160	-13.397802	17.083454	-3.398109
28161	-13.436928	17.239808	-3.327770
28162	-13.547517	17.350721	-3.389224
28163	-13.675645	17.438621	-3.513847
28164	-13.766185	17.524920	-3.621476
28165	-13.845181	17.585885	-3.725038
28166	-13.900052	17.647283	-3.806715
28167	-13.895431	17.742842	-3.802724
28168	-13.843611	17.866349	-3.719841
28169	-13.725391	18.010802	-3.556814
28170	-13.537031	18.146684	-3.316849
28171	-13.308952	18.265037	-3.007267
28172	-13.041417	18.396778	-2.673240
28173	-12.814936	18.527216	-2.375755
28174	-12.586669	18.650078	-2.124593
28175	-12.352734	18.760669	-1.879317
28176	-12.120528	18.837566	-1.651207
28177	-11.889459	18.878960	-1.446418
28178	-11.670243	18.905458	-1.269024
28179	-11.433398	18.924026	-1.102127
28180	-11.196025	18.935529	-0.935934
28181	-10.952763	18.951150	-0.759972
28182	-10.665517	18.973040	-0.517646
28183	-10.399747	18.943404	-0.320964
28184	-10.213543	18.847745	-0.226957
28185	-10.044238	18.739941	-0.085021
28186	-9.877912	18.597180	0.054696
28187	-9.677231	18.433551	0.226901
28188	-9.407229	18.282353	0.584555
28189	-9.121963	18.109525	0.949126
28190	-8.808001	17.894781	1.296401
28191	-8.470274	17.625161	1.673008
28192	-8.172606	17.305533	1.935349
28193	-7.866581	16.975139	2.149980
28194	-7.566293	16.618531	2.328765
28195	-7.274890	16.227644	2.422649
28196	-6.930969	15.839229	2.430817
28197	-6.580338	15.389486	2.414917
28198	-6.226465	14.959644	2.384696
28199	-5.874558	14.538319	2.343669
28200	-5.495326	14.143131	2.317940
28201	-5.133434	13.731784	2.327399
28202	-4.799265	13.320313	2.314663
28203	-4.540841	12.916377	2.221502
28204	-4.341789	12.498796	2.039911
28205	-4.135473	12.084600	1.842806
28206	-3.920689	11.668417	1.655603
28207	-3.683007	11.243043	1.509746
28208	-3.419634	10.841634	1.453574
28209	-3.165109	10.446536	1.404026
28210	-2.930384	10.057427	1.406772
28211	-2.688470	9.699664	1.458284
28212	-2.447583	9.331249	1.484616
28213	-2.169974	8.954660	1.564737
28214	-1.877094	8.578275	1.713187
28215	-1.588879	8.203636	1.888215
28216	-1.292676	7.840297	2.016776
28217	-1.010977	7.478982	2.104486
28218	-0.780694	7.127768	2.115202
28219	-0.567043	6.788349	1.989727
28220	-0.358565	6.461003	1.866010
28221	-0.171092	6.130444	1.692035
28222	0.020054	5.810900	1.480161
28223	0.210002	5.516937	1.292775
28224	0.380193	5.238912	1.071780
28225	0.535343	4.986197	0.812516
28226	0.688527	4.750291	0.515334
28227	0.851944	4.525234	0.295468
28228	1.018761	4.297358	0.107543
28229	1.202958	4.061219	-0.004835
28230	1.373586	3.823064	-0.029539
28231	1.545757	3.586281	-0.011880
28232	1.709068	3.350786	0.036344
28233	1.871243	3.116979	0.084796
28234	2.031470	2.877565	0.119853
28235	2.206642	2.643477	0.156633
28236	2.380614	2.426626	0.179524
28237	2.538222	2.235722	0.147272
28238	2.680487	2.064143	0.115628
28239	2.799975	1.898041	0.061141
28240	2.884147	1.735685	-0.021162
28241	2.967584	1.582919	-0.063634
28242	3.052290	1.440620	-0.020511
28243	3.143852	1.314456	0.104299
28244	3.236954	1.208390	0.250083
28245	3.334249	1.113783	0.415559
28246	3.438473	1.035084	0.572136
28247	3.551571	0.962217	0.737587
28248	3.674508	0.897388	0.940146
28249	3.795714	0.842287	1.123683
28250	3.899080	0.787572	1.258574
28251	3.991051	0.732078	1.370300
28252	4.078982	0.681539	1.470726
28253	4.160150	0.646465	1.561530
28254	4.229726	0.629183	1.601303
28255	4.288825	0.619056	1.628634
28256	4.336415	0.618588	1.615880
28257	4.369394	0.633791	1.571343
28258	4.381961	0.665858	1.494192
28259	4.361333	0.709625	1.430513
28260	4.332083	0.756949	1.432057
28261	4.341967	0.831063	1.537826
28262	4.352154	0.928149	1.671786
28263	4.369834	1.068976	1.765714
28264	4.411508	1.238644	1.868130
28265	4.446507	1.407380	1.981877
28266	4.397302	1.514736	2.094983
28267	4.326539	1.593450	2.299552
28268	4.273726	1.694885	2.547370
28269	4.216098	1.801563	2.807115
28270	4.153028	1.895889	3.042880
28271	4.107323	1.989989	3.228124
28272	4.072715	2.066510	3.405598
28273	4.070354	2.131586	3.649662
28274	4.090406	2.194780	3.984034
28275	4.122867	2.252973	4.413009
28276	4.200363	2.305370	4.892833
28277	4.287803	2.365897	5.383983
28278	4.373367	2.436916	5.908333
28279	4.436219	2.492701	6.437219
28280	4.496893	2.543200	7.034619
28281	4.552854	2.599755	7.716210
28282	4.590014	2.658011	8.431409
28283	4.621168	2.717637	9.228796
28284	4.612046	2.779351	10.059822
28285	4.575487	2.833211	10.938898
28286	4.508099	2.882035	11.873507
28287	4.408142	2.931213	12.850187
28288	4.285931	2.979225	13.904968
28289	4.145156	3.015566	15.048490
28290	3.997695	3.032807	16.303514
28291	3.846399	3.047895	17.631627
28292	3.681714	3.046847	18.947631
28293	3.516538	3.028249	20.249268
28294	3.357901	2.991730	21.451791
28295	3.210099	2.945547	22.506151
28296	3.085868	2.891911	23.380483
28297	3.011511	2.848058	24.034235
28298	2.972146	2.813712	24.321757
28299	2.962418	2.777669	24.202419
28300	2.958922	2.722629	23.649729
28301	2.965033	2.645731	22.780555
28302	2.937354	2.563703	21.705486
28303	2.870859	2.487156	20.567308
28304	2.794842	2.429251	19.511132
28305	2.715849	2.388564	18.635891
28306	2.624209	2.358001	18.003599
28307	2.530604	2.339635	17.648428
28308	2.456102	2.340736	17.527783
28309	2.421504	2.372624	17.554579
28310	2.396597	2.423559	17.604570
28311	2.398949	2.479079	17.620114
28312	2.373890	2.533949	17.469527
28313	2.331056	2.564189	17.201952
28314	2.277915	2.577548	16.891026
28315	2.206955	2.574822	16.505163
28316	2.117836	2.567001	16.080545
28317	2.027232	2.554793	15.656267
28318	1.945522	2.536834	15.280835
28319	1.861219	2.517456	14.955964
28320	1.785135	2.502866	14.674119
28321	1.722163	2.482179	14.481846
28322	1.677983	2.454992	14.357964
28323	1.648447	2.416471	14.272670
28324	1.623981	2.370440	14.202543
28325	1.609967	2.313670	14.140784
28326	1.599233	2.250366	14.086886
28327	1.590523	2.180347	14.043540
28328	1.594556	2.103740	14.021194
28329	1.604659	2.038771	14.035843
28330	1.615358	1.988926	14.060450
28331	1.606672	1.950132	14.031720
28332	1.579227	1.912382	13.922792
28333	1.530633	1.884622	13.750315
28334	1.473309	1.856503	13.544377
28335	1.418059	1.832551	13.314487
28336	1.376275	1.809508	13.115866
28337	1.346972	1.782305	12.959332
28338	1.336323	1.752558	12.847199
28339	1.345015	1.731398	12.798814
28340	1.370622	1.711606	12.782377
28341	1.412042	1.697350	12.778341
28342	1.459246	1.692447	12.772413
28343	1.498159	1.690498	12.744834
28344	1.538554	1.685498	12.689719
28345	1.581827	1.687187	12.640220
28346	1.614061	1.691971	12.601916
28347	1.629012	1.698165	12.566665
28348	1.641706	1.707547	12.552035
28349	1.662864	1.720580	12.552919
28350	1.681858	1.733780	12.540567
28351	1.701920	1.748205	12.533845
28352	1.715899	1.756470	12.517762
28353	1.724630	1.762352	12.471044
28354	1.733321	1.763150	12.380475
28355	1.730030	1.753357	12.254322
28356	1.728968	1.736592	12.125455
28357	1.735720	1.716988	12.015626
28358	1.742732	1.688929	11.920991
28359	1.753069	1.653386	11.833439
28360	1.768114	1.611100	11.746192
28361	1.789739	1.559086	11.649783
28362	1.823435	1.508315	11.547279
28363	1.880638	1.477348	11.446314
28364	1.954622	1.444959	11.367462
28365	2.034413	1.400192	11.327888
28366	2.145294	1.356294	11.315400
28367	2.247342	1.331033	11.314720
28368	2.316386	1.340999	11.310954
28369	2.326654	1.365722	11.246709
28370	2.290464	1.372062	11.113080
28371	2.235078	1.321560	10.961818
28372	2.223242	1.246678	10.849749
28373	2.227417	1.181882	10.774853
28374	2.204593	1.134090	10.836548
28375	2.193073	1.102204	11.002143
28376	2.197789	1.081331	11.124265
28377	2.217111	1.075590	11.208735
28378	2.224831	1.069139	11.262865
28379	2.226465	1.061386	11.265641
28380	2.229239	1.044689	11.225177
28381	2.235874	1.017297	11.162660
28382	2.237587	0.983355	11.082330
28383	2.231936	0.946773	10.993259
28384	2.231868	0.905109	10.903985
28385	2.245250	0.857479	10.828498
28386	2.267312	0.817365	10.756985
28387	2.297436	0.780776	10.675029
28388	2.329345	0.748620	10.577005
28389	2.365920	0.722918	10.470809
28390	2.399858	0.701774	10.374401
28391	2.414743	0.682513	10.298995
28392	2.405074	0.659380	10.257972
28393	2.388495	0.639315	10.258911
28394	2.374326	0.625008	10.285545
28395	2.363559	0.619116	10.309504
28396	2.351851	0.617486	10.311515
28397	2.341465	0.616954	10.297006
28398	2.330883	0.617387	10.264384
28399	2.319346	0.617588	10.213236
28400	2.315577	0.618735	10.143642
28401	2.311127	0.613960	10.074676
28402	2.313000	0.605905	10.020133
28403	2.314560	0.597068	9.987927
28404	2.317921	0.589183	9.989919
28405	2.323059	0.580596	10.016383
28406	2.325120	0.567598	10.050223
28407	2.351323	0.556283	10.098027
28408	2.382542	0.541164	10.156775
28409	2.417396	0.531608	10.218865
28410	2.468708	0.523950	10.290831
28411	2.510708	0.514898	10.351838
28412	2.552277	0.507181	10.422837
28413	2.590198	0.501473	10.470354
28414	2.622426	0.495643	10.496113
28415	2.656355	0.485914	10.528413
28416	2.683941	0.474557	10.555316
28417	2.702251	0.454162	10.571543
28418	2.727985	0.428283	10.598694
28419	2.753952	0.400409	10.634938
28420	2.778549	0.373957	10.676584
28421	2.797153	0.348095	10.717810
28422	2.806295	0.322370	10.741909
28423	2.813920	0.296127	10.755760
28424	2.824770	0.278556	10.768813
28425	2.827416	0.266633	10.782268
28426	2.833460	0.258090	10.802028
28427	2.830320	0.250057	10.798807
28428	2.831909	0.248173	10.804267
28429	2.834113	0.247412	10.814528
28430	2.831584	0.247046	10.828660
28431	2.829554	0.245651	10.838735
28432	2.829543	0.245911	10.828847
28433	2.831324	0.252036	10.811073
28434	2.830950	0.256350	10.794167
28435	2.834844	0.262793	10.776483
28436	2.837405	0.265936	10.774364
28437	2.845245	0.273067	10.786974
28438	2.847867	0.279558	10.800672
28439	2.845030	0.282118	10.817959
28440	2.840303	0.282048	10.843091
28441	2.838645	0.282009	10.868956
28442	2.834873	0.280737	10.891596
28443	2.836055	0.278793	10.905322
28444	2.837544	0.278666	10.905786
28445	2.844622	0.278050	10.898979
28446	2.860441	0.277303	10.894261
28447	2.875126	0.279515	10.896130
28448	2.886290	0.285217	10.917249
28449	2.895988	0.292002	10.941076
28450	2.902902	0.296747	10.964060
28451	2.914485	0.300199	10.989191
28452	2.918051	0.301903	11.017692
28453	2.922651	0.300930	11.032930
28454	2.925815	0.296233	11.034751
28455	2.929256	0.293090	11.028563
28456	2.934945	0.292099	11.024120
28457	2.941737	0.289045	11.025500
28458	2.951753	0.286323	11.030324
28459	2.954482	0.285381	11.036361
28460	2.955400	0.284778	11.045117
28461	2.955550	0.282787	11.046285
28462	2.949267	0.282169	11.044111
28463	2.941662	0.281811	11.043528
28464	2.936891	0.280468	11.053579
28465	2.939156	0.279121	11.075809
28466	2.940974	0.282375	11.107949
28467	2.939336	0.285572	11.141687
28468	2.935244	0.291276	11.167339
28469	2.932078	0.301148	11.185541
28470	2.931728	0.312370	11.205394
28471	2.929837	0.325592	11.236940
28472	2.924767	0.341105	11.273615
28473	2.917196	0.355379	11.309535
28474	2.904311	0.366866	11.337684
28475	2.890442	0.380829	11.369287
28476	2.882240	0.393060	11.406430
28477	2.878623	0.410836	11.451547
28478	2.873078	0.430642	11.486311
28479	2.871468	0.454319	11.522415
28480	2.865281	0.480744	11.561352
28481	2.859316	0.507333	11.610199
28482	2.855090	0.529521	11.664429
28483	2.842580	0.554543	11.724069
28484	2.822818	0.576226	11.770820
28485	2.798446	0.594371	11.800705
28486	2.775478	0.610462	11.811011
28487	2.751224	0.627173	11.805922
28488	2.722777	0.642639	11.795471
28489	2.694764	0.658285	11.787980
28490	2.671269	0.672736	11.799672
28491	2.653350	0.689150	11.840823
28492	2.643686	0.709280	11.899139
28493	2.634964	0.730644	11.963225
28494	2.627364	0.753085	12.015056
28495	2.618334	0.776138	12.043265
28496	2.601541	0.797532	12.052881
28497	2.581927	0.822094	12.037545
28498	2.566137	0.852978	12.001433
28499	2.546845	0.883246	11.970769
28500	2.532469	0.919857	11.946478
28501	2.507651	0.957456	11.922854
28502	2.479333	1.001062	11.899548
28503	2.449070	1.048969	11.877809
28504	2.410133	1.103485	11.843147
28505	2.366908	1.168142	11.797142
28506	2.313348	1.238560	11.751205
28507	2.257870	1.316590	11.714640
28508	2.196874	1.407400	11.711343
28509	2.125991	1.516127	11.745955
28510	2.049038	1.634739	11.800410
28511	1.957589	1.761376	11.849511
28512	1.853480	1.897987	11.886796
28513	1.737002	2.049192	11.928586
28514	1.606366	2.220832	11.968295
28515	1.460975	2.412547	11.994121
28516	1.294883	2.618044	11.994941
28517	1.113299	2.849450	11.997816
28518	0.918096	3.107238	12.001123
28519	0.725773	3.385124	12.003676
28520	0.533786	3.679765	11.992995
28521	0.338335	3.989114	11.975063
28522	0.149134	4.307541	11.911095
28523	-0.034968	4.629531	11.821856
28524	-0.195510	4.960933	11.734732
28525	-0.349863	5.305263	11.615884
28526	-0.538220	5.661659	11.387378
28527	-0.763395	6.026317	11.040651
28528	-0.980438	6.378467	10.655484
28529	-1.137958	6.753802	10.306610
28530	-1.272549	7.166015	9.973815
28531	-1.424062	7.613280	9.614522
28532	-1.594561	8.088577	9.192981
28533	-1.785846	8.576507	8.725539
28534	-1.978377	9.064803	8.244113
28535	-2.158272	9.564994	7.781094
28536	-2.288880	10.085725	7.309615
28537	-2.352216	10.630372	6.836963
28538	-2.407497	11.172402	6.341760
28539	-2.472070	11.683986	5.822435
28540	-2.501701	12.153589	5.285987
28541	-2.524914	12.597967	4.718996
28542	-2.588593	13.033417	4.128781
28543	-2.741480	13.481660	3.447551
28544	-2.998204	13.984827	2.727778
28545	-3.319500	14.598667	2.059739
28546	-3.630314	15.354959	1.425853
28547	-3.916385	16.268602	0.848006
28548	-4.183638	17.363498	0.295313
28549	-4.436360	18.654950	-0.201599
28550	-4.677084	20.108316	-0.622997
28551	-4.984540	21.608514	-0.965830
28552	-5.351052	23.089476	-1.180274
28553	-5.623043	24.565749	-1.122742
28554	-5.801504	26.036560	-0.813319
28555	-5.866988	27.528887	-0.378350
28556	-5.782035	29.033536	0.210499
28557	-5.607791	30.522922	0.836651
28558	-5.471313	31.905328	1.315629
28559	-5.526587	33.097031	1.470485
28560	-5.830426	34.086082	1.288377
28561	-6.353964	34.926262	0.807277
28562	-6.996638	35.635431	0.134685
28563	-7.671059	36.220884	-0.604563
28564	-8.414883	36.656863	-1.397753
28565	-9.257854	36.929516	-2.252987
28566	-10.163769	37.049195	-3.186669
28567	-11.064706	37.017320	-4.149639
28568	-11.833049	36.868171	-5.039882
28569	-12.475796	36.610665	-5.865015
28570	-13.081270	36.222658	-6.714837
28571	-13.694869	35.699418	-7.634136
28572	-14.405346	35.039928	-8.672290
28573	-15.227101	34.264137	-9.841140
28574	-16.122494	33.391587	-11.082957
28575	-17.008476	32.455341	-12.296637
28576	-17.784021	31.496734	-13.356559
28577	-18.387057	30.539547	-14.206399
28578	-18.826884	29.595115	-14.855460
28579	-19.130531	28.658169	-15.363167
28580	-19.308373	27.734812	-15.733238
28581	-19.372972	26.839075	-15.979135
28582	-19.328715	25.984987	-16.096260
28583	-19.184734	25.190773	-16.080568
28584	-18.975916	24.451771	-15.951030
28585	-18.740844	23.758513	-15.756133
28586	-18.526701	23.079953	-15.559772
28587	-18.370817	22.392185	-15.396736
28588	-18.245793	21.707764	-15.255531
28589	-18.116786	21.035619	-15.102052
28590	-17.980941	20.380964	-14.922348
28591	-17.822272	19.766822	-14.716445
28592	-17.646195	19.201841	-14.476609
28593	-17.448838	18.693367	-14.204076
28594	-17.218616	18.228345	-13.885540
28595	-16.963906	17.786418	-13.500469
28596	-16.678192	17.360526	-13.047168
28597	-16.350284	16.960254	-12.510318
28598	-16.003910	16.585685	-11.915196
28599	-15.662623	16.234043	-11.301495
28600	-15.342717	15.914477	-10.678046
28601	-15.037212	15.628352	-10.042587
28602	-14.742997	15.381134	-9.401766
28603	-14.411000	15.187995	-8.726833
28604	-14.071031	15.028299	-8.064585
28605	-13.739049	14.894391	-7.449558
28606	-13.434389	14.771080	-6.919985
28607	-13.178368	14.631979	-6.512353
28608	-12.966479	14.485711	-6.198902
28609	-12.806160	14.316927	-5.967381
28610	-12.676880	14.144660	-5.776517
28611	-12.574189	13.983369	-5.603380
28612	-12.487550	13.826707	-5.445753
28613	-12.389167	13.688811	-5.254205
28614	-12.257694	13.565638	-5.011340
28615	-12.082636	13.455023	-4.707846
28616	-11.849119	13.360794	-4.353626
28617	-11.588416	13.264503	-3.994584
28618	-11.347205	13.120506	-3.637808
28619	-10.995030	12.930541	-3.392805
28620	-10.450512	12.803639	-3.273137
28621	-10.199612	12.793381	-3.175986
28622	-10.495646	12.939687	-3.252986
28623	-11.271016	13.014535	-4.015805
28624	-12.174283	13.013380	-5.171780
28625	-12.697450	13.112137	-5.853525
28626	-12.722690	13.361320	-5.691323
28627	-12.479849	13.734934	-5.066130
28628	-12.285269	13.977965	-4.672965
28629	-12.314751	14.022519	-4.690514
28630	-12.409024	14.047402	-4.733573
28631	-12.404605	14.144787	-4.512679
28632	-12.385778	14.274072	-4.201852
28633	-12.383256	14.454547	-4.027726
28634	-12.365379	14.660767	-3.908128
28635	-12.300059	14.838175	-3.762532
28636	-12.219494	15.002719	-3.590911
28637	-12.119356	15.183833	-3.391448
28638	-11.983529	15.376776	-3.146877
28639	-11.824325	15.576156	-2.879055
28640	-11.667468	15.742844	-2.628111
28641	-11.548635	15.861084	-2.430893
28642	-11.436388	15.938951	-2.296448
28643	-11.391558	15.979197	-2.235367
28644	-11.412920	15.991012	-2.220393
28645	-11.358135	16.009079	-2.186162
28646	-11.286769	16.018765	-2.140420
28647	-11.187266	16.041368	-2.097722
28648	-11.054107	16.079203	-2.032197
28649	-10.907385	16.124623	-1.943774
28650	-10.753561	16.155542	-1.841986
28651	-10.562061	16.174023	-1.682895
28652	-10.309374	16.163867	-1.478233
28653	-10.043746	16.154379	-1.182460
28654	-9.761478	16.161383	-0.847140
28655	-9.434155	16.176052	-0.509828
28656	-9.052806	16.204342	-0.079490
28657	-8.665168	16.197627	0.329816
28658	-8.250459	16.167791	0.725166
28659	-7.850108	16.096553	1.119137
28660	-7.521630	15.954237	1.386257
28661	-7.204980	15.774155	1.660988
28662	-6.968833	15.536579	1.877471
28663	-6.748737	15.274123	2.005375
28664	-6.526624	14.989895	2.135046
28665	-6.303886	14.668555	2.226008
28666	-6.063794	14.338533	2.327486
28667	-5.777907	14.006951	2.448119
28668	-5.460516	13.678113	2.523418
28669	-5.153987	13.341117	2.596279
28670	-4.839235	12.979031	2.651385
28671	-4.532876	12.598450	2.650461
28672	-4.219993	12.218117	2.625431
28673	-3.876350	11.840337	2.689014
28674	-3.524426	11.494877	2.754658
28675	-3.205238	11.169461	2.718941
28676	-2.905412	10.826387	2.659345
28677	-2.666600	10.479915	2.545577
28678	-2.453708	10.157136	2.427698
28679	-2.248864	9.832501	2.383597
28680	-2.093110	9.499608	2.337928
28681	-1.935438	9.159478	2.304190
28682	-1.751559	8.820909	2.415504
28683	-1.540455	8.497469	2.621827
28684	-1.326036	8.187377	2.773480
28685	-1.038979	7.869197	3.038360
28686	-0.769203	7.555573	3.303427
28687	-0.522544	7.218666	3.514152
28688	-0.259609	6.890412	3.809543
28689	-0.012142	6.549501	4.161294
28690	0.235140	6.231649	4.448332
28691	0.514346	5.931375	4.702628
28692	0.718028	5.638981	4.843772
28693	0.865962	5.354577	4.780119
28694	0.998109	5.063413	4.706529
28695	1.139294	4.767879	4.662185
28696	1.288024	4.480617	4.587031
28697	1.426350	4.198618	4.492997
28698	1.557492	3.920107	4.400669
28699	1.688625	3.646690	4.335286
28700	1.846044	3.363337	4.340620
28701	2.030884	3.083785	4.460462
28702	2.210129	2.818133	4.581072
28703	2.382262	2.565557	4.641612
28704	2.534562	2.321532	4.637631
28705	2.683996	2.096570	4.562994
28706	2.828608	1.889415	4.391908
28707	2.965648	1.681729	4.218499
28708	3.106503	1.479112	4.084720
28709	3.257565	1.301180	3.924328
28710	3.404257	1.120103	3.725230
28711	3.568720	0.938886	3.589962
28712	3.745597	0.772767	3.518780
28713	3.905389	0.613692	3.409126
28714	4.050579	0.466977	3.282195
28715	4.183425	0.341920	3.121612
28716	4.307710	0.217708	2.920169
28717	4.440067	0.084729	2.776910
28718	4.578698	-0.036807	2.698784
28719	4.707831	-0.137798	2.665101
28720	4.821702	-0.219743	2.666013
28721	4.934729	-0.288284	2.672942
28722	5.067104	-0.348569	2.693081
28723	5.214627	-0.401019	2.722429
28724	5.353923	-0.462361	2.736936
28725	5.488029	-0.528942	2.721026
28726	5.625613	-0.599148	2.722736
28727	5.761637	-0.669503	2.716835
28728	5.890188	-0.753116	2.742959
28729	5.996289	-0.867182	2.776766
28730	6.086097	-0.988535	2.791196
28731	6.180264	-1.095531	2.809315
28732	6.264658	-1.207517	2.774460
28733	6.342430	-1.338150	2.720346
28734	6.429626	-1.462529	2.694153
28735	6.519846	-1.554779	2.723160
28736	6.613715	-1.603408	2.833371
28737	6.694156	-1.632276	2.901617
28738	6.748428	-1.644128	2.933881
28739	6.793240	-1.630688	2.918402
28740	6.835838	-1.579376	2.895424
28741	6.856869	-1.496607	2.932378
28742	6.858041	-1.388254	3.009000
28743	6.855104	-1.262615	3.120125
28744	6.836978	-1.141098	3.236271
28745	6.797354	-1.012864	3.370531
28746	6.755878	-0.877852	3.505461
28747	6.689501	-0.750389	3.617208
28748	6.590828	-0.635944	3.683492
28749	6.472414	-0.528484	3.685195
28750	6.355029	-0.428091	3.673865
28751	6.245003	-0.333373	3.642663
28752	6.137026	-0.249675	3.599069
28753	6.046626	-0.161379	3.548238
28754	5.967471	-0.068947	3.499053
28755	5.895009	0.026263	3.452791
28756	5.821045	0.119198	3.416185
28757	5.749012	0.208488	3.378671
28758	5.671877	0.281842	3.346624
28759	5.595750	0.342833	3.306122
28760	5.500581	0.379494	3.257100
28761	5.429415	0.417977	3.199247
28762	5.357044	0.445951	3.181078
28763	5.303304	0.477207	3.184299
28764	5.249876	0.531744	3.226696
28765	5.200393	0.614769	3.343700
28766	5.159986	0.704325	3.521062
28767	5.115591	0.793790	3.648830
28768	5.069119	0.881925	3.700313
28769	5.012904	0.968304	3.680086
28770	4.937806	1.053576	3.582647
28771	4.863402	1.139625	3.431126
28772	4.795817	1.229396	3.284285
28773	4.690839	1.313448	3.119851
28774	4.550544	1.375304	2.912414
28775	4.429758	1.427262	2.723233
28776	4.337063	1.493766	2.630296
28777	4.224261	1.575453	2.514341
28778	4.120863	1.638621	2.401861
28779	4.019656	1.704900	2.429133
28780	3.939034	1.785680	2.677609
28781	3.869977	1.882580	3.072407
28782	3.816551	1.993864	3.597766
28783	3.775068	2.099589	4.148604
28784	3.750961	2.198174	4.674879
28785	3.734978	2.289407	5.219052
28786	3.705403	2.361866	5.666138
28787	3.674747	2.412511	6.098723
28788	3.665549	2.439960	6.584770
28789	3.649390	2.447292	7.067740
28790	3.645052	2.434837	7.615762
28791	3.653576	2.411706	8.226038
28792	3.659269	2.386635	8.807514
28793	3.650690	2.349682	9.367911
28794	3.639939	2.294990	9.851159
28795	3.621755	2.229300	10.263179
28796	3.598909	2.161453	10.629769
28797	3.578605	2.090268	10.958627
28798	3.562518	2.012102	11.223600
28799	3.560183	1.940856	11.422067
28800	3.566072	1.879427	11.539043
28801	3.568154	1.817026	11.561106
28802	3.564891	1.751548	11.480706
28803	3.567759	1.700525	11.283935
28804	3.554405	1.661353	10.968931
28805	3.531359	1.608470	10.660147
28806	3.493221	1.536812	10.398254
28807	3.447034	1.457749	10.240858
28808	3.423324	1.378025	10.258413
28809	3.392028	1.312054	10.328483
28810	3.360191	1.259649	10.490110
28811	3.333249	1.225746	10.688611
28812	3.311202	1.192196	10.869611
28813	3.303942	1.150725	11.009170
28814	3.303916	1.087918	11.074293
28815	3.311673	0.993010	11.069220
28816	3.323492	0.869368	10.995279
28817	3.335828	0.732178	10.859117
28818	3.362946	0.574113	10.668465
28819	3.407707	0.400759	10.431208
28820	3.462342	0.227155	10.127168
28821	3.515260	0.060107	9.755421
28822	3.580602	-0.089427	9.319355
28823	3.648967	-0.207802	8.735238
28824	3.707099	-0.294295	7.931359
28825	3.726672	-0.382974	6.896145
28826	3.755431	-0.491871	5.784197
28827	3.776646	-0.616424	4.812364
28828	3.756708	-0.729870	3.949368
28829	3.730105	-0.831853	3.282747
28830	3.716595	-0.916549	2.856578
28831	3.694657	-0.975706	2.596196
28832	3.670999	-1.010661	2.447424
28833	3.656991	-1.029055	2.374799
28834	3.661841	-1.046495	2.339592
28835	3.679789	-1.064262	2.314917
28836	3.700742	-1.088120	2.265357
28837	3.734306	-1.111256	2.166931
28838	3.780510	-1.132878	2.035796
28839	3.830337	-1.157268	1.887700
28840	3.882340	-1.180952	1.753830
28841	3.940266	-1.196823	1.640638
28842	3.982523	-1.210411	1.538565
28843	4.021417	-1.230408	1.455827
28844	4.040627	-1.257495	1.368927
28845	4.046808	-1.295256	1.301901
28846	4.043731	-1.340509	1.249614
28847	4.032311	-1.383832	1.221832
28848	4.016755	-1.427530	1.204117
28849	4.011022	-1.466231	1.183840
28850	4.006994	-1.500077	1.161465
28851	4.012251	-1.528198	1.136741
28852	4.021529	-1.560403	1.111206
28853	4.036610	-1.586950	1.089052
28854	4.056476	-1.606486	1.067406
28855	4.080723	-1.619936	1.054934
28856	4.109402	-1.633188	1.063952
28857	4.128388	-1.644452	1.081641
28858	4.159185	-1.654918	1.124542
28859	4.181515	-1.671817	1.184043
28860	4.198000	-1.686764	1.244003
28861	4.207464	-1.702134	1.295008
28862	4.205601	-1.721949	1.335883
28863	4.205278	-1.743968	1.345370
28864	4.203859	-1.766554	1.341904
28865	4.205866	-1.791208	1.324678
28866	4.210816	-1.817375	1.290586
28867	4.216436	-1.843580	1.246012
28868	4.221046	-1.862229	1.206706
28869	4.225187	-1.873753	1.192189
28870	4.232417	-1.874581	1.200464
28871	4.242097	-1.863180	1.222757
28872	4.245958	-1.849576	1.235264
28873	4.247646	-1.834172	1.242681
28874	4.237106	-1.828580	1.238527
28875	4.247612	-1.817537	1.251195
28876	4.247263	-1.800819	1.308766
28877	4.248619	-1.774819	1.389014
28878	4.249906	-1.742805	1.430969
28879	4.241524	-1.707213	1.422979
28880	4.227715	-1.668711	1.410119
28881	4.216580	-1.621847	1.398939
28882	4.214803	-1.574212	1.381176
28883	4.211045	-1.523722	1.344795
28884	4.201297	-1.477309	1.299863
28885	4.186226	-1.434134	1.276126
28886	4.168629	-1.395521	1.274161
28887	4.155049	-1.356624	1.287929
28888	4.149492	-1.322295	1.348448
28889	4.149541	-1.290115	1.449797
28890	4.153125	-1.256998	1.543154
28891	4.156886	-1.225704	1.629395
28892	4.154471	-1.196759	1.701973
28893	4.151020	-1.164551	1.758585
28894	4.138424	-1.134199	1.798783
28895	4.123885	-1.107060	1.838037
28896	4.103214	-1.081547	1.867702
28897	4.086087	-1.054146	1.883434
28898	4.059900	-1.031585	1.887934
28899	4.038820	-1.007190	1.887037
28900	4.017219	-0.984144	1.881141
28901	4.005213	-0.957927	1.868764
28902	3.999421	-0.925632	1.853193
28903	3.997381	-0.889270	1.849262
28904	3.996820	-0.853194	1.851742
28905	3.999295	-0.816696	1.854986
28906	4.006107	-0.784358	1.858305
28907	4.009427	-0.750926	1.855074
28908	4.010746	-0.719731	1.868176
28909	4.010481	-0.689792	1.877012
28910	4.007338	-0.662056	1.866505
28911	3.995714	-0.637537	1.851867
28912	3.983275	-0.615687	1.839621
28913	3.978736	-0.593466	1.838282
28914	3.981032	-0.568320	1.850084
28915	3.981557	-0.540869	1.863779
28916	3.985981	-0.512812	1.882764
28917	3.990446	-0.482675	1.891470
28918	3.996939	-0.456305	1.901313
28919	4.004367	-0.429714	1.925288
28920	4.010731	-0.406828	1.956975
28921	4.016305	-0.384654	1.992266
28922	4.019214	-0.360595	2.021378
28923	4.018969	-0.338973	2.030469
28924	4.022193	-0.324471	2.024660
28925	4.032351	-0.309082	2.020931
28926	4.035881	-0.293896	2.027350
28927	4.041299	-0.280638	2.043407
28928	4.047243	-0.267678	2.061175
28929	4.050852	-0.257212	2.070928
28930	4.060797	-0.246409	2.077647
28931	4.068835	-0.236475	2.090551
28932	4.076381	-0.229606	2.095402
28933	4.085488	-0.225043	2.095602
28934	4.093627	-0.220923	2.083750
28935	4.104509	-0.217119	2.060453
28936	4.112380	-0.211224	2.043512
28937	4.119526	-0.204224	2.025953
28938	4.123594	-0.194206	2.008564
28939	4.122241	-0.180793	1.982306
28940	4.110354	-0.168872	1.940134
28941	4.101951	-0.159163	1.887243
28942	4.095861	-0.149131	1.848664
28943	4.090380	-0.134546	1.831460
28944	4.085423	-0.125229	1.832667
28945	4.080367	-0.116189	1.852652
28946	4.081333	-0.106354	1.880036
28947	4.081730	-0.095616	1.901603
28948	4.080225	-0.086301	1.912600
28949	4.079079	-0.075988	1.906980
28950	4.079380	-0.065854	1.892317
28951	4.081050	-0.055007	1.867814
28952	4.083299	-0.040364	1.834533
28953	4.083027	-0.026290	1.817011
28954	4.087517	-0.013800	1.823103
28955	4.092545	0.002294	1.848599
28956	4.091127	0.016624	1.894541
28957	4.098039	0.031354	1.952308
28958	4.105875	0.049100	1.992911
28959	4.119765	0.065587	2.029854
28960	4.137857	0.084743	2.053324
28961	4.156469	0.106107	2.075564
28962	4.170745	0.121912	2.108131
28963	4.181436	0.139426	2.129979
28964	4.191050	0.153745	2.134700
28965	4.203804	0.170021	2.138074
28966	4.218209	0.183607	2.148873
28967	4.236047	0.195156	2.169717
28968	4.252934	0.205314	2.184674
28969	4.265365	0.215910	2.192510
28970	4.283495	0.225976	2.199693
28971	4.302173	0.241614	2.206606
28972	4.322921	0.254758	2.214576
28973	4.345753	0.269412	2.225833
28974	4.373041	0.286932	2.245212
28975	4.405067	0.304244	2.262549
28976	4.439714	0.319079	2.269273
28977	4.475746	0.334334	2.247620
28978	4.509769	0.348233	2.215454
28979	4.543488	0.358267	2.179478
28980	4.579505	0.369950	2.142243
28981	4.615356	0.379058	2.121868
28982	4.652569	0.388058	2.113127
28983	4.691856	0.395860	2.123302
28984	4.733369	0.398411	2.158284
28985	4.779405	0.401418	2.220330
28986	4.839924	0.399413	2.333621
28987	4.903137	0.394669	2.469596
28988	4.965864	0.389526	2.595209
28989	5.027426	0.383365	2.689437
28990	5.078297	0.376082	2.739842
28991	5.120353	0.363157	2.752190
28992	5.158818	0.348531	2.762935
28993	5.200274	0.332662	2.802413
28994	5.243798	0.313805	2.865546
28995	5.281171	0.298095	2.925400
28996	5.315072	0.279452	2.971210
28997	5.341877	0.260700	2.982276
28998	5.368136	0.242741	2.958377
28999	5.390080	0.227795	2.913847
29000	5.403103	0.212112	2.852681
29001	5.417595	0.194267	2.792008
29002	5.432067	0.177952	2.740455
29003	5.454145	0.170454	2.707069
29004	5.487459	0.162877	2.701377
29005	5.511758	0.141287	2.743513
29006	5.559504	0.121016	2.805577
29007	5.617036	0.111396	2.865130
29008	5.659935	0.095779	2.899379
29009	5.705694	0.078835	2.909754
29010	5.761599	0.062891	2.897722
29011	5.807077	0.041235	2.861838
29012	5.856820	0.019498	2.836210
29013	5.909461	-0.003327	2.837167
29014	5.955183	-0.023587	2.850422
29015	5.997642	-0.047155	2.857089
29016	6.038239	-0.067267	2.886091
29017	6.076919	-0.083637	2.913990
29018	6.108563	-0.102118	2.902727
29019	6.122062	-0.122436	2.852720
29020	6.136236	-0.143198	2.780589
29021	6.146763	-0.163263	2.716489
29022	6.167502	-0.182853	2.684602
29023	6.187995	-0.201295	2.666329
29024	6.210140	-0.216230	2.659489
29025	6.225281	-0.230648	2.647805
29026	6.243475	-0.244302	2.642819
29027	6.258151	-0.256015	2.627207
29028	6.276699	-0.264542	2.608594
29029	6.298759	-0.272744	2.604958
29030	6.318567	-0.279582	2.626954
29031	6.345924	-0.286788	2.652771
29032	6.370868	-0.296490	2.667231
29033	6.376589	-0.302523	2.672264
