// General information: 
//  MT Manager version: 2019.0.1 
//  XDA version: 2019.0.1 build 2740 rev 84096 built on 2019-01-30
// Device information: 
//  DeviceId: 00B43856
//  ProductCode: MTW2-3A7G6
//  Firmware Version: 4.3.4
//  Hardware Version: 1.1.0
// Device settings: 
//  Filter Profile: human(46.1)
//  Option Flags: Orientation Smoother Disabled, AHS Disabled, ICC Disabled
// Coordinate system: ENU
PacketCounter	Roll	Pitch	Yaw
22813	1.554323	0.099320	-2.699744
22814	1.570402	0.096896	-2.707695
22815	1.585338	0.092980	-2.704545
22816	1.601309	0.088995	-2.704020
22817	1.618968	0.090484	-2.714318
22818	1.639824	0.086216	-2.725652
22819	1.658769	0.078309	-2.738261
22820	1.677885	0.072558	-2.757644
22821	1.698844	0.068435	-2.786911
22822	1.719165	0.067462	-2.817798
22823	1.741944	0.066475	-2.842713
22824	1.765895	0.064397	-2.863382
22825	1.790781	0.064736	-2.880189
22826	1.815855	0.066559	-2.890639
22827	1.836479	0.057508	-2.901399
22828	1.854564	0.050196	-2.911098
22829	1.873978	0.047232	-2.917104
22830	1.891545	0.043023	-2.926522
22831	1.907136	0.037163	-2.934434
22832	1.924439	0.036013	-2.942702
22833	1.940189	0.040626	-2.937574
22834	1.955898	0.043057	-2.927269
22835	1.970271	0.040720	-2.920687
22836	1.988496	0.045954	-2.919506
22837	2.008271	0.049622	-2.922919
22838	2.027491	0.047096	-2.928980
22839	2.047459	0.045677	-2.932174
22840	2.066330	0.046417	-2.941767
22841	2.081408	0.052854	-2.948208
22842	2.090942	0.059891	-2.954756
22843	2.098816	0.065475	-2.952466
22844	2.110510	0.073497	-2.940712
22845	2.119301	0.073614	-2.926042
22846	2.128092	0.069669	-2.908296
22847	2.137508	0.067109	-2.891915
22848	2.151189	0.069277	-2.875335
22849	2.162096	0.074385	-2.877807
22850	2.178464	0.080150	-2.887368
22851	2.187404	0.080399	-2.908241
22852	2.193912	0.078678	-2.937910
22853	2.197515	0.079662	-2.967557
22854	2.199442	0.081177	-2.997609
22855	2.201408	0.093684	-3.022638
22856	2.203139	0.108274	-3.040690
22857	2.202433	0.116706	-3.056867
22858	2.203778	0.124864	-3.056208
22859	2.204991	0.125197	-3.045901
22860	2.208651	0.126317	-3.028301
22861	2.208814	0.117265	-3.014177
22862	2.212087	0.113178	-3.004264
22863	2.218748	0.109057	-2.994636
22864	2.223860	0.097489	-2.997901
22865	2.232000	0.085666	-3.009907
22866	2.244344	0.075652	-3.023739
22867	2.258199	0.058416	-3.039816
22868	2.275372	0.048131	-3.050365
22869	2.294334	0.038492	-3.050067
22870	2.312316	0.029906	-3.044720
22871	2.330259	0.028440	-3.046298
22872	2.341900	0.020422	-3.049445
22873	2.355957	0.010211	-3.045478
22874	2.365491	-0.004467	-3.037939
22875	2.370499	-0.020029	-3.031288
22876	2.374637	-0.033506	-3.020208
22877	2.381587	-0.042070	-2.996996
22878	2.391647	-0.044804	-2.968250
22879	2.401643	-0.044182	-2.946378
22880	2.409604	-0.039650	-2.938377
22881	2.423108	-0.031117	-2.937152
22882	2.433086	-0.020627	-2.937950
22883	2.438679	-0.011417	-2.935877
22884	2.443391	-0.001432	-2.923802
22885	2.442306	-0.001599	-2.904618
22886	2.440357	-0.000464	-2.873062
22887	2.436711	0.001216	-2.840631
22888	2.433617	0.000609	-2.810710
22889	2.430771	-0.001404	-2.790434
22890	2.429619	-0.008738	-2.775606
22891	2.428985	-0.019327	-2.772152
22892	2.429649	-0.028682	-2.779704
22893	2.432959	-0.038836	-2.794276
22894	2.438896	-0.044410	-2.806029
22895	2.446450	-0.050404	-2.812665
22896	2.458056	-0.049450	-2.809692
22897	2.469681	-0.049723	-2.805561
22898	2.487019	-0.040060	-2.794378
22899	2.503060	-0.033295	-2.773512
22900	2.518550	-0.029419	-2.757350
22901	2.533842	-0.026686	-2.747037
22902	2.545592	-0.023514	-2.739257
22903	2.558336	-0.018585	-2.729995
22904	2.570362	-0.008526	-2.723817
22905	2.577194	-0.005363	-2.715634
22906	2.579895	-0.001653	-2.701367
22907	2.580602	-0.000246	-2.688584
22908	2.576935	0.005852	-2.680818
22909	2.574136	0.014446	-2.674531
22910	2.569134	0.018070	-2.677854
22911	2.561181	0.019203	-2.694256
22912	2.554422	0.032591	-2.717340
22913	2.546326	0.049948	-2.755597
22914	2.536017	0.064069	-2.790837
22915	2.519587	0.070370	-2.822290
22916	2.503085	0.078204	-2.840916
22917	2.485282	0.082712	-2.858043
22918	2.466340	0.088095	-2.876082
22919	2.449807	0.096904	-2.889702
22920	2.436279	0.105159	-2.882710
22921	2.426049	0.114384	-2.862549
22922	2.418824	0.126769	-2.843008
22923	2.414522	0.139685	-2.814092
22924	2.412783	0.159863	-2.780608
22925	2.412990	0.181537	-2.752490
22926	2.409907	0.195973	-2.738776
22927	2.409033	0.209811	-2.739067
22928	2.406009	0.218163	-2.751243
22929	2.406573	0.231653	-2.767642
22930	2.404882	0.233931	-2.794731
22931	2.404302	0.235483	-2.829576
22932	2.405336	0.248052	-2.865417
22933	2.409560	0.258436	-2.895618
22934	2.410616	0.268558	-2.920246
22935	2.409365	0.275827	-2.939269
22936	2.406537	0.286565	-2.961779
22937	2.402966	0.296394	-2.979660
22938	2.398761	0.308971	-2.989371
22939	2.398222	0.323921	-2.977392
22940	2.397953	0.338983	-2.954066
22941	2.394778	0.348754	-2.921189
22942	2.392293	0.359123	-2.889895
22943	2.386957	0.357261	-2.874285
22944	2.386563	0.365096	-2.866446
22945	2.386905	0.376074	-2.863372
22946	2.385715	0.382834	-2.858198
22947	2.381185	0.383516	-2.854285
22948	2.375048	0.389607	-2.857165
22949	2.367420	0.385553	-2.865901
22950	2.366765	0.394140	-2.872136
22951	2.363935	0.399721	-2.867365
22952	2.360651	0.403735	-2.856052
22953	2.361219	0.415448	-2.843565
22954	2.366774	0.428471	-2.820130
22955	2.374441	0.443671	-2.793883
22956	2.378681	0.451766	-2.770331
22957	2.382374	0.458897	-2.742355
22958	2.384591	0.461712	-2.723240
22959	2.387979	0.463493	-2.707759
22960	2.395471	0.466387	-2.681651
22961	2.404971	0.464232	-2.646919
22962	2.414924	0.468834	-2.608162
22963	2.430359	0.472670	-2.552236
22964	2.448449	0.475215	-2.492266
22965	2.470994	0.476490	-2.434387
22966	2.495106	0.482341	-2.382585
22967	2.516735	0.481238	-2.338550
22968	2.538692	0.485522	-2.313685
22969	2.557320	0.484535	-2.304846
22970	2.575338	0.489689	-2.304375
22971	2.591078	0.495878	-2.298262
22972	2.606041	0.499987	-2.288427
22973	2.618488	0.504986	-2.279169
22974	2.628513	0.512455	-2.260102
22975	2.637125	0.518637	-2.231627
22976	2.645152	0.525057	-2.193066
22977	2.652774	0.530147	-2.150731
22978	2.662923	0.540294	-2.103050
22979	2.673541	0.548424	-2.061764
22980	2.681591	0.545609	-2.024710
22981	2.693664	0.547068	-1.989306
22982	2.707992	0.553017	-1.968698
22983	2.721266	0.553833	-1.963753
22984	2.732739	0.558235	-1.968039
22985	2.750040	0.570720	-1.977288
22986	2.762686	0.588795	-1.982929
22987	2.773666	0.600602	-1.983328
22988	2.785038	0.613486	-1.984181
22989	2.797384	0.620515	-1.977985
22990	2.808659	0.624420	-1.963250
22991	2.820541	0.625451	-1.940645
22992	2.835451	0.633484	-1.924785
22993	2.851822	0.641812	-1.907574
22994	2.864047	0.652191	-1.887924
22995	2.876367	0.665297	-1.872751
22996	2.881571	0.680104	-1.870715
22997	2.883166	0.688052	-1.875824
22998	2.884107	0.702617	-1.877322
22999	2.880837	0.709468	-1.870330
23000	2.869592	0.703689	-1.865877
23001	2.855772	0.696157	-1.868724
23002	2.842983	0.695247	-1.872045
23003	2.834117	0.698585	-1.867073
23004	2.827602	0.707123	-1.856370
23005	2.819753	0.711558	-1.834426
23006	2.819170	0.727140	-1.810706
23007	2.823111	0.747081	-1.769876
23008	2.823959	0.758500	-1.719274
23009	2.819629	0.765359	-1.662378
23010	2.814060	0.777763	-1.603182
23011	2.810397	0.788639	-1.541769
23012	2.803680	0.803837	-1.486780
23013	2.797768	0.815443	-1.431635
23014	2.785151	0.819360	-1.380461
23015	2.768962	0.817133	-1.338713
23016	2.753789	0.819254	-1.306899
23017	2.735250	0.819552	-1.291078
23018	2.719613	0.831393	-1.296525
23019	2.703065	0.838976	-1.312070
23020	2.694645	0.856860	-1.330602
23021	2.690575	0.880580	-1.348529
23022	2.689710	0.902848	-1.352754
23023	2.688705	0.915671	-1.352491
23024	2.691464	0.925096	-1.351981
23025	2.704202	0.936274	-1.359484
23026	2.721040	0.942142	-1.371827
23027	2.738097	0.943555	-1.389894
23028	2.756164	0.950228	-1.426326
23029	2.775823	0.961500	-1.467972
23030	2.797130	0.977668	-1.509415
23031	2.818348	0.993349	-1.551599
23032	2.842772	1.013792	-1.593619
23033	2.862093	1.030036	-1.626316
23034	2.881259	1.040721	-1.657043
23035	2.902749	1.051543	-1.691324
23036	2.929455	1.069724	-1.727465
23037	2.960455	1.092268	-1.756325
23038	2.989715	1.112593	-1.788262
23039	3.017774	1.132324	-1.820340
23040	3.048087	1.159880	-1.849175
23041	3.078117	1.179336	-1.879471
23042	3.105579	1.189087	-1.899259
23043	3.130536	1.196102	-1.912025
23044	3.154710	1.215443	-1.943484
23045	3.173976	1.226953	-1.983458
23046	3.193710	1.239882	-2.046469
23047	3.207870	1.251915	-2.129790
23048	3.223141	1.262958	-2.226849
23049	3.237691	1.274255	-2.328224
23050	3.253491	1.288168	-2.421379
23051	3.269235	1.301082	-2.499765
23052	3.286499	1.323459	-2.543255
23053	3.302101	1.340933	-2.551684
23054	3.319114	1.361637	-2.514416
23055	3.339674	1.390373	-2.422448
23056	3.362087	1.422404	-2.271638
23057	3.389938	1.460199	-2.056229
23058	3.430252	1.499794	-1.774311
23059	3.479242	1.548129	-1.426600
23060	3.534501	1.599982	-1.033509
23061	3.593530	1.652210	-0.605567
23062	3.649390	1.698523	-0.171613
23063	3.700346	1.741305	0.263938
23064	3.747759	1.776512	0.684354
23065	3.783982	1.800587	1.087840
23066	3.809516	1.809714	1.451547
23067	3.821392	1.803102	1.773900
23068	3.828531	1.790889	2.061430
23069	3.836399	1.774799	2.317932
23070	3.843788	1.765204	2.551044
23071	3.845318	1.754398	2.767972
23072	3.846505	1.744084	2.957604
23073	3.844865	1.737381	3.132875
23074	3.846460	1.728175	3.289803
23075	3.852565	1.722326	3.449591
23076	3.861880	1.702739	3.611222
23077	3.873088	1.666614	3.781460
23078	3.893561	1.622214	3.960860
23079	3.921818	1.568377	4.150812
23080	3.963088	1.516076	4.348923
23081	4.020760	1.478445	4.560126
23082	4.088139	1.435618	4.775363
23083	4.155178	1.391124	5.000961
23084	4.225824	1.364520	5.236668
23085	4.297882	1.357596	5.489513
23086	4.369481	1.368701	5.744085
23087	4.447184	1.400851	6.001622
23088	4.533538	1.448786	6.251028
23089	4.622858	1.510412	6.491633
23090	4.717901	1.577821	6.681098
23091	4.812124	1.642210	6.778169
23092	4.899699	1.734098	6.754864
23093	4.981674	1.844585	6.618409
23094	5.050534	2.004585	6.313154
23095	5.121194	2.189678	5.915355
23096	5.148770	2.271137	5.572290
23097	5.151274	2.326507	5.253486
23098	5.172685	2.451194	4.924593
23099	5.214277	2.578778	4.615166
23100	5.265097	2.659398	4.398304
23101	5.331260	2.727717	4.294804
23102	5.409471	2.816631	4.257047
23103	5.478489	2.891027	4.245648
23104	5.542698	2.960431	4.239681
23105	5.591679	3.014438	4.213957
23106	5.612196	3.053927	4.128127
23107	5.602435	3.066968	3.998113
23108	5.580829	3.076798	3.847592
23109	5.548198	3.069485	3.684518
23110	5.526493	3.041277	3.518842
23111	5.519550	3.000826	3.335828
23112	5.531820	2.966121	3.105288
23113	5.569820	2.931295	2.823368
23114	5.645590	2.899524	2.513770
23115	5.770432	2.862772	2.184594
23116	5.944853	2.822831	1.842731
23117	6.159915	2.775591	1.497158
23118	6.416738	2.731035	1.149997
23119	6.720688	2.692880	0.795755
23120	7.063739	2.643129	0.401696
23121	7.450477	2.576638	-0.075364
23122	7.905871	2.538903	-0.618852
23123	8.460143	2.495441	-1.133600
23124	9.132592	2.482794	-1.557614
23125	9.916505	2.518954	-1.897261
23126	10.753809	2.562652	-2.202764
23127	11.626798	2.556343	-2.445183
23128	12.531733	2.446760	-2.613858
23129	13.529303	2.318134	-2.701326
23130	14.629293	2.173394	-2.669977
23131	15.803934	1.890975	-2.540149
23132	17.000834	1.417397	-2.330457
23133	18.247640	0.824378	-2.023341
23134	19.548805	0.228035	-1.635067
23135	20.864832	-0.411934	-1.217331
23136	22.148402	-1.073465	-0.812876
23137	23.396288	-1.694245	-0.485457
23138	24.601467	-2.273378	-0.265318
23139	25.785076	-2.787883	-0.164888
23140	26.945546	-3.130191	-0.206969
23141	28.071783	-3.400165	-0.429740
23142	29.167125	-3.620183	-0.733865
23143	30.246195	-3.766267	-1.029206
23144	31.280520	-3.879474	-1.325301
23145	32.271251	-4.006368	-1.612027
23146	33.239125	-4.135991	-1.866802
23147	34.188347	-4.317841	-2.073546
23148	35.132997	-4.542544	-2.222647
23149	36.045040	-4.799860	-2.347803
23150	36.934234	-5.087216	-2.426120
23151	37.810615	-5.373060	-2.447351
23152	38.651067	-5.627726	-2.486970
23153	39.454052	-5.835042	-2.576308
23154	40.230367	-6.023235	-2.664924
23155	40.997287	-6.240978	-2.742890
23156	41.742419	-6.528220	-2.817822
23157	42.469865	-6.889561	-2.854793
23158	43.175626	-7.239427	-2.862629
23159	43.850315	-7.567840	-2.835188
23160	44.477769	-7.847247	-2.796073
23161	45.059752	-8.099276	-2.759586
23162	45.621200	-8.374588	-2.710839
23163	46.168209	-8.646406	-2.673786
23164	46.699134	-8.891853	-2.684587
23165	47.219384	-9.042136	-2.737132
23166	47.727222	-9.078556	-2.846661
23167	48.217800	-9.045569	-2.988708
23168	48.693185	-8.962221	-3.170108
23169	49.144801	-8.828452	-3.394579
23170	49.569776	-8.680644	-3.650226
23171	49.974498	-8.538953	-3.905384
23172	50.349014	-8.409436	-4.137527
23173	50.689875	-8.268555	-4.345942
23174	50.988777	-8.133981	-4.538431
23175	51.271360	-7.984172	-4.702243
23176	51.518399	-7.820449	-4.854387
23177	51.738670	-7.670897	-4.975262
23178	51.928925	-7.512563	-5.059972
23179	52.073947	-7.428108	-5.119558
23180	52.190639	-7.433525	-5.135983
23181	52.281325	-7.473934	-5.138101
23182	52.346346	-7.541506	-5.121985
23183	52.392141	-7.641638	-5.075028
23184	52.416206	-7.740450	-5.011990
23185	52.402951	-7.852539	-4.949375
23186	52.365178	-7.956740	-4.884551
23187	52.298409	-8.033437	-4.839387
23188	52.209492	-8.063587	-4.810965
23189	52.107488	-8.028509	-4.763544
23190	51.987760	-8.002785	-4.657615
23191	51.869208	-8.033184	-4.497387
23192	51.752275	-8.120831	-4.342649
23193	51.635263	-8.223759	-4.208845
23194	51.503254	-8.312509	-4.077131
23195	51.360442	-8.369620	-3.959066
23196	51.210813	-8.388077	-3.847775
23197	51.051842	-8.370792	-3.751811
23198	50.867186	-8.312024	-3.692841
23199	50.642893	-8.168831	-3.719297
23200	50.379741	-7.881111	-3.831129
23201	50.100974	-7.466249	-3.940591
23202	49.821379	-6.997507	-4.019227
23203	49.527696	-6.503751	-4.112101
23204	49.216349	-5.910266	-4.283795
23205	48.944675	-4.951614	-4.622092
23206	48.741015	-3.854389	-5.143097
23207	48.742572	-3.037841	-5.457557
23208	48.755091	-2.542018	-5.490684
23209	48.770507	-2.509029	-5.549844
23210	48.865953	-2.761451	-5.653207
23211	48.982768	-3.047935	-5.686380
23212	49.044521	-3.264190	-5.708097
23213	49.037256	-3.344596	-5.739970
23214	48.971996	-3.294052	-5.759788
23215	48.864111	-3.162627	-5.798767
23216	48.737171	-2.971356	-5.861358
23217	48.618721	-2.718607	-5.950422
23218	48.528757	-2.446261	-6.054569
23219	48.468705	-2.216592	-6.137444
23220	48.410708	-2.041385	-6.192909
23221	48.332021	-1.941746	-6.205397
23222	48.256032	-1.954841	-6.095873
23223	48.186002	-2.069475	-5.887310
23224	48.130480	-2.247995	-5.591265
23225	48.073226	-2.454305	-5.225816
23226	47.992815	-2.649825	-4.814664
23227	47.896924	-2.862336	-4.422086
23228	47.809932	-3.088372	-4.007683
23229	47.701658	-3.372835	-3.556131
23230	47.555836	-3.668026	-3.105708
23231	47.367768	-3.825306	-2.737318
23232	47.126941	-3.778219	-2.472115
23233	46.837566	-3.630592	-2.323169
23234	46.515009	-3.388184	-2.242503
23235	46.137013	-3.108190	-2.195315
23236	45.698152	-2.812417	-2.172467
23237	45.200158	-2.520181	-2.155218
23238	44.658654	-2.279608	-2.112066
23239	44.082546	-2.108936	-2.036101
23240	43.476110	-2.007110	-1.921891
23241	42.854537	-1.991850	-1.749594
23242	42.212922	-2.036296	-1.538395
23243	41.534842	-2.108964	-1.288731
23244	40.815526	-2.201434	-1.015012
23245	40.052108	-2.233874	-0.744188
23246	39.259380	-2.223392	-0.496555
23247	38.449777	-2.127307	-0.306371
23248	37.638399	-1.931213	-0.202772
23249	36.833488	-1.650353	-0.208552
23250	36.029936	-1.290053	-0.290252
23251	35.231126	-0.901997	-0.394517
23252	34.436338	-0.497967	-0.537565
23253	33.642522	-0.078168	-0.702311
23254	32.844257	0.335769	-0.848445
23255	32.049396	0.690635	-0.958132
23256	31.283149	0.964568	-1.001736
23257	30.557672	1.181337	-1.031751
23258	29.851864	1.348591	-1.047502
23259	29.153812	1.465933	-1.023526
23260	28.475578	1.577304	-0.982814
23261	27.806762	1.668338	-0.933458
23262	27.158438	1.746855	-0.871454
23263	26.530799	1.819690	-0.825302
23264	25.899768	1.919748	-0.887227
23265	25.275036	2.046547	-1.031460
23266	24.656881	2.207994	-1.243142
23267	24.030107	2.347929	-1.503265
23268	23.428540	2.493299	-1.783888
23269	22.842895	2.637151	-2.089664
23270	22.282649	2.775979	-2.410997
23271	21.717419	2.895051	-2.759316
23272	21.186969	3.013365	-3.100410
23273	20.684244	3.112442	-3.421647
23274	20.207012	3.217669	-3.727169
23275	19.740358	3.284317	-4.033112
23276	19.298723	3.351658	-4.312890
23277	18.885659	3.422594	-4.550152
23278	18.480668	3.497086	-4.812484
23279	18.096447	3.593504	-5.054915
23280	17.732361	3.725509	-5.259332
23281	17.361337	3.842301	-5.408410
23282	16.987593	3.945376	-5.523267
23283	16.599915	4.033199	-5.666194
23284	16.220738	4.041199	-5.784103
23285	15.878378	4.014005	-5.821651
23286	15.564469	3.983128	-5.816054
23287	15.266639	3.974626	-5.788177
23288	14.973504	3.974772	-5.746062
23289	14.706672	3.974915	-5.668510
23290	14.438598	3.965906	-5.619329
23291	14.146295	3.919407	-5.645257
23292	13.855282	3.869081	-5.672730
23293	13.591503	3.877465	-5.673482
23294	13.309217	3.846787	-5.699712
23295	13.045443	3.835584	-5.658329
23296	12.776956	3.836394	-5.583712
23297	12.481504	3.801165	-5.527746
23298	12.164920	3.771344	-5.476832
23299	11.838340	3.747543	-5.419175
23300	11.520024	3.738699	-5.357874
23301	11.206277	3.737251	-5.316422
23302	10.916518	3.735449	-5.225088
23303	10.628718	3.717799	-5.101034
23304	10.344972	3.700087	-4.957586
23305	10.067576	3.684350	-4.790258
23306	9.789467	3.676853	-4.620295
23307	9.481863	3.651258	-4.478053
23308	9.164171	3.637815	-4.342632
23309	8.842835	3.654362	-4.221928
23310	8.510204	3.687312	-4.166871
23311	8.164948	3.736816	-4.171592
23312	7.819372	3.790712	-4.195683
23313	7.484433	3.856723	-4.196063
23314	7.161804	3.933753	-4.174170
23315	6.836593	3.971563	-4.175090
23316	6.511506	4.009294	-4.196018
23317	6.214004	4.074300	-4.214052
23318	5.947212	4.123350	-4.210231
23319	5.703589	4.146753	-4.170436
23320	5.483592	4.174068	-4.078620
23321	5.301296	4.223823	-3.927788
23322	5.140785	4.266515	-3.728636
23323	4.997230	4.307311	-3.480240
23324	4.887099	4.391247	-3.203696
23325	4.812765	4.516446	-2.881387
23326	4.736642	4.592446	-2.549508
23327	4.669108	4.663637	-2.260508
23328	4.596392	4.714326	-2.042791
23329	4.505579	4.726119	-1.892401
23330	4.433437	4.734334	-1.788673
23331	4.369014	4.730976	-1.719083
23332	4.300746	4.698401	-1.665410
23333	4.248190	4.664251	-1.610054
23334	4.210456	4.637849	-1.556649
23335	4.173935	4.600946	-1.512398
23336	4.149163	4.570951	-1.459791
23337	4.120575	4.532277	-1.392637
23338	4.069443	4.471137	-1.324204
23339	4.010972	4.411711	-1.250679
23340	3.951454	4.371628	-1.167914
23341	3.892417	4.337916	-1.073846
23342	3.835266	4.309339	-0.958427
23343	3.793011	4.303554	-0.822000
23344	3.752869	4.306238	-0.688052
23345	3.715101	4.303960	-0.571654
23346	3.681617	4.305367	-0.468505
23347	3.648683	4.297109	-0.378141
23348	3.620432	4.282426	-0.292636
23349	3.590983	4.252792	-0.200726
23350	3.557574	4.206288	-0.087436
23351	3.522867	4.152400	0.053485
23352	3.489985	4.113677	0.208268
23353	3.457527	4.086791	0.353704
23354	3.418108	4.056439	0.475423
23355	3.376980	4.027971	0.552300
23356	3.326079	4.002804	0.571120
23357	3.263954	3.966351	0.522849
23358	3.186838	3.912062	0.418571
23359	3.103351	3.842895	0.276736
23360	3.021549	3.769216	0.113008
23361	2.940021	3.687632	-0.050397
23362	2.862211	3.597557	-0.188315
23363	2.800832	3.527001	-0.283949
23364	2.747585	3.474555	-0.330499
23365	2.688171	3.411303	-0.325313
23366	2.630452	3.361632	-0.269909
23367	2.576615	3.322218	-0.175859
23368	2.520448	3.277074	-0.066292
23369	2.463574	3.237145	0.039242
23370	2.407870	3.203669	0.128761
23371	2.348449	3.162361	0.200193
23372	2.291838	3.121002	0.257409
23373	2.242892	3.093506	0.303327
23374	2.193137	3.059360	0.334387
23375	2.144554	3.025703	0.339140
23376	2.097090	2.990387	0.326115
23377	2.051769	2.952543	0.300680
23378	2.016991	2.930362	0.274942
23379	1.985699	2.909939	0.244544
23380	1.956792	2.898778	0.215423
23381	1.935266	2.895422	0.197557
23382	1.917317	2.888411	0.203432
23383	1.899650	2.874170	0.228750
23384	1.882692	2.856998	0.262287
23385	1.869094	2.831937	0.304715
23386	1.854604	2.808208	0.349476
23387	1.841569	2.783761	0.391819
23388	1.826481	2.756599	0.424854
23389	1.807460	2.724260	0.444940
23390	1.783612	2.690852	0.444148
23391	1.754697	2.654667	0.424234
23392	1.727335	2.623237	0.382252
23393	1.705788	2.602069	0.310696
23394	1.683886	2.575102	0.218562
23395	1.670733	2.561443	0.129092
23396	1.657354	2.542470	0.038316
23397	1.644938	2.514274	-0.048817
23398	1.638098	2.490311	-0.119689
23399	1.636406	2.464361	-0.170078
23400	1.635677	2.438883	-0.208139
23401	1.636166	2.417454	-0.228926
23402	1.642146	2.406754	-0.228045
23403	1.645050	2.392958	-0.210286
23404	1.645793	2.378409	-0.177530
23405	1.642612	2.368691	-0.142298
23406	1.643595	2.374004	-0.100995
23407	1.641415	2.369292	-0.067498
23408	1.636073	2.356458	-0.044405
23409	1.634351	2.346413	-0.031749
23410	1.634107	2.340779	-0.026718
23411	1.630474	2.327413	-0.026294
23412	1.628013	2.318383	-0.023847
23413	1.626504	2.303394	-0.020384
23414	1.625779	2.289899	-0.017886
23415	1.628282	2.283097	-0.010892
23416	1.634717	2.276330	0.003696
23417	1.638952	2.264452	0.019364
23418	1.648265	2.256783	0.043635
23419	1.656028	2.243940	0.077430
23420	1.662485	2.231015	0.116433
23421	1.669542	2.214793	0.137628
23422	1.673496	2.198434	0.132749
23423	1.679610	2.182551	0.116729
23424	1.694143	2.185220	0.097229
23425	1.705212	2.189115	0.077809
23426	1.711279	2.190650	0.064437
23427	1.712355	2.194376	0.047826
23428	1.712903	2.197487	0.026545
23429	1.708487	2.194726	0.018507
23430	1.708334	2.199404	0.035090
23431	1.710857	2.212187	0.070934
23432	1.713681	2.218548	0.120523
23433	1.718430	2.218655	0.191159
23434	1.723806	2.216758	0.273896
23435	1.728589	2.213448	0.364346
23436	1.730194	2.205771	0.461101
23437	1.731717	2.205843	0.550967
23438	1.729674	2.198873	0.633450
23439	1.721526	2.179087	0.699000
23440	1.710451	2.155101	0.743813
23441	1.701407	2.133182	0.772755
23442	1.691770	2.116376	0.787045
23443	1.684503	2.104887	0.783855
23444	1.681873	2.101179	0.774342
23445	1.678685	2.097524	0.762119
23446	1.673798	2.090916	0.751994
23447	1.671123	2.087980	0.745345
23448	1.670840	2.082379	0.750400
23449	1.672603	2.074384	0.766162
23450	1.680493	2.077154	0.784195
23451	1.691032	2.085036	0.802882
23452	1.702182	2.082805	0.826243
23453	1.709094	2.078746	0.849566
23454	1.710766	2.067455	0.862168
23455	1.709565	2.054932	0.866753
23456	1.707154	2.046725	0.867326
23457	1.703592	2.037084	0.861405
23458	1.703184	2.034115	0.848446
23459	1.700412	2.025957	0.829845
23460	1.697960	2.018960	0.806460
23461	1.699060	2.008345	0.783669
23462	1.703797	2.004860	0.764386
23463	1.708737	1.999646	0.748845
23464	1.715048	1.998288	0.740894
23465	1.725981	2.003189	0.741991
23466	1.740285	2.014613	0.754267
23467	1.748702	2.013711	0.775629
23468	1.761430	2.018471	0.803104
23469	1.768515	2.019062	0.830768
23470	1.771468	2.015804	0.850562
23471	1.774373	2.018610	0.861376
23472	1.778020	2.022654	0.858584
23473	1.777966	2.014787	0.842180
23474	1.776389	2.008793	0.821526
23475	1.777882	2.005290	0.803077
23476	1.782289	2.003328	0.788853
23477	1.785306	1.999284	0.775752
23478	1.788575	1.998410	0.772565
23479	1.793984	1.998141	0.781460
23480	1.798770	1.999166	0.800208
23481	1.802655	2.004442	0.832960
23482	1.807988	2.004021	0.877439
23483	1.811899	2.001253	0.927021
23484	1.817046	2.002609	0.972716
23485	1.817616	1.998480	1.011521
23486	1.817498	1.993386	1.049367
23487	1.816471	1.986374	1.085192
23488	1.813544	1.977089	1.107966
23489	1.806835	1.965772	1.125701
23490	1.805141	1.965591	1.142327
23491	1.801085	1.970025	1.155267
23492	1.799993	1.972507	1.169108
23493	1.798106	1.973937	1.179260
23494	1.796500	1.976599	1.191339
23495	1.793171	1.976495	1.205375
23496	1.789407	1.978982	1.229631
23497	1.786217	1.985152	1.260028
23498	1.785369	1.988343	1.296087
23499	1.781245	1.985751	1.335498
23500	1.778569	1.982572	1.375274
23501	1.776999	1.982718	1.416927
23502	1.776233	1.982898	1.451699
23503	1.780253	1.988283	1.461587
23504	1.784411	2.000242	1.437299
23505	1.793856	2.018603	1.395896
23506	1.811839	2.048515	1.343536
23507	1.828372	2.071262	1.279590
23508	1.833066	2.084498	1.192529
23509	1.830733	2.102955	1.074965
23510	1.819613	2.108070	0.925924
23511	1.801682	2.098071	0.750950
23512	1.777531	2.081364	0.551397
23513	1.763927	2.073817	0.356416
23514	1.757908	2.075102	0.186592
23515	1.757323	2.075104	0.048740
23516	1.758888	2.069746	-0.060277
23517	1.765332	2.071360	-0.131703
23518	1.773764	2.069224	-0.162453
23519	1.782747	2.067662	-0.164646
23520	1.794516	2.071562	-0.157242
23521	1.803569	2.075928	-0.132735
23522	1.811867	2.077045	-0.095770
23523	1.818465	2.070851	-0.054214
23524	1.824546	2.068588	-0.019851
23525	1.823119	2.061309	-0.005529
23526	1.816573	2.057544	-0.011055
23527	1.810309	2.057535	-0.034292
23528	1.803223	2.059042	-0.066058
23529	1.798174	2.053403	-0.091680
23530	1.793359	2.047477	-0.110423
23531	1.791922	2.040409	-0.112826
23532	1.790313	2.032163	-0.090384
23533	1.789140	2.020374	-0.041104
23534	1.787455	2.004473	0.029644
23535	1.785520	1.985375	0.113385
23536	1.785442	1.969999	0.206860
23537	1.784550	1.953489	0.296409
23538	1.787898	1.944435	0.370350
23539	1.793619	1.944140	0.417969
23540	1.803333	1.953072	0.456385
23541	1.812131	1.964625	0.489165
23542	1.817108	1.970179	0.512199
23543	1.818091	1.974590	0.521086
23544	1.817222	1.979693	0.524531
23545	1.815261	1.985883	0.520718
23546	1.816380	1.995597	0.519275
23547	1.820103	2.002015	0.513633
23548	1.825751	2.007598	0.497937
23549	1.835574	2.020598	0.475821
23550	1.841957	2.029169	0.453491
23551	1.845850	2.032555	0.429136
23552	1.846884	2.036535	0.406865
23553	1.840719	2.034305	0.390107
23554	1.835468	2.038156	0.389837
23555	1.829921	2.042636	0.402097
23556	1.826000	2.039968	0.426772
23557	1.819482	2.036077	0.456026
23558	1.815445	2.039487	0.490069
23559	1.809684	2.038668	0.512962
23560	1.801522	2.028238	0.522584
23561	1.791906	2.023704	0.520764
23562	1.789997	2.026566	0.514629
23563	1.790485	2.030014	0.503952
23564	1.793747	2.037613	0.503612
23565	1.795646	2.043096	0.515398
23566	1.795336	2.043115	0.534532
23567	1.796254	2.044909	0.567104
23568	1.799118	2.052344	0.606401
23569	1.805316	2.065655	0.645134
23570	1.808577	2.077997	0.684871
23571	1.813363	2.090528	0.725897
23572	1.812439	2.095626	0.759285
23573	1.801775	2.097940	0.759529
23574	1.791087	2.101646	0.736664
23575	1.783630	2.104015	0.704478
23576	1.781272	2.110151	0.674705
23577	1.781079	2.115330	0.637347
23578	1.781057	2.122979	0.602260
23579	1.778918	2.118500	0.571652
23580	1.779872	2.115407	0.552479
23581	1.782808	2.116279	0.546766
23582	1.786416	2.112549	0.562460
23583	1.790681	2.109096	0.594090
23584	1.796299	2.106948	0.633510
23585	1.795685	2.099009	0.680045
23586	1.800116	2.094097	0.731084
23587	1.807040	2.095243	0.790965
23588	1.809828	2.091073	0.849323
23589	1.812817	2.086905	0.906210
23590	1.814594	2.082651	0.959070
23591	1.815315	2.079189	1.008178
23592	1.815367	2.072592	1.053551
23593	1.811914	2.065354	1.094284
23594	1.804370	2.056290	1.131877
23595	1.798332	2.048710	1.170186
23596	1.791187	2.046205	1.203581
23597	1.788596	2.041406	1.235094
23598	1.788080	2.035693	1.263359
23599	1.790999	2.031541	1.283770
23600	1.790405	2.029068	1.295997
23601	1.790376	2.025075	1.308758
23602	1.792808	2.025640	1.326273
23603	1.794859	2.029086	1.346807
23604	1.795109	2.026364	1.368436
23605	1.791963	2.019187	1.386258
23606	1.788643	2.014079	1.402829
23607	1.785338	2.003030	1.420093
23608	1.781682	1.987911	1.437556
23609	1.778669	1.972109	1.447333
23610	1.779190	1.967436	1.455135
23611	1.778207	1.959187	1.455766
23612	1.776452	1.957277	1.433591
23613	1.770927	1.953358	1.392672
23614	1.767102	1.951974	1.337320
23615	1.768071	1.950938	1.275618
23616	1.772921	1.955637	1.213683
23617	1.785525	1.962752	1.145750
23618	1.804158	1.981510	1.067032
23619	1.816526	2.005847	0.967957
23620	1.813920	2.008268	0.831636
23621	1.814783	2.019476	0.684421
23622	1.815695	2.033459	0.540786
23623	1.814485	2.039355	0.413992
23624	1.815080	2.046094	0.296715
23625	1.813781	2.050349	0.186369
23626	1.814370	2.058019	0.079859
23627	1.812841	2.057963	-0.013469
23628	1.808940	2.056279	-0.094657
23629	1.804099	2.052826	-0.172646
23630	1.801259	2.052883	-0.246205
23631	1.804134	2.062957	-0.319230
23632	1.809080	2.070889	-0.389285
23633	1.810039	2.076715	-0.459924
23634	1.815054	2.089663	-0.530389
23635	1.822656	2.103313	-0.592412
23636	1.831974	2.117711	-0.639870
23637	1.835845	2.118273	-0.678792
23638	1.835739	2.112955	-0.714215
23639	1.830365	2.098430	-0.749554
23640	1.825475	2.088285	-0.783184
23641	1.822422	2.075882	-0.814447
23642	1.822034	2.064920	-0.835009
23643	1.823163	2.053126	-0.841782
23644	1.826081	2.046104	-0.838812
23645	1.828289	2.036122	-0.824462
23646	1.831157	2.029272	-0.802234
23647	1.833203	2.026044	-0.782284
23648	1.832819	2.018786	-0.760140
23649	1.830437	2.007027	-0.729336
23650	1.828478	1.994147	-0.698711
23651	1.824650	1.979469	-0.670416
23652	1.820969	1.968481	-0.645820
23653	1.821272	1.960168	-0.628018
23654	1.825210	1.955816	-0.606767
23655	1.828120	1.950991	-0.570334
23656	1.829799	1.945570	-0.528360
23657	1.828197	1.941883	-0.491379
23658	1.830271	1.938352	-0.456994
23659	1.833731	1.940092	-0.436617
23660	1.837463	1.936591	-0.424825
23661	1.845072	1.934278	-0.414069
23662	1.853302	1.930223	-0.406502
23663	1.860842	1.923623	-0.405298
23664	1.866263	1.915183	-0.402240
23665	1.868352	1.906869	-0.400689
23666	1.869051	1.893189	-0.391109
23667	1.869557	1.880622	-0.373481
23668	1.873918	1.880729	-0.347023
23669	1.880952	1.883710	-0.315068
23670	1.890297	1.893638	-0.284090
23671	1.898744	1.903747	-0.254344
23672	1.908225	1.912021	-0.205285
23673	1.918915	1.918566	-0.134936
23674	1.930114	1.928818	-0.054318
23675	1.943136	1.937498	0.037538
23676	1.953926	1.938691	0.135594
23677	1.964680	1.938542	0.231080
23678	1.974900	1.929772	0.322407
23679	1.986008	1.914967	0.412302
23680	2.006926	1.912749	0.497550
23681	2.027320	1.910991	0.578341
23682	2.044773	1.911351	0.651407
23683	2.061365	1.924441	0.688630
23684	2.085182	1.960019	0.698472
23685	2.124360	2.011070	0.709907
23686	2.173133	2.060978	0.738658
23687	2.231157	2.106433	0.779199
23688	2.298315	2.165650	0.792476
23689	2.371738	2.224625	0.776995
23690	2.456385	2.279185	0.772426
23691	2.550592	2.325011	0.804744
23692	2.650620	2.373168	0.865960
23693	2.762347	2.428170	0.942964
23694	2.879800	2.484524	1.030803
23695	3.005684	2.547857	1.124636
23696	3.139917	2.623593	1.219677
23697	3.283883	2.707725	1.327993
23698	3.430717	2.779050	1.433305
23699	3.576604	2.820846	1.540583
23700	3.730645	2.853088	1.644935
23701	3.895155	2.882671	1.751057
23702	4.069500	2.908713	1.862185
23703	4.253457	2.953866	1.972817
23704	4.451149	3.025494	2.082185
23705	4.652824	3.105022	2.190568
23706	4.859781	3.188002	2.312983
23707	5.074930	3.273794	2.439602
23708	5.298608	3.369915	2.573720
23709	5.535261	3.459759	2.713099
23710	5.772467	3.536310	2.850796
23711	6.013095	3.595794	2.986053
23712	6.255559	3.646508	3.093776
23713	6.502402	3.690473	3.165159
23714	6.762425	3.731492	3.209686
23715	7.027784	3.763799	3.217764
23716	7.302548	3.779713	3.195743
23717	7.587006	3.765126	3.131667
23718	7.879313	3.733243	3.009092
23719	8.206643	3.720907	2.848096
23720	8.556854	3.691219	2.654505
23721	8.927027	3.628272	2.451199
23722	9.323104	3.582664	2.267786
23723	9.744890	3.565973	2.122556
23724	10.193000	3.581357	2.025647
23725	10.645141	3.596523	1.976624
23726	11.080151	3.594976	1.926888
23727	11.521290	3.566370	1.839249
23728	11.971890	3.486150	1.685333
23729	12.461750	3.364513	1.478195
23730	13.010331	3.171960	1.277376
23731	13.646652	2.891729	1.153392
23732	14.347768	2.516635	1.124035
23733	15.106634	2.030685	1.178631
23734	15.935712	1.524525	1.289095
23735	16.847822	0.983659	1.506126
23736	17.792449	0.369031	1.765073
23737	18.756721	-0.299401	2.023425
23738	19.767718	-0.925368	2.260156
23739	20.817238	-1.491741	2.439407
23740	21.877396	-2.064069	2.579886
23741	22.920361	-2.575648	2.575936
23742	23.960267	-2.932375	2.478682
23743	24.970496	-3.204400	2.252624
23744	25.937573	-3.394502	1.919534
23745	26.885102	-3.525443	1.560474
23746	27.781225	-3.626380	1.128363
23747	28.625727	-3.752006	0.656800
23748	29.479012	-3.880196	0.214073
23749	30.294862	-4.010480	-0.134136
23750	31.114159	-4.213931	-0.346264
23751	31.922725	-4.468846	-0.453826
23752	32.717925	-4.809428	-0.476494
23753	33.505231	-5.223499	-0.416990
23754	34.279528	-5.611473	-0.327215
23755	35.025297	-5.998715	-0.265986
23756	35.736136	-6.332329	-0.231737
23757	36.416941	-6.588154	-0.231853
23758	37.083390	-6.768549	-0.243520
23759	37.743218	-6.899399	-0.233356
23760	38.394308	-7.037228	-0.198021
23761	39.037977	-7.220081	-0.130671
23762	39.680763	-7.461039	-0.047286
23763	40.325922	-7.725593	0.017653
23764	40.958814	-7.984941	0.048292
23765	41.579183	-8.223727	0.085003
23766	42.173073	-8.442866	0.119926
23767	42.743352	-8.674662	0.139220
23768	43.296244	-8.896091	0.161666
23769	43.835636	-9.106079	0.173928
23770	44.361644	-9.279560	0.154221
23771	44.870660	-9.400895	0.099383
23772	45.352692	-9.449508	-0.006259
23773	45.800108	-9.437061	-0.146936
23774	46.214404	-9.364736	-0.296260
23775	46.592870	-9.255983	-0.458674
23776	46.944143	-9.138428	-0.617913
23777	47.267594	-9.019376	-0.775617
23778	47.559545	-8.876513	-0.936515
23779	47.803985	-8.722579	-1.091460
23780	48.013652	-8.545614	-1.241648
23781	48.180158	-8.347464	-1.411001
23782	48.315344	-8.178229	-1.628873
23783	48.441331	-7.992259	-1.857456
23784	48.546584	-7.795414	-2.069747
23785	48.616489	-7.596917	-2.273825
23786	48.657472	-7.413856	-2.474846
23787	48.671589	-7.191737	-2.660756
23788	48.653995	-6.916551	-2.839826
23789	48.610964	-6.676298	-3.016897
23790	48.553296	-6.481199	-3.174899
23791	48.486230	-6.361796	-3.292163
23792	48.414094	-6.309580	-3.349593
23793	48.322430	-6.310309	-3.346391
23794	48.206454	-6.374473	-3.299240
23795	48.069878	-6.468789	-3.217585
23796	47.923222	-6.568687	-3.113852
23797	47.750045	-6.671366	-3.005758
23798	47.555463	-6.763326	-2.901754
23799	47.348892	-6.803245	-2.818608
23800	47.114047	-6.755686	-2.776340
23801	46.857711	-6.605618	-2.775134
23802	46.594432	-6.252528	-2.864737
23803	46.358162	-5.608117	-3.153847
23804	46.227516	-4.918114	-3.482000
23805	46.224223	-4.349602	-3.491896
23806	46.200058	-4.108861	-3.348643
23807	46.130095	-4.152240	-3.186560
23808	46.075406	-4.293617	-2.992496
23809	45.999603	-4.359049	-2.814698
23810	45.891352	-4.259639	-2.716288
23811	45.793122	-4.073368	-2.617728
23812	45.727649	-3.951972	-2.433242
23813	45.686821	-3.924780	-2.188372
23814	45.668701	-3.978048	-1.938031
23815	45.688641	-4.072682	-1.700086
23816	45.720306	-4.150514	-1.502203
23817	45.745806	-4.165146	-1.327491
23818	45.753890	-4.131573	-1.159302
23819	45.742268	-4.049069	-1.023068
23820	45.695100	-3.913889	-0.953955
23821	45.615817	-3.753057	-0.927609
23822	45.526223	-3.601472	-0.891408
23823	45.449500	-3.452131	-0.821207
23824	45.371022	-3.337678	-0.762951
23825	45.315564	-3.258729	-0.695655
23826	45.301792	-3.279226	-0.571362
23827	45.288517	-3.365195	-0.438061
23828	45.270101	-3.477111	-0.275524
23829	45.268096	-3.641391	-0.050668
23830	45.268519	-3.746258	0.138851
23831	45.247635	-3.805474	0.289409
23832	45.202578	-3.801380	0.394864
23833	45.117241	-3.657854	0.418305
23834	45.002818	-3.426215	0.374851
23835	44.869381	-3.152735	0.319811
23836	44.683161	-2.821050	0.229084
23837	44.447004	-2.484222	0.130878
23838	44.204434	-2.235766	0.127011
23839	43.941674	-2.064472	0.190302
23840	43.655565	-1.971093	0.306415
23841	43.329768	-1.947538	0.472119
23842	42.957323	-1.972677	0.688585
23843	42.529455	-2.000693	0.901585
23844	42.063415	-2.035362	1.159790
23845	41.566872	-2.069887	1.434744
23846	41.035397	-2.062692	1.670260
23847	40.462018	-2.010753	1.851556
23848	39.849548	-1.916048	1.950718
23849	39.198626	-1.711522	1.986427
23850	38.488810	-1.383827	1.930635
23851	37.730291	-0.970615	1.830696
23852	36.963005	-0.554908	1.724271
23853	36.212494	-0.148679	1.619803
23854	35.474638	0.253662	1.472226
23855	34.748936	0.639696	1.319612
23856	34.035390	1.004173	1.185804
23857	33.313872	1.338082	1.045359
23858	32.599390	1.644737	0.943648
23859	31.896323	1.912737	0.862882
23860	31.209902	2.125540	0.815116
23861	30.536860	2.292294	0.788999
23862	29.876376	2.392301	0.806710
23863	29.227719	2.430611	0.850780
23864	28.602965	2.417830	0.925384
23865	27.984970	2.422259	0.964424
23866	27.372821	2.456550	0.957177
23867	26.766130	2.528058	0.888987
23868	26.177890	2.619298	0.748258
23869	25.603816	2.695041	0.561221
23870	25.045746	2.765015	0.328077
23871	24.499522	2.818081	0.058534
23872	23.981310	2.845333	-0.205345
23873	23.486247	2.851498	-0.462571
23874	22.994550	2.850960	-0.744296
23875	22.496439	2.855389	-1.057154
23876	22.005111	2.882287	-1.386742
23877	21.514325	2.943150	-1.738136
23878	21.034706	3.008657	-2.091419
23879	20.553751	3.082862	-2.462301
23880	20.071923	3.169909	-2.839976
23881	19.615242	3.298271	-3.177883
23882	19.158141	3.450096	-3.498779
23883	18.708207	3.592808	-3.813821
23884	18.274622	3.744003	-4.099697
23885	17.866997	3.911459	-4.301670
23886	17.483695	4.085545	-4.457824
23887	17.079924	4.206626	-4.583230
23888	16.700220	4.324422	-4.632826
23889	16.329882	4.417937	-4.648900
23890	15.959749	4.447203	-4.641170
23891	15.596288	4.448988	-4.604409
23892	15.223457	4.418291	-4.565231
23893	14.868558	4.424531	-4.501276
23894	14.483102	4.415594	-4.466657
23895	14.062858	4.346837	-4.440267
23896	13.662831	4.329496	-4.442063
23897	13.283663	4.361527	-4.484052
23898	12.902424	4.322625	-4.507983
23899	12.518993	4.253997	-4.549930
23900	12.114487	4.192592	-4.646463
23901	11.728905	4.149898	-4.724209
23902	11.340732	4.108762	-4.796216
23903	10.928079	4.037344	-4.878179
23904	10.520839	3.997543	-4.976305
23905	10.103567	4.012188	-5.148599
23906	9.679223	4.001637	-5.320318
23907	9.247519	3.946200	-5.450336
23908	8.843585	3.903711	-5.495045
23909	8.462630	3.835498	-5.454900
23910	8.093357	3.730522	-5.365524
23911	7.752728	3.649304	-5.243892
23912	7.421755	3.564761	-5.106343
23913	7.118561	3.475811	-4.884604
23914	6.873519	3.408051	-4.550725
23915	6.673402	3.368478	-4.184131
23916	6.500631	3.338491	-3.845133
23917	6.358102	3.327659	-3.505922
23918	6.239816	3.340894	-3.176698
23919	6.139351	3.364192	-2.865803
23920	6.049862	3.394099	-2.576880
23921	5.967186	3.440795	-2.343007
23922	5.884508	3.487120	-2.195423
23923	5.792271	3.514630	-2.134751
23924	5.701642	3.562508	-2.114807
23925	5.618514	3.611153	-2.115201
23926	5.535468	3.657202	-2.149080
23927	5.469238	3.717498	-2.178318
23928	5.420936	3.776557	-2.203830
23929	5.402470	3.868425	-2.200804
23930	5.403760	3.953503	-2.148788
23931	5.407737	4.031153	-2.054885
23932	5.422256	4.135272	-1.932094
23933	5.412912	4.220252	-1.784649
23934	5.406116	4.334040	-1.594011
23935	5.371332	4.432612	-1.390596
23936	5.305566	4.508198	-1.197557
23937	5.208509	4.547272	-1.029782
23938	5.092044	4.546411	-0.881284
23939	4.974630	4.523675	-0.737076
23940	4.865223	4.494973	-0.594914
23941	4.756758	4.436451	-0.459785
23942	4.658111	4.371323	-0.318451
23943	4.576250	4.301785	-0.177173
23944	4.508347	4.232972	-0.055970
23945	4.444790	4.157424	0.035782
23946	4.387070	4.084780	0.099165
23947	4.330061	4.017965	0.143910
23948	4.268715	3.951298	0.183025
23949	4.199582	3.883368	0.220225
23950	4.117363	3.809854	0.253227
23951	4.030184	3.743663	0.284016
23952	3.937182	3.677700	0.314540
23953	3.834677	3.587994	0.339137
23954	3.726716	3.477929	0.368015
23955	3.629791	3.386733	0.397142
23956	3.526313	3.278155	0.411874
23957	3.423262	3.161551	0.423581
23958	3.320526	3.064003	0.424744
23959	3.209652	2.971611	0.428224
23960	3.094928	2.877948	0.442516
23961	2.975816	2.787004	0.461609
23962	2.853330	2.697159	0.492728
23963	2.725109	2.602156	0.527869
23964	2.597945	2.515676	0.556431
23965	2.471371	2.425001	0.575743
23966	2.351669	2.329903	0.582050
23967	2.243810	2.241761	0.564917
23968	2.155106	2.164471	0.527594
23969	2.074793	2.083556	0.474001
23970	2.008610	2.006121	0.408305
23971	1.950641	1.930784	0.348471
23972	1.909681	1.861639	0.301189
23973	1.877208	1.799045	0.270869
23974	1.853299	1.755004	0.255158
23975	1.834194	1.731364	0.252488
23976	1.813576	1.716974	0.260219
23977	1.790624	1.708190	0.279099
23978	1.764267	1.699436	0.297010
23979	1.736113	1.692766	0.317672
23980	1.704952	1.685101	0.341005
23981	1.676238	1.677258	0.373301
23982	1.645877	1.655545	0.410975
23983	1.617477	1.626705	0.452942
23984	1.586444	1.590595	0.480190
23985	1.552131	1.554075	0.488053
23986	1.522204	1.515497	0.473086
23987	1.491035	1.476940	0.432346
23988	1.459480	1.438000	0.362751
23989	1.425842	1.398929	0.275442
23990	1.397578	1.365214	0.182510
23991	1.372682	1.330703	0.079860
23992	1.340041	1.284058	-0.023956
23993	1.320882	1.256080	-0.135045
23994	1.315590	1.248682	-0.254195
23995	1.317280	1.247761	-0.371606
23996	1.320342	1.239377	-0.481688
23997	1.325481	1.222363	-0.573225
23998	1.328938	1.208751	-0.681136
23999	1.316769	1.171458	-0.816325
24000	1.300932	1.106078	-0.951999
24001	1.289141	1.042951	-1.091384
24002	1.277196	0.987069	-1.231565
24003	1.268268	0.947606	-1.367673
24004	1.262882	0.917353	-1.507346
24005	1.260485	0.893440	-1.641302
24006	1.257293	0.866648	-1.756090
24007	1.257631	0.842776	-1.844654
24008	1.262206	0.829845	-1.900468
24009	1.267277	0.814656	-1.925980
24010	1.270173	0.798358	-1.930852
24011	1.273610	0.774873	-1.918568
24012	1.279498	0.742682	-1.892727
24013	1.295042	0.723560	-1.870043
24014	1.311825	0.706632	-1.859961
24015	1.335086	0.696510	-1.856693
24016	1.357990	0.685706	-1.855360
24017	1.379141	0.673042	-1.856690
24018	1.391552	0.659716	-1.860217
24019	1.392972	0.637838	-1.873003
24020	1.379440	0.618783	-1.905933
24021	1.365096	0.600579	-1.950084
24022	1.352329	0.593146	-1.993274
24023	1.343031	0.594809	-2.033429
24024	1.339829	0.595262	-2.068905
24025	1.340263	0.602968	-2.095887
24026	1.338776	0.604298	-2.123137
24027	1.337560	0.596665	-2.151590
24028	1.337376	0.578681	-2.185459
24029	1.340815	0.558693	-2.212075
24030	1.350916	0.547696	-2.224198
24031	1.364177	0.538226	-2.226521
24032	1.381644	0.532336	-2.238306
24033	1.394061	0.522980	-2.252826
24034	1.400246	0.504424	-2.273344
24035	1.400870	0.483129	-2.303059
24036	1.400621	0.463844	-2.330350
24037	1.398166	0.445625	-2.346287
24038	1.397411	0.436200	-2.349203
24039	1.399255	0.427952	-2.339432
24040	1.399356	0.413488	-2.313543
24041	1.405528	0.404761	-2.272441
24042	1.408157	0.389910	-2.209998
24043	1.416220	0.384500	-2.137404
24044	1.421506	0.383073	-2.062559
24045	1.431700	0.388585	-1.972026
24046	1.444344	0.395384	-1.885850
24047	1.455457	0.398256	-1.812224
24048	1.470514	0.402908	-1.753858
24049	1.488617	0.416244	-1.705740
24050	1.508977	0.422213	-1.651649
24051	1.532602	0.429840	-1.594255
24052	1.553875	0.430409	-1.543023
24053	1.573229	0.429888	-1.499754
24054	1.600331	0.441282	-1.454606
24055	1.630380	0.466030	-1.406834
24056	1.659687	0.497300	-1.368342
24057	1.692389	0.530965	-1.335503
24058	1.723348	0.556493	-1.297234
24059	1.750772	0.570823	-1.260290
24060	1.769438	0.571537	-1.232182
24061	1.787464	0.582614	-1.205420
24062	1.806120	0.599825	-1.179899
24063	1.819751	0.610999	-1.149628
24064	1.827832	0.613864	-1.122860
24065	1.831126	0.618748	-1.103102
24066	1.834804	0.629943	-1.086401
24067	1.838634	0.645701	-1.069101
24068	1.844337	0.662053	-1.055186
24069	1.851759	0.681568	-1.046193
24070	1.865442	0.715157	-1.040965
24071	1.884034	0.754570	-1.033612
24072	1.904676	0.787835	-1.008316
24073	1.918891	0.804917	-0.970543
24074	1.931917	0.811325	-0.929296
24075	1.943146	0.814656	-0.883765
24076	1.948693	0.810082	-0.839871
24077	1.957091	0.814179	-0.800383
24078	1.963064	0.816814	-0.765245
24079	1.967813	0.813774	-0.737196
24080	1.974748	0.820045	-0.728822
24081	1.979069	0.823145	-0.737365
24082	1.980699	0.825848	-0.753942
24083	1.981313	0.832478	-0.774369
24084	1.979632	0.842280	-0.801511
24085	1.979696	0.854605	-0.821942
24086	1.980159	0.869534	-0.835510
24087	1.976286	0.874115	-0.840433
24088	1.976236	0.882059	-0.836506
24089	1.980544	0.892468	-0.824293
24090	1.984231	0.903312	-0.794068
24091	1.984561	0.901003	-0.759890
24092	1.980348	0.887453	-0.723984
24093	1.975631	0.871420	-0.686471
24094	1.971412	0.860048	-0.653145
24095	1.965559	0.850511	-0.631438
24096	1.960196	0.842236	-0.618554
24097	1.954190	0.833659	-0.625295
24098	1.945311	0.825656	-0.649907
24099	1.935576	0.813696	-0.686304
24100	1.919957	0.787404	-0.731708
24101	1.902281	0.761735	-0.783982
24102	1.887338	0.745090	-0.837834
24103	1.880409	0.735149	-0.873061
24104	1.875039	0.721537	-0.900404
24105	1.871517	0.715489	-0.921226
24106	1.869900	0.722008	-0.936288
24107	1.868034	0.728873	-0.947473
24108	1.864907	0.741613	-0.950626
24109	1.859876	0.751911	-0.945855
24110	1.854802	0.760007	-0.934623
24111	1.848785	0.764073	-0.911713
24112	1.842891	0.767875	-0.884451
24113	1.835673	0.770131	-0.855728
24114	1.823965	0.771225	-0.828075
24115	1.810840	0.767691	-0.803931
24116	1.792508	0.765929	-0.790126
24117	1.771552	0.765234	-0.783458
24118	1.749772	0.769753	-0.778353
24119	1.727786	0.773803	-0.764300
24120	1.702640	0.777512	-0.739028
24121	1.677517	0.787354	-0.711190
24122	1.652868	0.807064	-0.673232
24123	1.632542	0.825261	-0.629088
24124	1.617005	0.842625	-0.576794
24125	1.601916	0.854562	-0.519728
24126	1.585640	0.861066	-0.459062
24127	1.569031	0.864836	-0.399527
24128	1.550836	0.863404	-0.344205
24129	1.534143	0.867278	-0.299682
24130	1.518965	0.874485	-0.267201
24131	1.504506	0.883350	-0.241143
24132	1.488309	0.887949	-0.223202
24133	1.476743	0.896168	-0.212284
24134	1.463871	0.901407	-0.207791
24135	1.453536	0.909844	-0.212651
24136	1.446440	0.920874	-0.213890
24137	1.444118	0.935331	-0.208234
24138	1.442091	0.948569	-0.194247
24139	1.440485	0.954226	-0.181983
24140	1.439795	0.959299	-0.168568
24141	1.440995	0.966173	-0.153328
24142	1.441835	0.974314	-0.135101
24143	1.441241	0.977314	-0.122792
24144	1.442065	0.986692	-0.120806
24145	1.437756	0.984659	-0.132159
24146	1.437621	0.990475	-0.141986
24147	1.439461	1.001172	-0.155456
24148	1.443193	1.010483	-0.165933
24149	1.445073	1.016235	-0.175628
24150	1.444853	1.020280	-0.180850
24151	1.440167	1.019150	-0.173917
24152	1.431395	1.013404	-0.152873
24153	1.425212	1.014088	-0.121804
24154	1.417393	1.013927	-0.084784
24155	1.408617	1.017880	-0.050960
24156	1.399244	1.026712	-0.025729
24157	1.391402	1.038612	-0.001105
24158	1.383787	1.048919	0.020921
24159	1.373499	1.049730	0.040814
24160	1.366372	1.055755	0.056289
24161	1.355385	1.057484	0.070163
24162	1.342869	1.054397	0.082067
24163	1.332505	1.061040	0.090697
24164	1.320883	1.061131	0.096022
24165	1.309216	1.061042	0.094664
24166	1.297864	1.061160	0.094113
24167	1.287860	1.064158	0.097777
24168	1.277772	1.065291	0.103768
24169	1.271107	1.070253	0.110849
24170	1.266721	1.070652	0.118919
24171	1.260372	1.074443	0.129032
24172	1.255725	1.079557	0.139787
24173	1.251579	1.082952	0.155462
24174	1.251378	1.090359	0.170069
24175	1.249072	1.094791	0.179096
24176	1.248649	1.097729	0.189263
24177	1.251718	1.100702	0.193471
24178	1.252396	1.102502	0.196378
24179	1.253895	1.104416	0.197108
24180	1.253508	1.098870	0.188635
24181	1.251179	1.093347	0.167201
24182	1.254018	1.082621	0.141556
24183	1.262666	1.078085	0.107800
24184	1.278264	1.091453	0.058628
24185	1.296738	1.112802	-0.000000
24186	1.311966	1.142754	-0.078585
24187	1.312753	1.167362	-0.202882
24188	1.305611	1.174070	-0.355499
24189	1.302395	1.179834	-0.509660
24190	1.297844	1.192627	-0.663025
24191	1.295288	1.202541	-0.802262
24192	1.290474	1.207095	-0.927663
24193	1.283170	1.203255	-1.031837
24194	1.278337	1.203184	-1.106692
24195	1.275873	1.205751	-1.156263
24196	1.278074	1.213896	-1.182835
24197	1.278628	1.220937	-1.192225
24198	1.282037	1.226755	-1.178010
24199	1.287446	1.234583	-1.143446
24200	1.295102	1.238705	-1.095988
24201	1.301377	1.239831	-1.034719
24202	1.306123	1.235429	-0.971188
24203	1.310321	1.232668	-0.915556
24204	1.307727	1.227552	-0.873113
24205	1.301413	1.219222	-0.848135
24206	1.296376	1.214029	-0.830079
24207	1.289092	1.203377	-0.816664
24208	1.281222	1.193793	-0.796465
24209	1.275877	1.185573	-0.765078
24210	1.269537	1.175610	-0.721240
24211	1.264476	1.171305	-0.665097
24212	1.262038	1.171960	-0.602525
24213	1.263288	1.176581	-0.545561
24214	1.267965	1.184536	-0.502372
24215	1.271642	1.197472	-0.465507
24216	1.272618	1.203471	-0.435025
24217	1.268685	1.203402	-0.407945
24218	1.264529	1.205625	-0.394856
24219	1.260958	1.205078	-0.383780
24220	1.256910	1.206514	-0.374702
24221	1.255706	1.213916	-0.371792
24222	1.256255	1.219202	-0.372211
24223	1.258501	1.224171	-0.368561
24224	1.261826	1.227311	-0.363340
24225	1.265288	1.229402	-0.352784
24226	1.269614	1.230758	-0.327809
24227	1.276229	1.230225	-0.290645
24228	1.278405	1.230670	-0.245818
24229	1.281115	1.232399	-0.195808
24230	1.281974	1.233515	-0.139837
24231	1.283546	1.234924	-0.077205
24232	1.289256	1.239019	-0.018329
24233	1.291266	1.243421	0.035743
24234	1.293029	1.240403	0.088945
24235	1.292339	1.233202	0.134542
24236	1.295516	1.228724	0.172598
24237	1.301913	1.232329	0.204558
24238	1.308608	1.232793	0.240384
24239	1.317382	1.233369	0.270321
24240	1.324555	1.232313	0.292224
24241	1.334448	1.232065	0.307425
24242	1.344644	1.232199	0.316991
24243	1.350936	1.236868	0.322261
24244	1.360533	1.240604	0.333514
24245	1.368108	1.241736	0.349716
24246	1.376212	1.243295	0.369808
24247	1.385061	1.245757	0.394766
24248	1.393136	1.247125	0.421629
24249	1.402890	1.245473	0.444783
24250	1.405330	1.237509	0.465110
24251	1.405670	1.224693	0.484993
24252	1.402898	1.207537	0.502553
24253	1.400515	1.192287	0.519308
24254	1.399630	1.177252	0.538576
24255	1.398726	1.157816	0.557722
24256	1.401040	1.140909	0.579645
24257	1.404483	1.128282	0.596945
24258	1.408302	1.120692	0.613050
24259	1.411290	1.116453	0.629094
24260	1.413016	1.109059	0.640025
24261	1.415437	1.103440	0.652124
24262	1.417291	1.096688	0.667965
24263	1.419728	1.086964	0.688276
24264	1.424979	1.080583	0.713845
24265	1.431762	1.081162	0.745858
24266	1.441407	1.074817	0.777903
24267	1.447109	1.063442	0.811030
24268	1.457083	1.056768	0.835167
24269	1.463481	1.051325	0.852895
24270	1.468299	1.044760	0.849453
24271	1.469927	1.040670	0.823766
24272	1.476158	1.038189	0.780745
24273	1.485012	1.045780	0.721036
24274	1.503459	1.070819	0.653427
24275	1.518924	1.096528	0.578822
24276	1.531833	1.109194	0.519689
24277	1.545757	1.122783	0.475880
24278	1.553327	1.125085	0.439040
24279	1.558917	1.127599	0.406279
24280	1.563842	1.136509	0.383846
24281	1.559966	1.142333	0.364045
24282	1.551862	1.151361	0.325103
24283	1.546344	1.161729	0.273479
24284	1.542732	1.167444	0.212353
24285	1.542296	1.167429	0.147178
24286	1.545105	1.169398	0.091358
24287	1.550976	1.168933	0.035869
24288	1.562315	1.174314	-0.013203
24289	1.572431	1.184172	-0.074838
24290	1.584753	1.197997	-0.147108
24291	1.596613	1.199469	-0.214869
24292	1.609485	1.195421	-0.279374
24293	1.621059	1.186816	-0.345265
24294	1.628883	1.168646	-0.418174
24295	1.635547	1.145345	-0.503598
24296	1.636256	1.130713	-0.604787
24297	1.636746	1.124892	-0.707467
24298	1.637937	1.117341	-0.810553
24299	1.639006	1.107256	-0.905442
24300	1.637161	1.093422	-0.986300
24301	1.638075	1.080178	-1.057698
24302	1.638392	1.069134	-1.122309
24303	1.634187	1.056380	-1.193738
24304	1.630292	1.046082	-1.266614
24305	1.623806	1.038320	-1.331739
24306	1.614314	1.029911	-1.381407
24307	1.603438	1.027584	-1.408760
24308	1.587223	1.018735	-1.415959
24309	1.565838	0.997199	-1.411097
24310	1.549834	0.984623	-1.398642
24311	1.533441	0.966076	-1.375974
24312	1.524299	0.951355	-1.345602
24313	1.522222	0.934298	-1.311021
24314	1.525482	0.906923	-1.257275
24315	1.533102	0.883608	-1.192411
24316	1.549297	0.863994	-1.114305
24317	1.566461	0.842809	-1.021073
24318	1.587670	0.823795	-0.901846
24319	1.613371	0.813022	-0.781666
24320	1.644302	0.809857	-0.676369
24321	1.681417	0.816536	-0.605168
24322	1.744226	0.862739	-0.600270
24323	1.821082	0.919809	-0.652014
24324	1.916802	0.979959	-0.713527
24325	2.038040	1.066901	-0.765180
24326	2.181809	1.175476	-0.814442
24327	2.337629	1.278385	-0.865700
24328	2.504409	1.359054	-0.886800
24329	2.688448	1.432782	-0.878171
24330	2.887765	1.501949	-0.847888
24331	3.109413	1.564144	-0.803358
24332	3.348906	1.626229	-0.756843
24333	3.611082	1.693178	-0.711133
24334	3.900326	1.774779	-0.661643
24335	4.218524	1.867372	-0.612580
24336	4.570809	1.963466	-0.563909
24337	4.943299	2.039934	-0.520639
24338	5.337768	2.074029	-0.490634
24339	5.765378	2.093082	-0.495601
24340	6.241637	2.121284	-0.526019
24341	6.783417	2.135345	-0.549354
24342	7.357409	2.099607	-0.579049
24343	7.952290	2.015548	-0.626201
24344	8.580662	1.916519	-0.663234
24345	9.228660	1.814316	-0.706647
24346	9.938092	1.745278	-0.726095
24347	10.741433	1.691163	-0.723661
24348	11.664108	1.622208	-0.686136
24349	12.706235	1.474203	-0.611442
24350	13.843214	1.245766	-0.468257
24351	15.029816	0.832176	-0.235213
24352	16.244299	0.235167	0.061416
24353	17.491241	-0.390829	0.373742
24354	18.763158	-1.015319	0.728644
24355	20.037249	-1.630671	1.026217
24356	21.295373	-2.238295	1.211167
24357	22.574895	-2.746178	1.292426
24358	23.824073	-3.080778	1.188022
24359	25.062614	-3.303593	0.917297
24360	26.253981	-3.498021	0.448200
24361	27.385525	-3.592038	-0.142082
24362	28.479519	-3.652937	-0.784002
24363	29.560487	-3.708973	-1.342539
24364	30.614491	-3.804090	-1.820143
24365	31.653654	-3.965286	-2.186793
24366	32.696592	-4.190778	-2.427660
24367	33.745722	-4.455506	-2.541401
24368	34.793728	-4.776246	-2.553674
24369	35.837445	-5.146386	-2.513232
24370	36.854890	-5.529631	-2.407957
24371	37.856411	-5.908355	-2.263634
24372	38.821583	-6.234440	-2.141466
24373	39.786807	-6.531581	-2.005042
24374	40.737549	-6.828876	-1.869052
24375	41.667254	-7.141395	-1.765798
24376	42.569282	-7.443639	-1.678331
24377	43.445266	-7.754277	-1.601353
24378	44.275933	-8.055519	-1.543980
24379	45.085465	-8.328529	-1.458210
24380	45.851563	-8.572198	-1.349467
24381	46.583605	-8.794261	-1.248628
24382	47.266491	-8.971293	-1.221981
24383	47.916503	-9.095056	-1.270920
24384	48.530887	-9.126678	-1.388475
24385	49.110726	-9.074452	-1.593080
24386	49.671517	-8.945975	-1.845361
24387	50.204182	-8.712525	-2.115409
24388	50.688645	-8.462348	-2.379407
24389	51.127817	-8.234410	-2.604132
24390	51.515508	-7.970581	-2.818494
24391	51.859586	-7.654125	-3.030166
24392	52.130455	-7.259086	-3.227359
24393	52.337796	-6.912346	-3.407126
24394	52.517378	-6.608055	-3.579022
24395	52.681477	-6.313719	-3.765925
24396	52.840805	-6.034640	-3.921133
24397	52.983608	-5.851122	-4.026520
24398	53.104888	-5.814925	-4.099416
24399	53.213219	-5.839268	-4.145949
24400	53.289217	-5.913044	-4.168465
24401	53.327185	-6.012860	-4.159370
24402	53.323747	-6.100023	-4.134860
24403	53.253583	-6.210940	-4.081841
24404	53.128999	-6.312233	-4.010907
24405	52.944325	-6.425272	-3.940056
24406	52.736790	-6.560403	-3.825424
24407	52.516727	-6.639357	-3.691890
24408	52.294130	-6.668431	-3.577912
24409	52.083312	-6.634303	-3.461623
24410	51.879306	-6.580915	-3.365472
24411	51.678587	-6.511656	-3.285101
24412	51.471324	-6.394119	-3.227193
24413	51.248172	-6.218825	-3.201846
24414	50.999572	-5.987972	-3.201456
24415	50.716914	-5.665995	-3.226925
24416	50.396290	-5.259728	-3.267194
24417	50.047136	-4.837829	-3.276661
24418	49.692805	-4.449658	-3.222998
24419	49.336092	-4.124722	-3.117378
24420	48.976134	-3.902780	-2.966978
24421	48.614292	-3.786537	-2.765603
24422	48.236186	-3.783815	-2.510767
24423	47.836177	-3.870562	-2.255080
24424	47.414544	-3.742952	-2.129538
24425	46.983111	-3.428951	-2.207938
24426	46.684101	-2.806090	-2.246070
24427	46.486635	-2.076114	-2.239805
24428	46.471283	-1.670848	-2.146510
24429	46.604508	-1.721329	-1.953669
24430	46.807618	-2.170015	-1.802736
24431	47.097699	-2.815400	-1.635980
24432	47.342455	-3.434234	-1.427693
24433	47.455741	-3.900331	-1.220732
24434	47.425699	-4.123942	-1.025269
24435	47.275231	-4.061185	-0.912609
24436	47.076400	-3.637035	-0.927026
24437	46.863567	-3.027536	-1.046196
24438	46.680800	-2.476100	-1.147888
24439	46.564961	-2.120265	-1.142458
24440	46.546595	-2.120769	-0.913267
24441	46.628481	-2.407497	-0.512554
24442	46.700327	-2.707085	-0.087908
24443	46.691183	-2.943278	0.285085
24444	46.604842	-3.127426	0.608204
24445	46.472424	-3.229760	0.871859
24446	46.299846	-3.249686	1.105789
24447	46.124966	-3.264783	1.315276
24448	45.926476	-3.212055	1.467859
24449	45.682471	-3.008489	1.526979
24450	45.390444	-2.700124	1.505208
24451	45.066495	-2.362853	1.465136
24452	44.727700	-2.062684	1.422970
24453	44.386892	-1.791883	1.362298
24454	44.042388	-1.572307	1.315026
24455	43.681654	-1.429148	1.316289
24456	43.286749	-1.315845	1.357654
24457	42.854382	-1.232657	1.447910
24458	42.394562	-1.157433	1.575259
24459	41.895860	-1.075706	1.737290
24460	41.385307	-1.038117	1.950356
24461	40.863751	-1.003269	2.174163
24462	40.332827	-0.991508	2.419908
24463	39.786034	-0.956862	2.662954
24464	39.210046	-0.898932	2.900245
24465	38.617868	-0.828764	3.150614
24466	38.006263	-0.770221	3.411559
24467	37.388175	-0.714709	3.656927
24468	36.756362	-0.610428	3.857424
24469	36.113960	-0.465705	4.000234
24470	35.466348	-0.285081	4.078457
24471	34.825484	-0.060842	4.079433
24472	34.206850	0.186123	4.027229
24473	33.605885	0.429325	3.947527
24474	33.017097	0.695589	3.824538
24475	32.430963	0.965047	3.683907
24476	31.855783	1.220546	3.565988
24477	31.299594	1.428764	3.483352
24478	30.768365	1.594127	3.446658
24479	30.264208	1.722777	3.439391
24480	29.785488	1.803632	3.467618
24481	29.322783	1.870587	3.506554
24482	28.865115	1.950429	3.520782
24483	28.409227	2.018038	3.530489
24484	27.963994	2.083720	3.505747
24485	27.536026	2.149003	3.448086
24486	27.134249	2.207366	3.385418
24487	26.736546	2.284424	3.248473
24488	26.351002	2.370922	3.079839
24489	25.966041	2.468303	2.850367
24490	25.603011	2.539219	2.619355
24491	25.258500	2.591224	2.377439
24492	24.940761	2.637680	2.094905
24493	24.651520	2.675432	1.797441
24494	24.380229	2.703528	1.481590
24495	24.102234	2.699576	1.187840
24496	23.832673	2.700943	0.964323
24497	23.553757	2.729438	0.748155
24498	23.273955	2.796155	0.536030
24499	22.977968	2.865733	0.327139
24500	22.682942	2.945976	0.111114
24501	22.379107	3.030590	-0.134604
24502	22.069139	3.097918	-0.407358
24503	21.770388	3.165885	-0.662413
24504	21.476268	3.228606	-0.868996
24505	21.163984	3.285923	-1.035214
24506	20.833665	3.364072	-1.213856
24507	20.503381	3.407904	-1.340332
24508	20.174930	3.435135	-1.430044
24509	19.839195	3.444803	-1.517643
24510	19.503224	3.453517	-1.581729
24511	19.163010	3.462422	-1.640271
24512	18.827951	3.445164	-1.678036
24513	18.498637	3.392599	-1.710171
24514	18.190942	3.326287	-1.706959
24515	17.907049	3.266219	-1.695766
24516	17.651120	3.183936	-1.669826
24517	17.437937	3.101665	-1.625664
24518	17.232392	3.013899	-1.585719
24519	17.019639	2.941395	-1.560852
24520	16.788241	2.881053	-1.569240
24521	16.526395	2.816424	-1.621066
24522	16.256649	2.778706	-1.716007
24523	15.992448	2.780311	-1.835858
24524	15.720815	2.825594	-2.004127
24525	15.461544	2.891888	-2.154053
24526	15.196212	2.915168	-2.268112
24527	14.942213	2.949603	-2.358645
24528	14.701505	2.973634	-2.411549
24529	14.466587	2.969539	-2.452067
24530	14.220373	2.954283	-2.524402
24531	13.974322	2.965402	-2.595968
24532	13.720282	2.958663	-2.656295
24533	13.449217	2.936522	-2.712320
24534	13.156279	2.940954	-2.740977
24535	12.843100	2.974531	-2.747351
24536	12.504572	3.012257	-2.739845
24537	12.155022	3.051134	-2.695519
24538	11.796603	3.086713	-2.624825
24539	11.454279	3.131556	-2.542104
24540	11.113699	3.144279	-2.462082
24541	10.781741	3.124557	-2.379690
24542	10.507271	3.165682	-2.284734
24543	10.271932	3.218500	-2.129115
24544	10.022543	3.225416	-1.931855
24545	9.786921	3.296562	-1.724234
24546	9.569092	3.425107	-1.517886
24547	9.351595	3.560932	-1.294314
24548	9.123967	3.714119	-1.094574
24549	8.861283	3.855638	-0.975184
24550	8.569091	3.962958	-0.920090
24551	8.252361	4.022429	-0.867622
24552	7.923590	4.053683	-0.796876
24553	7.582245	4.061456	-0.754162
24554	7.239328	4.058007	-0.727068
24555	6.907268	4.031755	-0.676244
24556	6.598985	3.989631	-0.586295
24557	6.324699	3.945983	-0.476754
24558	6.080069	3.869683	-0.376926
24559	5.867116	3.756163	-0.308249
24560	5.673863	3.601625	-0.284719
24561	5.503426	3.439176	-0.295096
24562	5.356123	3.300280	-0.341400
24563	5.228677	3.172838	-0.420767
24564	5.100548	3.036029	-0.549466
24565	4.980820	2.909614	-0.707272
24566	4.868623	2.798809	-0.874028
24567	4.760057	2.704394	-1.054647
24568	4.650551	2.612353	-1.225137
24569	4.543765	2.493177	-1.367250
24570	4.440985	2.364403	-1.489313
24571	4.352944	2.261650	-1.616916
24572	4.265300	2.155924	-1.766182
24573	4.191083	2.054574	-1.918080
24574	4.142216	1.992090	-2.048887
24575	4.109181	1.953537	-2.141563
24576	4.076743	1.906283	-2.204759
24577	4.031884	1.844410	-2.241965
24578	3.982539	1.801223	-2.264317
24579	3.926172	1.753891	-2.264998
24580	3.857430	1.674840	-2.254354
24581	3.781829	1.598403	-2.271243
24582	3.690313	1.509230	-2.343051
24583	3.595945	1.416727	-2.455149
24584	3.514837	1.350112	-2.588382
24585	3.448205	1.292253	-2.720154
24586	3.390823	1.230019	-2.850398
24587	3.335967	1.171369	-2.972794
24588	3.283610	1.121602	-3.094160
24589	3.243186	1.093817	-3.211466
24590	3.206174	1.081480	-3.303355
24591	3.174892	1.074672	-3.355048
24592	3.143217	1.062303	-3.369154
24593	3.111233	1.042457	-3.354403
24594	3.073161	1.002554	-3.333755
24595	3.029375	0.952926	-3.311147
24596	2.985776	0.895389	-3.303497
24597	2.945894	0.857611	-3.310781
24598	2.908353	0.822280	-3.331865
24599	2.879720	0.796053	-3.384158
24600	2.857705	0.788548	-3.462920
24601	2.842845	0.782821	-3.548344
24602	2.828202	0.768159	-3.620864
24603	2.814478	0.745847	-3.660315
24604	2.800526	0.719503	-3.685810
24605	2.792132	0.708945	-3.681204
24606	2.789074	0.700067	-3.637448
24607	2.788913	0.694836	-3.566042
24608	2.791285	0.686439	-3.470727
24609	2.799532	0.671676	-3.378281
24610	2.800460	0.652724	-3.307523
24611	2.806891	0.645854	-3.248399
24612	2.809353	0.636997	-3.186942
24613	2.813033	0.619725	-3.123925
24614	2.817745	0.606000	-3.092986
24615	2.825082	0.595323	-3.092524
24616	2.830352	0.573909	-3.109502
24617	2.827734	0.544683	-3.143683
24618	2.822441	0.513889	-3.204512
24619	2.807789	0.469891	-3.273616
24620	2.796091	0.420969	-3.327893
24621	2.785838	0.378859	-3.374734
24622	2.771882	0.334502	-3.433241
24623	2.758120	0.296663	-3.485942
24624	2.742113	0.268548	-3.535135
24625	2.725745	0.248863	-3.577982
24626	2.707590	0.229377	-3.617261
24627	2.685845	0.210559	-3.659184
24628	2.665837	0.193783	-3.703172
24629	2.643200	0.178272	-3.734710
24630	2.623234	0.162164	-3.750617
24631	2.602337	0.144355	-3.754949
24632	2.588313	0.132027	-3.761412
24633	2.573132	0.112800	-3.767839
24634	2.563834	0.092753	-3.775140
24635	2.562059	0.077797	-3.778108
24636	2.558357	0.055116	-3.778905
24637	2.552103	0.023784	-3.775647
24638	2.544005	-0.001039	-3.768709
24639	2.530168	-0.028535	-3.746054
24640	2.515584	-0.040473	-3.709855
24641	2.503414	-0.057059	-3.677147
24642	2.480953	-0.076822	-3.647557
24643	2.458999	-0.098909	-3.619514
24644	2.436518	-0.121742	-3.594278
24645	2.415734	-0.135942	-3.565286
24646	2.394793	-0.149480	-3.523509
24647	2.382347	-0.146442	-3.479668
24648	2.367902	-0.143401	-3.446685
24649	2.350752	-0.152631	-3.418922
24650	2.336477	-0.156413	-3.398716
24651	2.321790	-0.167151	-3.373756
24652	2.309790	-0.179315	-3.348939
24653	2.298660	-0.190509	-3.327166
24654	2.286615	-0.203379	-3.297632
24655	2.278234	-0.202764	-3.260254
24656	2.271917	-0.195932	-3.231038
24657	2.269050	-0.182972	-3.215356
24658	2.265909	-0.168103	-3.199232
24659	2.261568	-0.157202	-3.181486
24660	2.260645	-0.140196	-3.159891
24661	2.257359	-0.136853	-3.130295
24662	2.253595	-0.142696	-3.097288
24663	2.254362	-0.144175	-3.059287
24664	2.253163	-0.152494	-3.023638
24665	2.250304	-0.152721	-2.987004
24666	2.242431	-0.160204	-2.961680
24667	2.234747	-0.161446	-2.945012
24668	2.225466	-0.167807	-2.934490
24669	2.218870	-0.168264	-2.923872
24670	2.209684	-0.163698	-2.919204
24671	2.204920	-0.162336	-2.908788
24672	2.197367	-0.170899	-2.901110
24673	2.189923	-0.179445	-2.889530
24674	2.182800	-0.182627	-2.876225
24675	2.174789	-0.185664	-2.855929
24676	2.166834	-0.180010	-2.830220
24677	2.161616	-0.173884	-2.793865
24678	2.153088	-0.166768	-2.760963
24679	2.141669	-0.156279	-2.736076
24680	2.128746	-0.142156	-2.717966
24681	2.112209	-0.133495	-2.699707
24682	2.093776	-0.131343	-2.690662
24683	2.076757	-0.130841	-2.680472
24684	2.062589	-0.123778	-2.656443
24685	2.049396	-0.114101	-2.621622
24686	2.038250	-0.093602	-2.588462
24687	2.027213	-0.067998	-2.552567
24688	2.016006	-0.047161	-2.517388
24689	2.006500	-0.029449	-2.479367
24690	1.996653	-0.019827	-2.449454
24691	1.985810	-0.022445	-2.430144
24692	1.974229	-0.029190	-2.411246
24693	1.962359	-0.044523	-2.398717
24694	1.955865	-0.050358	-2.380259
24695	1.952702	-0.044886	-2.364873
24696	1.951978	-0.039314	-2.362632
24697	1.951222	-0.032251	-2.366986
24698	1.954513	-0.015532	-2.365966
24699	1.954103	-0.007343	-2.357766
24700	1.950858	-0.003625	-2.350237
24701	1.947670	0.000220	-2.348623
24702	1.943300	0.001490	-2.361477
24703	1.938383	0.004875	-2.380668
24704	1.939260	0.010528	-2.396303
24705	1.937389	0.017889	-2.409805
24706	1.934529	0.021942	-2.429401
24707	1.935116	0.032247	-2.450787
24708	1.934900	0.042463	-2.471084
24709	1.932444	0.042631	-2.482926
24710	1.930672	0.040355	-2.490437
24711	1.929938	0.047060	-2.499355
24712	1.925962	0.056502	-2.516694
24713	1.921218	0.064960	-2.535890
24714	1.913913	0.070232	-2.552936
24715	1.908019	0.081333	-2.569758
24716	1.900294	0.091538	-2.581943
24717	1.893694	0.103752	-2.587167
24718	1.893385	0.123884	-2.590229
24719	1.893248	0.142935	-2.586725
24720	1.895256	0.163922	-2.571980
24721	1.896994	0.179352	-2.550481
24722	1.897188	0.186669	-2.535646
24723	1.893922	0.190025	-2.527490
24724	1.890894	0.197703	-2.517400
24725	1.887074	0.204789	-2.504543
24726	1.882827	0.211789	-2.489362
24727	1.878895	0.224060	-2.479927
24728	1.877214	0.235183	-2.472539
24729	1.874808	0.248223	-2.474460
24730	1.878784	0.267783	-2.476016
24731	1.883191	0.282705	-2.465173
24732	1.882654	0.284901	-2.445204
24733	1.883561	0.283700	-2.414135
24734	1.884965	0.276908	-2.385711
24735	1.886373	0.274244	-2.364298
24736	1.890489	0.279188	-2.344289
24737	1.894494	0.287924	-2.321976
24738	1.894507	0.292802	-2.307493
24739	1.892684	0.299184	-2.294130
24740	1.891003	0.308772	-2.288932
24741	1.887541	0.320507	-2.280840
24742	1.881018	0.331405	-2.265211
24743	1.873289	0.340426	-2.240683
24744	1.865339	0.349029	-2.213406
24745	1.857797	0.359997	-2.182049
24746	1.853320	0.372205	-2.147431
24747	1.849196	0.384560	-2.116370
24748	1.848507	0.394127	-2.091124
24749	1.848513	0.401277	-2.078951
24750	1.851149	0.410191	-2.083901
24751	1.854316	0.414971	-2.091986
24752	1.858668	0.414949	-2.101008
24753	1.862972	0.421254	-2.110882
24754	1.867541	0.427799	-2.117816
24755	1.866942	0.430542	-2.114313
24756	1.866414	0.438638	-2.100030
24757	1.868526	0.451355	-2.073338
24758	1.868423	0.462625	-2.039218
24759	1.869620	0.476658	-2.000362
24760	1.870365	0.490218	-1.961223
24761	1.869764	0.502293	-1.923688
24762	1.871028	0.519590	-1.892740
24763	1.871902	0.535628	-1.863291
24764	1.870323	0.543290	-1.829341
24765	1.867186	0.547491	-1.792624
24766	1.862332	0.550693	-1.760424
24767	1.856891	0.553046	-1.738891
24768	1.850351	0.556780	-1.729369
24769	1.844129	0.566400	-1.721770
24770	1.839445	0.583299	-1.717194
24771	1.831784	0.597172	-1.707243
24772	1.822709	0.604238	-1.693429
24773	1.814871	0.610180	-1.677225
24774	1.811384	0.616019	-1.654650
24775	1.811413	0.623450	-1.629250
24776	1.812693	0.631608	-1.620314
24777	1.814011	0.635422	-1.612301
24778	1.815699	0.635012	-1.605063
24779	1.817405	0.630813	-1.606435
24780	1.818597	0.631698	-1.615317
24781	1.822248	0.638309	-1.618005
24782	1.823889	0.647455	-1.619673
24783	1.827380	0.662512	-1.630238
24784	1.831822	0.678213	-1.639314
24785	1.834599	0.689077	-1.646477
24786	1.837575	0.700924	-1.646105
24787	1.835874	0.702131	-1.641151
24788	1.836292	0.704673	-1.632011
24789	1.836248	0.699810	-1.629748
24790	1.837864	0.699712	-1.620487
24791	1.841808	0.704291	-1.612923
24792	1.844290	0.709798	-1.603855
24793	1.849096	0.717335	-1.598441
24794	1.851339	0.725589	-1.590731
24795	1.855887	0.732996	-1.578880
24796	1.857417	0.738394	-1.568568
24797	1.857210	0.739498	-1.563410
24798	1.858917	0.742409	-1.561389
24799	1.862250	0.757126	-1.564983
24800	1.864690	0.766224	-1.570776
24801	1.867698	0.775794	-1.567716
24802	1.868658	0.777697	-1.558853
24803	1.871893	0.783853	-1.556518
24804	1.875505	0.789571	-1.557462
24805	1.879654	0.795376	-1.561798
24806	1.886125	0.804009	-1.566946
24807	1.894176	0.810124	-1.565295
24808	1.902587	0.814625	-1.553327
24809	1.917512	0.831211	-1.531986
24810	1.929707	0.843248	-1.498336
24811	1.943385	0.854418	-1.454549
24812	1.954664	0.864555	-1.400526
24813	1.964922	0.878811	-1.353722
24814	1.970365	0.892184	-1.316766
24815	1.971416	0.896715	-1.294353
24816	1.971921	0.901529	-1.287707
24817	1.971107	0.903268	-1.296874
24818	1.973122	0.903094	-1.307208
24819	1.972432	0.901414	-1.330936
24820	1.978709	0.903165	-1.351919
24821	1.982441	0.904523	-1.365571
24822	1.988299	0.910743	-1.374868
