// General information: 
//  MT Manager version: 2021.4.0 
//  XDA version: 2021.4.0 build 6323 rev 112641 built on 2021-09-28
// Device information: 
//  DeviceId: 00B43773
//  ProductCode: MTW2-3A7G6
//  Firmware Version: 4.3.4
//  Hardware Version: 1.1.0
// Device settings: 
//  Filter Profile: human(46.1)
//  Option Flags: Orientation Smoother Disabled, Position/Velocity Smoother Disabled, Continuous Zero Rotation Update Disabled, AHS Disabled, ICC Disabled
// Coordinate system: ENU
PacketCounter	SampleTimeFine	Roll	Pitch	Yaw
65369		-1.253878	0.820953	2.912273
65370		-1.243942	0.816904	2.912179
65371		-1.233942	0.814108	2.911929
65372		-1.227122	0.810915	2.910232
65373		-1.219594	0.807061	2.907309
65374		-1.214941	0.802189	2.906846
65375		-1.209606	0.801446	2.904288
65376		-1.203947	0.800031	2.903532
65377		-1.197305	0.796753	2.902099
65378		-1.186983	0.794956	2.901834
65379		-1.175886	0.794255	2.900306
65380		-1.162457	0.795048	2.900521
65381		-1.148510	0.795679	2.898243
65382		-1.136714	0.795254	2.897755
65383		-1.122885	0.794325	2.891927
65384		-1.111642	0.795245	2.889559
65385		-1.101591	0.794658	2.889856
65386		-1.089796	0.794236	2.889365
65387		-1.074741	0.797016	2.888125
65388		-1.059765	0.798292	2.887227
65389		-1.043168	0.798055	2.880841
65390		-1.022526	0.802415	2.880147
65391		-1.002672	0.803052	2.876261
65392		-0.982258	0.805014	2.876648
65393		-0.963496	0.805944	2.874920
65394		-0.943009	0.807017	2.874416
65395		-0.918176	0.810095	2.876753
65396		-0.891951	0.813367	2.875567
65397		-0.862167	0.819109	2.873622
65398		-0.833778	0.824080	2.871202
65399		-0.806295	0.827194	2.873782
65400		-0.783262	0.832231	2.871887
65401		-0.766447	0.832947	2.875511
65402		-0.752173	0.833935	2.875619
65403		-0.742938	0.832686	2.872645
65404		-0.736268	0.831299	2.872695
65405		-0.729860	0.832483	2.871998
65406		-0.725683	0.833159	2.870327
65407		-0.718635	0.830903	2.876301
65408		-0.711429	0.835068	2.876011
65409		-0.702385	0.836931	2.871775
65410		-0.693624	0.838129	2.871484
65411		-0.684260	0.841450	2.872479
65412		-0.675808	0.844584	2.873049
65413		-0.667206	0.848756	2.875466
65414		-0.658520	0.850847	2.876066
65415		-0.653810	0.856908	2.871126
65416		-0.647213	0.861495	2.873664
65417		-0.645197	0.866694	2.873267
65418		-0.644430	0.871794	2.873563
65419		-0.644231	0.875836	2.878404
65420		-0.646483	0.879077	2.880020
65421		-0.650262	0.882558	2.882527
65422		-0.655542	0.882311	2.882759
65423		-0.659260	0.885320	2.880274
65424		-0.661823	0.885416	2.881151
65425		-0.665087	0.887880	2.884895
65426		-0.665250	0.888625	2.884575
65427		-0.665105	0.888074	2.885008
65428		-0.663477	0.889888	2.886317
65429		-0.660669	0.891353	2.889919
65430		-0.658198	0.891704	2.888432
65431		-0.655423	0.892518	2.891050
65432		-0.652867	0.893606	2.891376
65433		-0.649776	0.892593	2.894209
65434		-0.647998	0.892625	2.893736
65435		-0.645241	0.893270	2.890001
65436		-0.643464	0.893302	2.889527
65437		-0.641414	0.892376	2.889552
65438		-0.642037	0.891759	2.890274
65439		-0.638554	0.892107	2.888474
65440		-0.638023	0.893173	2.887139
65441		-0.638017	0.893163	2.888309
65442		-0.639033	0.893744	2.888079
65443		-0.638464	0.894793	2.889764
65444		-0.639873	0.896574	2.888582
65445		-0.641310	0.897503	2.890617
65446		-0.641933	0.896886	2.891339
65447		-0.643752	0.896412	2.893456
65448		-0.646174	0.898183	2.891443
65449		-0.648104	0.899710	2.892492
65450		-0.649739	0.899082	2.892384
65451		-0.649797	0.899463	2.892056
65452		-0.649801	0.900057	2.892656
65453		-0.649795	0.900570	2.891956
65454		-0.647642	0.901230	2.888626
65455		-0.647528	0.901072	2.889242
65456		-0.642020	0.901458	2.890246
65457		-0.638903	0.901558	2.891831
65458		-0.634407	0.901933	2.892005
65459		-0.632974	0.902999	2.895461
65460		-0.630578	0.904243	2.894865
65461		-0.630784	0.906263	2.898483
65462		-0.634359	0.906351	2.898524
65463		-0.635689	0.904002	2.900410
65464		-0.637332	0.906832	2.899195
65465		-0.640591	0.904457	2.894014
65466		-0.643473	0.904865	2.893042
65467		-0.646211	0.905154	2.892291
65468		-0.647921	0.905419	2.893071
65469		-0.648250	0.904594	2.892861
65470		-0.649977	0.906687	2.889832
65471		-0.650588	0.906713	2.891607
65472		-0.651763	0.907452	2.890453
65473		-0.654302	0.907366	2.885748
65474		-0.657100	0.908512	2.886587
65475		-0.658580	0.908738	2.887056
65476		-0.661997	0.908673	2.888016
65477		-0.665375	0.907854	2.888559
65478		-0.666149	0.909022	2.891059
65479		-0.666235	0.908948	2.892409
65480		-0.668799	0.909050	2.893277
65481		-0.669852	0.907696	2.893909
65482		-0.671487	0.907071	2.893796
65483		-0.672194	0.906700	2.893468
65484		-0.673829	0.906075	2.893355
65485		-0.674766	0.906184	2.893797
65486		-0.676167	0.904513	2.893714
65487		-0.677749	0.903600	2.891272
65488		-0.677209	0.901213	2.891039
65489		-0.679007	0.899963	2.893828
65490		-0.679939	0.896200	2.893807
65491		-0.679541	0.894695	2.892506
65492		-0.680170	0.892452	2.890520
65493		-0.682484	0.889852	2.891058
65494		-0.683885	0.888182	2.890975
65495		-0.687429	0.887571	2.893690
65496		-0.690771	0.886618	2.893757
65497		-0.695974	0.882876	2.893738
65498		-0.700170	0.881758	2.893896
65499		-0.705832	0.879287	2.893332
65500		-0.710804	0.877114	2.892689
65501		-0.717384	0.875401	2.892889
65502		-0.727319	0.872088	2.893709
65503		-0.736583	0.869068	2.892256
65504		-0.746753	0.866803	2.893045
65505		-0.758649	0.863627	2.894468
65506		-0.772784	0.862061	2.893743
65507		-0.789185	0.859003	2.895769
65508		-0.807893	0.855104	2.897461
65509		-0.825825	0.850561	2.895856
65510		-0.847408	0.848116	2.898675
65511		-0.868503	0.846088	2.896735
65512		-0.887531	0.842507	2.896582
65513		-0.905541	0.842399	2.896520
65514		-0.920688	0.842472	2.897661
65515		-0.933312	0.842374	2.899848
65516		-0.945044	0.843103	2.900628
65517		-0.953176	0.844737	2.900184
65518		-0.958147	0.844208	2.902244
65519		-0.961125	0.843106	2.905022
65520		-0.962446	0.842183	2.906755
65521		-0.967408	0.841465	2.906736
65522		-0.969817	0.841426	2.908525
65523		-0.973093	0.841046	2.909341
65524		-0.974572	0.840275	2.910152
65525		-0.973363	0.839634	2.907513
65526		-0.973672	0.838721	2.910077
65527		-0.973701	0.840419	2.913072
65528		-0.975336	0.839802	2.912959
65529		-0.977076	0.840172	2.914667
65530		-0.979800	0.840439	2.914610
65531		-0.982851	0.841748	2.915343
65532		-0.987674	0.842890	2.914510
65533		-0.992980	0.843615	2.915526
65534		-0.998734	0.845489	2.915671
65535		-1.005176	0.847127	2.917061
00000		-1.011942	0.848993	2.916371
00001		-1.018113	0.849173	2.914128
00002		-1.023711	0.850897	2.915193
00003		-1.029167	0.852389	2.912383
00004		-1.035853	0.854999	2.913502
00005		-1.042774	0.855004	2.916975
00006		-1.050387	0.854893	2.920183
00007		-1.059194	0.855049	2.919702
00008		-1.070624	0.857310	2.918498
00009		-1.082016	0.857281	2.919656
00010		-1.090101	0.857630	2.920096
00011		-1.098395	0.858377	2.919089
00012		-1.107568	0.859613	2.919582
00013		-1.116072	0.862189	2.920199
00014		-1.126806	0.864768	2.917977
00015		-1.139524	0.866334	2.918443
00016		-1.150796	0.870090	2.920849
00017		-1.162358	0.870982	2.921952
00018		-1.175420	0.873675	2.922724
00019		-1.189075	0.875856	2.922244
00020		-1.203847	0.878230	2.923190
00021		-1.220840	0.880833	2.924153
00022		-1.238249	0.880172	2.927367
00023		-1.252648	0.883503	2.929271
00024		-1.266878	0.887993	2.930971
00025		-1.276597	0.890065	2.933129
00026		-1.285617	0.891167	2.934532
00027		-1.297787	0.890686	2.933640
00028		-1.315124	0.887497	2.933265
00029		-1.336560	0.880106	2.930958
00030		-1.361123	0.868289	2.929879
00031		-1.382545	0.861500	2.922342
00032		-1.396770	0.852351	2.922016
00033		-1.401877	0.843402	2.919281
00034		-1.392775	0.835705	2.920430
00035		-1.369463	0.830603	2.920480
00036		-1.337271	0.825410	2.923054
00037		-1.300428	0.819865	2.921205
00038		-1.265601	0.817719	2.921495
00039		-1.232599	0.816463	2.916575
00040		-1.203300	0.816380	2.912614
00041		-1.180017	0.813888	2.909913
00042		-1.161987	0.811878	2.906176
00043		-1.149358	0.808766	2.905532
00044		-1.138479	0.807416	2.903353
00045		-1.126999	0.803013	2.898407
00046		-1.110524	0.802175	2.898462
00047		-1.096278	0.802902	2.898627
00048		-1.080506	0.805210	2.898578
00049		-1.062204	0.808585	2.898998
00050		-1.046748	0.813023	2.893293
00051		-1.026625	0.817915	2.888301
00052		-1.003478	0.821995	2.885610
00053		-0.982798	0.824166	2.884261
00054		-0.966015	0.819768	2.880754
00055		-0.952255	0.815523	2.874984
00056		-0.938347	0.812584	2.872595
00057		-0.921018	0.809278	2.871127
00058		-0.906570	0.808446	2.869505
00059		-0.892970	0.810906	2.869574
00060		-0.875032	0.814928	2.868300
00061		-0.859467	0.820266	2.865998
00062		-0.838813	0.824627	2.865382
00063		-0.813997	0.824587	2.862649
00064		-0.788131	0.820487	2.860118
00065		-0.757181	0.812353	2.856663
00066		-0.721135	0.800736	2.857257
00067		-0.678588	0.783714	2.855791
00068		-0.633446	0.755298	2.856328
00069		-0.588587	0.712663	2.856818
00070		-0.542262	0.649956	2.856973
00071		-0.495067	0.564658	2.854086
00072		-0.452367	0.444520	2.846930
00073		-0.423292	0.259245	2.818949
00074		-0.397364	-0.019255	2.765600
00075		-0.508980	-0.414264	2.592058
00076		-0.625447	-1.084952	2.507032
00077		-0.864615	-1.987741	2.418011
00078		-1.187590	-3.104665	2.368137
00079		-1.579831	-4.417494	2.338106
00080		-2.061975	-5.832549	2.293814
00081		-2.687921	-7.345953	2.133260
00082		-3.213255	-9.037077	1.907373
00083		-3.729340	-11.114835	2.159201
00084		-4.709643	-13.291246	3.566321
00085		-5.675947	-14.459939	6.228281
00086		-6.669297	-15.420758	9.804338
00087		-7.911560	-16.737676	13.687833
00088		-9.418400	-18.038355	17.349081
00089		-11.101326	-19.106800	20.433769
00090		-12.745077	-20.123108	22.825808
00091		-14.184564	-21.221640	24.609238
00092		-15.333513	-22.394563	25.945298
00093		-16.124451	-23.562288	26.945469
00094		-16.545072	-24.734700	27.729964
00095		-16.685157	-25.995824	28.311588
00096		-16.602181	-27.378560	28.673771
00097		-16.323969	-28.890754	28.795036
00098		-15.793743	-30.462918	28.702958
00099		-14.960418	-32.057344	28.497472
00100		-13.871800	-33.658776	28.182424
00101		-12.597876	-35.230943	27.622765
00102		-11.090966	-36.732942	26.727459
00103		-9.231128	-38.111187	25.504063
00104		-6.956538	-39.282318	23.995113
00105		-4.293335	-40.217714	22.200881
00106		-1.347216	-40.917814	20.149107
00107		1.794260	-41.366991	17.867666
00108		5.038344	-41.529848	15.437485
00109		8.284098	-41.378703	12.976158
00110		11.376381	-40.928270	10.595065
00111		14.176862	-40.212191	8.405434
00112		16.582000	-39.261737	6.497776
00113		18.529071	-38.118816	4.948663
00114		20.056773	-36.818965	3.738775
00115		21.258421	-35.383101	2.802923
00116		22.187166	-33.842147	2.065055
00117		22.841931	-32.225439	1.475176
00118		23.207516	-30.561308	1.057551
00119		23.286214	-28.890982	0.811846
00120		23.095994	-27.219517	0.666720
00121		22.704106	-25.510163	0.505250
00122		22.210436	-23.764282	0.255428
00123		21.678258	-22.023156	-0.103876
00124		21.063873	-20.305420	-0.555012
00125		20.300895	-18.621334	-0.998744
00126		19.375815	-17.010633	-1.388719
00127		18.297060	-15.503583	-1.674699
00128		17.107524	-14.143689	-1.832693
00129		15.913675	-12.915317	-1.922968
00130		14.820906	-11.818494	-2.042603
00131		13.845181	-10.829318	-2.231031
00132		13.005049	-9.977243	-2.390539
00133		12.208759	-9.299866	-2.411210
00134		11.346974	-8.769068	-2.328602
00135		10.462199	-8.332339	-2.188725
00136		9.750870	-7.956784	-1.987260
00137		9.267156	-7.679790	-1.753225
00138		8.879340	-7.538132	-1.532013
00139		8.465831	-7.501067	-1.339084
00140		8.034776	-7.530080	-1.105951
00141		7.603769	-7.610341	-0.785416
00142		7.157159	-7.707069	-0.351263
00143		6.603136	-7.535973	-0.405295
00144		6.072252	-6.765790	-1.006681
00145		5.814283	-5.623665	-1.396632
00146		5.958213	-4.527419	-1.226469
00147		6.173181	-3.483929	-1.037684
00148		6.582138	-2.608766	-1.155300
00149		6.899030	-2.264368	-1.195885
00150		7.152017	-2.364008	-1.276188
00151		7.403484	-2.709091	-1.399486
00152		7.664850	-3.066861	-1.538815
00153		7.843062	-3.334194	-1.656932
00154		7.824448	-3.451105	-1.694901
00155		7.577986	-3.407163	-1.663068
00156		7.146200	-3.203423	-1.604289
00157		6.583207	-2.882504	-1.531455
00158		6.017063	-2.534887	-1.467785
00159		5.577892	-2.229510	-1.406364
00160		5.325794	-2.007424	-1.354215
00161		5.226624	-1.851412	-1.308366
00162		5.161053	-1.706470	-1.259762
00163		5.055856	-1.521355	-1.200582
00164		4.892477	-1.303289	-1.131393
00165		4.698428	-1.086088	-1.064036
00166		4.513627	-0.887299	-1.011744
00167		4.328871	-0.710234	-0.979104
00168		4.113143	-0.638209	-0.992380
00169		3.899384	-0.705942	-1.061478
00170		3.699351	-0.793713	-1.129013
00171		3.498494	-0.863119	-1.183506
00172		3.280742	-0.892938	-1.207238
00173		3.048892	-0.874541	-1.201138
00174		2.799714	-0.811513	-1.157364
00175		2.508336	-0.704131	-1.078375
00176		2.201664	-0.572657	-0.979276
00177		1.909005	-0.454254	-0.876942
00178		1.654089	-0.378883	-0.783900
00179		1.450514	-0.339692	-0.704398
00180		1.273913	-0.342719	-0.635966
00181		1.121466	-0.358369	-0.573663
00182		0.977122	-0.371135	-0.515058
00183		0.832871	-0.402578	-0.463454
00184		0.697953	-0.463531	-0.420071
00185		0.570083	-0.552470	-0.374572
00186		0.449872	-0.646569	-0.321992
00187		0.327756	-0.748664	-0.277313
00188		0.108173	-0.859063	-0.301050
00189		-0.201751	-0.996744	-0.353959
00190		-0.570343	-1.115416	-0.385953
00191		-0.995839	-1.237609	-0.388038
00192		-1.386074	-1.366553	-0.350167
00193		-1.745977	-1.505900	-0.289443
00194		-2.029319	-1.636290	-0.222989
00195		-2.208792	-1.760456	-0.163206
00196		-2.292045	-1.871873	-0.126498
00197		-2.299264	-1.966672	-0.103780
00198		-2.257204	-2.038794	-0.097066
00199		-2.201322	-2.083854	-0.101089
00200		-2.153964	-2.102462	-0.100884
00201		-2.125220	-2.113472	-0.101989
00202		-2.110473	-2.130767	-0.105731
00203		-2.107570	-2.147174	-0.113950
00204		-2.126671	-2.172247	-0.120029
00205		-2.176877	-2.210994	-0.122919
00206		-2.255907	-2.257629	-0.117314
00207		-2.379789	-2.320992	-0.099245
00208		-2.539099	-2.370717	-0.067517
00209		-2.728885	-2.393899	-0.028396
00210		-2.922364	-2.399866	0.013890
00211		-3.090795	-2.368213	0.062050
00212		-3.216480	-2.306599	0.098864
00213		-3.311593	-2.248113	0.118196
00214		-3.386397	-2.206633	0.133656
00215		-3.461222	-2.144114	0.139075
00216		-3.553968	-2.074319	0.152494
00217		-3.689032	-1.989867	0.186833
00218		-3.842376	-1.904245	0.228472
00219		-3.998137	-1.830094	0.273526
00220		-4.163546	-1.781808	0.312907
00221		-4.326639	-1.746752	0.346139
00222		-4.454832	-1.734188	0.365378
00223		-4.552622	-1.747673	0.367472
00224		-4.626350	-1.759802	0.366235
00225		-4.679283	-1.765941	0.362311
00226		-4.712864	-1.759907	0.367789
00227		-4.735435	-1.725640	0.386636
00228		-4.739356	-1.644489	0.416886
00229		-4.730340	-1.501093	0.444482
00230		-4.725128	-1.264892	0.469814
00231		-4.679367	-0.911525	0.512413
00232		-4.530161	-0.619449	0.565712
00233		-4.266504	-0.371382	0.589138
00234		-3.930102	-0.310016	0.564331
00235		-3.510444	-0.300137	0.515898
00236		-3.057351	-0.285013	0.466573
00237		-2.650489	-0.259800	0.425785
00238		-2.306249	-0.228441	0.401609
00239		-2.055163	-0.183743	0.386916
00240		-1.896519	-0.132287	0.391043
00241		-1.824631	-0.090336	0.396296
00242		-1.818085	-0.054054	0.402614
00243		-1.846058	-0.017871	0.410140
00244		-1.883207	0.016202	0.425316
00245		-1.913133	0.033560	0.438774
00246		-1.923203	0.033082	0.451597
00247		-1.904053	0.013803	0.460818
00248		-1.863808	-0.018333	0.467099
00249		-1.825489	-0.041478	0.470051
00250		-1.799571	-0.063200	0.476079
00251		-1.798301	-0.085147	0.482407
00252		-1.822383	-0.114631	0.487033
00253		-1.875617	-0.150649	0.487185
00254		-1.964521	-0.201141	0.484240
00255		-2.082554	-0.268279	0.479364
00256		-2.207848	-0.331386	0.480738
00257		-2.342625	-0.395672	0.485846
00258		-2.502094	-0.465458	0.491973
00259		-2.677805	-0.540902	0.497192
00260		-2.854012	-0.634742	0.498283
00261		-3.020383	-0.763113	0.522297
00262		-3.229691	-0.939861	0.538178
00263		-3.468247	-1.177342	0.540898
00264		-3.699314	-1.456982	0.545610
00265		-3.941479	-1.773243	0.548176
00266		-4.203684	-2.146134	0.545672
00267		-4.489993	-2.593714	0.532627
00268		-4.857077	-3.169315	0.480565
00269		-5.289516	-3.855053	0.415787
00270		-5.766251	-4.601549	0.365947
00271		-6.299906	-5.454416	0.357936
00272		-6.885847	-6.398356	0.364161
00273		-7.574506	-7.426245	0.404038
00274		-8.394811	-8.500372	0.513651
00275		-9.392606	-9.613787	0.706809
00276		-10.671081	-10.841645	0.952164
00277		-11.580480	-12.094700	1.465500
00278		-13.003365	-13.614847	2.218982
00279		-14.993263	-15.357809	3.448541
00280		-17.009634	-17.102459	5.507488
00281		-18.077966	-18.442258	8.199861
00282		-18.789584	-19.924918	11.028140
00283		-19.722031	-21.728590	13.318057
00284		-20.888434	-23.768377	14.898358
00285		-21.861080	-25.868852	15.801129
00286		-22.488646	-28.074709	16.453916
00287		-22.803451	-30.453108	17.023406
00288		-22.967586	-32.931892	17.576432
00289		-23.165555	-35.393290	18.144781
00290		-23.482014	-37.692781	18.701790
00291		-23.895427	-39.787793	19.257471
00292		-24.347721	-41.716782	19.866475
00293		-24.782466	-43.495642	20.554612
00294		-25.115764	-45.071460	21.226974
00295		-25.322899	-46.406498	21.778048
00296		-25.362729	-47.455293	22.152062
00297		-25.160759	-48.262084	22.304423
00298		-24.637602	-48.974165	22.213347
00299		-23.787318	-49.705492	21.832631
00300		-22.590025	-50.457593	21.046959
00301		-20.992270	-51.127033	19.780857
00302		-18.958668	-51.582867	18.133024
00303		-16.519896	-51.782230	16.207089
00304		-13.777708	-51.752487	14.048433
00305		-10.785633	-51.467926	11.619306
00306		-7.604878	-50.883534	8.969384
00307		-4.315739	-49.994773	6.229106
00308		-1.044420	-48.837873	3.502226
00309		2.115276	-47.399858	0.839581
00310		5.085267	-45.663580	-1.744876
00311		7.809055	-43.663937	-4.168387
00312		10.224529	-41.475074	-6.311836
00313		12.284295	-39.177878	-8.108038
00314		13.917364	-36.828853	-9.559856
00315		15.096281	-34.481941	-10.666350
00316		15.825139	-32.188626	-11.367149
00317		16.110139	-30.003464	-11.593157
00318		15.967927	-27.956577	-11.372198
00319		15.406711	-26.062436	-10.784374
00320		14.473752	-24.310687	-9.939309
00321		13.309667	-22.661021	-9.002359
00322		12.090699	-21.114632	-8.098298
00323		10.991788	-19.650310	-7.216699
00324		10.070022	-18.347163	-6.291721
00325		9.198926	-17.235266	-5.305160
00326		8.276886	-16.233167	-4.344810
00327		7.348901	-15.271547	-3.532003
00328		6.544371	-14.371469	-2.808745
00329		5.887942	-13.600904	-2.073473
00330		5.292507	-12.958738	-1.378636
00331		4.743588	-12.377598	-0.843945
00332		4.318256	-11.831839	-0.529924
00333		4.081956	-11.325667	-0.422403
00334		3.974860	-10.881090	-0.467571
00335		3.893165	-10.472984	-0.613220
00336		3.838921	-10.095822	-0.802470
00337		3.825769	-9.742247	-1.003047
00338		3.850570	-9.404651	-1.246213
00339		3.827048	-9.073393	-1.811786
00340		3.480571	-8.473438	-2.758034
00341		3.851287	-7.498564	-3.129267
00342		4.323373	-6.731731	-3.080240
00343		4.635463	-6.037672	-3.271860
00344		5.137589	-5.614428	-3.535166
00345		5.689189	-5.484143	-3.766920
00346		6.146124	-5.570187	-4.003602
00347		6.424614	-5.809465	-4.193071
00348		6.548247	-6.132301	-4.379873
00349		6.597475	-6.473943	-4.519718
00350		6.623086	-6.786224	-4.609604
00351		6.623664	-7.014268	-4.714343
00352		6.577416	-7.116006	-4.803332
00353		6.478194	-7.051392	-4.838452
00354		6.329535	-6.760244	-4.808380
00355		6.150384	-6.257231	-4.721981
00356		5.997216	-5.611597	-4.623541
00357		5.863595	-4.945344	-4.544475
00358		5.635608	-4.441975	-4.488825
00359		5.310511	-4.134300	-4.433117
00360		5.013486	-3.908017	-4.360043
00361		4.775301	-3.683841	-4.285957
00362		4.549838	-3.419178	-4.214596
00363		4.334766	-3.098807	-4.156597
00364		4.156046	-2.738712	-4.107842
00365		4.040458	-2.371370	-4.069221
00366		3.931851	-2.065702	-4.047329
00367		3.785909	-1.796877	-4.035861
00368		3.636778	-1.531316	-4.025721
00369		3.406989	-1.326576	-4.014961
00370		3.139463	-1.188578	-4.001672
00371		2.864224	-1.143945	-4.009705
00372		2.615567	-1.157505	-4.023718
00373		2.396213	-1.224992	-4.041228
00374		2.104951	-1.399761	-4.090316
00375		1.728793	-1.539009	-4.130207
00376		1.315865	-1.596602	-4.132757
00377		0.925089	-1.591889	-4.098593
00378		0.617274	-1.552849	-4.041199
00379		0.408719	-1.475020	-3.960954
00380		0.289044	-1.345825	-3.862343
00381		0.246833	-1.191144	-3.758490
00382		0.265061	-1.034914	-3.674301
00383		0.334407	-0.875421	-3.612869
00384		0.401874	-0.718046	-3.579204
00385		0.465353	-0.571887	-3.547674
00386		0.556974	-0.448943	-3.531939
00387		0.677363	-0.343807	-3.527047
00388		0.802733	-0.250154	-3.527510
00389		0.856860	-0.194121	-3.518617
00390		0.870262	-0.152812	-3.515236
00391		0.823999	-0.132100	-3.511980
00392		0.722187	-0.121946	-3.505463
00393		0.559928	-0.119376	-3.498616
00394		0.335063	-0.116735	-3.483685
00395		0.065661	-0.125519	-3.467135
00396		-0.217387	-0.137897	-3.446316
00397		-0.471528	-0.159832	-3.424366
00398		-0.681531	-0.178627	-3.403865
00399		-0.842459	-0.194788	-3.383644
00400		-0.947391	-0.216807	-3.363492
00401		-1.005144	-0.239192	-3.343197
00402		-1.042802	-0.260162	-3.323721
00403		-1.078812	-0.278002	-3.301921
00404		-1.121651	-0.294215	-3.284098
00405		-1.188350	-0.312211	-3.266968
00406		-1.273687	-0.334071	-3.250519
00407		-1.367026	-0.351347	-3.232817
00408		-1.465828	-0.365916	-3.212688
00409		-1.575678	-0.372630	-3.194073
00410		-1.693709	-0.369320	-3.178921
00411		-1.842595	-0.362832	-3.158526
00412		-1.965523	-0.351294	-3.135052
00413		-2.054550	-0.331838	-3.119210
00414		-2.133600	-0.328847	-3.092686
00415		-2.187261	-0.303219	-3.065398
00416		-2.188651	-0.269280	-3.045040
00417		-2.166866	-0.252151	-3.024971
00418		-2.140428	-0.251659	-3.008763
00419		-2.106732	-0.248954	-2.990733
00420		-2.093904	-0.245426	-2.966888
00421		-2.090035	-0.249219	-2.938219
00422		-2.095532	-0.246032	-2.915548
00423		-2.130102	-0.242345	-2.893355
00424		-2.181244	-0.224401	-2.867549
00425		-2.238804	-0.193291	-2.838473
00426		-2.280493	-0.153769	-2.807403
00427		-2.296553	-0.128922	-2.789210
00428		-2.266959	-0.122265	-2.778369
00429		-2.204793	-0.114629	-2.770664
00430		-2.129757	-0.112657	-2.764475
00431		-2.039213	-0.103669	-2.760333
00432		-1.955638	-0.083959	-2.756977
00433		-1.904017	-0.056645	-2.754306
00434		-1.882816	-0.020836	-2.754906
00435		-1.886124	0.016500	-2.761209
00436		-1.908087	0.069602	-2.762875
00437		-1.950443	0.135647	-2.763832
00438		-1.984065	0.184291	-2.766186
00439		-1.995934	0.200658	-2.769546
00440		-1.981408	0.202823	-2.772179
00441		-1.965293	0.197475	-2.773734
00442		-1.955505	0.191463	-2.773557
00443		-1.944679	0.187333	-2.770961
00444		-1.944161	0.187145	-2.766579
00445		-1.957956	0.187204	-2.762126
00446		-1.984796	0.194110	-2.756788
00447		-2.027280	0.201596	-2.754131
00448		-2.072948	0.208731	-2.752884
00449		-2.122994	0.212910	-2.752226
00450		-2.169600	0.207472	-2.749168
00451		-2.205983	0.195635	-2.746755
00452		-2.234222	0.177251	-2.741577
00453		-2.263912	0.154618	-2.738072
00454		-2.305837	0.128777	-2.741620
00455		-2.352244	0.098257	-2.742766
00456		-2.411622	0.066790	-2.751988
00457		-2.482811	0.031869	-2.756364
00458		-2.557653	-0.006559	-2.758097
00459		-2.635224	-0.058461	-2.755058
00460		-2.726789	-0.118613	-2.747204
00461		-2.843454	-0.187776	-2.735748
00462		-3.014857	-0.270146	-2.734470
00463		-3.343583	-0.399983	-2.811700
00464		-3.805685	-0.602238	-2.953793
00465		-4.152123	-0.937741	-2.977587
00466		-4.538729	-1.433322	-3.002536
00467		-4.962375	-2.076315	-3.000579
00468		-5.403337	-2.849570	-2.930486
00469		-5.914995	-3.758974	-2.800494
00470		-6.613152	-4.933028	-2.660464
00471		-7.730641	-6.360447	-2.644026
00472		-9.024699	-7.907264	-2.769224
00473		-10.564857	-9.764806	-2.813982
00474		-11.241335	-11.624043	-2.372584
00475		-11.189764	-13.586020	-1.225800
00476		-11.319084	-15.853527	0.349905
00477		-12.199839	-18.355832	1.938416
00478		-13.582463	-20.968170	3.443230
00479		-15.027337	-23.676096	4.940551
00480		-16.401416	-26.436894	6.430209
00481		-17.793662	-29.158645	7.840654
00482		-19.300170	-31.773832	9.127038
00483		-20.786108	-34.189745	10.263277
00484		-22.110074	-36.388984	11.216819
00485		-23.196645	-38.438030	11.961772
00486		-24.007357	-40.413560	12.485871
00487		-24.428229	-42.306254	12.693266
00488		-24.260189	-44.059367	12.469356
00489		-23.383058	-45.675294	11.749330
00490		-21.800300	-47.221373	10.488789
00491		-19.598129	-48.739608	8.710297
00492		-16.853924	-50.143530	6.481200
00493		-13.651359	-51.269268	3.957445
00494		-10.170728	-52.026743	1.358715
00495		-6.653393	-52.403049	-1.203196
00496		-3.265358	-52.377815	-3.756565
00497		-0.111792	-51.927755	-6.233064
00498		2.665490	-51.128844	-8.329130
00499		4.979795	-50.046735	-9.850358
00500		6.774822	-48.694800	-10.846700
00501		8.056684	-47.037039	-11.420948
00502		8.898983	-45.122784	-11.616204
00503		9.477187	-43.061933	-11.586364
00504		10.030918	-40.892024	-11.638963
00505		10.736811	-38.568669	-11.908310
00506		11.574899	-36.150794	-12.260208
00507		12.311655	-33.733015	-12.472415
00508		12.609110	-31.391480	-12.362290
00509		12.326207	-29.135470	-11.849832
00510		11.616025	-26.983757	-10.965940
00511		10.807949	-24.912823	-9.908383
00512		10.103990	-22.952102	-8.920746
00513		9.538302	-21.104628	-8.108013
00514		9.059480	-19.378630	-7.464010
00515		8.560821	-17.755688	-6.920132
00516		7.996026	-16.214076	-6.508203
00517		7.427225	-14.795665	-6.221177
00518		6.938951	-13.513815	-5.979312
00519		6.600194	-12.351945	-5.718258
00520		6.301835	-11.367574	-5.355443
00521		5.863607	-10.557499	-4.832182
00522		5.210279	-9.864162	-4.198205
00523		4.424839	-9.241678	-3.491938
00524		3.683304	-8.679683	-2.752354
00525		3.072006	-8.170414	-2.096541
00526		2.638814	-7.712576	-1.648281
00527		2.396515	-7.291251	-1.511786
00528		2.311615	-6.939593	-1.732784
00529		2.354508	-6.668425	-2.216607
00530		2.533796	-6.459405	-2.774092
00531		2.832345	-6.192594	-3.250235
00532		3.235782	-5.825316	-3.607390
00533		3.186361	-5.258646	-4.145077
00534		3.397110	-3.982559	-4.653906
00535		3.993148	-2.876749	-4.670850
00536		4.140511	-2.040123	-4.580987
00537		4.201021	-1.838918	-4.611654
00538		4.281983	-2.117118	-4.696216
00539		4.559886	-2.525629	-4.816665
00540		5.080468	-2.969426	-4.985033
00541		5.552496	-3.336059	-5.284075
00542		5.896377	-3.545385	-5.601040
00543		6.139168	-3.645965	-5.796141
00544		6.318382	-3.701354	-5.946269
00545		6.465312	-3.756607	-6.002954
00546		6.331669	-3.752290	-6.018675
00547		5.992267	-3.732545	-6.006231
00548		5.627197	-3.759432	-5.997775
00549		5.372402	-3.823103	-6.005190
00550		5.220916	-3.869407	-6.011846
00551		5.151966	-3.892252	-6.029347
00552		5.154775	-3.927507	-6.064695
00553		5.154396	-3.963957	-6.098882
00554		5.114344	-3.962270	-6.120969
00555		5.021216	-3.906058	-6.132220
00556		4.869043	-3.774646	-6.137172
00557		4.641369	-3.609527	-6.125420
00558		4.405144	-3.437032	-6.122706
00559		4.232604	-3.317897	-6.122295
00560		4.127919	-3.245126	-6.120806
00561		4.033876	-3.172305	-6.113566
00562		3.931333	-3.086611	-6.105155
00563		3.859444	-2.988464	-6.092716
00564		3.804891	-2.871434	-6.068262
00565		3.759890	-2.724225	-6.006619
00566		3.728947	-2.540872	-5.911730
00567		3.709149	-2.400184	-5.852690
00568		3.685412	-2.260800	-5.803465
00569		3.671679	-2.113050	-5.758788
00570		3.719371	-1.948743	-5.713937
00571		3.816015	-1.769998	-5.669622
00572		3.928256	-1.559523	-5.612711
00573		3.997843	-1.320544	-5.555844
00574		4.013749	-1.081526	-5.505755
00575		4.048241	-0.855306	-5.465678
00576		4.086045	-0.640003	-5.437039
00577		4.071173	-0.461860	-5.413045
00578		4.024698	-0.329138	-5.403079
00579		3.973236	-0.223335	-5.404126
00580		3.907204	-0.161570	-5.408664
00581		3.830578	-0.140014	-5.410958
00582		3.751824	-0.140926	-5.410617
00583		3.641762	-0.171015	-5.407767
00584		3.505081	-0.214997	-5.400696
00585		3.368169	-0.283046	-5.386742
00586		3.251551	-0.364936	-5.366780
00587		3.161266	-0.450603	-5.343024
00588		3.073258	-0.528881	-5.319344
00589		2.937987	-0.593102	-5.294856
00590		2.738981	-0.638192	-5.271296
00591		2.486359	-0.669948	-5.249243
00592		2.240871	-0.692455	-5.228047
00593		2.037011	-0.702962	-5.206135
00594		1.889487	-0.698372	-5.189421
00595		1.792037	-0.678461	-5.177669
00596		1.731704	-0.648436	-5.167953
00597		1.692172	-0.615503	-5.161688
00598		1.654860	-0.581425	-5.157369
00599		1.606207	-0.551768	-5.159649
00600		1.538006	-0.527141	-5.161497
00601		1.464929	-0.508613	-5.165803
00602		1.392614	-0.500055	-5.164911
00603		1.320305	-0.496642	-5.161264
00604		1.242048	-0.497975	-5.157603
00605		1.163532	-0.507311	-5.152941
00606		1.091302	-0.518750	-5.146702
00607		1.017387	-0.535741	-5.137478
00608		0.956258	-0.554003	-5.132091
00609		0.901625	-0.571348	-5.123792
00610		0.853105	-0.584835	-5.116012
00611		0.812104	-0.579370	-5.106100
00612		0.747727	-0.569653	-5.096705
00613		0.722278	-0.560007	-5.092319
00614		0.699160	-0.552601	-5.081190
00615		0.691985	-0.561513	-5.068387
00616		0.705085	-0.593930	-5.051656
00617		0.741806	-0.631776	-5.033499
00618		0.791030	-0.676235	-5.012317
00619		0.852260	-0.706384	-4.992214
00620		0.873781	-0.728219	-4.970155
00621		0.878497	-0.716697	-4.952633
00622		0.852351	-0.677110	-4.932840
00623		0.808781	-0.599488	-4.911136
00624		0.767957	-0.505093	-4.887319
00625		0.735345	-0.440533	-4.868253
00626		0.710490	-0.403033	-4.851520
00627		0.690445	-0.384036	-4.839546
00628		0.648410	-0.375170	-4.821986
00629		0.603412	-0.366513	-4.806292
00630		0.567893	-0.361362	-4.797772
00631		0.505046	-0.348119	-4.791032
00632		0.433000	-0.325747	-4.785500
00633		0.362642	-0.301607	-4.776684
00634		0.298760	-0.268153	-4.767741
00635		0.232579	-0.222026	-4.754680
00636		0.177832	-0.163107	-4.737383
00637		0.139611	-0.114197	-4.721459
00638		0.140269	-0.082910	-4.707125
00639		0.159105	-0.059319	-4.697183
00640		0.167791	-0.037026	-4.691715
00641		0.161968	-0.016465	-4.688893
00642		0.148331	0.002436	-4.686959
00643		0.134625	0.016785	-4.688851
00644		0.118109	0.031434	-4.698818
00645		0.129865	0.043837	-4.699117
00646		0.109089	0.051794	-4.691321
00647		0.102657	0.061942	-4.695599
00648		0.105912	0.061209	-4.699997
00649		0.102738	0.060831	-4.703119
00650		0.084063	0.057563	-4.705447
00651		0.052039	0.052439	-4.708624
00652		0.005976	0.049032	-4.710411
00653		-0.041894	0.042775	-4.711174
00654		-0.078813	0.038735	-4.714700
00655		-0.106922	0.034560	-4.713523
00656		-0.124267	0.036759	-4.714333
00657		-0.129248	0.041366	-4.712778
00658		-0.123852	0.049031	-4.709213
00659		-0.114883	0.056624	-4.706185
00660		-0.102620	0.065249	-4.704219
00661		-0.093683	0.072210	-4.703055
00662		-0.086031	0.083446	-4.702705
00663		-0.081532	0.086991	-4.700987
00664		-0.076236	0.097355	-4.699437
00665		-0.069450	0.105106	-4.699067
00666		-0.056515	0.114162	-4.698126
00667		-0.038862	0.122339	-4.697778
00668		-0.012838	0.127706	-4.695909
00669		0.014090	0.133172	-4.693399
00670		0.040281	0.139577	-4.695391
00671		0.067441	0.141521	-4.691787
00672		0.094777	0.141296	-4.692625
00673		0.121833	0.141363	-4.694624
00674		0.142543	0.137877	-4.697582
00675		0.154703	0.136190	-4.698191
00676		0.152134	0.135142	-4.698264
00677		0.139567	0.132512	-4.701395
00678		0.123748	0.129518	-4.702112
00679		0.107422	0.128483	-4.702136
00680		0.092038	0.129453	-4.704973
00681		0.080008	0.132676	-4.704623
00682		0.071549	0.135881	-4.705325
00683		0.065568	0.140482	-4.704623
00684		0.061176	0.145649	-4.704824
00685		0.056340	0.149442	-4.704185
00686		0.053860	0.156124	-4.699879
00687		0.051408	0.161428	-4.698569
00688		0.046880	0.167432	-4.697851
00689		0.041169	0.174968	-4.695412
00690		0.034519	0.182394	-4.693629
00691		0.028505	0.190969	-4.691215
00692		0.026091	0.200156	-4.687986
00693		0.023305	0.210469	-4.684985
00694		0.022738	0.225740	-4.682204
00695		0.018909	0.239999	-4.678351
00696		0.011917	0.252438	-4.674886
00697		-0.001524	0.264005	-4.673879
00698		-0.017095	0.274404	-4.670537
00699		-0.036483	0.281907	-4.667884
00700		-0.054676	0.288505	-4.665094
00701		-0.069115	0.294230	-4.663734
00702		-0.080950	0.301167	-4.660559
00703		-0.092636	0.309869	-4.659582
00704		-0.102453	0.318085	-4.659493
00705		-0.113500	0.325353	-4.656607
00706		-0.123518	0.331908	-4.654527
00707		-0.134732	0.339381	-4.652589
00708		-0.143004	0.348889	-4.651754
00709		-0.151864	0.357239	-4.651011
00710		-0.162964	0.367116	-4.649960
00711		-0.177136	0.371193	-4.650461
00712		-0.196685	0.378201	-4.650464
00713		-0.218495	0.383612	-4.650395
00714		-0.242961	0.388448	-4.650837
00715		-0.263854	0.390754	-4.650695
00716		-0.276839	0.393921	-4.651069
00717		-0.286530	0.396233	-4.649018
00718		-0.288741	0.401279	-4.646588
00719		-0.290827	0.406241	-4.643406
00720		-0.289638	0.412819	-4.639437
00721		-0.287147	0.420359	-4.637714
00722		-0.284444	0.427584	-4.634853
00723		-0.282724	0.431567	-4.632886
00724		-0.279680	0.433774	-4.631700
00725		-0.278667	0.436702	-4.630568
00726		-0.277708	0.436362	-4.630031
00727		-0.277568	0.438430	-4.630681
00728		-0.274591	0.439358	-4.633221
00729		-0.268081	0.435909	-4.632222
00730		-0.260184	0.433173	-4.633087
00731		-0.253712	0.429092	-4.633951
00732		-0.248268	0.422348	-4.634415
