// General information: 
//  MT Manager version: 2021.4.0 
//  XDA version: 2021.4.0 build 6323 rev 112641 built on 2021-09-28
// Device information: 
//  DeviceId: 00B43773
//  ProductCode: MTW2-3A7G6
//  Firmware Version: 4.3.4
//  Hardware Version: 1.1.0
// Device settings: 
//  Filter Profile: human(46.1)
//  Option Flags: Orientation Smoother Disabled, Position/Velocity Smoother Disabled, Continuous Zero Rotation Update Disabled, AHS Disabled, ICC Disabled
// Coordinate system: ENU
PacketCounter	Roll	Pitch	Yaw
50806	0.101362	-0.062901	-0.060939
50807	0.102882	-0.063557	-0.059734
50808	0.103148	-0.064884	-0.060247
50809	0.106556	-0.067394	-0.058796
50810	0.106821	-0.068721	-0.059309
50811	0.107289	-0.069097	-0.059248
50812	0.108127	-0.070450	-0.060869
50813	0.108509	-0.071935	-0.061050
50814	0.108201	-0.073235	-0.060454
50815	0.108397	-0.073457	-0.061211
50816	0.109014	-0.073820	-0.060778
50817	0.109966	-0.075383	-0.061734
50818	0.110386	-0.074390	-0.061989
50819	0.110865	-0.074741	-0.062200
50820	0.110557	-0.076041	-0.061604
50821	0.112006	-0.075520	-0.062374
50822	0.112074	-0.075491	-0.063574
50823	0.111752	-0.075624	-0.064214
50824	0.112094	-0.075791	-0.064598
50825	0.111802	-0.074654	-0.064469
50826	0.113916	-0.074106	-0.065307
50827	0.114259	-0.075844	-0.062589
50828	0.113557	-0.074431	-0.063368
50829	0.114001	-0.074804	-0.063031
50830	0.114421	-0.073810	-0.063286
50831	0.113739	-0.073714	-0.063424
50832	0.114303	-0.074871	-0.065862
50833	0.112779	-0.073190	-0.064642
50834	0.113043	-0.074516	-0.065155
50835	0.113699	-0.072576	-0.065256
50836	0.113390	-0.073875	-0.064660
50837	0.115000	-0.074578	-0.064627
50838	0.113647	-0.074298	-0.064426
50839	0.114077	-0.074629	-0.063824
50840	0.113845	-0.074768	-0.063098
50841	0.113141	-0.074642	-0.062799
50842	0.115100	-0.076413	-0.063895
50843	0.113933	-0.076385	-0.064335
50844	0.115318	-0.078130	-0.064322
50845	0.116514	-0.078708	-0.067261
50846	0.115161	-0.078428	-0.067061
50847	0.115444	-0.078666	-0.069035
50848	0.115785	-0.078832	-0.069419
50849	0.115885	-0.078950	-0.069166
50850	0.116201	-0.079482	-0.066807
50851	0.115009	-0.077855	-0.068009
50852	0.114853	-0.076833	-0.067154
50853	0.116059	-0.078430	-0.066986
50854	0.116674	-0.078792	-0.066552
50855	0.117100	-0.080329	-0.067218
50856	0.116243	-0.081235	-0.068255
50857	0.115548	-0.082348	-0.069454
50858	0.115316	-0.082487	-0.068728
50859	0.115980	-0.083008	-0.071125
50860	0.115123	-0.083914	-0.072163
50861	0.114217	-0.083852	-0.071331
50862	0.114285	-0.083820	-0.072530
50863	0.114254	-0.084131	-0.072316
50864	0.114869	-0.084493	-0.071882
50865	0.115655	-0.083491	-0.072783
50866	0.116074	-0.082494	-0.073036
50867	0.118056	-0.084579	-0.070101
50868	0.118552	-0.082421	-0.070224
50869	0.118179	-0.081198	-0.068943
50870	0.119523	-0.079263	-0.069357
50871	0.121332	-0.077527	-0.069529
50872	0.122178	-0.074403	-0.068705
50873	0.124343	-0.072516	-0.071625
50874	0.127312	-0.067713	-0.070305
50875	0.127996	-0.065627	-0.070814
50876	0.131231	-0.065495	-0.071123
50877	0.134894	-0.062134	-0.071344
50878	0.138361	-0.058518	-0.071262
50879	0.142649	-0.053803	-0.072257
50880	0.145842	-0.049988	-0.072992
50881	0.149884	-0.045295	-0.075290
50882	0.155747	-0.040193	-0.073894
50883	0.163633	-0.033036	-0.075256
50884	0.167281	-0.026723	-0.077652
50885	0.175289	-0.020929	-0.077381
50886	0.180904	-0.015258	-0.079540
50887	0.185049	-0.010489	-0.078869
50888	0.188514	-0.006867	-0.078784
50889	0.190132	-0.004672	-0.078827
50890	0.191746	-0.002927	-0.078422
50891	0.193982	-0.001370	-0.077392
50892	0.193431	0.002378	-0.077909
50893	0.192853	0.002421	-0.079199
50894	0.194117	0.003201	-0.079741
50895	0.193859	0.005334	-0.078491
50896	0.192777	0.005423	-0.077477
50897	0.193653	0.005980	-0.076885
50898	0.194566	0.005795	-0.078375
50899	0.194390	0.004278	-0.077315
50900	0.195535	0.007581	-0.078412
50901	0.195041	0.008719	-0.079879
50902	0.194336	0.010143	-0.080658
50903	0.194918	0.011917	-0.079341
50904	0.195635	0.013092	-0.081517
50905	0.198152	0.013347	-0.081201
50906	0.197524	0.015934	-0.081848
50907	0.197870	0.015755	-0.080301
50908	0.198860	0.016734	-0.081660
50909	0.200600	0.018499	-0.080778
50910	0.200742	0.019701	-0.081846
50911	0.201887	0.021882	-0.082154
50912	0.202926	0.023654	-0.080639
50913	0.205020	0.025309	-0.082267
50914	0.205386	0.025521	-0.085391
50915	0.207105	0.025909	-0.085111
50916	0.205201	0.026593	-0.086549
50917	0.205529	0.028894	-0.086761
50918	0.205397	0.030295	-0.088646
50919	0.206779	0.030812	-0.088599
50920	0.206346	0.032041	-0.088560
50921	0.207213	0.033867	-0.087163
50922	0.207627	0.034873	-0.087414
50923	0.209787	0.034138	-0.087894
50924	0.208583	0.036754	-0.087434
50925	0.209977	0.038650	-0.086357
50926	0.210392	0.039657	-0.086607
50927	0.211093	0.041565	-0.087157
50928	0.211158	0.041606	-0.088356
50929	0.209320	0.040940	-0.089387
50930	0.209734	0.041947	-0.089637
50931	0.206593	0.040099	-0.087465
50932	0.206278	0.038803	-0.086872
50933	0.204932	0.037830	-0.085873
50934	0.204072	0.036930	-0.086914
50935	0.203072	0.035748	-0.085994
50936	0.202757	0.034452	-0.085401
50937	0.201627	0.033366	-0.082857
50938	0.198341	0.030612	-0.082477
50939	0.198845	0.030146	-0.082445
50940	0.195636	0.028556	-0.081932
50941	0.194487	0.028715	-0.082266
50942	0.193051	0.027841	-0.082200
50943	0.191966	0.026729	-0.079869
50944	0.189877	0.024717	-0.078828
50945	0.188213	0.023703	-0.076110
50946	0.183883	0.022536	-0.076125
50947	0.182096	0.016589	-0.071736
50948	0.181236	0.015690	-0.072776
50949	0.179080	0.014902	-0.072072
50950	0.176991	0.012891	-0.071030
50951	0.174514	0.011103	-0.071121
50952	0.172425	0.009092	-0.070079
50953	0.169216	0.007336	-0.071559
50954	0.165929	0.004584	-0.071177
50955	0.162984	0.002704	-0.071482
50956	0.159775	0.001116	-0.070968
50957	0.156537	-0.002720	-0.070728
50958	0.152402	-0.005246	-0.070055
50959	0.150237	-0.008377	-0.071523
50960	0.147798	-0.011352	-0.071429
50961	0.146659	-0.015057	-0.071058
50962	0.141675	-0.017358	-0.070096
50963	0.140119	-0.021853	-0.069921
50964	0.135058	-0.025318	-0.069091
50965	0.132439	-0.027066	-0.067443
50966	0.129729	-0.029843	-0.068166
50967	0.126516	-0.032670	-0.066556
50968	0.124926	-0.035869	-0.066749
50969	0.122293	-0.038723	-0.066288
50970	0.119005	-0.041472	-0.065903
50971	0.115832	-0.043094	-0.063759
50972	0.114164	-0.047457	-0.064083
50973	0.111264	-0.050519	-0.062391
50974	0.107976	-0.053268	-0.062004
50975	0.104066	-0.057196	-0.062860
50976	0.099775	-0.062047	-0.062447
50977	0.096250	-0.067228	-0.061778
50978	0.086673	-0.069363	-0.060315
50979	0.078397	-0.074392	-0.061080
50980	0.071482	-0.079728	-0.059929
50981	0.062713	-0.084602	-0.058422
50982	0.056146	-0.088970	-0.056321
50983	0.048538	-0.092910	-0.053707
50984	0.041700	-0.097079	-0.052422
50985	0.032229	-0.101578	-0.048790
50986	0.025390	-0.105745	-0.047503
50987	0.016186	-0.111768	-0.043618
50988	0.008227	-0.115510	-0.042858
50989	0.000287	-0.119086	-0.040542
50990	-0.007325	-0.121859	-0.038832
50991	-0.015753	-0.126744	-0.037928
50992	-0.024447	-0.132779	-0.036319
50993	-0.033041	-0.136435	-0.035923
50994	-0.042237	-0.141275	-0.033076
50995	-0.053872	-0.143902	-0.034241
50996	-0.065385	-0.149053	-0.032578
50997	-0.076969	-0.153961	-0.032516
50998	-0.089410	-0.160045	-0.030691
50999	-0.102110	-0.164542	-0.031432
51000	-0.112119	-0.168782	-0.031032
51001	-0.118669	-0.173316	-0.031409
51002	-0.125395	-0.175942	-0.032724
51003	-0.130768	-0.178106	-0.031478
51004	-0.137918	-0.178372	-0.031427
51005	-0.141791	-0.179405	-0.033602
51006	-0.147744	-0.178931	-0.032893
51007	-0.154613	-0.181761	-0.032832
51008	-0.162769	-0.184124	-0.032749
51009	-0.169608	-0.187097	-0.032649
51010	-0.178573	-0.188869	-0.035019
51011	-0.186110	-0.195173	-0.032015
51012	-0.192064	-0.194696	-0.031305
51013	-0.198019	-0.198905	-0.033672
51014	-0.204476	-0.201722	-0.034166
51015	-0.207824	-0.204466	-0.035492
51016	-0.210535	-0.207231	-0.036196
51017	-0.210090	-0.208710	-0.037331
51018	-0.209325	-0.211228	-0.039063
51019	-0.208736	-0.211470	-0.040657
51020	-0.205655	-0.213675	-0.041204
51021	-0.203593	-0.214376	-0.044736
51022	-0.199583	-0.215647	-0.045444
51023	-0.197025	-0.215330	-0.045842
51024	-0.194907	-0.214782	-0.046660
51025	-0.193680	-0.215230	-0.045504
51026	-0.191683	-0.216206	-0.043709
51027	-0.189502	-0.217035	-0.044534
51028	-0.190861	-0.216734	-0.044324
51029	-0.190918	-0.217025	-0.043811
51030	-0.190577	-0.217183	-0.044180
51031	-0.192774	-0.217909	-0.042876
51032	-0.194791	-0.218740	-0.041688
51033	-0.196308	-0.219653	-0.040823
51034	-0.201803	-0.220730	-0.038608
51035	-0.208285	-0.221365	-0.036771
51036	-0.212817	-0.225195	-0.034285
51037	-0.219887	-0.228433	-0.033330
51038	-0.228435	-0.232113	-0.031452
51039	-0.236671	-0.236062	-0.031422
51040	-0.248351	-0.239017	-0.027569
51041	-0.260979	-0.243055	-0.025353
51042	-0.272929	-0.245810	-0.022316
51043	-0.288260	-0.248808	-0.017645
51044	-0.301296	-0.250324	-0.012265
51045	-0.316528	-0.253353	-0.008749
51046	-0.332730	-0.254942	-0.004264
51047	-0.348725	-0.257796	-0.001392
51048	-0.365589	-0.260505	0.004073
51049	-0.384659	-0.264757	0.007791
51050	-0.401872	-0.268425	0.012313
51051	-0.424086	-0.271811	0.018001
51052	-0.444277	-0.276905	0.022321
51053	-0.463890	-0.281070	0.026537
51054	-0.485517	-0.285882	0.032257
51055	-0.505358	-0.289682	0.039215
51056	-0.525208	-0.293783	0.044487
51057	-0.543089	-0.299573	0.050621
51058	-0.559775	-0.303591	0.056793
51059	-0.571211	-0.309609	0.063582
51060	-0.579818	-0.313593	0.068227
51061	-0.587060	-0.316963	0.073184
51062	-0.588941	-0.319483	0.077822
51063	-0.586404	-0.320763	0.082883
51064	-0.578767	-0.323535	0.084595
51065	-0.568855	-0.324490	0.086329
51066	-0.557153	-0.327074	0.085905
51067	-0.545155	-0.327016	0.083454
51068	-0.530476	-0.328167	0.083233
51069	-0.516336	-0.327567	0.079775
51070	-0.500599	-0.326269	0.076774
51071	-0.485969	-0.323291	0.071582
51072	-0.466514	-0.318264	0.067933
51073	-0.444462	-0.313065	0.061591
51074	-0.420976	-0.304146	0.055376
51075	-0.395289	-0.297462	0.051449
51076	-0.369336	-0.285889	0.046684
51077	-0.343257	-0.274321	0.041936
51078	-0.317073	-0.259236	0.037569
51079	-0.287043	-0.241576	0.031433
51080	-0.247798	-0.225279	0.023275
51081	-0.196411	-0.209151	0.015034
51082	-0.133378	-0.194755	0.001281
51083	-0.068481	-0.187923	-0.014267
51084	-0.009147	-0.202905	-0.033577
51085	0.029130	-0.244321	-0.061196
51086	0.020905	-0.343649	-0.110140
51087	-0.040883	-0.590877	-0.197255
51088	-0.147088	-1.091952	-0.285608
51089	-0.331620	-1.889704	-0.390886
51090	-0.637146	-2.938832	-0.567960
51091	-0.993975	-4.064106	-0.768028
51092	-1.629364	-5.286140	-1.176816
51093	-2.739906	-6.581282	-1.810312
51094	-4.195332	-7.909385	-2.078070
51095	-5.248099	-8.934137	-1.322195
51096	-5.786205	-9.741741	0.512596
51097	-6.687406	-10.651033	2.907288
51098	-8.351639	-11.689635	5.409416
51099	-10.525992	-12.734589	7.872780
51100	-12.791413	-13.683665	10.243499
51101	-14.988622	-14.520907	12.444962
51102	-17.095251	-15.312618	14.349146
51103	-19.069488	-16.075683	15.861288
51104	-20.758933	-16.746448	16.960927
51105	-22.032452	-17.279662	17.694725
51106	-22.890844	-17.712950	18.071436
51107	-23.424958	-18.117076	18.109673
51108	-23.695261	-18.533358	17.909292
51109	-23.758016	-18.990960	17.579599
51110	-23.684048	-19.477526	17.206390
51111	-23.532790	-19.960222	16.865528
51112	-23.316913	-20.422243	16.590060
51113	-23.022864	-20.831327	16.344667
51114	-22.628721	-21.151364	16.098257
51115	-22.105943	-21.384168	15.807776
51116	-21.407954	-21.539093	15.413446
51117	-20.494355	-21.602053	14.846342
51118	-19.353919	-21.566727	14.072010
51119	-17.996246	-21.439902	13.102342
51120	-16.475203	-21.210498	11.957602
51121	-14.811637	-20.868436	10.667532
51122	-13.051878	-20.430596	9.290331
51123	-11.259386	-19.895563	7.880988
51124	-9.497478	-19.222594	6.504508
51125	-7.807799	-18.407933	5.219752
51126	-6.227517	-17.488088	4.061896
51127	-4.788189	-16.505603	3.035405
51128	-3.516962	-15.487774	2.128966
51129	-2.376950	-14.439041	1.325435
51130	-1.328556	-13.349914	0.609280
51131	-0.357118	-12.230332	-0.023477
51132	0.532178	-11.095824	-0.565023
51133	1.304644	-9.965428	-1.017516
51134	1.943989	-8.859532	-1.361407
51135	2.455422	-7.793467	-1.585968
51136	2.829163	-6.809335	-1.688046
51137	3.073225	-5.934248	-1.695606
51138	3.232197	-5.163676	-1.630934
51139	3.358170	-4.486215	-1.523085
51140	3.458350	-3.913910	-1.394916
51141	3.568112	-3.426526	-1.265151
51142	3.691745	-3.042505	-1.112884
51143	3.803615	-2.774685	-0.943548
51144	3.842598	-2.588619	-0.738695
51145	3.804242	-2.466842	-0.491266
51146	3.747610	-2.431254	-0.199952
51147	3.692371	-2.492576	0.132910
51148	3.638969	-2.693288	0.504931
51149	3.592981	-3.078175	0.919645
51150	3.529600	-3.702908	1.366383
51151	3.397300	-4.591619	1.829731
51152	3.114472	-5.697368	2.293334
51153	2.564325	-6.844810	2.809543
51154	1.762712	-7.808283	3.462710
51155	0.843198	-8.487697	4.324765
51156	-0.026355	-8.176808	5.087481
51157	-0.336157	-7.370210	5.572949
51158	-0.548709	-6.924451	6.182964
51159	-0.779268	-6.367131	6.490464
51160	-0.906017	-5.865543	6.551747
51161	-0.864531	-5.428354	6.505127
51162	-0.740468	-5.102442	6.325331
51163	-0.585478	-4.943825	6.105984
51164	-0.501419	-4.918320	5.796971
51165	-0.515432	-4.984584	5.446860
51166	-0.546850	-5.076383	5.138970
51167	-0.566949	-5.125218	4.946459
51168	-0.554582	-5.141880	4.831508
51169	-0.572607	-5.068665	4.739485
51170	-0.571959	-4.880092	4.669440
51171	-0.506174	-4.604765	4.579329
51172	-0.413602	-4.350207	4.470302
51173	-0.289797	-4.193949	4.388321
51174	-0.214282	-4.144286	4.343341
51175	-0.178065	-4.165206	4.318332
51176	-0.186808	-4.202097	4.272773
51177	-0.233170	-4.231040	4.251625
51178	-0.284888	-4.232962	4.261665
51179	-0.326746	-4.211971	4.299178
51180	-0.371210	-4.173067	4.346448
51181	-0.418099	-4.108437	4.404565
51182	-0.469755	-4.016404	4.448895
51183	-0.528392	-3.925552	4.472440
51184	-0.580978	-3.835136	4.493856
51185	-0.622895	-3.741344	4.514086
51186	-0.663199	-3.657968	4.539544
51187	-0.685564	-3.575235	4.576490
51188	-0.683246	-3.471828	4.652267
51189	-0.660204	-3.323504	4.775365
51190	-0.619778	-3.158462	4.935658
51191	-0.549665	-2.976847	5.112081
51192	-0.472104	-2.797552	5.303551
51193	-0.404573	-2.656555	5.483850
51194	-0.336245	-2.552274	5.647813
51195	-0.277946	-2.478320	5.789598
51196	-0.225238	-2.413569	5.902563
51197	-0.175027	-2.353856	5.989115
51198	-0.130383	-2.286991	6.051948
51199	-0.093208	-2.217992	6.095503
51200	-0.052740	-2.144104	6.116833
51201	-0.017800	-2.062933	6.120861
51202	-0.000680	-1.994123	6.111092
51203	0.004130	-1.944273	6.104097
51204	0.009286	-1.901341	6.094108
51205	0.010761	-1.862231	6.085601
51206	0.010937	-1.826076	6.077026
51207	0.015539	-1.803632	6.089825
51208	0.019933	-1.789025	6.110660
51209	0.011865	-1.786376	6.125255
51210	-0.006984	-1.790900	6.131936
51211	-0.034833	-1.795421	6.134040
51212	-0.069678	-1.796659	6.131403
51213	-0.109539	-1.791948	6.122950
51214	-0.147787	-1.775994	6.107402
51215	-0.180883	-1.752267	6.090543
51216	-0.209462	-1.722518	6.071336
51217	-0.235269	-1.695530	6.055472
51218	-0.257190	-1.669281	6.046538
51219	-0.274876	-1.645264	6.042425
51220	-0.297298	-1.625547	6.039994
51221	-0.328269	-1.613031	6.042766
51222	-0.366411	-1.605262	6.048808
51223	-0.397264	-1.599383	6.056976
51224	-0.413507	-1.592521	6.062689
51225	-0.420638	-1.586990	6.070065
51226	-0.420809	-1.587222	6.086396
51227	-0.410253	-1.591503	6.113592
51228	-0.394125	-1.591774	6.142426
51229	-0.366995	-1.589744	6.165555
51230	-0.329883	-1.589704	6.184449
51231	-0.301752	-1.573648	6.197433
51232	-0.277552	-1.565606	6.209486
51233	-0.255443	-1.556242	6.214133
51234	-0.240935	-1.551641	6.211175
51235	-0.226327	-1.550086	6.212341
51236	-0.203139	-1.553906	6.211940
51237	-0.164528	-1.549440	6.215490
51238	-0.123900	-1.538085	6.217612
51239	-0.077243	-1.523028	6.219420
51240	-0.019002	-1.493759	6.220795
51241	0.064594	-1.463622	6.251437
51242	0.215265	-1.451835	6.387670
51243	0.406358	-1.476584	6.538333
51244	0.603453	-1.508234	6.626385
51245	0.780322	-1.524218	6.681601
51246	0.910371	-1.530516	6.709241
51247	0.994817	-1.530403	6.720401
51248	1.032359	-1.527356	6.721323
51249	1.029498	-1.529914	6.719736
51250	0.999700	-1.538960	6.726096
51251	0.941155	-1.557786	6.728543
51252	0.864060	-1.580523	6.731342
51253	0.785949	-1.595594	6.721954
51254	0.731620	-1.595347	6.692225
51255	0.699193	-1.576837	6.653318
51256	0.679491	-1.546840	6.612360
51257	0.667159	-1.507440	6.570681
51258	0.662329	-1.462253	6.530376
51259	0.661975	-1.417898	6.492284
51260	0.661259	-1.373787	6.459737
51261	0.659229	-1.336152	6.433927
51262	0.655114	-1.301628	6.411893
51263	0.648205	-1.270299	6.393884
51264	0.639537	-1.244525	6.378250
51265	0.633056	-1.221407	6.367081
51266	0.625419	-1.197645	6.355408
51267	0.623707	-1.177627	6.345083
51268	0.622200	-1.155100	6.335061
51269	0.622034	-1.135876	6.326905
51270	0.620950	-1.116181	6.319066
51271	0.620031	-1.097997	6.311887
51272	0.620073	-1.082586	6.305797
51273	0.620282	-1.068685	6.300367
51274	0.621357	-1.056226	6.295347
51275	0.622837	-1.045450	6.291806
51276	0.622195	-1.041247	6.289676
51277	0.619245	-1.035195	6.288547
51278	0.611547	-1.033528	6.289028
51279	0.602301	-1.035292	6.291296
51280	0.589886	-1.040677	6.293908
51281	0.572644	-1.050608	6.297269
51282	0.556157	-1.060654	6.300362
51283	0.540359	-1.070976	6.302320
51284	0.524756	-1.078804	6.304583
51285	0.508732	-1.088014	6.308624
51286	0.492947	-1.092233	6.312424
51287	0.478090	-1.096901	6.315910
51288	0.464270	-1.099364	6.319403
51289	0.452976	-1.100585	6.324207
51290	0.443884	-1.102331	6.327330
51291	0.435019	-1.103078	6.330570
51292	0.430000	-1.100162	6.333211
51293	0.424322	-1.098457	6.336806
51294	0.418699	-1.095423	6.340561
51295	0.414005	-1.092841	6.344000
51296	0.409828	-1.090210	6.346347
51297	0.406439	-1.089192	6.348239
51298	0.403899	-1.089635	6.350542
51299	0.399907	-1.088499	6.353549
51300	0.395542	-1.089526	6.356302
51301	0.389680	-1.091470	6.360303
51302	0.383727	-1.093252	6.364326
51303	0.376691	-1.093398	6.367116
51304	0.368722	-1.093092	6.370222
51305	0.360846	-1.092946	6.373306
51306	0.351097	-1.090723	6.376316
51307	0.343733	-1.089358	6.377600
51308	0.336272	-1.087830	6.378908
51309	0.331763	-1.082510	6.379042
51310	0.329175	-1.079114	6.380117
51311	0.327428	-1.074835	6.380192
51312	0.326902	-1.071027	6.381641
51313	0.325997	-1.067037	6.381423
51314	0.326917	-1.063637	6.381463
51315	0.323950	-1.060056	6.380871
51316	0.322298	-1.058283	6.382337
51317	0.321110	-1.056615	6.381843
51318	0.320525	-1.056244	6.380941
51319	0.319196	-1.055739	6.380309
51320	0.318053	-1.052749	6.379976
51321	0.318088	-1.050378	6.380149
51322	0.317786	-1.047679	6.379523
51323	0.319125	-1.046880	6.378150
51324	0.318965	-1.043016	6.377662
51325	0.319463	-1.041927	6.376582
51326	0.318177	-1.040099	6.376111
51327	0.318024	-1.035054	6.374917
51328	0.317626	-1.031017	6.373607
51329	0.316348	-1.028009	6.372429
51330	0.316330	-1.022978	6.372080
51331	0.317020	-1.018222	6.370592
51332	0.316668	-1.011682	6.368738
51333	0.315629	-1.008843	6.368381
51334	0.316072	-1.005094	6.366780
51335	0.316621	-1.001499	6.365155
51336	0.315238	-0.998332	6.364000
51337	0.312659	-0.993743	6.364366
51338	0.312356	-0.991038	6.363740
51339	0.310904	-0.984408	6.364091
51340	0.309521	-0.981240	6.362936
51341	0.309184	-0.979849	6.362148
51342	0.309164	-0.974814	6.361800
51343	0.309113	-0.971092	6.361289
51344	0.310776	-0.966638	6.360357
51345	0.310867	-0.961750	6.359985
51346	0.309341	-0.959745	6.358691
51347	0.312196	-0.955902	6.358265
51348	0.311287	-0.953076	6.358754
51349	0.312682	-0.949761	6.356838
51350	0.313361	-0.946178	6.356060
51351	0.315232	-0.943206	6.355788
51352	0.317594	-0.940206	6.354427
51353	0.320293	-0.938463	6.350967
51354	0.322431	-0.934350	6.351681
51355	0.324719	-0.935162	6.350701
51356	0.325493	-0.932916	6.350606
51357	0.327732	-0.929886	6.348400
51358	0.329348	-0.927931	6.348014
51359	0.330700	-0.927113	6.346643
51360	0.332078	-0.924985	6.345435
51361	0.333953	-0.922006	6.345164
51362	0.334856	-0.919532	6.342312
51363	0.338368	-0.919638	6.342003
51364	0.338666	-0.917045	6.340265
51365	0.340400	-0.915228	6.339855
51366	0.340794	-0.913973	6.338800
51367	0.343037	-0.910935	6.336595
51368	0.342589	-0.909388	6.335831
51369	0.343674	-0.909957	6.337078
51370	0.342147	-0.907946	6.335783
51371	0.343028	-0.906773	6.332768
51372	0.343043	-0.906511	6.330751
51373	0.341875	-0.904809	6.330254
51374	0.341568	-0.902096	6.329630
51375	0.340626	-0.901504	6.327057
51376	0.340178	-0.899957	6.326293
51377	0.337932	-0.897789	6.325265
51378	0.340247	-0.897289	6.324450
51379	0.338713	-0.895639	6.325888
51380	0.340232	-0.892341	6.324822
51381	0.340846	-0.892559	6.324425
51382	0.341239	-0.891302	6.323370
51383	0.341995	-0.890352	6.323113
51384	0.342960	-0.890781	6.324385
51385	0.346859	-0.889884	6.325040
51386	0.345523	-0.890550	6.325109
51387	0.348298	-0.891696	6.325774
51388	0.349071	-0.889444	6.325682
51389	0.350908	-0.888958	6.325956
51390	0.351398	-0.889040	6.325584
51391	0.351411	-0.889135	6.326299
51392	0.350680	-0.889920	6.325255
51393	0.348857	-0.891536	6.323515
51394	0.349488	-0.890451	6.323283
51395	0.348141	-0.892413	6.323187
51396	0.346663	-0.894246	6.323116
51397	0.346571	-0.893937	6.320252
51398	0.346919	-0.895186	6.319740
51399	0.347444	-0.894056	6.318661
51400	0.348917	-0.893262	6.318138
51401	0.350380	-0.893764	6.317450
51402	0.351011	-0.892679	6.317218
51403	0.351361	-0.894283	6.319438
51404	0.349883	-0.896116	6.319366
51405	0.344899	-0.898301	6.323050
51406	0.338276	-0.903396	6.325806
51407	0.324393	-0.909603	6.329621
51408	0.309103	-0.918893	6.333334
51409	0.290065	-0.929291	6.337085
51410	0.266246	-0.941599	6.341902
51411	0.237376	-0.953425	6.348304
51412	0.205915	-0.966522	6.353399
51413	0.166822	-0.981693	6.358604
51414	0.125417	-0.995796	6.362786
51415	0.082941	-1.010695	6.366284
51416	0.043356	-1.024183	6.370046
51417	0.008190	-1.035796	6.374684
51418	-0.027468	-1.046719	6.374954
51419	-0.057862	-1.061465	6.380487
51420	-0.086441	-1.074342	6.385744
51421	-0.114173	-1.088787	6.390557
51422	-0.140616	-1.105433	6.388211
51423	-0.169215	-1.123370	6.381757
51424	-0.200776	-1.142623	6.375944
51425	-0.236370	-1.166233	6.367031
51426	-0.276196	-1.194353	6.358659
51427	-0.320144	-1.224528	6.349406
51428	-0.370909	-1.259853	6.345036
51429	-0.423819	-1.293570	6.345265
51430	-0.481556	-1.333551	6.354218
51431	-0.542491	-1.383484	6.364540
51432	-0.602413	-1.448075	6.370580
51433	-0.657232	-1.545096	6.374105
51434	-0.718030	-1.698104	6.372158
51435	-0.796143	-1.927533	6.370786
51436	-0.943712	-2.255955	6.335933
51437	-1.145343	-2.730636	6.279169
51438	-1.427865	-3.349157	6.214143
51439	-1.732080	-4.112503	6.168997
51440	-2.077603	-5.010939	6.119013
51441	-2.475599	-6.031315	6.047216
51442	-2.946975	-7.144496	5.943410
51443	-3.538900	-8.333210	5.771717
51444	-4.325198	-9.572690	5.495301
51445	-5.348211	-10.800806	5.112500
51446	-6.531496	-11.906479	4.610935
51447	-7.765353	-12.900356	4.210323
51448	-8.601231	-13.816070	4.463632
51449	-8.884637	-14.505314	5.345777
51450	-9.343772	-15.225936	6.525752
51451	-10.351736	-16.074673	7.726971
51452	-11.690245	-16.921956	8.900925
51453	-12.988213	-17.691370	10.110080
51454	-14.166164	-18.411586	11.337412
51455	-15.409152	-19.125369	12.487866
51456	-16.808328	-19.817238	13.487622
51457	-18.237667	-20.484261	14.375949
51458	-19.591209	-21.142310	15.199531
51459	-20.888019	-21.793708	15.958626
51460	-22.129676	-22.428502	16.629438
51461	-23.211937	-22.998840	17.206488
51462	-24.043547	-23.485025	17.678190
51463	-24.641168	-23.947600	18.008440
51464	-25.030579	-24.458319	18.170196
51465	-25.172643	-25.004840	18.170115
51466	-25.045030	-25.584121	18.031638
51467	-24.664371	-26.182528	17.712893
51468	-24.024398	-26.760753	17.138154
51469	-23.091870	-27.300435	16.267106
51470	-21.831819	-27.789554	15.082776
51471	-20.261202	-28.221456	13.601187
51472	-18.428698	-28.572838	11.883993
51473	-16.376897	-28.812492	10.016534
51474	-14.174433	-28.927818	8.061695
51475	-11.900500	-28.935129	6.089112
51476	-9.635421	-28.851448	4.189557
51477	-7.433252	-28.690035	2.431779
51478	-5.352485	-28.464719	0.843802
51479	-3.439945	-28.170592	-0.590666
51480	-1.710308	-27.775700	-1.878525
51481	-0.119384	-27.275845	-3.022765
51482	1.357461	-26.705669	-4.047550
51483	2.732600	-26.074980	-4.965468
51484	4.001589	-25.396976	-5.777833
51485	5.154098	-24.695648	-6.480092
51486	6.155972	-23.962430	-7.067114
51487	7.007013	-23.196275	-7.533965
51488	7.695705	-22.434240	-7.883334
51489	8.243784	-21.686232	-8.109791
51490	8.676684	-20.952033	-8.212322
51491	8.992406	-20.222031	-8.194855
51492	9.181659	-19.499645	-8.055088
51493	9.208462	-18.801109	-7.815511
51494	9.107268	-18.114630	-7.542724
51495	8.997533	-17.441558	-7.264798
51496	8.931052	-16.779121	-6.990504
51497	8.878673	-16.116769	-6.722300
51498	8.796691	-15.437400	-6.439135
51499	8.659003	-14.749365	-6.117575
51500	8.439931	-14.067490	-5.754529
51501	8.168982	-13.407711	-5.371555
51502	7.897583	-12.776055	-4.967968
51503	7.632603	-12.172717	-4.551851
51504	7.357032	-11.593975	-4.170216
51505	7.062559	-11.030027	-3.828831
51506	6.765580	-10.465477	-3.526696
51507	6.489714	-9.896929	-3.265813
51508	6.236652	-9.333674	-3.065762
51509	6.000883	-8.803305	-2.944948
51510	5.775928	-8.313402	-2.918623
51511	5.576266	-7.862509	-2.974981
51512	5.402791	-7.467464	-3.077690
51513	5.229164	-7.144237	-3.202168
51514	5.029875	-6.905783	-3.311954
51515	4.819832	-6.765763	-3.382150
51516	4.582781	-6.726371	-3.416997
51517	4.310554	-6.751874	-3.424164
51518	4.017108	-6.818315	-3.401462
51519	3.698529	-6.902639	-3.340518
51520	3.363469	-6.983034	-3.238063
51521	3.032375	-7.052638	-3.095662
51522	2.689777	-7.135992	-2.934898
51523	2.323751	-7.256523	-2.771530
51524	1.934657	-7.391573	-2.594646
51525	1.533744	-7.505908	-2.405407
51526	1.124538	-7.584175	-2.208523
51527	0.720785	-7.630297	-2.006040
51528	0.310996	-7.628752	-1.805698
51529	0.122989	-6.858545	-1.892374
51530	0.022277	-6.096597	-1.870960
51531	0.037112	-5.336376	-1.755006
51532	-0.029017	-4.632320	-1.835363
51533	0.022866	-3.995434	-1.903238
51534	0.087831	-3.616535	-1.933774
51535	0.113893	-3.539244	-2.006932
51536	0.044374	-3.694266	-2.080394
51537	-0.022553	-3.891372	-2.152867
51538	-0.054068	-4.111579	-2.289262
51539	-0.070298	-4.305497	-2.451636
51540	-0.045533	-4.380048	-2.590103
51541	0.002048	-4.341533	-2.686801
51542	0.060846	-4.244588	-2.744406
51543	0.119071	-4.182427	-2.831270
51544	0.178825	-4.144568	-2.921048
51545	0.227757	-4.093541	-2.960507
51546	0.265145	-4.029147	-2.954899
51547	0.299127	-3.956304	-2.938700
51548	0.328350	-3.876502	-2.912631
51549	0.346420	-3.775753	-2.873563
51550	0.363830	-3.666913	-2.823966
51551	0.385001	-3.552794	-2.743551
51552	0.403719	-3.421126	-2.614853
51553	0.422205	-3.271261	-2.425542
51554	0.452695	-3.105814	-2.198255
51555	0.483257	-2.924380	-1.963936
51556	0.518818	-2.717327	-1.750370
51557	0.540370	-2.531069	-1.605001
51558	0.549058	-2.378794	-1.515539
51559	0.540496	-2.246132	-1.463009
51560	0.522565	-2.130967	-1.430349
51561	0.502384	-2.034760	-1.395083
51562	0.476717	-1.957188	-1.351613
51563	0.450287	-1.889453	-1.298254
51564	0.416919	-1.835288	-1.235527
51565	0.382241	-1.783610	-1.177357
51566	0.349387	-1.727611	-1.125637
51567	0.311113	-1.679995	-1.078973
51568	0.267217	-1.643128	-1.043213
51569	0.215764	-1.616333	-1.013017
51570	0.166352	-1.601579	-0.993453
51571	0.112204	-1.590250	-0.973846
51572	0.055517	-1.589131	-0.952157
51573	0.011182	-1.591491	-0.933750
51574	-0.022057	-1.589057	-0.913465
51575	-0.052103	-1.591539	-0.892043
51576	-0.080258	-1.600141	-0.872975
51577	-0.099968	-1.609015	-0.854637
51578	-0.110354	-1.616547	-0.839875
51579	-0.110112	-1.624250	-0.831090
51580	-0.100397	-1.628302	-0.825611
51581	-0.091863	-1.631472	-0.824236
51582	-0.088652	-1.644770	-0.823582
51583	-0.079358	-1.651265	-0.825655
51584	-0.073035	-1.654960	-0.831065
51585	-0.072932	-1.656228	-0.832399
51586	-0.072158	-1.657965	-0.831261
51587	-0.082285	-1.666803	-0.825019
51588	-0.093788	-1.668053	-0.817339
51589	-0.106632	-1.669974	-0.811163
51590	-0.114056	-1.667300	-0.806019
51591	-0.120816	-1.661107	-0.802411
51592	-0.128133	-1.652411	-0.797394
51593	-0.140004	-1.645607	-0.794919
51594	-0.157589	-1.643476	-0.788623
51595	-0.181167	-1.643959	-0.777173
51596	-0.209389	-1.651476	-0.764387
51597	-0.239269	-1.654969	-0.751446
51598	-0.267000	-1.662866	-0.737018
51599	-0.288192	-1.665538	-0.723828
51600	-0.304215	-1.663426	-0.712492
51601	-0.315417	-1.661272	-0.704423
51602	-0.309487	-1.653121	-0.699809
51603	-0.282692	-1.640967	-0.687124
51604	-0.242813	-1.637394	-0.652896
51605	-0.193091	-1.618648	-0.613094
51606	-0.153176	-1.595046	-0.583468
51607	-0.121056	-1.565216	-0.555196
51608	-0.075529	-1.517910	-0.534060
51609	-0.021216	-1.464105	-0.519200
51610	-0.003471	-1.436580	-0.499767
51611	-0.004404	-1.427077	-0.490095
51612	-0.008169	-1.427439	-0.488329
51613	-0.028014	-1.432491	-0.486056
51614	-0.065991	-1.440896	-0.486199
51615	-0.117696	-1.442969	-0.491450
51616	-0.188656	-1.447931	-0.499637
51617	-0.260970	-1.452727	-0.506446
51618	-0.326510	-1.457281	-0.512515
51619	-0.381098	-1.463209	-0.517421
51620	-0.428680	-1.465425	-0.521184
51621	-0.468146	-1.471038	-0.520451
51622	-0.500847	-1.472741	-0.519400
51623	-0.528149	-1.476560	-0.516544
51624	-0.549897	-1.476413	-0.511162
51625	-0.565280	-1.478256	-0.507008
51626	-0.574133	-1.476002	-0.503359
51627	-0.579376	-1.473661	-0.500755
51628	-0.580598	-1.471008	-0.500253
51629	-0.579676	-1.467997	-0.499401
51630	-0.577139	-1.465331	-0.499100
51631	-0.574425	-1.461629	-0.498690
51632	-0.568303	-1.457581	-0.499275
51633	-0.558853	-1.452450	-0.498844
51634	-0.551151	-1.445546	-0.497676
51635	-0.542200	-1.440006	-0.498878
51636	-0.536790	-1.433385	-0.498903
51637	-0.528625	-1.426437	-0.499680
51638	-0.522457	-1.417515	-0.500539
51639	-0.516408	-1.412217	-0.501826
51640	-0.510315	-1.404459	-0.502818
51641	-0.507949	-1.398005	-0.503771
51642	-0.504149	-1.390530	-0.505956
51643	-0.504579	-1.386862	-0.506451
51644	-0.504972	-1.380736	-0.506650
51645	-0.506083	-1.378200	-0.506175
51646	-0.503114	-1.374190	-0.507659
51647	-0.496449	-1.368918	-0.510048
51648	-0.486525	-1.359972	-0.511096
51649	-0.473483	-1.350520	-0.514816
51650	-0.458290	-1.336949	-0.517723
51651	-0.444779	-1.324192	-0.520212
51652	-0.429128	-1.312980	-0.524488
51653	-0.411532	-1.296317	-0.529496
51654	-0.392868	-1.278794	-0.533805
51655	-0.372734	-1.259117	-0.540069
51656	-0.350095	-1.235131	-0.547429
51657	-0.324706	-1.210799	-0.555524
51658	-0.298029	-1.182088	-0.562501
51659	-0.268783	-1.151650	-0.570887
51660	-0.238113	-1.123084	-0.577202
51661	-0.204166	-1.095361	-0.585484
51662	-0.171723	-1.066054	-0.592197
51663	-0.142046	-1.040832	-0.598618
51664	-0.115271	-1.018280	-0.604565
51665	-0.093148	-0.997973	-0.610339
51666	-0.071529	-0.982608	-0.613904
51667	-0.054987	-0.967908	-0.618798
51668	-0.043853	-0.954028	-0.622237
51669	-0.032248	-0.940078	-0.627617
51670	-0.022976	-0.928069	-0.630764
51671	-0.014693	-0.915732	-0.634466
51672	-0.006606	-0.904448	-0.638283
51673	-0.001473	-0.892163	-0.642906
51674	0.005980	-0.880069	-0.642738
51675	0.014164	-0.868112	-0.643695
51676	0.021038	-0.856770	-0.645301
51677	0.026894	-0.849995	-0.647214
51678	0.032694	-0.841935	-0.648959
51679	0.038549	-0.835155	-0.650870
51680	0.044529	-0.828473	-0.651938
51681	0.049780	-0.821665	-0.652746
51682	0.052356	-0.814832	-0.655558
51683	0.055861	-0.812459	-0.655549
51684	0.057690	-0.807947	-0.657544
51685	0.062726	-0.804652	-0.658777
51686	0.065736	-0.799407	-0.660094
51687	0.068734	-0.796611	-0.661720
51688	0.071854	-0.793921	-0.662503
51689	0.076398	-0.793154	-0.662101
51690	0.078687	-0.791010	-0.665481
51691	0.082557	-0.791394	-0.664120
51692	0.082526	-0.788761	-0.665832
51693	0.085638	-0.788517	-0.666925
51694	0.087576	-0.786558	-0.668386
51695	0.088974	-0.785848	-0.668913
51696	0.089911	-0.786004	-0.670376
51697	0.093167	-0.783410	-0.671183
51698	0.092390	-0.783101	-0.672080
51699	0.092043	-0.786829	-0.671794
51700	0.090661	-0.786496	-0.671590
51701	0.090991	-0.789073	-0.672263
51702	0.089538	-0.789914	-0.672201
51703	0.090012	-0.790141	-0.672588
51704	0.089839	-0.789855	-0.674586
51705	0.092028	-0.790547	-0.675539
51706	0.092290	-0.791853	-0.676044
51707	0.097013	-0.789510	-0.678234
51708	0.101425	-0.788641	-0.677805
51709	0.103251	-0.786565	-0.680108
51710	0.107156	-0.785277	-0.681315
51711	0.110021	-0.784814	-0.683225
51712	0.115460	-0.782607	-0.685673
51713	0.118072	-0.781933	-0.688402
51714	0.123763	-0.779934	-0.690030
51715	0.127811	-0.778735	-0.691262
51716	0.132222	-0.777865	-0.690832
51717	0.136129	-0.779014	-0.692351
51718	0.140820	-0.779130	-0.693984
51719	0.145052	-0.779314	-0.694541
51720	0.149743	-0.779430	-0.696174
51721	0.155229	-0.777707	-0.695908
51722	0.155633	-0.776663	-0.696127
51723	0.158648	-0.773845	-0.697750
51724	0.161876	-0.773706	-0.697999
51725	0.164035	-0.770655	-0.699339
51726	0.164719	-0.770597	-0.701621
51727	0.165204	-0.770815	-0.702010
51728	0.164355	-0.771678	-0.703054
51729	0.161511	-0.770569	-0.705049
51730	0.159381	-0.772563	-0.704035
51731	0.158325	-0.770742	-0.706452
51732	0.157618	-0.769255	-0.707207
51733	0.158852	-0.767143	-0.708408
51734	0.159283	-0.766874	-0.711508
51735	0.160628	-0.767321	-0.712180
51736	0.161031	-0.766275	-0.712399
51737	0.161194	-0.767453	-0.713750
51738	0.163142	-0.768445	-0.711941
51739	0.167060	-0.769584	-0.713460
51740	0.166353	-0.768096	-0.714214
51741	0.167881	-0.769923	-0.714212
51742	0.167819	-0.772192	-0.715683
51743	0.166777	-0.773323	-0.714833
51744	0.166967	-0.775802	-0.715486
51745	0.167965	-0.776431	-0.714238
51746	0.166369	-0.779621	-0.714471
51747	0.163461	-0.779676	-0.716612
51748	0.164690	-0.783772	-0.716873
51749	0.162611	-0.783282	-0.716415
51750	0.161015	-0.786471	-0.716647
51751	0.159653	-0.788562	-0.716760
51752	0.158198	-0.789402	-0.716703
51753	0.156584	-0.791282	-0.717635
51754	0.155271	-0.789771	-0.717288
51755	0.154949	-0.793478	-0.717010
51756	0.151850	-0.792678	-0.716244
51757	0.150560	-0.793592	-0.716212
51758	0.148318	-0.793023	-0.715728
51759	0.145312	-0.793473	-0.715132
51760	0.141324	-0.797350	-0.713844
51761	0.133817	-0.800160	-0.712270
51762	0.125719	-0.804258	-0.708895
51763	0.117403	-0.813525	-0.703386
51764	0.104620	-0.818595	-0.699704
51765	0.091116	-0.828408	-0.695524
51766	0.075724	-0.837683	-0.690749
51767	0.056503	-0.849796	-0.683381
51768	0.035497	-0.863926	-0.674885
51769	0.014589	-0.876333	-0.669823
51770	-0.009999	-0.891858	-0.660472
51771	-0.039244	-0.910747	-0.651117
51772	-0.067994	-0.928411	-0.642682
51773	-0.099287	-0.947762	-0.633701
51774	-0.129336	-0.966516	-0.623185
51775	-0.158959	-0.985518	-0.611867
51776	-0.186981	-1.003745	-0.600935
51777	-0.213646	-1.021285	-0.589346
51778	-0.242538	-1.039244	-0.578112
51779	-0.267602	-1.054676	-0.567608
51780	-0.293572	-1.070388	-0.553228
51781	-0.318498	-1.083447	-0.542431
51782	-0.343537	-1.095260	-0.531459
51783	-0.366283	-1.105461	-0.519980
51784	-0.387673	-1.114689	-0.509715
51785	-0.406508	-1.119587	-0.501407
51786	-0.425696	-1.125797	-0.499644
51787	-0.446915	-1.133940	-0.504874
51788	-0.473210	-1.151999	-0.521952
51789	-0.505065	-1.186509	-0.546951
51790	-0.538955	-1.228508	-0.574218
51791	-0.575531	-1.274511	-0.601179
51792	-0.620897	-1.325696	-0.630855
51793	-0.678287	-1.377847	-0.659810
51794	-0.743985	-1.425164	-0.678307
51795	-0.810047	-1.475155	-0.685944
51796	-0.883970	-1.540637	-0.685952
51797	-0.962682	-1.629646	-0.687539
51798	-1.060215	-1.777426	-0.691186
51799	-1.173419	-2.019354	-0.674668
51800	-1.389286	-2.383122	-0.675712
51801	-1.705753	-2.915741	-0.700226
51802	-2.091153	-3.622279	-0.727890
51803	-2.533883	-4.506753	-0.752941
51804	-3.042794	-5.524482	-0.788262
51805	-3.651098	-6.649204	-0.864868
51806	-4.442342	-7.822098	-0.999081
51807	-5.467274	-8.946650	-1.029604
51808	-6.452782	-9.909174	-0.593910
51809	-6.728224	-10.562441	0.484278
51810	-6.731210	-11.149406	1.988429
51811	-7.107234	-11.849459	3.519384
51812	-8.014308	-12.667189	4.844695
51813	-9.112286	-13.557473	5.997451
51814	-10.059544	-14.482762	7.055634
51815	-10.883571	-15.416669	8.003830
51816	-11.777977	-16.343884	8.774985
51817	-12.818913	-17.250167	9.386619
51818	-13.909623	-18.102087	9.928902
51819	-14.923750	-18.853836	10.492158
51820	-15.839808	-19.543034	11.054935
51821	-16.719798	-20.234652	11.535927
51822	-17.590598	-20.937104	11.902114
51823	-18.361970	-21.592663	12.182078
51824	-18.976126	-22.199501	12.404919
51825	-19.471826	-22.787304	12.553021
51826	-19.862816	-23.386121	12.607726
51827	-20.133561	-23.964857	12.573260
51828	-20.258096	-24.481428	12.464374
51829	-20.225980	-24.927700	12.270172
51830	-20.026296	-25.319143	11.953424
51831	-19.647866	-25.654970	11.502511
51832	-19.070256	-25.918019	10.889732
51833	-18.252597	-26.087514	10.101407
51834	-17.187484	-26.161131	9.117902
51835	-15.905741	-26.147987	7.946277
51836	-14.443030	-26.046258	6.611665
51837	-12.828510	-25.829745	5.148463
51838	-11.125177	-25.492323	3.620412
51839	-9.392916	-25.027035	2.077857
51840	-7.689954	-24.441037	0.559953
51841	-6.039434	-23.754484	-0.891515
51842	-4.493223	-22.988862	-2.227809
51843	-3.066240	-22.154013	-3.435994
51844	-1.762722	-21.283991	-4.499967
51845	-0.585589	-20.387283	-5.415612
51846	0.441656	-19.465047	-6.183842
51847	1.340743	-18.527254	-6.805319
51848	2.111569	-17.591008	-7.277352
51849	2.756630	-16.671439	-7.612357
51850	3.268641	-15.775966	-7.829095
51851	3.663286	-14.888518	-7.933504
51852	3.949231	-14.023922	-7.936957
51853	4.156163	-13.184296	-7.847246
51854	4.292057	-12.378426	-7.697563
51855	4.376962	-11.609565	-7.510303
51856	4.427226	-10.880254	-7.282052
51857	4.457937	-10.175039	-6.987039
51858	4.456092	-9.506656	-6.612752
51859	4.430842	-8.888642	-6.160646
51860	4.372605	-8.345755	-5.646523
51861	4.283857	-7.882150	-5.083284
51862	4.177207	-7.497848	-4.484079
51863	4.080075	-7.196030	-3.857259
51864	3.995085	-6.961234	-3.240445
51865	3.924558	-6.754849	-2.659482
51866	3.871251	-6.535832	-2.131010
51867	3.847475	-6.309622	-1.670779
51868	3.858841	-6.104139	-1.301070
51869	3.927090	-5.981508	-1.020603
51870	4.052087	-5.985314	-0.823630
51871	4.229867	-6.132450	-0.700328
51872	4.402201	-6.418531	-0.672510
51873	4.506708	-6.790794	-0.716899
51874	4.555018	-7.213678	-0.797758
51875	4.615708	-7.659715	-0.866497
51876	4.732774	-8.101680	-0.923915
51877	4.861961	-8.458609	-0.935970
51878	4.937967	-8.732352	-0.914322
51879	4.890387	-9.015971	-0.893317
51880	4.723193	-9.346630	-0.862422
51881	4.448818	-9.748689	-0.807636
51882	4.072213	-10.132166	-0.676066
51883	3.589684	-10.487041	-0.461329
51884	3.009112	-10.859760	-0.202500
51885	2.191135	-11.110037	-0.004316
51886	0.951788	-10.081959	-0.549800
51887	0.438819	-8.997915	-0.782282
51888	0.241009	-7.817079	-0.664899
51889	-0.020090	-6.763200	-0.699482
51890	-0.117056	-5.826395	-0.722886
51891	-0.039891	-5.072211	-0.757582
51892	0.018411	-4.647537	-0.956455
51893	0.094832	-4.494953	-1.149894
51894	0.165654	-4.527956	-1.327112
51895	0.216916	-4.657063	-1.501024
51896	0.251861	-4.781959	-1.659146
51897	0.281526	-4.836553	-1.808231
51898	0.308073	-4.752991	-1.947451
51899	0.348220	-4.581626	-2.063807
51900	0.407474	-4.395004	-2.155741
51901	0.487593	-4.237627	-2.205355
51902	0.575576	-4.125120	-2.247371
51903	0.665868	-4.025068	-2.256993
51904	0.751395	-3.925800	-2.219314
51905	0.839932	-3.801115	-2.149347
51906	0.931376	-3.648654	-2.037483
51907	1.047340	-3.466389	-1.892736
51908	1.190832	-3.229267	-1.709284
51909	1.341256	-2.966242	-1.511334
51910	1.508017	-2.706630	-1.336429
51911	1.669668	-2.455564	-1.182450
51912	1.789614	-2.242739	-1.042263
51913	1.897383	-2.049245	-0.920243
51914	2.028598	-1.866640	-0.808365
51915	2.167756	-1.705763	-0.710122
51916	2.306883	-1.569397	-0.635679
51917	2.478015	-1.423127	-0.568674
51918	2.667834	-1.263935	-0.493507
51919	2.844230	-1.123265	-0.420632
51920	2.990617	-1.001557	-0.351906
51921	3.118576	-0.882942	-0.275223
51922	3.224016	-0.770509	-0.185392
51923	3.296620	-0.662862	-0.094945
51924	3.320007	-0.568695	-0.035005
51925	3.269475	-0.495531	-0.039636
51926	3.159268	-0.444972	-0.089349
51927	3.031821	-0.399293	-0.158138
51928	2.895279	-0.363598	-0.230764
51929	2.752654	-0.344377	-0.297983
51930	2.603057	-0.345612	-0.355574
51931	2.453234	-0.360406	-0.392184
51932	2.302950	-0.391855	-0.416580
51933	2.177684	-0.424261	-0.430629
51934	2.088350	-0.465569	-0.422186
51935	2.010029	-0.520455	-0.405136
51936	1.934154	-0.582231	-0.394464
51937	1.861984	-0.634583	-0.387883
51938	1.796014	-0.678667	-0.382670
51939	1.735912	-0.706753	-0.381171
51940	1.687085	-0.722374	-0.386487
51941	1.633150	-0.734904	-0.393506
51942	1.574819	-0.745104	-0.405364
51943	1.516451	-0.754739	-0.420778
51944	1.461902	-0.759909	-0.432925
51945	1.410947	-0.768970	-0.436541
51946	1.364960	-0.774758	-0.439253
51947	1.325710	-0.774615	-0.439276
51948	1.292127	-0.767036	-0.442575
51949	1.262997	-0.753824	-0.444429
51950	1.237241	-0.736472	-0.447569
51951	1.211142	-0.720609	-0.448981
51952	1.184365	-0.708371	-0.448940
51953	1.153470	-0.709358	-0.443265
51954	1.118478	-0.725504	-0.434138
51955	1.085620	-0.746925	-0.427310
51956	1.065924	-0.760848	-0.424050
51957	1.052058	-0.766792	-0.421227
51958	1.044267	-0.775659	-0.419685
51959	1.034356	-0.787795	-0.409718
51960	1.038447	-0.798649	-0.397142
51961	1.053586	-0.793071	-0.387066
51962	1.061713	-0.792417	-0.377589
51963	1.058282	-0.794140	-0.368827
51964	1.055685	-0.793753	-0.366451
51965	1.054104	-0.804967	-0.363340
51966	1.045894	-0.818961	-0.359693
51967	1.035473	-0.839015	-0.359995
51968	1.017052	-0.863150	-0.364160
51969	0.996659	-0.889806	-0.371794
51970	0.973039	-0.916426	-0.380350
51971	0.955224	-0.937020	-0.392393
51972	0.938106	-0.953250	-0.402152
51973	0.923533	-0.963932	-0.413623
51974	0.913602	-0.968619	-0.425543
51975	0.903866	-0.970274	-0.434280
51976	0.897318	-0.969430	-0.441738
51977	0.894908	-0.963928	-0.448744
51978	0.893457	-0.958015	-0.452304
51979	0.892910	-0.950621	-0.459560
51980	0.898689	-0.940666	-0.464588
51981	0.910169	-0.928868	-0.470033
51982	0.923204	-0.918616	-0.476174
51983	0.935465	-0.908219	-0.482050
51984	0.946021	-0.899840	-0.486840
51985	0.954193	-0.893427	-0.490300
51986	0.963333	-0.892306	-0.493014
51987	0.968376	-0.892688	-0.493839
51988	0.968223	-0.892364	-0.495852
51989	0.967906	-0.894897	-0.495465
51990	0.965697	-0.898066	-0.494655
51991	0.959526	-0.902320	-0.494691
51992	0.953198	-0.905729	-0.491816
51993	0.948156	-0.908490	-0.488268
51994	0.942441	-0.911913	-0.486490
51995	0.935682	-0.914209	-0.482380
51996	0.927927	-0.912434	-0.478317
51997	0.921242	-0.913549	-0.474050
51998	0.915131	-0.913414	-0.470704
51999	0.911854	-0.911699	-0.467907
52000	0.908464	-0.909898	-0.465089
52001	0.901925	-0.908645	-0.460509
52002	0.896010	-0.906911	-0.459741
52003	0.892689	-0.910123	-0.456752
52004	0.887731	-0.911195	-0.455758
52005	0.884676	-0.911629	-0.455189
52006	0.877928	-0.913416	-0.453791
52007	0.869189	-0.916958	-0.452983
52008	0.859792	-0.919225	-0.450900
52009	0.853162	-0.921086	-0.449522
52010	0.847787	-0.927288	-0.446417
52011	0.840053	-0.928696	-0.445575
52012	0.832543	-0.932820	-0.443388
52013	0.825057	-0.934442	-0.441729
52014	0.814627	-0.935074	-0.440025
52015	0.804198	-0.936191	-0.435608
52016	0.797323	-0.938381	-0.431472
52017	0.797983	-0.938010	-0.428159
52018	0.801386	-0.933545	-0.425043
52019	0.807043	-0.924490	-0.424619
52020	0.811207	-0.917682	-0.422288
52021	0.813969	-0.908888	-0.421997
52022	0.813447	-0.903055	-0.419395
52023	0.810226	-0.896379	-0.416794
52024	0.801267	-0.891550	-0.413778
52025	0.787281	-0.885387	-0.409107
52026	0.769196	-0.882717	-0.404737
52027	0.753669	-0.877469	-0.398846
52028	0.741298	-0.875447	-0.394362
52029	0.733401	-0.869727	-0.391496
52030	0.729986	-0.864147	-0.389031
52031	0.734202	-0.858582	-0.386876
52032	0.740700	-0.852258	-0.386199
52033	0.748007	-0.844840	-0.386485
52034	0.758234	-0.834728	-0.386301
52035	0.767332	-0.826596	-0.386987
52036	0.772383	-0.817023	-0.388172
52037	0.781187	-0.807900	-0.386783
52038	0.787756	-0.800388	-0.385945
52039	0.794133	-0.793906	-0.386101
52040	0.799525	-0.787123	-0.385957
52041	0.803328	-0.779934	-0.385276
52042	0.806439	-0.773430	-0.386366
52043	0.810096	-0.768603	-0.385996
52044	0.814163	-0.764913	-0.386858
52045	0.814166	-0.762691	-0.385844
52046	0.813008	-0.758774	-0.385191
52047	0.812598	-0.754938	-0.385657
52048	0.811195	-0.750805	-0.385823
52049	0.812208	-0.746452	-0.384774
52050	0.812227	-0.741801	-0.383425
52051	0.815203	-0.738134	-0.382114
52052	0.817160	-0.730403	-0.380851
52053	0.821239	-0.727185	-0.378999
52054	0.821258	-0.722532	-0.377649
52055	0.822885	-0.718193	-0.377696
52056	0.823762	-0.713775	-0.376624
52057	0.825023	-0.709630	-0.374755
52058	0.826611	-0.707813	-0.374275
52059	0.827872	-0.703666	-0.372406
52060	0.829387	-0.703032	-0.372082
52061	0.830944	-0.699871	-0.372285
52062	0.832606	-0.696869	-0.371647
52063	0.835340	-0.692973	-0.371152
52064	0.835825	-0.690703	-0.371212
52065	0.836034	-0.686870	-0.372773
52066	0.834580	-0.687680	-0.372750
52067	0.832608	-0.680989	-0.372346
52068	0.834123	-0.680353	-0.372022
52069	0.837398	-0.677654	-0.372778
52070	0.837637	-0.675166	-0.373657
52071	0.837259	-0.675077	-0.373775
52072	0.835878	-0.674702	-0.373595
52073	0.833859	-0.672956	-0.373001
52074	0.832552	-0.671397	-0.372663
52075	0.831809	-0.671502	-0.370867
52076	0.833813	-0.671298	-0.368905
52077	0.835229	-0.670489	-0.369420
52078	0.839221	-0.667974	-0.370431
52079	0.842745	-0.665483	-0.370367
52080	0.846050	-0.664132	-0.370440
52081	0.850286	-0.664243	-0.370968
52082	0.853590	-0.662892	-0.371040
52083	0.855938	-0.661131	-0.371675
52084	0.855245	-0.659590	-0.372433
52085	0.854946	-0.658305	-0.372394
52086	0.854179	-0.657948	-0.373311
52087	0.852949	-0.657609	-0.373152
52088	0.852916	-0.657901	-0.371612
52089	0.853331	-0.659217	-0.372165
52090	0.855407	-0.657828	-0.370045
52091	0.858787	-0.657697	-0.370295
52092	0.865600	-0.656103	-0.371316
52093	0.869985	-0.653837	-0.371527
52094	0.874664	-0.650154	-0.373473
52095	0.878879	-0.646485	-0.374344
52096	0.883974	-0.644419	-0.374811
52097	0.887821	-0.640948	-0.373767
52098	0.888918	-0.638690	-0.374922
52099	0.890585	-0.638085	-0.374618
52100	0.891755	-0.634641	-0.375614
52101	0.892737	-0.635201	-0.374373
52102	0.890179	-0.635555	-0.374895
52103	0.888637	-0.636177	-0.375716
52104	0.887011	-0.635582	-0.376356
52105	0.884612	-0.635966	-0.376900
52106	0.882127	-0.635135	-0.377264
52107	0.879877	-0.633149	-0.377492
52108	0.878006	-0.632336	-0.378951
52109	0.878673	-0.633859	-0.378687
52110	0.878151	-0.633716	-0.378785
52111	0.878892	-0.634054	-0.378363
52112	0.878687	-0.632942	-0.377484
52113	0.879503	-0.632094	-0.376903
52114	0.883494	-0.629573	-0.377909
52115	0.882272	-0.629219	-0.377752
52116	0.881920	-0.630477	-0.377190
52117	0.881388	-0.628956	-0.377970
52118	0.879859	-0.630947	-0.378109
52119	0.879181	-0.631796	-0.379207
52120	0.881479	-0.632577	-0.379315
52121	0.884698	-0.631028	-0.380223
52122	0.885648	-0.631138	-0.381693
52123	0.885117	-0.629615	-0.382473
52124	0.883246	-0.628800	-0.383933
52125	0.882569	-0.629646	-0.385031
52126	0.881875	-0.628098	-0.385790
52127	0.880732	-0.626553	-0.385475
52128	0.881999	-0.625694	-0.385967
52129	0.884610	-0.624123	-0.385779
52130	0.886195	-0.622295	-0.385294
52131	0.889442	-0.624517	-0.385858
52132	0.891788	-0.620336	-0.386150
52133	0.894080	-0.619732	-0.386939
52134	0.893556	-0.619586	-0.387038
52135	0.892340	-0.619220	-0.386882
52136	0.891816	-0.619074	-0.386981
52137	0.891144	-0.619913	-0.388079
52138	0.891699	-0.616444	-0.387977
52139	0.893379	-0.615817	-0.387671
52140	0.895920	-0.616815	-0.386960
52141	0.898288	-0.615019	-0.387590
52142	0.899726	-0.615562	-0.387422
52143	0.902095	-0.613765	-0.388052
52144	0.905324	-0.613595	-0.388276
52145	0.907003	-0.612964	-0.387970
52146	0.909276	-0.609966	-0.388419
52147	0.909779	-0.610066	-0.388815
52148	0.909279	-0.613696	-0.388573
52149	0.910228	-0.612410	-0.390724
52150	0.909460	-0.612045	-0.391642
52151	0.909405	-0.612895	-0.393836
52152	0.909422	-0.613953	-0.395189
52153	0.907036	-0.614310	-0.395737
52154	0.906268	-0.613945	-0.396655
52155	0.906629	-0.616415	-0.397370
52156	0.904015	-0.615994	-0.395004
52157	0.903177	-0.615418	-0.396763
52158	0.903512	-0.615506	-0.397138
52159	0.902771	-0.617521	-0.398396
52160	0.902564	-0.616403	-0.397517
52161	0.901037	-0.616995	-0.398340
52162	0.900123	-0.619002	-0.399577
52163	0.900778	-0.616724	-0.399654
52164	0.901655	-0.618018	-0.401283
52165	0.901306	-0.617875	-0.401403
52166	0.901153	-0.617528	-0.403416
52167	0.899313	-0.619086	-0.405218
52168	0.898545	-0.618719	-0.406136
52169	0.898591	-0.622152	-0.407830
52170	0.899542	-0.622259	-0.409299
52171	0.899907	-0.624723	-0.410014
52172	0.898523	-0.624338	-0.409837
52173	0.899723	-0.623258	-0.411168
52174	0.901161	-0.623801	-0.410999
52175	0.902605	-0.622939	-0.411510
52176	0.904042	-0.623481	-0.411341
52177	0.903696	-0.623333	-0.411462
52178	0.905133	-0.623875	-0.411293
52179	0.907364	-0.624435	-0.412239
52180	0.908534	-0.620979	-0.413229
52181	0.910394	-0.621739	-0.412262
