// General information: 
//  MT Manager version: 2021.4.0 
//  XDA version: 2021.4.0 build 6323 rev 112641 built on 2021-09-28
// Device information: 
//  DeviceId: 00B43773
//  ProductCode: MTW2-3A7G6
//  Firmware Version: 4.3.4
//  Hardware Version: 1.1.0
// Device settings: 
//  Filter Profile: human(46.1)
//  Option Flags: Orientation Smoother Disabled, Position/Velocity Smoother Disabled, Continuous Zero Rotation Update Disabled, AHS Disabled, ICC Disabled
// Coordinate system: ENU
PacketCounter	Roll	Pitch	Yaw
46963	0.226347	0.253658	0.011020
46964	0.227776	0.253449	0.013393
46965	0.226524	0.253823	0.011676
46966	0.228165	0.253046	0.011596
46967	0.227266	0.251925	0.012153
46968	0.227961	0.251990	0.011939
46969	0.225157	0.249922	0.012392
46970	0.227199	0.250460	0.010831
46971	0.227070	0.249246	0.010385
46972	0.226995	0.249404	0.011174
46973	0.226884	0.248280	0.008933
46974	0.229102	0.248070	0.008509
46975	0.230124	0.247987	0.007376
46976	0.230439	0.246829	0.006846
46977	0.231637	0.245998	0.006849
46978	0.232157	0.246812	0.005499
46979	0.232028	0.245599	0.005053
46980	0.233457	0.245392	0.007428
46981	0.232019	0.243886	0.004738
46982	0.231194	0.244228	0.004733
46983	0.231641	0.243580	0.003944
46984	0.231761	0.243081	0.004073
46985	0.232014	0.243091	0.003942
46986	0.231754	0.241370	0.003757
46987	0.232796	0.241377	0.000828
46988	0.234226	0.241171	0.003204
46989	0.233158	0.238260	0.000992
46990	0.233093	0.235882	0.000146
46991	0.233910	0.233828	-0.000165
46992	0.233092	0.231634	-0.001801
46993	0.233910	0.229580	-0.002112
46994	0.234802	0.228990	-0.002985
46995	0.235826	0.228907	-0.004118
46996	0.236163	0.227844	-0.006444
46997	0.237362	0.227012	-0.006440
46998	0.239006	0.226240	-0.006521
46999	0.239648	0.224934	-0.007968
47000	0.241294	0.224161	-0.008052
47001	0.242688	0.222672	-0.008706
47002	0.242078	0.222449	-0.011165
47003	0.243846	0.224722	-0.009870
47004	0.243793	0.224974	-0.010880
47005	0.244034	0.222355	-0.010847
47006	0.243963	0.222517	-0.010062
47007	0.242125	0.219699	-0.011272
47008	0.241884	0.218069	-0.013248
47009	0.239288	0.217973	-0.013617
47010	0.239401	0.214849	-0.013334
47011	0.238884	0.214951	-0.012460
47012	0.238092	0.218015	-0.014419
47013	0.236442	0.217078	-0.014654
47014	0.234485	0.218922	-0.014148
47015	0.232271	0.220048	-0.014200
47016	0.231827	0.221614	-0.013878
47017	0.231302	0.224255	-0.011369
47018	0.231071	0.227793	-0.011881
47019	0.229816	0.230708	-0.011961
47020	0.229372	0.232276	-0.011639
47021	0.230772	0.235955	-0.010818
47022	0.232241	0.238470	-0.010412
47023	0.232871	0.242241	-0.008587
47024	0.232056	0.245213	-0.008731
47025	0.233270	0.247012	-0.008885
47026	0.231880	0.249422	-0.008694
47027	0.231371	0.254693	-0.006343
47028	0.232453	0.255988	-0.006238
47029	0.232896	0.257879	-0.005389
47030	0.232481	0.259538	-0.006878
47031	0.232924	0.261429	-0.006028
47032	0.232684	0.262342	-0.006387
47033	0.234093	0.263482	-0.007199
47034	0.235730	0.265249	-0.005632
47035	0.234866	0.266850	-0.007029
47036	0.235976	0.268235	-0.008735
47037	0.235092	0.269744	-0.008335
47038	0.234088	0.270748	-0.007706
47039	0.232454	0.272442	-0.008099
47040	0.231437	0.273444	-0.007432
47041	0.230360	0.275612	-0.006371
47042	0.230882	0.276433	-0.007704
47043	0.228477	0.278220	-0.007095
47044	0.230327	0.281961	-0.006353
47045	0.229061	0.282248	-0.006270
47046	0.229201	0.284386	-0.006294
47047	0.229645	0.286277	-0.005441
47048	0.229591	0.289070	-0.004802
47049	0.229648	0.292277	-0.002628
47050	0.229795	0.294416	-0.002672
47051	0.231589	0.296780	-0.003163
47052	0.233065	0.301832	-0.001123
47053	0.232954	0.303250	-0.001723
47054	0.234419	0.305771	-0.001288
47055	0.235248	0.308885	-0.000115
47056	0.237497	0.311308	-0.000704
47057	0.237382	0.315264	0.000336
47058	0.237921	0.316086	-0.001028
47059	0.239674	0.318267	0.002076
47060	0.241174	0.323414	0.002318
47061	0.239927	0.326333	0.002245
47062	0.239117	0.329303	0.002122
47063	0.237849	0.332130	0.003847
47064	0.236668	0.333894	0.003360
47065	0.235614	0.336155	0.002628
47066	0.236116	0.336884	0.003108
47067	0.237524	0.340564	0.003943
47068	0.236724	0.343544	0.003792
47069	0.236615	0.344962	0.003194
47070	0.236558	0.345125	0.003965
47071	0.235872	0.345979	0.003708
47072	0.236933	0.347273	0.003899
47073	0.236807	0.346062	0.003457
47074	0.238462	0.347838	0.004995
47075	0.237603	0.349441	0.003603
47076	0.237129	0.345762	0.004243
47077	0.237965	0.346338	0.003780
47078	0.237744	0.347252	0.003395
47079	0.239524	0.346986	0.003066
47080	0.239864	0.348466	0.002383
47081	0.238428	0.349504	0.001333
47082	0.240116	0.351368	0.001051
47083	0.242300	0.352417	-0.000754
47084	0.244882	0.353348	0.000966
47085	0.244218	0.354295	-0.001086
47086	0.246455	0.354101	-0.001539
47087	0.249369	0.354874	-0.000752
47088	0.250476	0.356165	-0.000678
47089	0.251100	0.354769	-0.000325
47090	0.252771	0.356643	-0.000574
47091	0.253801	0.356563	-0.001697
47092	0.252636	0.355689	-0.002107
47093	0.253663	0.358147	-0.001586
47094	0.256423	0.358424	-0.000489
47095	0.257644	0.360225	-0.000629
47096	0.259116	0.360208	-0.001827
47097	0.260703	0.360600	-0.001493
47098	0.260083	0.360315	-0.002181
47099	0.262248	0.361273	-0.002187
47100	0.263698	0.361068	0.000158
47101	0.265672	0.360146	-0.000831
47102	0.266376	0.360217	-0.001028
47103	0.268735	0.360517	-0.001695
47104	0.270342	0.359731	-0.001637
47105	0.272122	0.359467	-0.001964
47106	0.271492	0.359164	-0.002609
47107	0.273657	0.360122	-0.002614
47108	0.278923	0.361822	-0.000066
47109	0.278242	0.360140	-0.001966
47110	0.280131	0.361352	-0.002931
47111	0.281718	0.361745	-0.002595
47112	0.282011	0.360574	-0.003022
47113	0.280193	0.360392	-0.004393
47114	0.282589	0.359434	-0.003658
47115	0.283599	0.359262	-0.002983
47116	0.285015	0.359163	-0.002303
47117	0.286046	0.359083	-0.003424
47118	0.286404	0.358059	-0.005824
47119	0.287607	0.357229	-0.005811
47120	0.287923	0.356185	-0.008075
47121	0.290069	0.354512	-0.007928
47122	0.292111	0.354990	-0.007727
47123	0.291964	0.353687	-0.006373
47124	0.290843	0.352913	-0.008644
47125	0.290910	0.353584	-0.008102
47126	0.291011	0.353196	-0.009646
47127	0.292214	0.352366	-0.009632
47128	0.293114	0.351779	-0.010496
47129	0.294338	0.353580	-0.010632
47130	0.294032	0.351872	-0.010699
47131	0.295406	0.350291	-0.009551
47132	0.298036	0.351315	-0.009692
47133	0.297934	0.350199	-0.011931
47134	0.299553	0.349530	-0.013670
47135	0.301334	0.349266	-0.013995
47136	0.302235	0.348701	-0.014890
47137	0.302302	0.349372	-0.014346
47138	0.304380	0.349926	-0.015955
47139	0.302758	0.349088	-0.017989
47140	0.305741	0.348697	-0.017622
47141	0.304844	0.347579	-0.017064
47142	0.304570	0.345908	-0.017263
47143	0.305218	0.344607	-0.018707
47144	0.306220	0.343250	-0.018235
47145	0.306845	0.341855	-0.017882
47146	0.308470	0.338574	-0.019565
47147	0.311388	0.336810	-0.020419
47148	0.311713	0.335678	-0.020981
47149	0.312531	0.333626	-0.021290
47150	0.313011	0.331829	-0.022404
47151	0.313251	0.329211	-0.022375
47152	0.311801	0.326458	-0.023529
47153	0.309747	0.324210	-0.022293
47154	0.308395	0.321380	-0.021985
47155	0.304460	0.318281	-0.022663
47156	0.301330	0.313762	-0.021236
47157	0.296431	0.308875	-0.021898
47158	0.291021	0.304926	-0.022786
47159	0.287256	0.301076	-0.022328
47160	0.284283	0.295926	-0.023117
47161	0.282232	0.291141	-0.023527
47162	0.280454	0.289726	-0.023537
47163	0.279562	0.286072	-0.024625
47164	0.279029	0.282478	-0.025577
47165	0.278521	0.280046	-0.026341
47166	0.277823	0.277845	-0.026646
47167	0.277121	0.276071	-0.026747
47168	0.278195	0.274834	-0.028232
47169	0.277684	0.274940	-0.027348
47170	0.279368	0.271632	-0.029149
47171	0.279652	0.274276	-0.029414
47172	0.281444	0.272737	-0.028265
47173	0.280185	0.273029	-0.028175
47174	0.281572	0.271071	-0.028934
47175	0.280123	0.269483	-0.029831
47176	0.279429	0.267238	-0.030096
47177	0.280612	0.263777	-0.029932
47178	0.277614	0.261338	-0.030844
47179	0.275175	0.257868	-0.029928
47180	0.272988	0.255913	-0.030069
47181	0.267508	0.253000	-0.028739
47182	0.263236	0.250094	-0.028523
47183	0.259667	0.245589	-0.028724
47184	0.256960	0.242461	-0.028904
47185	0.256622	0.239279	-0.028532
47186	0.253308	0.238066	-0.026588
47187	0.253938	0.234134	-0.027880
47188	0.251206	0.233583	-0.028018
47189	0.250700	0.231152	-0.028780
47190	0.251079	0.230018	-0.029473
47191	0.251537	0.229374	-0.030251
47192	0.250641	0.227861	-0.031534
47193	0.250710	0.228532	-0.030986
47194	0.251609	0.228028	-0.033555
47195	0.252257	0.229264	-0.033346
47196	0.252962	0.231980	-0.033651
47197	0.251900	0.231615	-0.034222
47198	0.254350	0.233290	-0.033735
47199	0.254252	0.234713	-0.034320
47200	0.256018	0.236579	-0.034797
47201	0.256305	0.239225	-0.035058
47202	0.257678	0.242561	-0.036006
47203	0.261007	0.244649	-0.036679
47204	0.261711	0.247280	-0.035268
47205	0.261808	0.248046	-0.036516
47206	0.263046	0.248666	-0.036914
47207	0.264275	0.250468	-0.037042
47208	0.263051	0.252937	-0.037299
47209	0.263506	0.254831	-0.036424
47210	0.262186	0.257194	-0.034686
47211	0.258274	0.259267	-0.033856
47212	0.252572	0.259301	-0.033804
47213	0.249380	0.261094	-0.030380
47214	0.242788	0.261842	-0.028815
47215	0.235813	0.261842	-0.027425
47216	0.226784	0.257650	-0.024045
47217	0.215754	0.253696	-0.020283
47218	0.199066	0.248404	-0.017403
47219	0.184032	0.243224	-0.013207
47220	0.163510	0.239463	-0.012179
47221	0.143894	0.232494	-0.007207
47222	0.123788	0.227189	-0.004040
47223	0.102462	0.221162	0.001813
47224	0.078463	0.213133	0.008288
47225	0.055211	0.203539	0.014191
47226	0.030947	0.194263	0.021706
47227	0.003672	0.180821	0.028215
47228	-0.025000	0.163777	0.036199
47229	-0.054972	0.146869	0.043783
47230	-0.086217	0.129143	0.050638
47231	-0.116594	0.108393	0.058093
47232	-0.143489	0.087066	0.066776
47233	-0.169496	0.063599	0.072656
47234	-0.199889	0.039800	0.080142
47235	-0.227603	0.017285	0.086935
47236	-0.251732	-0.010996	0.094768
47237	-0.277559	-0.037734	0.100225
47238	-0.299310	-0.066265	0.104904
47239	-0.323640	-0.095907	0.110351
47240	-0.348940	-0.125889	0.115574
47241	-0.375931	-0.158906	0.120340
47242	-0.402776	-0.194956	0.123077
47243	-0.430120	-0.234277	0.124322
47244	-0.454945	-0.280431	0.125446
47245	-0.484402	-0.335543	0.122948
47246	-0.513531	-0.406281	0.121354
47247	-0.548547	-0.491963	0.122737
47248	-0.599672	-0.607128	0.125724
47249	-0.677470	-0.765750	0.128443
47250	-0.779296	-0.998167	0.136697
47251	-0.915608	-1.364209	0.162994
47252	-1.143754	-1.948538	0.171628
47253	-1.399227	-2.775354	0.182404
47254	-1.686659	-3.810811	0.176757
47255	-2.035167	-5.015305	0.095037
47256	-2.480165	-6.306368	-0.088270
47257	-3.099558	-7.630009	-0.397812
47258	-3.963706	-8.854415	-0.869081
47259	-4.957718	-9.887372	-1.485164
47260	-5.226271	-10.402938	-1.866597
47261	-4.683579	-10.632354	-1.938357
47262	-4.070816	-10.948001	-2.082502
47263	-3.631559	-11.330901	-2.507509
47264	-3.107207	-11.687031	-3.092218
47265	-2.384742	-12.026596	-3.755329
47266	-1.586953	-12.378006	-4.521512
47267	-0.792072	-12.752220	-5.381544
47268	0.022306	-13.130739	-6.278964
47269	0.847098	-13.498514	-7.171951
47270	1.640662	-13.829787	-8.031675
47271	2.367570	-14.113055	-8.827855
47272	3.029205	-14.344657	-9.511918
47273	3.615174	-14.559509	-10.064374
47274	4.089992	-14.755702	-10.464725
47275	4.440879	-14.931886	-10.710370
47276	4.671134	-15.074263	-10.776280
47277	4.763535	-15.178116	-10.669039
47278	4.727902	-15.228743	-10.389848
47279	4.583345	-15.245621	-9.989227
47280	4.352260	-15.230767	-9.533102
47281	4.058709	-15.167671	-9.064079
47282	3.720795	-15.028584	-8.600949
47283	3.359276	-14.808425	-8.146599
47284	2.974002	-14.478726	-7.700369
47285	2.588328	-14.054684	-7.261270
47286	2.188388	-13.553990	-6.835810
47287	1.761409	-12.986697	-6.430896
47288	1.302298	-12.339316	-6.036391
47289	0.805724	-11.624823	-5.607056
47290	0.268871	-10.829652	-5.143209
47291	-0.300524	-9.962115	-4.650247
47292	-0.884015	-9.058964	-4.138081
47293	-1.475617	-8.119695	-3.620073
47294	-2.056004	-7.148975	-3.097472
47295	-2.603897	-6.146436	-2.575843
47296	-3.122260	-5.134420	-2.071498
47297	-3.591223	-4.135127	-1.602441
47298	-4.005600	-3.120301	-1.178037
47299	-4.388467	-2.062189	-0.804777
47300	-4.756115	-0.964017	-0.466498
47301	-5.089593	0.139394	-0.146172
47302	-5.378722	1.209459	0.173923
47303	-5.634109	2.211884	0.498665
47304	-5.862402	3.129481	0.820044
47305	-6.049236	3.959366	1.140313
47306	-6.176325	4.688835	1.455588
47307	-6.245156	5.279462	1.752936
47308	-6.259395	5.714598	2.021967
47309	-6.220753	6.008974	2.253019
47310	-6.141081	6.210481	2.435196
47311	-6.043446	6.368085	2.583789
47312	-5.973296	6.477098	2.686928
47313	-5.951030	6.521183	2.736207
47314	-5.975589	6.472270	2.752104
47315	-5.850989	6.046208	2.957794
47316	-5.586345	4.476758	3.352993
47317	-5.193944	2.791567	3.785253
47318	-4.747281	1.607953	4.029534
47319	-4.303507	0.679470	4.057302
47320	-3.973266	-0.054817	3.985162
47321	-3.810489	-0.495204	3.917980
47322	-3.742473	-0.676007	3.856552
47323	-3.787110	-0.686875	3.791914
47324	-3.889656	-0.646073	3.749636
47325	-3.978516	-0.700250	3.703216
47326	-3.947205	-0.907907	3.647636
47327	-3.796349	-1.203998	3.581282
47328	-3.636827	-1.371376	3.529210
47329	-3.530027	-1.428097	3.507770
47330	-3.452320	-1.526732	3.492547
47331	-3.344858	-1.670788	3.461898
47332	-3.215894	-1.814480	3.437962
47333	-3.088375	-1.930344	3.422300
47334	-2.960435	-2.000639	3.401080
47335	-2.831064	-2.064200	3.362122
47336	-2.688659	-2.138395	3.322495
47337	-2.581149	-2.194661	3.282782
47338	-2.502880	-2.254143	3.250484
47339	-2.437057	-2.336358	3.216996
47340	-2.367993	-2.424578	3.188825
47341	-2.302880	-2.519365	3.168259
47342	-2.249242	-2.610600	3.162720
47343	-2.210117	-2.711196	3.161603
47344	-2.181691	-2.808365	3.172662
47345	-2.148807	-2.884030	3.194925
47346	-2.122690	-2.948398	3.240195
47347	-2.115060	-3.015510	3.275502
47348	-2.147326	-3.098966	3.288982
47349	-2.192072	-3.170352	3.299879
47350	-2.230101	-3.224228	3.312127
47351	-2.270055	-3.263240	3.323059
47352	-2.304432	-3.288343	3.332631
47353	-2.351718	-3.328091	3.337873
47354	-2.419968	-3.379764	3.335164
47355	-2.502875	-3.428935	3.337441
47356	-2.588838	-3.469492	3.340416
47357	-2.686016	-3.495894	3.349519
47358	-2.797869	-3.509758	3.361721
47359	-2.937603	-3.500870	3.375498
47360	-3.100777	-3.467777	3.401432
47361	-3.295975	-3.403740	3.433758
47362	-3.500337	-3.311967	3.475344
47363	-3.689401	-3.205819	3.517236
47364	-3.852367	-3.093618	3.556146
47365	-3.976625	-2.993099	3.603945
47366	-4.055557	-2.920701	3.648621
47367	-4.090920	-2.856937	3.676538
47368	-4.107221	-2.769135	3.690702
47369	-4.074294	-2.694838	3.697834
47370	-3.911605	-2.665834	3.721006
47371	-3.619047	-2.642378	3.770254
47372	-3.282635	-2.558378	3.824710
47373	-3.059834	-2.442458	3.880823
47374	-2.889353	-2.370230	3.915755
47375	-2.769601	-2.325682	3.879804
47376	-2.670379	-2.294154	3.803416
47377	-2.555432	-2.258001	3.717463
47378	-2.417263	-2.214766	3.640572
47379	-2.252323	-2.155252	3.588129
47380	-2.036005	-2.082061	3.567426
47381	-1.774062	-1.990495	3.592189
47382	-1.502039	-1.832827	3.657263
47383	-1.240159	-1.612641	3.767600
47384	-1.014250	-1.385968	3.889770
47385	-0.839686	-1.197762	3.999608
47386	-0.729895	-1.086655	4.069666
47387	-0.668568	-1.019302	4.111743
47388	-0.618859	-0.958960	4.134121
47389	-0.571580	-0.896210	4.159047
47390	-0.516798	-0.833370	4.188490
47391	-0.455808	-0.772497	4.229256
47392	-0.388000	-0.709099	4.282872
47393	-0.309708	-0.638189	4.349416
47394	-0.214221	-0.559955	4.429083
47395	-0.109883	-0.475828	4.521084
47396	-0.013358	-0.404107	4.605510
47397	0.061850	-0.344906	4.665614
47398	0.094894	-0.311685	4.685741
47399	0.105533	-0.300360	4.690687
47400	0.110134	-0.298059	4.693215
47401	0.112153	-0.295890	4.696492
47402	0.114916	-0.292070	4.704327
47403	0.121056	-0.283172	4.713114
47404	0.131298	-0.277867	4.722261
47405	0.147648	-0.273514	4.734085
47406	0.161164	-0.267197	4.747542
47407	0.174199	-0.260820	4.761183
47408	0.187646	-0.260095	4.766824
47409	0.199148	-0.258630	4.765424
47410	0.208552	-0.251946	4.763304
47411	0.221902	-0.236520	4.766054
47412	0.236603	-0.218835	4.771168
47413	0.249088	-0.209202	4.774571
47414	0.262195	-0.200379	4.778978
47415	0.268073	-0.189901	4.783600
47416	0.268893	-0.183572	4.790018
47417	0.267320	-0.184717	4.797259
47418	0.265678	-0.192958	4.801728
47419	0.271029	-0.199753	4.809556
47420	0.275370	-0.206168	4.815568
47421	0.277576	-0.211432	4.820796
47422	0.278526	-0.217848	4.815744
47423	0.274541	-0.222666	4.800353
47424	0.266144	-0.223808	4.772633
47425	0.253847	-0.225167	4.739606
47426	0.235656	-0.225889	4.695795
47427	0.212802	-0.223335	4.646412
47428	0.190427	-0.221005	4.600594
47429	0.172196	-0.224149	4.564223
47430	0.165155	-0.228627	4.543911
47431	0.167102	-0.235595	4.544398
47432	0.172810	-0.241506	4.547160
47433	0.183856	-0.244779	4.550459
47434	0.190583	-0.245565	4.551896
47435	0.197461	-0.245511	4.547586
47436	0.203959	-0.247833	4.540573
47437	0.213563	-0.246873	4.531638
47438	0.221132	-0.243722	4.515881
47439	0.222734	-0.240817	4.491676
47440	0.222739	-0.231047	4.457825
47441	0.223316	-0.215847	4.417269
47442	0.221786	-0.195417	4.376016
47443	0.219181	-0.175395	4.333441
47444	0.219728	-0.154849	4.293508
47445	0.221688	-0.133644	4.259442
47446	0.220507	-0.112430	4.227843
47447	0.218537	-0.093216	4.199104
47448	0.217023	-0.074220	4.173903
47449	0.213376	-0.057554	4.151085
47450	0.211992	-0.039397	4.128912
47451	0.213699	-0.021499	4.109848
47452	0.218240	-0.001739	4.094788
47453	0.218263	0.013524	4.083485
47454	0.221758	0.027892	4.075288
47455	0.225349	0.042764	4.068773
47456	0.228268	0.053210	4.062228
47457	0.230540	0.060813	4.061541
47458	0.230637	0.064326	4.061033
47459	0.230820	0.068254	4.064052
47460	0.229128	0.070144	4.064577
47461	0.228118	0.072988	4.068285
47462	0.227747	0.075035	4.072986
47463	0.225831	0.075201	4.081560
47464	0.226633	0.074599	4.094273
47465	0.227691	0.073830	4.107978
47466	0.228930	0.070880	4.126036
47467	0.231745	0.067917	4.149265
47468	0.233859	0.063825	4.173015
47469	0.237831	0.065154	4.197969
47470	0.238128	0.066292	4.218310
47471	0.235839	0.070834	4.234379
47472	0.231805	0.075971	4.247817
47473	0.226108	0.080247	4.258413
47474	0.219850	0.086114	4.267540
47475	0.213711	0.092655	4.274644
47476	0.205705	0.097248	4.277395
47477	0.195419	0.103822	4.276346
47478	0.186389	0.110311	4.272242
47479	0.176584	0.118437	4.264127
47480	0.165030	0.127158	4.253380
47481	0.152399	0.135465	4.241296
47482	0.138776	0.144239	4.225550
47483	0.127050	0.151661	4.213601
47484	0.116379	0.155772	4.211699
47485	0.107166	0.157324	4.213251
47486	0.102464	0.159734	4.217913
47487	0.097431	0.161517	4.222059
47488	0.095586	0.164000	4.225134
47489	0.092653	0.165984	4.228725
47490	0.090379	0.167344	4.229606
47491	0.087915	0.170791	4.227983
47492	0.085351	0.170191	4.229687
47493	0.081243	0.171264	4.230262
47494	0.077469	0.172966	4.231356
47495	0.073521	0.173371	4.231244
47496	0.069905	0.174405	4.231650
47497	0.067132	0.175722	4.234555
47498	0.069661	0.174555	4.237135
47499	0.070172	0.177068	4.240649
47500	0.073288	0.176358	4.244738
47501	0.073508	0.176909	4.249074
47502	0.076160	0.178288	4.253374
47503	0.077586	0.180004	4.255170
47504	0.078451	0.183316	4.255500
47505	0.081379	0.184691	4.257084
47506	0.084472	0.187279	4.261731
47507	0.086188	0.183935	4.270861
47508	0.087173	0.186240	4.277916
47509	0.088279	0.185739	4.286093
47510	0.089718	0.185868	4.294791
47511	0.088419	0.186591	4.303048
47512	0.089114	0.186933	4.310927
47513	0.088299	0.185735	4.315265
47514	0.087492	0.186421	4.323356
47515	0.087423	0.185010	4.328517
47516	0.086920	0.187741	4.333935
47517	0.083722	0.187939	4.334644
47518	0.080857	0.188767	4.335875
47519	0.079885	0.188239	4.340905
47520	0.079248	0.188341	4.346455
47521	0.076167	0.191001	4.350743
47522	0.075088	0.193364	4.352798
47523	0.070233	0.194574	4.354409
47524	0.066782	0.198418	4.350980
47525	0.064311	0.201702	4.353070
47526	0.062791	0.202859	4.354782
47527	0.063626	0.204035	4.356927
47528	0.067942	0.204403	4.360339
47529	0.072514	0.204595	4.364740
47530	0.077742	0.204165	4.366431
47531	0.081599	0.204825	4.364446
47532	0.082953	0.206220	4.360862
47533	0.086360	0.209056	4.357237
47534	0.088166	0.211745	4.352145
47535	0.089042	0.213262	4.346874
47536	0.091005	0.215283	4.341094
47537	0.091293	0.216346	4.334312
47538	0.090569	0.217716	4.327574
47539	0.089965	0.219746	4.318806
47540	0.090174	0.220491	4.306641
47541	0.093296	0.221453	4.301983
47542	0.093611	0.221102	4.298398
47543	0.095988	0.222278	4.292920
47544	0.097205	0.221044	4.289467
47545	0.096422	0.220102	4.288245
47546	0.098668	0.220531	4.286650
47547	0.096542	0.222734	4.281802
47548	0.095200	0.223393	4.279117
47549	0.093536	0.223506	4.274055
47550	0.090558	0.225348	4.268563
47551	0.087247	0.226556	4.262548
47552	0.084426	0.227728	4.256366
47553	0.081410	0.230898	4.249534
47554	0.079199	0.232697	4.241158
47555	0.074107	0.235840	4.231173
47556	0.069831	0.237696	4.217792
47557	0.063836	0.241719	4.207677
47558	0.058647	0.244371	4.196018
47559	0.051467	0.247397	4.184737
47560	0.045669	0.249422	4.175275
47561	0.036988	0.249318	4.167350
47562	0.025516	0.247985	4.158644
47563	0.014444	0.245716	4.152091
47564	0.003244	0.246173	4.146276
47565	-0.012621	0.242963	4.141175
47566	-0.028309	0.241058	4.137287
47567	-0.043889	0.239724	4.133226
47568	-0.062869	0.236539	4.130583
47569	-0.082923	0.232927	4.126602
47570	-0.105190	0.228462	4.125209
47571	-0.125864	0.224143	4.125286
47572	-0.148148	0.222979	4.124459
47573	-0.172108	0.220849	4.122640
47574	-0.193486	0.218804	4.121955
47575	-0.214320	0.218540	4.121440
47576	-0.234196	0.216155	4.120552
47577	-0.253821	0.213589	4.120654
47578	-0.274328	0.213887	4.122524
47579	-0.292609	0.211651	4.123109
47580	-0.311882	0.209808	4.121891
47581	-0.330598	0.206363	4.122141
47582	-0.347043	0.204428	4.123043
47583	-0.363978	0.202523	4.124115
47584	-0.379981	0.201799	4.125365
47585	-0.396619	0.201855	4.125618
47586	-0.408430	0.201525	4.125754
47587	-0.419831	0.200343	4.126189
47588	-0.426537	0.199603	4.123488
47589	-0.433769	0.202115	4.123354
47590	-0.439598	0.203795	4.121336
47591	-0.446499	0.205043	4.117976
47592	-0.454992	0.206144	4.113160
47593	-0.465765	0.205657	4.109549
47594	-0.476062	0.205063	4.107626
47595	-0.491606	0.203722	4.103632
47596	-0.504556	0.199170	4.100219
47597	-0.518311	0.195988	4.098347
47598	-0.532770	0.191702	4.097007
47599	-0.548314	0.186904	4.096181
47600	-0.563353	0.182156	4.093341
47601	-0.575294	0.173831	4.093051
47602	-0.590059	0.167513	4.094404
47603	-0.605574	0.159413	4.093046
47604	-0.620297	0.149869	4.092010
47605	-0.636104	0.139811	4.091490
47606	-0.654693	0.128534	4.090220
47607	-0.680603	0.112933	4.088770
47608	-0.716882	0.091900	4.087269
47609	-0.771738	0.060069	4.081687
47610	-0.849177	0.016861	4.081340
47611	-0.957970	-0.036735	4.076305
47612	-1.092419	-0.093499	4.073359
47613	-1.255641	-0.152563	4.064964
47614	-1.464170	-0.198812	4.059204
47615	-1.720036	-0.221655	4.067246
47616	-2.020150	-0.210046	4.084855
47617	-2.387507	-0.139857	4.111909
47618	-2.845053	-0.042309	4.126743
47619	-3.463555	0.075184	4.102856
47620	-4.320145	0.148497	3.943808
47621	-5.592215	0.008005	3.502789
47622	-6.742044	-0.316457	3.030336
47623	-6.976771	-0.742669	2.766362
47624	-6.555777	-1.342194	2.680775
47625	-6.137336	-2.186326	2.491047
47626	-5.844561	-3.241943	2.072624
47627	-5.417738	-4.439896	1.509721
47628	-4.734280	-5.755849	0.860222
47629	-3.935970	-7.153299	0.103659
47630	-3.122612	-8.595813	-0.770237
47631	-2.286082	-10.067117	-1.744355
47632	-1.409165	-11.528364	-2.793023
47633	-0.483506	-12.922018	-3.879376
47634	0.503763	-14.236408	-4.983094
47635	1.542069	-15.476859	-6.110875
47636	2.610596	-16.645652	-7.249891
47637	3.700245	-17.749731	-8.384166
47638	4.802746	-18.782986	-9.494726
47639	5.889063	-19.706985	-10.553246
47640	6.926095	-20.484380	-11.509618
47641	7.914317	-21.115446	-12.327906
47642	8.837476	-21.642529	-13.024434
47643	9.653636	-22.071218	-13.604527
47644	10.340770	-22.413508	-14.050441
47645	10.882375	-22.661452	-14.360048
47646	11.284222	-22.828485	-14.515118
47647	11.551037	-22.936570	-14.550189
47648	11.681311	-22.974095	-14.485701
47649	11.679103	-22.909538	-14.330991
47650	11.557676	-22.737069	-14.083689
47651	11.321534	-22.475777	-13.750458
47652	10.980184	-22.150159	-13.344611
47653	10.528700	-21.766485	-12.864619
47654	9.956668	-21.313329	-12.318794
47655	9.270838	-20.767892	-11.696967
47656	8.498798	-20.144306	-10.990648
47657	7.634165	-19.464800	-10.199057
47658	6.680300	-18.735659	-9.323997
47659	5.653227	-17.964464	-8.368080
47660	4.575734	-17.138888	-7.344775
47661	3.471175	-16.259330	-6.279913
47662	2.377212	-15.329290	-5.211557
47663	1.329891	-14.354151	-4.188372
47664	0.355574	-13.334804	-3.248446
47665	-0.540819	-12.271157	-2.419793
47666	-1.346103	-11.138505	-1.719391
47667	-2.056797	-9.950516	-1.147228
47668	-2.669725	-8.736721	-0.719723
47669	-3.171949	-7.527136	-0.440070
47670	-3.568516	-6.354464	-0.274508
47671	-3.897662	-5.256388	-0.169719
47672	-4.202993	-4.254318	-0.087922
47673	-4.475602	-3.380402	0.006462
47674	-4.700976	-2.645698	0.121736
47675	-4.870015	-2.056790	0.260711
47676	-4.987542	-1.594046	0.390475
47677	-5.100296	-1.195308	0.475843
47678	-5.230723	-0.812333	0.527710
47679	-5.354739	-0.481489	0.562746
47680	-5.440791	-0.265719	0.599164
47681	-5.497031	-0.221146	0.654860
47682	-5.508733	-0.322311	0.746465
47683	-5.449970	-0.490445	0.862742
47684	-5.321988	-0.713028	0.988338
47685	-5.163274	-1.025541	1.087010
47686	-4.678197	-1.584603	1.264267
47687	-3.483843	-2.222220	1.099219
47688	-3.002309	-1.949766	1.063537
47689	-2.855166	-1.867272	1.054014
47690	-2.995203	-2.126467	0.825752
47691	-3.160086	-2.323975	0.501528
47692	-3.219720	-2.465902	0.352996
47693	-3.096128	-2.655239	0.370872
47694	-2.973069	-2.832837	0.379372
47695	-2.905309	-2.955213	0.306241
47696	-2.836979	-3.080845	0.203505
47697	-2.761702	-3.202824	0.108257
47698	-2.675957	-3.269934	0.031047
47699	-2.597803	-3.274027	-0.030315
47700	-2.517781	-3.221129	-0.086406
47701	-2.488183	-3.142289	-0.157044
47702	-2.454666	-3.038963	-0.207378
47703	-2.396384	-2.921633	-0.257172
47704	-2.295591	-2.835511	-0.323665
47705	-2.202967	-2.799136	-0.392388
47706	-2.119052	-2.795705	-0.443478
47707	-2.015021	-2.801944	-0.497003
47708	-1.875897	-2.811607	-0.564621
47709	-1.710961	-2.812347	-0.633947
47710	-1.528509	-2.810499	-0.699588
47711	-1.335439	-2.795237	-0.780574
47712	-1.159487	-2.767920	-0.847231
47713	-1.005980	-2.740621	-0.902903
47714	-0.867818	-2.704949	-0.946859
47715	-0.724073	-2.652757	-0.987870
47716	-0.571634	-2.575120	-1.019895
47717	-0.423420	-2.476519	-1.037842
47718	-0.262303	-2.338091	-1.039209
47719	-0.071814	-2.151003	-1.007008
47720	0.126017	-1.901475	-0.937846
47721	0.303506	-1.594738	-0.831419
47722	0.472348	-1.259300	-0.705215
47723	0.658961	-0.927055	-0.568650
47724	0.864257	-0.618801	-0.438718
47725	1.061564	-0.348795	-0.321291
47726	1.240246	-0.128256	-0.207606
47727	1.381765	0.038344	-0.105982
47728	1.489784	0.158812	-0.033993
47729	1.591803	0.260136	0.017717
47730	1.690415	0.346186	0.053006
47731	1.787965	0.421530	0.083943
47732	1.875045	0.482653	0.120214
47733	1.953406	0.527125	0.162490
47734	2.022574	0.545346	0.216524
47735	2.082679	0.552272	0.267619
47736	2.125390	0.552493	0.320682
47737	2.159397	0.542553	0.389535
47738	2.180450	0.525998	0.456865
47739	2.191122	0.512871	0.514564
47740	2.184807	0.503141	0.554861
47741	2.166823	0.505209	0.583717
47742	2.144821	0.513066	0.599799
47743	2.123056	0.524609	0.610300
47744	2.100503	0.539404	0.615311
47745	2.072833	0.558822	0.616281
47746	2.038018	0.586707	0.612000
47747	1.997757	0.615873	0.596133
47748	1.946060	0.647917	0.572506
47749	1.886126	0.680101	0.541712
47750	1.822359	0.706231	0.513638
47751	1.754233	0.727001	0.488376
47752	1.689853	0.741434	0.458397
47753	1.628796	0.749318	0.426716
47754	1.570362	0.754759	0.394436
47755	1.516666	0.765218	0.361375
47756	1.466132	0.776076	0.332740
47757	1.419864	0.786843	0.311341
47758	1.380252	0.792739	0.293814
47759	1.341320	0.796285	0.278856
47760	1.303556	0.796685	0.268202
47761	1.267728	0.794863	0.264220
47762	1.229762	0.783569	0.260406
47763	1.190505	0.771285	0.264327
47764	1.152908	0.754925	0.265793
47765	1.115156	0.739840	0.267839
47766	1.085376	0.723920	0.269452
47767	1.062236	0.710329	0.275220
47768	1.046446	0.701381	0.279580
47769	1.030310	0.694361	0.285182
47770	1.015603	0.692365	0.291247
47771	0.999746	0.689861	0.297822
47772	0.984077	0.688608	0.305569
47773	0.967867	0.681367	0.314794
47774	0.954543	0.676221	0.324368
47775	0.949336	0.674229	0.331350
47776	0.946016	0.672547	0.338634
47777	0.943507	0.671399	0.344794
47778	0.947099	0.671111	0.350241
47779	0.953757	0.670866	0.355181
47780	0.960128	0.668012	0.361010
47781	0.963257	0.661961	0.364320
47782	0.963863	0.647749	0.369183
47783	0.967764	0.629401	0.375867
47784	0.965000	0.617186	0.380668
47785	0.960269	0.593454	0.384811
47786	0.968554	0.575624	0.381587
47787	0.976199	0.561246	0.377344
47788	0.988153	0.548442	0.376869
47789	0.994774	0.540737	0.374824
47790	0.986465	0.527609	0.380156
47791	0.965997	0.508737	0.388265
47792	0.945546	0.489367	0.394708
47793	0.921219	0.466121	0.400779
47794	0.896050	0.437301	0.404549
47795	0.882324	0.409504	0.407581
47796	0.874048	0.374436	0.405056
47797	0.860121	0.339834	0.401828
47798	0.853339	0.307997	0.396116
47799	0.849046	0.279255	0.385386
47800	0.844647	0.253310	0.373584
47801	0.834681	0.232991	0.362707
47802	0.816517	0.212946	0.353270
47803	0.797189	0.197319	0.349592
47804	0.770005	0.180545	0.347807
47805	0.739189	0.166815	0.350142
47806	0.714884	0.155169	0.352097
47807	0.691720	0.142629	0.353378
47808	0.668347	0.130133	0.355478
47809	0.642841	0.117867	0.359785
47810	0.619617	0.104611	0.363034
47811	0.594465	0.093460	0.369522
47812	0.560670	0.078740	0.377217
47813	0.516752	0.061970	0.386067
47814	0.468526	0.044928	0.393193
47815	0.428211	0.031662	0.398337
47816	0.398222	0.019801	0.401673
47817	0.379707	0.011578	0.404078
47818	0.369207	0.005139	0.405863
47819	0.362476	-0.004007	0.406210
47820	0.360595	-0.007491	0.406912
47821	0.361716	-0.011058	0.408882
47822	0.360232	-0.013324	0.409934
47823	0.355692	-0.014500	0.413062
47824	0.347767	-0.014281	0.416276
47825	0.341328	-0.013850	0.420962
47826	0.329901	-0.010864	0.422998
47827	0.315800	-0.008098	0.425757
47828	0.294627	-0.009079	0.427734
47829	0.274358	-0.007877	0.433217
47830	0.253782	-0.008292	0.434873
47831	0.236057	-0.008027	0.436669
47832	0.225168	-0.007109	0.438490
47833	0.216602	-0.003437	0.440672
47834	0.207547	0.001805	0.441406
47835	0.202229	0.009299	0.445913
47836	0.201357	0.018698	0.448713
47837	0.196234	0.025536	0.452544
47838	0.190505	0.031203	0.456840
47839	0.180779	0.036289	0.461383
47840	0.169576	0.041166	0.464457
47841	0.160110	0.048233	0.468220
47842	0.149500	0.053674	0.470967
47843	0.142346	0.062887	0.475227
47844	0.133973	0.073870	0.477236
47845	0.125102	0.081503	0.480672
47846	0.116143	0.091927	0.483010
47847	0.108663	0.102561	0.486817
47848	0.100249	0.113445	0.490636
47849	0.090339	0.125234	0.494521
47850	0.083318	0.139119	0.498712
47851	0.073289	0.154206	0.503171
47852	0.066485	0.169971	0.508392
47853	0.062528	0.186413	0.513752
47854	0.057100	0.202645	0.517643
47855	0.051449	0.220044	0.523885
47856	0.046571	0.236737	0.529261
47857	0.041707	0.254041	0.534501
47858	0.035136	0.271693	0.540760
47859	0.031224	0.290679	0.547837
47860	0.026808	0.308699	0.551764
47861	0.022548	0.326568	0.556685
47862	0.018254	0.341295	0.560039
47863	0.013903	0.353990	0.563355
47864	0.009730	0.365422	0.566135
47865	0.005731	0.374263	0.566387
47866	0.001675	0.382400	0.568591
47867	-0.003502	0.390120	0.569496
47868	-0.011598	0.394535	0.570365
47869	-0.014933	0.400538	0.571524
47870	-0.019605	0.405579	0.572347
47871	-0.023342	0.410363	0.573154
47872	-0.026906	0.413888	0.573426
47873	-0.032010	0.418211	0.575564
47874	-0.036924	0.418836	0.573648
47875	-0.043422	0.420159	0.575407
47876	-0.049630	0.422962	0.574723
47877	-0.052848	0.425669	0.575305
47878	-0.057403	0.427416	0.575553
47879	-0.064819	0.429598	0.577187
47880	-0.071989	0.433162	0.578188
47881	-0.076312	0.437388	0.579323
47882	-0.080132	0.438939	0.580379
47883	-0.086254	0.438944	0.580783
47884	-0.091470	0.437495	0.581460
47885	-0.097449	0.436742	0.582996
47886	-0.100753	0.436216	0.583828
47887	-0.103713	0.434866	0.584965
47888	-0.106097	0.433482	0.585924
47889	-0.109199	0.432891	0.585931
47890	-0.107357	0.434570	0.587548
47891	-0.104362	0.437865	0.590177
47892	-0.104529	0.439481	0.588701
47893	-0.103776	0.443273	0.590724
47894	-0.102403	0.447130	0.590760
47895	-0.103331	0.449440	0.590141
47896	-0.104012	0.453136	0.588893
47897	-0.105761	0.455447	0.591090
47898	-0.106473	0.456605	0.588131
47899	-0.107631	0.459476	0.590003
47900	-0.108934	0.460073	0.587371
47901	-0.107477	0.461127	0.588491
47902	-0.106911	0.462547	0.587823
47903	-0.107292	0.465318	0.588691
47904	-0.106135	0.467300	0.587698
47905	-0.104230	0.469673	0.587362
47906	-0.104223	0.473074	0.588734
47907	-0.103453	0.474426	0.587239
47908	-0.101301	0.478189	0.586277
47909	-0.102817	0.479940	0.585986
47910	-0.101255	0.483143	0.585350
47911	-0.101590	0.486015	0.584409
47912	-0.099438	0.489779	0.583448
47913	-0.097860	0.493571	0.582663
47914	-0.096626	0.498195	0.581578
47915	-0.095375	0.503408	0.580343
47916	-0.092461	0.509515	0.581905
47917	-0.089155	0.514889	0.581959
47918	-0.086457	0.519116	0.582488
47919	-0.084594	0.521390	0.583967
47920	-0.082891	0.523838	0.584468
47921	-0.079660	0.526573	0.584619
47922	-0.079607	0.530081	0.584188
47923	-0.079252	0.532654	0.585866
47924	-0.077471	0.537744	0.586273
47925	-0.076930	0.539657	0.587272
47926	-0.077139	0.541186	0.587617
47927	-0.078838	0.543598	0.588008
47928	-0.080413	0.544668	0.589682
47929	-0.083031	0.547939	0.589947
47930	-0.088637	0.551328	0.588949
47931	-0.092480	0.553379	0.591673
47932	-0.097494	0.557328	0.590352
47933	-0.100077	0.563140	0.592335
47934	-0.102447	0.567810	0.591979
47935	-0.103335	0.572663	0.593085
47936	-0.105298	0.578554	0.593087
47937	-0.104897	0.581228	0.592959
47938	-0.105695	0.582202	0.593633
47939	-0.108467	0.580194	0.594087
47940	-0.112500	0.579888	0.594119
47941	-0.119426	0.577459	0.593805
47942	-0.124640	0.576034	0.594487
47943	-0.130878	0.573306	0.596791
47944	-0.136311	0.570001	0.596437
47945	-0.142549	0.567274	0.598744
47946	-0.148026	0.563870	0.600202
47947	-0.153442	0.561142	0.599694
47948	-0.158374	0.558201	0.602641
47949	-0.166805	0.556073	0.602531
47950	-0.175298	0.553271	0.604388
47951	-0.185687	0.550125	0.605933
47952	-0.195765	0.544985	0.608087
47953	-0.207148	0.540060	0.609604
47954	-0.219464	0.535422	0.611154
47955	-0.235634	0.529421	0.614049
47956	-0.251710	0.519548	0.616521
47957	-0.273182	0.506070	0.618827
47958	-0.293158	0.491723	0.621101
47959	-0.314626	0.478249	0.623426
47960	-0.338203	0.463949	0.626445
47961	-0.360336	0.447281	0.629216
47962	-0.382323	0.435325	0.631956
47963	-0.407093	0.417940	0.633792
47964	-0.429016	0.402594	0.637788
47965	-0.454479	0.387957	0.640554
47966	-0.477392	0.370838	0.644549
47967	-0.501796	0.354589	0.648599
47968	-0.523447	0.341232	0.651857
47969	-0.540297	0.329510	0.653568
47970	-0.556850	0.319294	0.652850
47971	-0.565144	0.310386	0.655280
47972	-0.566799	0.300354	0.654919
47973	-0.570417	0.287331	0.654356
47974	-0.571048	0.273140	0.653553
47975	-0.573452	0.255292	0.651870
47976	-0.580369	0.231853	0.650508
47977	-0.589911	0.202222	0.649390
47978	-0.610573	0.162660	0.644542
47979	-0.641396	0.107384	0.637140
47980	-0.681599	0.036221	0.619991
47981	-0.742877	-0.069376	0.597360
47982	-0.826983	-0.256783	0.576978
47983	-0.934191	-0.494633	0.563683
47984	-1.100741	-0.836396	0.535354
47985	-1.353027	-1.256477	0.474318
47986	-1.683151	-1.665347	0.411448
47987	-2.166444	-2.098765	0.345147
47988	-2.869038	-2.566058	0.271549
47989	-3.748328	-3.023203	0.182954
47990	-4.731838	-3.496936	0.070171
47991	-5.850218	-4.158233	-0.198422
47992	-6.885870	-4.960502	-0.502875
47993	-6.996965	-5.671346	-0.571447
47994	-6.418202	-6.445901	-0.486851
47995	-5.920243	-7.501371	-0.627716
47996	-5.498761	-8.788847	-1.078721
47997	-4.842189	-10.186896	-1.700829
47998	-3.943342	-11.640823	-2.448348
47999	-2.975271	-13.137388	-3.355186
48000	-1.979360	-14.639466	-4.403976
48001	-0.886660	-16.091353	-5.518503
48002	0.331417	-17.456214	-6.658085
48003	1.595962	-18.745552	-7.813666
48004	2.860580	-19.958094	-8.991455
48005	4.138821	-21.071360	-10.164004
48006	5.419994	-22.080457	-11.307130
48007	6.677516	-22.974171	-12.382496
48008	7.873214	-23.775705	-13.367992
48009	8.953442	-24.489204	-14.245028
48010	9.892150	-25.084416	-14.963652
48011	10.686587	-25.550591	-15.497787
48012	11.328810	-25.893578	-15.858418
48013	11.817728	-26.126699	-16.074299
48014	12.153318	-26.269780	-16.178635
48015	12.340593	-26.310441	-16.182149
48016	12.383017	-26.226934	-16.088387
48017	12.294708	-25.998424	-15.905999
48018	12.078941	-25.644144	-15.641218
48019	11.725479	-25.164879	-15.286033
48020	11.251978	-24.566092	-14.818837
48021	10.642279	-23.888595	-14.232569
48022	9.873437	-23.140290	-13.530993
48023	8.953154	-22.328856	-12.732520
48024	7.907306	-21.458133	-11.849665
48025	6.786030	-20.531802	-10.892715
48026	5.611581	-19.549777	-9.883477
48027	4.399254	-18.505218	-8.828413
48028	3.182916	-17.390740	-7.773103
48029	1.999154	-16.246641	-6.792405
48030	0.907935	-15.074241	-5.929002
48031	-0.038839	-13.900950	-5.190001
48032	-0.846333	-12.738592	-4.557990
48033	-1.554639	-11.576517	-4.022242
48034	-2.183691	-10.418841	-3.553525
48035	-2.752860	-9.287778	-3.135072
48036	-3.275963	-8.184913	-2.754090
48037	-3.751660	-7.132815	-2.407363
48038	-4.183829	-6.149470	-2.084194
48039	-4.590430	-5.255305	-1.763305
48040	-4.977603	-4.474937	-1.410120
48041	-5.362539	-3.844150	-1.034012
48042	-5.732215	-3.335460	-0.673850
48043	-6.062327	-2.930605	-0.355221
48044	-6.357549	-2.613190	-0.106253
48045	-6.615117	-2.369883	0.074448
48046	-6.822936	-2.202318	0.192213
48047	-6.994388	-2.115726	0.268424
48048	-7.139623	-2.098810	0.333369
48049	-7.261811	-2.132997	0.406402
48050	-7.361621	-2.204212	0.474282
48051	-7.455071	-2.298921	0.507738
48052	-7.540715	-2.424884	0.494442
48053	-7.587143	-2.634890	0.453385
48054	-7.596182	-2.976099	0.419359
48055	-7.594302	-3.458283	0.429401
48056	-7.596067	-4.035355	0.503907
48057	-7.615798	-4.598076	0.645868
48058	-7.662804	-5.080526	0.849532
48059	-7.764373	-5.470258	1.093009
48060	-7.909390	-5.776396	1.373520
48061	-8.076454	-6.018023	1.680812
48062	-8.271139	-6.241077	2.010256
48063	-8.497466	-6.472940	2.366609
48064	-7.734878	-6.376358	2.701620
48065	-6.249361	-5.877038	3.294036
48066	-5.517904	-5.345629	3.473054
48067	-5.013623	-4.766264	3.351522
48068	-4.427014	-4.250065	3.198239
48069	-3.721350	-3.787763	3.092474
48070	-3.099735	-3.333860	2.968901
48071	-2.629764	-2.921431	2.830936
48072	-2.317395	-2.611015	2.689184
48073	-2.138970	-2.493185	2.584825
48074	-2.096660	-2.502712	2.537482
48075	-2.113765	-2.575334	2.511249
48076	-2.113863	-2.660431	2.471350
48077	-2.064470	-2.720381	2.426681
48078	-1.937552	-2.758058	2.374639
48079	-1.745295	-2.758541	2.326195
48080	-1.497781	-2.740653	2.284522
48081	-1.257206	-2.686776	2.283700
48082	-1.050496	-2.621186	2.295175
48083	-0.877860	-2.541973	2.308536
48084	-0.732831	-2.453057	2.330495
48085	-0.597125	-2.352566	2.349899
48086	-0.456187	-2.224631	2.388130
48087	-0.313096	-2.060014	2.458056
48088	-0.183337	-1.878651	2.562886
48089	-0.074615	-1.677667	2.685859
48090	0.023344	-1.470973	2.809949
48091	0.108491	-1.270434	2.922416
48092	0.188750	-1.097108	3.021656
48093	0.276290	-0.932285	3.093601
48094	0.369077	-0.767547	3.147825
48095	0.458798	-0.620815	3.194762
48096	0.545010	-0.494500	3.230485
48097	0.635628	-0.380576	3.268467
48098	0.728781	-0.269696	3.313530
48099	0.826878	-0.174203	3.363547
48100	0.939820	-0.091610	3.415230
48101	1.063371	-0.026698	3.485796
48102	1.167678	0.015506	3.552392
48103	1.258824	0.053155	3.602947
48104	1.336947	0.093342	3.640031
48105	1.398625	0.120181	3.684528
48106	1.441111	0.131628	3.735610
48107	1.482681	0.143480	3.774290
48108	1.511554	0.152323	3.802126
48109	1.527504	0.167838	3.816019
48110	1.535051	0.186483	3.822330
48111	1.532129	0.197298	3.832744
48112	1.533026	0.216636	3.841996
48113	1.545790	0.247796	3.852940
48114	1.554917	0.274981	3.865914
48115	1.572537	0.285721	3.904622
48116	1.577054	0.274802	3.933588
48117	1.570696	0.255086	3.962543
48118	1.562892	0.236407	3.981414
48119	1.549926	0.226615	3.995668
48120	1.532434	0.218301	4.003922
48121	1.519900	0.217445	4.013188
48122	1.528099	0.219824	4.040415
48123	1.545266	0.227186	4.071400
48124	1.566571	0.237199	4.107739
48125	1.586452	0.250510	4.149678
48126	1.601632	0.256061	4.184345
48127	1.608451	0.258548	4.214684
48128	1.607235	0.258590	4.240196
48129	1.588922	0.260758	4.255046
48130	1.561493	0.250900	4.272237
48131	1.530013	0.233069	4.293160
48132	1.498331	0.212952	4.309418
48133	1.467700	0.190845	4.331709
48134	1.438253	0.176648	4.351827
48135	1.415765	0.166447	4.377369
48136	1.402950	0.157337	4.402229
48137	1.393893	0.151397	4.426211
48138	1.381438	0.144394	4.448468
48139	1.367600	0.136526	4.478680
48140	1.348331	0.123221	4.510040
48141	1.329324	0.105988	4.539214
48142	1.317055	0.090758	4.564364
48143	1.306129	0.076636	4.588047
48144	1.294587	0.065600	4.607965
48145	1.281755	0.058458	4.624174
48146	1.267457	0.055406	4.634625
48147	1.258471	0.054159	4.648865
48148	1.251110	0.055407	4.659966
48149	1.247515	0.066291	4.673340
48150	1.245957	0.074277	4.682660
48151	1.238624	0.079618	4.692425
48152	1.238555	0.087243	4.701552
48153	1.241100	0.100358	4.709213
48154	1.256260	0.114807	4.710894
48155	1.267158	0.123083	4.710307
48156	1.281641	0.130408	4.711015
48157	1.294196	0.133259	4.715617
48158	1.286681	0.128809	4.722398
48159	1.254039	0.114739	4.734354
48160	1.222944	0.099767	4.744407
48161	1.198236	0.089446	4.751577
48162	1.177102	0.079288	4.753297
48163	1.157078	0.070551	4.759838
48164	1.147196	0.056582	4.767778
48165	1.140904	0.029047	4.775281
48166	1.124712	-0.007019	4.786934
48167	1.103396	-0.043978	4.790115
48168	1.084447	-0.069854	4.778808
48169	1.068747	-0.085344	4.759587
48170	1.056071	-0.090209	4.730427
48171	1.043696	-0.087064	4.689369
48172	1.038684	-0.074798	4.645237
48173	1.039758	-0.065266	4.609940
48174	1.041704	-0.054100	4.577432
48175	1.036579	-0.042608	4.545519
48176	1.026629	-0.032705	4.515122
48177	1.019717	-0.041324	4.511577
48178	1.008623	-0.059677	4.519547
48179	0.992024	-0.078938	4.530935
48180	0.970699	-0.099558	4.540120
48181	0.946693	-0.113536	4.549449
48182	0.927077	-0.125265	4.559680
48183	0.907484	-0.132922	4.568557
48184	0.892254	-0.134049	4.574088
48185	0.878311	-0.129916	4.575746
48186	0.862538	-0.123784	4.574280
48187	0.848946	-0.113286	4.569062
48188	0.834045	-0.099367	4.557380
48189	0.816724	-0.086846	4.544989
48190	0.798356	-0.075637	4.525946
48191	0.780658	-0.063024	4.502709
48192	0.764608	-0.047798	4.474479
48193	0.744729	-0.030123	4.442659
48194	0.722467	-0.015163	4.410432
48195	0.698926	-0.000751	4.380573
48196	0.676894	0.009355	4.350031
48197	0.660517	0.018940	4.326690
48198	0.652530	0.015382	4.321551
48199	0.644883	0.009079	4.326459
48200	0.637445	0.008063	4.332088
48201	0.631081	0.009549	4.335766
48202	0.625363	0.014225	4.339907
48203	0.616943	0.018928	4.342889
48204	0.607498	0.025616	4.339867
48205	0.597102	0.033743	4.338433
48206	0.585470	0.041115	4.332923
48207	0.570369	0.048632	4.327284
48208	0.555371	0.055708	4.318077
48209	0.541766	0.063951	4.305505
48210	0.527454	0.071776	4.292258
48211	0.514578	0.079788	4.280518
48212	0.497842	0.088745	4.269210
48213	0.479498	0.095187	4.261033
48214	0.460862	0.102312	4.254422
48215	0.445646	0.110585	4.247637
48216	0.435394	0.118371	4.240785
48217	0.426139	0.128441	4.235694
48218	0.419401	0.132560	4.231200
48219	0.415036	0.139381	4.227110
48220	0.413979	0.146733	4.223862
48221	0.412252	0.154082	4.222641
48222	0.409292	0.159606	4.224085
48223	0.406512	0.164136	4.229541
48224	0.404766	0.166369	4.236431
48225	0.399356	0.169300	4.245751
48226	0.394169	0.171029	4.252663
48227	0.390656	0.171413	4.263387
48228	0.391730	0.164865	4.282777
48229	0.391401	0.158538	4.303369
48230	0.391717	0.156489	4.317698
48231	0.391215	0.159475	4.328665
48232	0.390497	0.163357	4.337481
48233	0.389878	0.167111	4.347296
48234	0.387797	0.174953	4.351371
48235	0.383648	0.180146	4.351454
48236	0.378986	0.190869	4.351437
48237	0.374736	0.200131	4.351005
48238	0.371313	0.208736	4.347841
48239	0.367416	0.216769	4.344136
48240	0.366576	0.222496	4.345069
48241	0.363850	0.227135	4.348675
48242	0.362679	0.230889	4.350380
48243	0.362392	0.237688	4.352691
48244	0.361904	0.248691	4.353495
48245	0.360041	0.256711	4.352991
48246	0.358196	0.264100	4.352650
48247	0.355870	0.266541	4.357861
48248	0.355084	0.263727	4.367270
48249	0.353477	0.261568	4.379409
48250	0.350588	0.258568	4.389344
48251	0.350393	0.256925	4.398270
48252	0.349020	0.256878	4.408649
48253	0.346029	0.255377	4.415407
48254	0.341933	0.255676	4.419896
48255	0.336398	0.257158	4.420697
48256	0.330034	0.259007	4.419677
48257	0.320840	0.264828	4.418828
48258	0.311374	0.268153	4.417053
48259	0.301920	0.272203	4.413253
48260	0.288964	0.275996	4.406619
48261	0.281616	0.280231	4.402296
48262	0.279300	0.284186	4.394197
48263	0.279758	0.288624	4.388103
48264	0.283282	0.295137	4.380554
48265	0.285724	0.300528	4.372783
48266	0.286867	0.308290	4.365315
48267	0.286571	0.317227	4.354159
48268	0.284811	0.322697	4.340867
48269	0.282686	0.330015	4.330684
48270	0.280123	0.335512	4.320286
48271	0.277091	0.340418	4.309338
48272	0.272856	0.343628	4.299204
48273	0.269609	0.345795	4.290182
48274	0.266185	0.347912	4.283895
48275	0.265458	0.351372	4.276596
48276	0.266182	0.350460	4.270483
48277	0.266579	0.351495	4.265615
48278	0.267875	0.351025	4.261040
48279	0.269313	0.350501	4.255589
48280	0.271946	0.350346	4.251523
48281	0.273505	0.349057	4.247226
48282	0.276017	0.349670	4.242007
48283	0.273995	0.345341	4.235927
48284	0.275898	0.345416	4.231032
48285	0.275667	0.342607	4.225843
48286	0.273953	0.339541	4.221025
48287	0.268749	0.336480	4.217910
48288	0.265937	0.331568	4.214890
48289	0.265926	0.323920	4.211364
48290	0.265650	0.317101	4.207565
48291	0.267058	0.308900	4.207559
48292	0.266839	0.305486	4.202544
48293	0.267695	0.300150	4.201645
48294	0.269778	0.295293	4.200274
48295	0.270810	0.292595	4.199313
48296	0.271733	0.290063	4.197372
48297	0.271309	0.287818	4.194751
48298	0.269499	0.287759	4.196158
48299	0.265870	0.283477	4.195858
48300	0.261721	0.284762	4.195483
48301	0.256499	0.284904	4.194875
48302	0.253844	0.285838	4.194300
48303	0.248465	0.286645	4.194399
48304	0.243254	0.286185	4.193965
48305	0.237875	0.286992	4.194065
48306	0.236105	0.287035	4.193615
48307	0.231651	0.287051	4.191979
48308	0.229547	0.285123	4.192300
48309	0.224169	0.285930	4.192401
48310	0.220138	0.286452	4.193182
48311	0.216706	0.288114	4.193467
48312	0.212851	0.291275	4.194188
48313	0.206923	0.294948	4.193397
48314	0.203932	0.300423	4.196745
48315	0.199204	0.301872	4.194665
48316	0.197138	0.306556	4.196278
48317	0.193707	0.308218	4.196564
48318	0.191169	0.308393	4.197150
48319	0.188347	0.310596	4.197114
48320	0.187184	0.311186	4.196349
48321	0.185522	0.311064	4.196882
48322	0.184928	0.312094	4.197654
48323	0.181656	0.313091	4.197234
48324	0.180452	0.313582	4.198329
48325	0.178262	0.313120	4.195466
48326	0.178885	0.315233	4.195594
48327	0.177833	0.315652	4.195805
48328	0.177277	0.316786	4.194720
48329	0.177328	0.319051	4.193133
48330	0.177949	0.321165	4.193263
48331	0.177390	0.322890	4.191999
48332	0.177127	0.325899	4.192007
48333	0.176883	0.326292	4.189329
48334	0.177168	0.326435	4.190228
48335	0.177768	0.325835	4.189533
48336	0.178702	0.326620	4.188251
48337	0.176356	0.326825	4.186096
48338	0.180236	0.326807	4.186275
48339	0.179048	0.324687	4.184687
48340	0.180825	0.324480	4.185389
48341	0.179931	0.324232	4.184893
48342	0.179802	0.323273	4.183550
48343	0.178751	0.323691	4.183762
48344	0.179800	0.323713	4.183634
48345	0.179065	0.322799	4.182432
48346	0.181489	0.323237	4.180953
48347	0.179986	0.322449	4.180781
48348	0.179128	0.321720	4.178609
48349	0.178647	0.322578	4.180359
48350	0.178398	0.322390	4.177866
48351	0.178684	0.323122	4.178587
48352	0.177057	0.322521	4.177445
48353	0.177048	0.321381	4.177074
48354	0.175265	0.321446	4.176640
48355	0.175887	0.324151	4.176595
48356	0.178203	0.321086	4.178191
48357	0.178647	0.321153	4.178205
48358	0.178198	0.321533	4.178281
48359	0.176696	0.320746	4.178109
48360	0.175795	0.319921	4.177799
48361	0.173409	0.320026	4.177504
48362	0.173074	0.319641	4.178734
48363	0.171614	0.318955	4.176702
48364	0.172204	0.317779	4.176194
48365	0.169482	0.315911	4.176667
48366	0.169188	0.315628	4.176038
48367	0.167686	0.314841	4.175866
48368	0.167508	0.313791	4.176389
48369	0.166458	0.314210	4.176604
48370	0.169108	0.313121	4.177436
48371	0.166701	0.309922	4.176493
48372	0.167247	0.308646	4.177847
48373	0.165020	0.308086	4.176845
48374	0.165154	0.305706	4.175953
48375	0.164536	0.304026	4.175905
48376	0.161115	0.301914	4.173874
48377	0.156785	0.301166	4.173395
48378	0.156759	0.299455	4.173213
48379	0.151366	0.296961	4.172670
48380	0.148965	0.296495	4.172565
48381	0.149230	0.293922	4.172640
48382	0.151576	0.290968	4.172383
48383	0.150283	0.285341	4.173867
48384	0.148401	0.278710	4.174003
48385	0.143174	0.271277	4.176976
48386	0.136499	0.260527	4.175970
48387	0.133376	0.253281	4.178424
48388	0.129392	0.246464	4.179086
48389	0.127761	0.238865	4.181341
48390	0.126604	0.232009	4.182310
48391	0.123976	0.226070	4.183291
48392	0.120488	0.220561	4.182481
48393	0.117271	0.217387	4.184434
48394	0.114572	0.215056	4.183242
48395	0.112168	0.211857	4.182305
48396	0.110983	0.212478	4.181562
48397	0.112877	0.212089	4.183240
48398	0.113137	0.212256	4.184159
48399	0.114149	0.212761	4.185715
48400	0.115631	0.214008	4.185985
48401	0.115308	0.214200	4.187034
48402	0.116178	0.214907	4.187631
48403	0.112010	0.213495	4.186449
48404	0.111997	0.215097	4.186925
48405	0.106788	0.215245	4.186330
48406	0.102887	0.215143	4.186433
48407	0.098109	0.213191	4.185575
48408	0.094819	0.213630	4.185356
48409	0.087824	0.212260	4.183869
48410	0.086026	0.212346	4.183450
48411	0.081542	0.212267	4.183686
48412	0.077637	0.212167	4.183798
48413	0.071254	0.211336	4.181990
48414	0.066628	0.211463	4.181269
48415	0.061083	0.209639	4.181444
48416	0.057292	0.208776	4.182703
48417	0.049802	0.206099	4.182695
48418	0.047009	0.203575	4.185228
48419	0.037462	0.200813	4.183885
48420	0.032289	0.199537	4.186507
48421	0.022585	0.197442	4.185873
48422	0.015701	0.198057	4.186381
48423	0.007624	0.198148	4.187349
48424	0.001321	0.195993	4.186905
48425	-0.004540	0.195503	4.188503
48426	-0.011725	0.194244	4.187933
48427	-0.017201	0.191556	4.191130
48428	-0.021104	0.191467	4.191235
48429	-0.027258	0.189105	4.191741
48430	-0.031010	0.188344	4.191159
