// General information: 
//  MT Manager version: 2021.4.0 
//  XDA version: 2021.4.0 build 6323 rev 112641 built on 2021-09-28
// Device information: 
//  DeviceId: 00B43773
//  ProductCode: MTW2-3A7G6
//  Firmware Version: 4.3.4
//  Hardware Version: 1.1.0
// Device settings: 
//  Filter Profile: human(46.1)
//  Option Flags: Orientation Smoother Disabled, Position/Velocity Smoother Disabled, Continuous Zero Rotation Update Disabled, AHS Disabled, ICC Disabled
// Coordinate system: ENU
PacketCounter	SampleTimeFine	Roll	Pitch	Yaw
58521		-2.384826	-0.085031	78.890087
58522		-2.376616	-0.059678	78.883887
58523		-2.370652	-0.035003	78.885230
58524		-2.362551	-0.014178	78.877387
58525		-2.352419	0.004267	78.878482
58526		-2.344120	0.019185	78.879287
58527		-2.336628	0.033603	78.880148
58528		-2.331686	0.046958	78.872619
58529		-2.327701	0.060297	78.873967
58530		-2.326223	0.074801	78.875009
58531		-2.325099	0.089945	78.875517
58532		-2.324665	0.100672	78.870928
58533		-2.320243	0.112536	78.871913
58534		-2.319678	0.122488	78.869159
58535		-2.317716	0.129747	78.870553
58536		-2.314717	0.139260	78.871006
58537		-2.313558	0.149149	78.871469
58538		-2.311712	0.159861	78.877041
58539		-2.309341	0.170899	78.878114
58540		-2.306160	0.182391	78.878906
58541		-2.302994	0.193425	78.880930
58542		-2.296813	0.204605	78.879909
58543		-2.294867	0.217116	78.881341
58544		-2.292586	0.226281	78.884322
58545		-2.291660	0.237065	78.885788
58546		-2.292834	0.247625	78.884681
58547		-2.292754	0.258732	78.886844
58548		-2.291579	0.272016	78.886524
58549		-2.290472	0.284849	78.888651
58550		-2.285949	0.297139	78.891158
58551		-2.285256	0.308820	78.893624
58552		-2.280516	0.320235	78.896968
58553		-2.276528	0.328636	78.899923
58554		-2.272121	0.338603	78.902601
58555		-2.268747	0.349055	78.905268
58556		-2.264361	0.356397	78.908494
58557		-2.264403	0.367763	78.908355
58558		-2.261055	0.378966	78.911756
58559		-2.257025	0.392300	78.913096
58560		-2.251224	0.405416	78.915622
58561		-2.243489	0.419249	78.917132
58562		-2.234821	0.432836	78.918430
58563		-2.227746	0.449037	78.921301
58564		-2.221782	0.466547	78.924848
58565		-2.215735	0.483648	78.927771
58566		-2.206225	0.499619	78.931050
58567		-2.200172	0.516718	78.933973
58568		-2.191895	0.534040	78.934801
58569		-2.180204	0.550099	78.935501
58570		-2.166103	0.566184	78.937408
58571		-2.150513	0.582161	78.938931
58572		-2.132955	0.602242	78.940050
58573		-2.115250	0.621354	78.939863
58574		-2.099090	0.641277	78.943164
58575		-2.081844	0.659550	78.944970
58576		-2.066938	0.675677	78.948492
58577		-2.055219	0.691732	78.949204
58578		-2.044017	0.707352	78.952473
58579		-2.033277	0.721366	78.951568
58580		-2.026033	0.734688	78.954583
58581		-2.017027	0.752282	78.956740
58582		-2.009060	0.768248	78.957502
58583		-2.003191	0.786230	78.961440
58584		-1.994460	0.802544	78.964408
58585		-1.987084	0.817838	78.966291
58586		-1.981402	0.831400	78.966406
58587		-1.976698	0.842670	78.968042
58588		-1.976026	0.852031	78.971772
58589		-1.978972	0.863198	78.974049
58590		-1.980485	0.874636	78.974500
58591		-1.987327	0.885885	78.975946
58592		-1.991124	0.897602	78.978502
58593		-1.993643	0.909922	78.980435
58594		-1.994354	0.921392	78.981846
58595		-1.993773	0.931012	78.983635
58596		-1.990568	0.942169	78.986196
58597		-1.986886	0.951713	78.987860
58598		-1.984721	0.961334	78.989781
58599		-1.977896	0.970490	78.989671
58600		-1.972577	0.980143	78.990806
58601		-1.968848	0.989373	78.990820
58602		-1.963821	0.999458	78.992196
58603		-1.959098	1.010726	78.993830
58604		-1.954673	1.018059	78.997374
58605		-1.947617	1.021071	78.996232
58606		-1.941736	1.023424	78.999148
58607		-1.938667	1.024518	79.000456
58608		-1.938402	1.024546	79.002062
58609		-1.938013	1.024243	79.003137
58610		-1.938458	1.024267	79.002255
58611		-1.936421	1.026261	79.003609
58612		-1.936506	1.027830	79.005028
58613		-1.935312	1.030144	79.007076
58614		-1.933936	1.031899	79.007671
58615		-1.929642	1.034138	79.009597
58616		-1.926260	1.037102	79.012342
58617		-1.923417	1.041713	79.014669
58618		-1.920825	1.047591	79.017320
58619		-1.920430	1.049912	79.018411
58620		-1.920455	1.056733	79.018616
58621		-1.918789	1.062511	79.018691
58622		-1.918292	1.067470	79.021234
58623		-1.915908	1.073866	79.025566
58624		-1.916281	1.079311	79.030767
58625		-1.915498	1.085721	79.033184
58626		-1.914157	1.090842	79.037315
58627		-1.912341	1.096352	79.039687
58628		-1.911198	1.099050	79.041699
58629		-1.907476	1.097778	79.041652
58630		-1.904988	1.096165	79.047799
58631		-1.905209	1.095287	79.048565
58632		-1.905705	1.093111	79.049904
58633		-1.908413	1.092881	79.051100
58634		-1.910099	1.092147	79.051439
58635		-1.911582	1.093062	79.053252
58636		-1.908782	1.089850	79.054094
58637		-1.908390	1.089545	79.055170
58638		-1.905851	1.087163	79.057029
58639		-1.905889	1.083081	79.058427
58640		-1.905921	1.079450	79.058986
58641		-1.906755	1.078000	79.059443
58642		-1.906594	1.076111	79.059937
58643		-1.907004	1.075814	79.060055
58644		-1.909563	1.075308	79.060782
58645		-1.913727	1.074825	79.062362
58646		-1.917298	1.072620	79.063054
58647		-1.923070	1.069527	79.062704
58648		-1.928123	1.069863	79.065588
58649		-1.936187	1.069463	79.066329
58650		-1.942902	1.069979	79.068194
58651		-1.949129	1.071297	79.069863
58652		-1.951670	1.070597	79.070334
58653		-1.957520	1.070755	79.073299
58654		-1.960663	1.072293	79.073447
58655		-1.968919	1.069848	79.073525
58656		-1.975859	1.068549	79.077071
58657		-1.984350	1.064372	79.078137
58658		-1.992481	1.061671	79.078541
58659		-1.999977	1.059533	79.081226
58660		-2.004245	1.054183	79.083450
58661		-2.009598	1.046993	79.082736
58662		-2.013623	1.041084	79.084561
58663		-2.016682	1.031201	79.082758
58664		-2.021884	1.021108	79.081619
58665		-2.028503	1.013085	79.081937
58666		-2.034281	1.005060	79.079762
58667		-2.039863	0.998762	79.080051
58668		-2.043185	0.990480	79.079445
58669		-2.048579	0.983603	79.080383
58670		-2.055591	0.976552	79.081863
58671		-2.060753	0.968781	79.081801
58672		-2.067799	0.962742	79.082201
58673		-2.077272	0.959150	79.081667
58674		-2.084328	0.955461	79.080608
58675		-2.090978	0.955628	79.082618
58676		-2.095590	0.956543	79.082310
58677		-2.098532	0.957210	79.084509
58678		-2.098369	0.957881	79.084482
58679		-2.097793	0.957001	79.086210
58680		-2.098622	0.955620	79.083371
58681		-2.100300	0.954493	79.084525
58682		-2.105720	0.953124	79.084353
58683		-2.112745	0.954449	79.085064
58684		-2.122318	0.956605	79.084991
58685		-2.131827	0.958576	79.086127
58686		-2.143217	0.962073	79.086694
58687		-2.151267	0.966922	79.087456
58688		-2.158482	0.971821	79.086568
58689		-2.164278	0.976918	79.087902
58690		-2.168508	0.981925	79.088813
58691		-2.171631	0.985796	79.090370
58692		-2.171567	0.987380	79.088952
58693		-2.177317	0.992160	79.088633
58694		-2.181311	0.996785	79.090364
58695		-2.188326	1.000734	79.091077
58696		-2.191637	1.005568	79.090689
58697		-2.193349	1.010008	79.093510
58698		-2.193840	1.012923	79.093852
58699		-2.194102	1.014990	79.096282
58700		-2.193729	1.015255	79.097923
58701		-2.194981	1.015280	79.098735
58702		-2.196104	1.015060	79.100073
58703		-2.199420	1.014260	79.100959
58704		-2.205665	1.013316	79.101938
58705		-2.210199	1.013993	79.102215
58706		-2.214282	1.016480	79.100671
58707		-2.214923	1.017079	79.101792
58708		-2.218722	1.020785	79.101740
58709		-2.215888	1.022778	79.104055
58710		-2.214538	1.024485	79.104614
58711		-2.214188	1.027125	79.107351
58712		-2.214499	1.029024	79.106965
58713		-2.215745	1.031674	79.107784
58714		-2.217709	1.034699	79.111661
58715		-2.218718	1.039079	79.111489
58716		-2.217854	1.042389	79.107733
58717		-2.216231	1.048485	79.109445
58718		-2.217662	1.054467	79.106832
58719		-2.219321	1.061214	79.108006
58720		-2.220001	1.070161	79.109998
58721		-2.222033	1.078065	79.109871
58722		-2.221589	1.085854	79.109445
58723		-2.224044	1.092605	79.109658
58724		-2.224918	1.102150	79.110905
58725		-2.229050	1.112169	79.112502
58726		-2.232831	1.121559	79.110192
58727		-2.238602	1.131904	79.111515
58728		-2.246407	1.141492	79.110877
58729		-2.256909	1.152236	79.112034
58730		-2.269309	1.164895	79.115828
58731		-2.282936	1.178654	79.118739
58732		-2.296507	1.189542	79.117872
58733		-2.308914	1.201824	79.121388
58734		-2.319872	1.214326	79.122416
58735		-2.324136	1.224606	79.121692
58736		-2.325808	1.234433	79.123226
58737		-2.326416	1.242908	79.124350
58738		-2.327671	1.251735	79.127092
58739		-2.331141	1.259387	79.127322
58740		-2.333262	1.268344	79.130247
58741		-2.340280	1.277860	79.132572
58742		-2.343342	1.284417	79.131622
58743		-2.345822	1.291489	79.133462
58744		-2.345805	1.298032	79.133110
58745		-2.345152	1.304711	79.133198
58746		-2.341683	1.310095	79.134675
58747		-2.334853	1.314005	79.134557
58748		-2.324228	1.315654	79.136168
58749		-2.309719	1.319353	79.133819
58750		-2.300464	1.320894	79.134839
58751		-2.289512	1.323832	79.134584
58752		-2.285995	1.326336	79.133245
58753		-2.291544	1.327911	79.133536
58754		-2.308067	1.328055	79.134618
58755		-2.336113	1.327833	79.136307
58756		-2.372440	1.327614	79.140158
58757		-2.412706	1.329349	79.137296
58758		-2.458171	1.334258	79.137244
58759		-2.498408	1.338614	79.134358
58760		-2.531772	1.345957	79.133358
58761		-2.553949	1.354618	79.133496
58762		-2.561711	1.364057	79.131280
58763		-2.564745	1.372860	79.131138
58764		-2.570370	1.383069	79.127086
58765		-2.584627	1.395866	79.123986
58766		-2.597787	1.404909	79.115509
58767		-2.607670	1.412889	79.109643
58768		-2.618601	1.419609	79.102234
58769		-2.632606	1.425931	79.096493
58770		-2.652854	1.435338	79.091681
58771		-2.677741	1.444815	79.085920
58772		-2.704322	1.451936	79.077636
58773		-2.727950	1.459610	79.070841
58774		-2.751668	1.468189	79.060464
58775		-2.767712	1.476295	79.054749
58776		-2.774380	1.483803	79.048915
58777		-2.773365	1.491237	79.043028
58778		-2.765619	1.496949	79.036356
58779		-2.754355	1.506229	79.031811
58780		-2.737317	1.517483	79.026184
58781		-2.715071	1.531882	79.027232
58782		-2.688519	1.547559	79.028233
58783		-2.651184	1.568012	79.027506
58784		-2.602958	1.590781	79.025718
58785		-2.546444	1.614022	79.024766
58786		-2.476222	1.632473	79.023206
58787		-2.399683	1.642115	79.019725
58788		-2.321320	1.653623	79.014802
58789		-2.254416	1.662321	79.011910
58790		-2.198229	1.671108	79.013764
58791		-2.154964	1.681764	79.009920
58792		-2.123243	1.692473	79.010018
58793		-2.100206	1.706802	79.008105
58794		-2.083854	1.723098	79.007089
58795		-2.075416	1.745320	79.004962
58796		-2.074563	1.769691	79.006120
58797		-2.081340	1.799230	79.003453
58798		-2.093376	1.836566	79.003899
58799		-2.110282	1.877749	79.005454
58800		-2.136145	1.921377	79.011028
58801		-2.162344	1.968642	79.016080
58802		-2.189196	2.018956	79.023621
58803		-2.225137	2.068848	79.034128
58804		-2.276084	2.099607	79.053800
58805		-2.340869	2.118967	79.065710
58806		-2.416176	2.132279	79.075677
58807		-2.503753	2.133971	79.080892
58808		-2.593887	2.126240	79.086897
58809		-2.675706	2.107643	79.089074
58810		-2.760687	2.064689	79.085016
58811		-2.853913	1.993989	79.079631
58812		-2.950820	1.903352	79.067708
58813		-3.070535	1.785424	79.051961
58814		-3.230054	1.641427	79.031548
58815		-3.445240	1.459795	79.005008
58816		-3.729693	1.218930	78.974401
58817		-4.101542	0.864438	78.917300
58818		-4.629326	0.175750	78.820650
58819		-5.507900	-1.004900	78.517834
58820		-6.670434	-2.447074	78.207541
58821		-7.791331	-3.767304	78.015882
58822		-9.090984	-5.007274	77.544746
58823		-10.855586	-6.263351	76.461641
58824		-13.295209	-7.508537	75.157429
58825		-15.803178	-8.605667	74.284192
58826		-16.919853	-9.627079	74.705251
58827		-17.822906	-10.697737	75.876364
58828		-19.313370	-11.535559	76.878649
58829		-21.052817	-12.172358	77.464855
58830		-22.523336	-12.744084	77.754196
58831		-23.615963	-13.297331	77.758849
58832		-24.504339	-13.809824	77.438925
58833		-25.213330	-14.292323	76.864484
58834		-25.586657	-14.729612	76.210451
58835		-25.657221	-15.127353	75.556983
58836		-25.550221	-15.475252	74.873189
58837		-25.315233	-15.738304	74.194919
58838		-24.931760	-15.918615	73.590736
58839		-24.418397	-16.030309	73.077568
58840		-23.785240	-16.043878	72.624875
58841		-22.981014	-15.965277	72.219640
58842		-22.008844	-15.833800	71.805197
58843		-20.886011	-15.667028	71.322062
58844		-19.595514	-15.406884	70.703914
58845		-18.117215	-15.015215	69.878789
58846		-16.440753	-14.522968	68.850587
58847		-14.604141	-13.958257	67.677834
58848		-12.669690	-13.296194	66.435482
58849		-10.704224	-12.524210	65.241281
58850		-8.785538	-11.668478	64.230959
58851		-7.021373	-10.779710	63.503198
58852		-5.492896	-9.903473	63.140068
58853		-4.246659	-9.064252	63.139468
58854		-3.277203	-8.267386	63.399960
58855		-2.515851	-7.497092	63.828225
58856		-1.880894	-6.776340	64.294277
58857		-1.263898	-6.168191	64.735415
58858		-0.625130	-5.679520	65.136877
58859		-0.019929	-5.293754	65.480579
58860		0.549137	-5.029641	65.803581
58861		1.067897	-4.932991	66.150633
58862		1.532112	-5.056159	66.555714
58863		1.967973	-5.414135	67.026755
58864		2.371544	-5.953520	67.541382
58865		2.708052	-6.584356	68.035898
58866		2.993857	-7.156037	68.475293
58867		3.229340	-7.589348	68.823857
58868		3.415107	-7.880779	69.067837
58869		3.547835	-8.115476	69.222353
58870		3.634417	-8.390423	69.317287
58871		3.634956	-8.730602	69.385493
58872		3.396140	-9.073428	69.479264
58873		1.861210	-8.143132	69.269781
58874		0.951198	-7.168920	68.946001
58875		0.272714	-6.254704	68.925357
58876		-0.241455	-5.153441	68.988238
58877		-0.490692	-4.105091	69.075514
58878		-0.615386	-3.132107	69.025581
58879		-0.685828	-2.325113	69.025681
58880		-0.924324	-1.831901	68.964885
58881		-1.145428	-1.774024	68.868697
58882		-1.174469	-2.000433	68.697217
58883		-1.045465	-2.307446	68.501919
58884		-0.829060	-2.606034	68.338683
58885		-0.591871	-2.833270	68.223538
58886		-0.410580	-2.966062	68.154837
58887		-0.348979	-2.993497	68.137293
58888		-0.392910	-2.918158	68.144626
58889		-0.473329	-2.770188	68.140926
58890		-0.528520	-2.604392	68.090797
58891		-0.555400	-2.423392	68.048406
58892		-0.550465	-2.251659	67.999862
58893		-0.521451	-2.120550	67.967750
58894		-0.480556	-2.063236	67.958691
58895		-0.437623	-2.046614	67.938567
58896		-0.405218	-2.063033	67.934609
58897		-0.373163	-2.071746	67.934406
58898		-0.349829	-2.073758	67.979677
58899		-0.317887	-2.041931	68.040334
58900		-0.276892	-2.020103	68.102062
58901		-0.210670	-1.989141	68.099117
58902		-0.157205	-1.947863	68.058745
58903		-0.137334	-1.856327	68.000505
58904		-0.149203	-1.765555	67.961244
58905		-0.162835	-1.692047	67.924341
58906		-0.186615	-1.646985	67.882358
58907		-0.241090	-1.648024	67.864273
58908		-0.322185	-1.652402	67.855634
58909		-0.427234	-1.643283	67.853945
58910		-0.553717	-1.617520	67.853030
58911		-0.674927	-1.567755	67.861996
58912		-0.778730	-1.505580	67.882751
58913		-0.865284	-1.463311	67.938044
58914		-0.944768	-1.416391	68.004663
58915		-1.028110	-1.365348	68.081277
58916		-1.116834	-1.315300	68.163941
58917		-1.221579	-1.258967	68.234701
58918		-1.332348	-1.210719	68.280716
58919		-1.441176	-1.175204	68.280651
58920		-1.571608	-1.162721	68.243387
58921		-1.757651	-1.273575	68.114978
58922		-1.988661	-1.459225	67.939806
58923		-2.289004	-1.729139	67.737951
58924		-2.642668	-2.055342	67.551622
58925		-3.026949	-2.353891	67.435499
58926		-3.426576	-2.629863	67.379460
58927		-3.885867	-2.982533	67.323152
58928		-4.362291	-3.279413	67.320699
58929		-4.819344	-3.455422	67.385604
58930		-5.241366	-3.527222	67.485768
58931		-5.658794	-3.559622	67.587669
58932		-6.108106	-3.547523	67.695546
58933		-6.577392	-3.444177	67.805614
58934		-7.023915	-3.264658	67.917373
58935		-7.415833	-3.036966	68.028456
58936		-7.762286	-2.780971	68.133048
58937		-8.062542	-2.501115	68.259528
58938		-8.316723	-2.212433	68.384163
58939		-8.540719	-1.943651	68.492779
58940		-8.859770	-1.770705	68.505405
58941		-9.232451	-1.571301	68.503908
58942		-9.578554	-1.343916	68.502613
58943		-9.857648	-1.119115	68.508515
58944		-10.037877	-0.920047	68.521964
58945		-10.166347	-0.732881	68.519857
58946		-10.261560	-0.556230	68.518208
58947		-10.295437	-0.394150	68.513404
58948		-10.299813	-0.261336	68.519287
58949		-10.246431	-0.135923	68.520330
58950		-10.144505	-0.038185	68.534334
58951		-10.087649	0.077865	68.553507
58952		-10.052540	0.193677	68.567063
58953		-10.020246	0.313180	68.580054
58954		-9.990371	0.439575	68.585166
58955		-9.943611	0.561592	68.598332
58956		-9.889425	0.678023	68.620921
58957		-9.838255	0.763298	68.633513
58958		-9.799927	0.834522	68.645584
58959		-9.774694	0.890487	68.653470
58960		-9.745769	0.925069	68.656538
58961		-9.702991	0.939084	68.666725
58962		-9.644719	0.934225	68.684859
58963		-9.572152	0.913505	68.713900
58964		-9.475742	0.884203	68.744193
58965		-9.385078	0.845861	68.779513
58966		-9.348942	0.823129	68.796836
58967		-9.333443	0.798980	68.802729
58968		-9.324030	0.774706	68.810310
58969		-9.329417	0.752958	68.824700
58970		-9.344412	0.732122	68.845937
58971		-9.366134	0.720615	68.874609
58972		-9.397532	0.714609	68.901471
58973		-9.428788	0.715994	68.934503
58974		-9.445214	0.722981	68.956356
58975		-9.475274	0.744815	68.950803
58976		-9.482154	0.781868	68.944587
58977		-9.447761	0.834376	68.946561
58978		-9.389814	0.892905	68.953735
58979		-9.318698	0.950909	68.966630
58980		-9.230847	1.017059	68.981103
58981		-9.124478	1.082639	69.007590
58982		-9.007930	1.153787	69.031639
58983		-8.890679	1.231885	69.048734
58984		-8.763990	1.321483	69.068948
58985		-8.637956	1.431694	69.089734
58986		-8.511963	1.584959	69.114124
58987		-8.384877	1.774993	69.142329
58988		-8.262511	1.947730	69.167099
58989		-8.154219	2.048306	69.189116
58990		-8.075481	2.092784	69.198047
58991		-8.019528	2.120507	69.200627
58992		-7.959087	2.138343	69.197533
58993		-7.847789	2.135659	69.179668
58994		-7.654185	2.110745	69.149445
58995		-7.438358	2.084542	69.136471
58996		-7.279622	2.089550	69.128968
58997		-7.186310	2.129681	69.120458
58998		-7.153380	2.211288	69.118258
58999		-7.162945	2.274677	69.116629
59000		-7.196476	2.284845	69.106277
59001		-7.236484	2.281451	69.094594
59002		-7.272795	2.270307	69.083306
59003		-7.294289	2.258746	69.070741
59004		-7.284943	2.243281	69.052551
59005		-7.218943	2.224983	69.032287
59006		-7.117694	2.207223	69.021028
59007		-7.016603	2.198160	69.016212
59008		-6.924935	2.203679	69.018859
59009		-6.847935	2.221714	69.020512
59010		-6.789607	2.262615	69.022320
59011		-6.746590	2.305381	69.021645
59012		-6.717252	2.314656	69.017057
59013		-6.700821	2.313107	69.010269
59014		-6.691928	2.302866	69.000742
59015		-6.689994	2.292596	68.991944
59016		-6.683417	2.286417	68.984642
59017		-6.659463	2.281349	68.978720
59018		-6.631417	2.277811	68.970938
59019		-6.611341	2.283143	68.962053
59020		-6.599744	2.294288	68.960139
59021		-6.590214	2.314945	68.961273
59022		-6.587991	2.346626	68.967027
59023		-6.602416	2.385493	68.973140
59024		-6.628335	2.422105	68.976502
59025		-6.662608	2.454172	68.979748
59026		-6.702078	2.475557	68.978589
59027		-6.740892	2.493169	68.974861
59028		-6.771925	2.506603	68.972706
59029		-6.795232	2.516030	68.965596
59030		-6.808170	2.526715	68.959801
59031		-6.807894	2.541341	68.953532
59032		-6.790186	2.557000	68.946188
59033		-6.760286	2.577257	68.940776
59034		-6.722840	2.595949	68.936827
59035		-6.680265	2.594882	68.931886
59036		-6.633159	2.577560	68.930885
59037		-6.590001	2.558483	68.927536
59038		-6.558106	2.536328	68.927040
59039		-6.546940	2.519834	68.926229
59040		-6.542356	2.506484	68.923814
59041		-6.539267	2.497030	68.922974
59042		-6.531878	2.488582	68.921008
59043		-6.516376	2.483227	68.920328
59044		-6.490513	2.481224	68.921545
59045		-6.455083	2.478526	68.922493
59046		-6.411332	2.474222	68.928356
59047		-6.362261	2.470176	68.935623
59048		-6.305204	2.459349	68.944561
59049		-6.236135	2.441358	68.955234
59050		-6.160754	2.423140	68.966525
59051		-6.103249	2.405085	68.975023
59052		-6.062200	2.395676	68.982732
59053		-6.028206	2.388625	68.986885
59054		-5.998227	2.379807	68.992819
59055		-5.968187	2.375051	68.995814
59056		-5.943671	2.372649	68.997282
59057		-5.929539	2.370891	69.000518
59058		-5.921050	2.369600	69.005795
59059		-5.909697	2.362769	69.010999
59060		-5.894566	2.356312	69.014748
59061		-5.874289	2.348570	69.018570
59062		-5.855517	2.340536	69.026889
59063		-5.840403	2.334010	69.033099
59064		-5.828494	2.331850	69.039786
59065		-5.827514	2.329699	69.047934
59066		-5.834339	2.329619	69.058067
59067		-5.847833	2.330675	69.068556
59068		-5.860981	2.337117	69.077378
59069		-5.877059	2.343103	69.084524
59070		-5.894709	2.353291	69.092491
59071		-5.909851	2.356769	69.100781
59072		-5.922222	2.357093	69.108818
59073		-5.928817	2.348127	69.119724
59074		-5.932771	2.330155	69.130294
59075		-5.938605	2.311082	69.136779
59076		-5.957274	2.291810	69.123464
59077		-5.987214	2.269457	69.108961
59078		-6.014790	2.249179	69.093980
59079		-6.046700	2.232031	69.081340
59080		-6.077037	2.210654	69.071982
59081		-6.103744	2.185568	69.069080
59082		-6.118910	2.156627	69.068723
59083		-6.129367	2.117280	69.068160
59084		-6.140219	2.068893	69.064843
59085		-6.144896	2.012208	69.066418
59086		-6.144514	1.942153	69.070260
59087		-6.148410	1.862459	69.084283
59088		-6.156158	1.770322	69.101941
59089		-6.174844	1.670061	69.122791
59090		-6.209327	1.560160	69.149333
59091		-6.258333	1.443547	69.176985
59092		-6.326295	1.315907	69.204218
59093		-6.408348	1.168241	69.234565
59094		-6.538737	1.007159	69.241017
59095		-6.728074	0.824257	69.222796
59096		-6.965509	0.583862	69.191871
59097		-7.256972	0.240069	69.149200
59098		-7.642230	-0.264655	69.081682
59099		-8.116037	-0.931989	69.026961
59100		-8.657317	-1.777470	69.009662
59101		-9.243863	-2.808566	69.016319
59102		-9.767652	-3.934349	69.102111
59103		-10.340124	-5.148427	69.172095
59104		-10.976888	-6.372332	69.189919
59105		-11.707444	-7.538257	69.096773
59106		-12.748944	-8.497855	68.838590
59107		-14.544774	-9.244434	68.618259
59108		-16.878661	-9.860166	68.978412
59109		-18.437489	-10.471351	70.159510
59110		-19.231277	-11.081557	72.102206
59111		-20.285499	-11.782886	74.016415
59112		-21.851342	-12.379372	75.378994
59113		-23.435380	-12.856221	76.304591
59114		-24.715768	-13.305241	77.009741
59115		-25.808839	-13.741530	77.519276
59116		-26.867574	-14.157680	77.772108
59117		-27.815881	-14.503734	77.790689
59118		-28.482959	-14.780641	77.648410
59119		-28.813013	-15.015760	77.406547
59120		-28.903093	-15.276964	77.064330
59121		-28.825269	-15.565392	76.655245
59122		-28.588845	-15.881837	76.267392
59123		-28.178545	-16.200285	75.925319
59124		-27.633767	-16.474060	75.631617
59125		-26.974320	-16.677365	75.368545
59126		-26.160793	-16.782245	75.118582
59127		-25.195859	-16.791130	74.860080
59128		-24.109771	-16.684627	74.532322
59129		-22.870905	-16.462679	74.062025
59130		-21.465372	-16.184156	73.442594
59131		-19.882767	-15.879569	72.679547
59132		-18.071607	-15.554448	71.752514
59133		-16.020302	-15.168990	70.650840
59134		-13.768831	-14.690816	69.386924
59135		-11.417215	-14.116519	68.100591
59136		-9.139737	-13.462823	66.975788
59137		-7.108040	-12.772655	66.126099
59138		-5.407612	-12.089363	65.612305
59139		-4.075832	-11.424224	65.434656
59140		-3.125734	-10.835751	65.572338
59141		-2.507614	-10.318122	65.881397
59142		-2.044750	-9.858628	66.231675
59143		-1.605986	-9.465851	66.492231
59144		-1.105052	-9.159446	66.643390
59145		-0.650807	-8.867210	66.720125
59146		-0.284096	-8.617803	66.778378
59147		-0.076893	-8.455447	66.954072
59148		-0.126917	-8.308765	67.340422
59149		-0.348008	-8.258314	67.970623
59150		-0.738113	-8.324620	68.795606
59151		-1.275495	-8.495405	69.750185
59152		-1.914452	-8.827293	70.807546
59153		-2.639251	-9.358516	71.903430
59154		-3.626389	-9.824530	72.735957
59155		-4.444333	-8.625218	72.475736
59156		-4.340247	-7.940312	72.579262
59157		-4.449776	-7.204137	72.850943
59158		-4.334029	-6.560303	73.005678
59159		-4.210333	-5.971517	72.890226
59160		-4.012008	-5.462786	72.705894
59161		-3.752214	-5.046798	72.515936
59162		-3.523247	-4.659836	72.269877
59163		-3.335505	-4.322564	72.040048
59164		-3.149897	-4.027174	71.875380
59165		-3.018707	-3.812861	71.769045
59166		-3.002017	-3.636841	71.701322
59167		-3.108452	-3.489646	71.656949
59168		-3.255939	-3.407131	71.621599
59169		-3.369631	-3.390643	71.586537
59170		-3.412272	-3.419167	71.558953
59171		-3.369475	-3.461713	71.530788
59172		-3.278069	-3.496367	71.512733
59173		-3.153910	-3.494631	71.497625
59174		-3.038759	-3.470586	71.485359
59175		-2.936883	-3.413755	71.483031
59176		-2.848200	-3.345711	71.494765
59177		-2.757601	-3.265777	71.505248
59178		-2.682307	-3.170465	71.525902
59179		-2.634778	-3.083780	71.597360
59180		-2.560224	-2.963005	71.639390
59181		-2.472300	-2.823403	71.709652
59182		-2.375235	-2.618836	71.761427
59183		-2.348990	-2.478861	71.848343
59184		-2.333863	-2.358800	71.878788
59185		-2.328920	-2.259940	71.918811
59186		-2.302167	-2.167923	71.922463
59187		-2.263492	-2.079128	71.920605
59188		-2.227735	-1.990926	71.917173
59189		-2.190405	-1.895327	71.924039
59190		-2.168581	-1.803144	71.951568
59191		-2.142438	-1.697934	71.971151
59192		-2.113580	-1.578013	71.981450
59193		-2.096603	-1.455027	71.990402
59194		-2.101040	-1.351691	72.009809
59195		-2.129409	-1.279221	72.037714
59196		-2.155003	-1.209998	72.064987
59197		-2.174874	-1.170118	72.110509
59198		-2.183979	-1.141742	72.112932
59199		-2.200828	-1.104842	72.096028
59200		-2.221961	-1.067418	72.079279
59201		-2.218976	-1.023631	72.071967
59202		-2.193126	-0.940408	72.083537
59203		-2.160006	-0.813618	72.122069
59204		-2.107455	-0.668448	72.174047
59205		-2.027468	-0.502950	72.229335
59206		-1.974635	-0.356694	72.323663
59207		-1.931063	-0.182900	72.386477
59208		-1.907030	-0.021080	72.441107
59209		-1.903604	0.110241	72.493396
59210		-1.924369	0.211994	72.559416
59211		-1.971379	0.314675	72.607673
59212		-2.055630	0.383374	72.657139
59213		-2.151013	0.426833	72.709639
59214		-2.248554	0.467761	72.760665
59215		-2.347366	0.507685	72.825619
59216		-2.471952	0.526022	72.883529
59217		-2.601931	0.527694	72.935485
59218		-2.740348	0.519582	72.997837
59219		-2.905786	0.493444	73.066276
59220		-3.075292	0.506900	73.111912
59221		-3.244687	0.507603	73.160585
59222		-3.400199	0.518405	73.198980
59223		-3.570479	0.507936	73.236958
59224		-3.730781	0.507260	73.270254
59225		-3.852489	0.510546	73.296194
59226		-3.938036	0.522985	73.335465
59227		-4.000311	0.530829	73.391492
59228		-4.005083	0.555764	73.450343
59229		-3.981948	0.608656	73.492379
59230		-3.950165	0.672441	73.525116
59231		-3.906410	0.747642	73.542130
59232		-3.854672	0.818006	73.541671
59233		-3.820685	0.880067	73.531348
59234		-3.826171	0.901799	73.498881
59235		-3.855322	0.900726	73.457241
59236		-3.925944	0.874022	73.400716
59237		-4.022149	0.823345	73.341545
59238		-4.115288	0.767614	73.301060
59239		-4.229072	0.708852	73.276843
59240		-4.369089	0.640282	73.270456
59241		-4.543097	0.578414	73.277737
59242		-4.766796	0.522018	73.285680
59243		-5.029236	0.452080	73.285295
59244		-5.292414	0.389786	73.283592
59245		-5.601247	0.288678	73.258760
59246		-5.910526	0.194711	73.237398
59247		-6.162656	0.136507	73.213043
59248		-6.356191	0.106358	73.191920
59249		-6.497753	0.096475	73.179964
59250		-6.596549	0.099719	73.173805
59251		-6.669010	0.104258	73.176675
59252		-6.727608	0.114906	73.177305
59253		-6.771567	0.136384	73.182056
59254		-6.785173	0.167066	73.182156
59255		-6.758706	0.201446	73.183231
59256		-6.687799	0.243861	73.186001
59257		-6.592588	0.300433	73.188930
59258		-6.506907	0.353036	73.203033
59259		-6.432365	0.403266	73.211335
59260		-6.354174	0.451453	73.219975
59261		-6.297267	0.512939	73.232933
59262		-6.257501	0.597039	73.246631
59263		-6.212088	0.669956	73.257671
59264		-6.181265	0.729281	73.273462
59265		-6.160591	0.769709	73.289472
59266		-6.136965	0.790148	73.303762
59267		-6.128201	0.791960	73.315588
59268		-6.142234	0.801768	73.324993
59269		-6.160771	0.807301	73.331257
59270		-6.184378	0.809545	73.330520
59271		-6.222749	0.806415	73.312527
59272		-6.252933	0.810184	73.300916
59273		-6.286163	0.823043	73.295153
59274		-6.315290	0.825841	73.292394
59275		-6.336687	0.819921	73.288225
59276		-6.359362	0.801760	73.287575
59277		-6.394013	0.783127	73.289510
59278		-6.435202	0.765304	73.296561
59279		-6.486059	0.753759	73.299769
59280		-6.539124	0.748314	73.305777
59281		-6.578060	0.750970	73.315064
59282		-6.607625	0.763842	73.325478
59283		-6.622729	0.788379	73.334601
59284		-6.618578	0.821044	73.343468
59285		-6.584297	0.855436	73.351321
59286		-6.530955	0.887387	73.358360
59287		-6.462507	0.913762	73.363489
59288		-6.392855	0.940687	73.369898
59289		-6.327547	0.967483	73.374369
59290		-6.273192	0.994574	73.377878
59291		-6.225994	1.022980	73.380786
59292		-6.185385	1.056803	73.382827
59293		-6.155955	1.087987	73.383786
59294		-6.126985	1.115613	73.386885
59295		-6.108210	1.137684	73.388318
59296		-6.090683	1.156303	73.388493
59297		-6.077385	1.172013	73.389212
59298		-6.069479	1.180690	73.389875
59299		-6.064200	1.186231	73.391410
59300		-6.066733	1.189584	73.392045
59301		-6.077165	1.193987	73.393437
59302		-6.087411	1.197519	73.391417
59303		-6.106667	1.200865	73.389530
59304		-6.128611	1.204971	73.389633
59305		-6.150420	1.211280	73.390366
59306		-6.165819	1.220904	73.391200
59307		-6.168598	1.232070	73.393942
59308		-6.149620	1.244247	73.392665
59309		-6.116657	1.260738	73.395220
59310		-6.064707	1.275145	73.392203
59311		-6.006621	1.287822	73.388561
59312		-5.943752	1.301787	73.386474
59313		-5.884014	1.314249	73.383152
59314		-5.835587	1.327945	73.379842
59315		-5.801734	1.344312	73.379337
59316		-5.776512	1.356333	73.376313
59317		-5.760426	1.368540	73.375118
59318		-5.752491	1.377212	73.375791
59319		-5.750468	1.381112	73.376062
59320		-5.755348	1.382353	73.377138
59321		-5.763236	1.381538	73.377679
59322		-5.770838	1.379514	73.379583
59323		-5.778231	1.374991	73.381620
59324		-5.784461	1.371221	73.382558
59325		-5.790560	1.367392	73.385917
59326		-5.797716	1.361842	73.386931
59327		-5.801201	1.357131	73.388259
59328		-5.800438	1.353106	73.390843
59329		-5.792276	1.350271	73.392330
59330		-5.775404	1.348551	73.394674
59331		-5.750571	1.348640	73.396229
59332		-5.723459	1.341708	73.397982
59333		-5.689594	1.333447	73.395322
59334		-5.650611	1.323340	73.395013
59335		-5.622737	1.310178	73.391888
59336		-5.596876	1.298051	73.389385
59337		-5.581921	1.286655	73.390061
59338		-5.585705	1.275798	73.387147
59339		-5.595670	1.265375	73.383640
59340		-5.608566	1.254194	73.380837
59341		-5.622677	1.242429	73.376746
59342		-5.635763	1.227285	73.376811
59343		-5.642526	1.207581	73.372242
59344		-5.641634	1.187584	73.370283
59345		-5.632645	1.166774	73.367610
59346		-5.618142	1.140764	73.363993
59347		-5.601286	1.112816	73.358737
59348		-5.573173	1.071778	73.360547
59349		-5.524870	1.026202	73.360200
59350		-5.455030	0.984879	73.354892
59351		-5.360071	0.949458	73.348287
59352		-5.238950	0.933985	73.337446
59353		-5.113729	0.945327	73.326344
59354		-4.993194	0.987701	73.316705
59355		-4.871316	1.053831	73.305396
59356		-4.747667	1.121328	73.293326
59357		-4.625025	1.183828	73.277073
59358		-4.515550	1.221664	73.256904
59359		-4.425158	1.241126	73.251874
59360		-4.368520	1.266081	73.242132
59361		-4.351547	1.289737	73.233152
59362		-4.368714	1.313157	73.223355
59363		-4.413942	1.339571	73.216695
59364		-4.479955	1.360799	73.212468
59365		-4.558312	1.377718	73.211263
59366		-4.647504	1.381036	73.211526
59367		-4.738050	1.364027	73.212730
59368		-4.846177	1.323942	73.217541
59369		-4.974518	1.266948	73.217398
59370		-5.138628	1.189115	73.199334
59371		-5.366363	1.067591	73.145144
59372		-5.683993	0.859085	73.071768
59373		-6.150645	0.519046	72.961349
59374		-6.772162	0.030196	72.857692
59375		-7.515558	-0.523067	72.759625
59376		-8.386668	-1.070172	72.615331
59377		-9.379833	-1.616785	72.454435
59378		-10.383763	-2.143171	72.375371
59379		-11.535389	-2.710519	72.268783
59380		-13.485645	-3.402278	71.853594
59381		-15.976313	-4.141929	71.278312
59382		-18.749396	-5.054153	70.987192
59383		-20.212595	-6.032848	71.453924
59384		-20.762020	-7.062884	72.689783
59385		-21.552175	-8.165074	73.968374
59386		-22.904116	-9.277560	74.825783
59387		-24.468565	-10.363341	75.262177
59388		-25.869868	-11.434076	75.468906
59389		-27.009489	-12.476867	75.575220
59390		-28.016345	-13.457431	75.593790
59391		-28.959065	-14.319477	75.532226
59392		-29.803682	-15.038718	75.438639
59393		-30.478470	-15.571392	75.411122
59394		-30.941919	-15.914155	75.509428
59395		-31.233686	-16.114628	75.690423
59396		-31.365624	-16.219647	75.881648
59397		-31.344059	-16.296594	76.006534
59398		-31.103051	-16.340935	76.030826
59399		-30.583814	-16.366703	75.946964
59400		-29.792736	-16.376660	75.740963
59401		-28.740264	-16.331925	75.373049
59402		-27.426158	-16.259964	74.840111
59403		-25.874663	-16.175308	74.167749
59404		-24.127091	-16.058682	73.367065
59405		-22.259821	-15.883336	72.436228
59406		-20.310141	-15.656926	71.409740
59407		-18.300190	-15.395710	70.352404
59408		-16.236313	-15.105919	69.336721
59409		-14.144586	-14.716472	68.401891
59410		-12.119551	-14.188230	67.591514
59411		-10.287258	-13.545595	66.958363
59412		-8.698164	-12.851997	66.534591
59413		-7.350369	-12.164669	66.309577
59414		-6.216282	-11.518510	66.207858
59415		-5.255537	-10.932342	66.127489
59416		-4.388435	-10.433846	66.012345
59417		-3.574662	-9.996919	65.860480
59418		-2.827343	-9.572961	65.753870
59419		-2.214332	-9.227193	65.816096
59420		-1.867400	-8.968118	66.069066
59421		-1.784912	-8.786142	66.514569
59422		-1.884688	-8.700778	67.112799
59423		-2.119582	-8.661906	67.789170
59424		-2.469710	-8.627905	68.470065
59425		-2.916231	-8.650915	69.082169
59426		-3.411806	-8.765786	69.575878
59427		-3.930383	-9.007767	69.953923
59428		-4.486176	-9.415162	70.312923
59429		-4.921983	-9.961270	70.693617
59430		-5.483911	-10.298880	71.003640
59431		-6.056431	-9.179212	70.900788
59432		-6.108077	-8.493286	71.194998
59433		-6.017780	-7.720683	71.511904
59434		-5.909806	-7.007973	71.461644
59435		-5.620147	-6.274792	71.302180
59436		-5.197135	-5.615309	71.114497
59437		-4.708041	-5.013660	70.873191
59438		-4.155344	-4.477725	70.616269
59439		-3.624100	-4.050001	70.382626
59440		-3.225692	-3.790663	70.210613
59441		-3.034032	-3.669857	70.071574
59442		-3.017085	-3.648174	69.962330
59443		-3.054171	-3.663583	69.875984
59444		-3.066214	-3.704192	69.742858
59445		-3.046943	-3.736898	69.559734
59446		-3.002690	-3.709217	69.381001
59447		-2.954340	-3.602938	69.228940
59448		-2.911784	-3.452413	69.108948
59449		-2.888101	-3.311240	69.009867
59450		-2.863801	-3.234234	68.936701
59451		-2.820893	-3.243519	68.870115
59452		-2.785264	-3.317627	68.778385
59453		-2.766168	-3.409505	68.677648
59454		-2.749530	-3.492609	68.598334
59455		-2.735582	-3.569121	68.541219
59456		-2.718395	-3.630458	68.497985
59457		-2.682424	-3.688952	68.457310
59458		-2.638684	-3.757879	68.421777
59459		-2.589524	-3.838648	68.395369
59460		-2.542154	-3.930261	68.376452
59461		-2.490938	-4.006048	68.366514
59462		-2.474076	-4.057658	68.371682
59463		-2.486089	-4.101069	68.386814
59464		-2.515197	-4.134550	68.425046
59465		-2.545529	-4.153204	68.470309
59466		-2.556101	-4.152204	68.525637
59467		-2.541958	-4.109095	68.601933
59468		-2.501088	-4.014315	68.698118
59469		-2.431189	-3.881496	68.809271
59470		-2.315441	-3.730385	68.926831
59471		-2.179088	-3.563231	69.031784
59472		-2.073545	-3.411252	69.128198
59473		-1.945373	-3.236551	69.164734
59474		-1.883615	-3.101377	69.175564
59475		-1.839539	-2.960341	69.154681
59476		-1.865290	-2.777449	69.138359
59477		-1.889582	-2.584446	69.116294
59478		-1.934621	-2.382185	69.105380
59479		-1.952176	-2.183127	69.102179
59480		-1.937646	-2.032688	69.139712
59481		-1.889050	-1.899596	69.186529
59482		-1.852332	-1.838993	69.267578
59483		-1.868832	-1.819451	69.320953
59484		-1.921839	-1.879587	69.270770
59485		-1.982242	-1.961589	69.167914
59486		-2.012067	-2.015346	69.074330
59487		-2.030562	-2.032719	69.016374
59488		-2.039285	-1.995495	69.000553
59489		-2.031144	-1.889299	69.031547
59490		-2.007261	-1.708581	69.100936
59491		-1.961612	-1.495454	69.237567
59492		-1.909595	-1.251265	69.443740
59493		-1.844796	-1.021588	69.718318
59494		-1.766466	-0.790274	69.966783
59495		-1.720123	-0.599685	70.185421
59496		-1.680481	-0.414767	70.350708
59497		-1.622606	-0.223369	70.477050
59498		-1.554627	-0.014246	70.574539
59499		-1.501997	0.212412	70.624354
59500		-1.475348	0.431258	70.634931
59501		-1.486137	0.612800	70.607007
59502		-1.550004	0.740357	70.550971
59503		-1.634728	0.824738	70.500676
59504		-1.729557	0.886403	70.474721
59505		-1.842962	0.935764	70.479727
59506		-1.965528	0.966411	70.529841
59507		-2.080687	0.998285	70.611753
59508		-2.175612	1.034950	70.696944
59509		-2.250292	1.067971	70.755915
59510		-2.308923	1.114655	70.794485
59511		-2.340008	1.173732	70.805553
59512		-2.360944	1.238742	70.795809
59513		-2.388631	1.311109	70.772691
59514		-2.442355	1.363905	70.746533
59515		-2.511716	1.411326	70.712492
59516		-2.607978	1.443746	70.674993
59517		-2.722889	1.467275	70.641081
59518		-2.858592	1.486516	70.610980
59519		-3.013084	1.505883	70.583922
59520		-3.153961	1.522149	70.558836
59521		-3.273688	1.537223	70.536369
59522		-3.368637	1.548068	70.522369
59523		-3.430687	1.551258	70.513445
59524		-3.470444	1.552674	70.509980
59525		-3.515259	1.563874	70.509184
59526		-3.560502	1.580296	70.501642
59527		-3.617100	1.598211	70.495999
59528		-3.691232	1.611978	70.489966
59529		-3.778294	1.620796	70.488402
59530		-3.876394	1.638005	70.481846
59531		-3.967974	1.631495	70.485126
59532		-4.108268	1.606677	70.506124
59533		-4.180774	1.584403	70.491519
59534		-4.282853	1.551002	70.499726
59535		-4.367620	1.518991	70.496632
59536		-4.409462	1.480135	70.498348
59537		-4.440394	1.435077	70.509829
59538		-4.470657	1.394026	70.519432
59539		-4.512190	1.348246	70.529019
59540		-4.547791	1.296569	70.536609
59541		-4.594633	1.241832	70.549676
59542		-4.655900	1.192079	70.557601
59543		-4.721828	1.149156	70.566468
59544		-4.784222	1.115299	70.571532
59545		-4.853397	1.083297	70.580478
59546		-4.930666	1.055897	70.587292
59547		-5.010920	1.026690	70.595272
59548		-5.084735	1.002726	70.602267
59549		-5.148595	0.973855	70.607598
59550		-5.196166	0.946549	70.614015
59551		-5.224153	0.919847	70.617770
59552		-5.237206	0.902265	70.623753
59553		-5.237545	0.893118	70.628626
59554		-5.224377	0.891019	70.630622
59555		-5.201181	0.897972	70.636018
59556		-5.177385	0.913198	70.638324
59557		-5.150144	0.932145	70.644997
59558		-5.117051	0.951329	70.651542
59559		-5.079856	0.960558	70.655981
59560		-5.044093	0.960477	70.658973
59561		-5.017736	0.957244	70.661191
59562		-5.004351	0.952715	70.660828
59563		-5.005600	0.946465	70.659724
59564		-5.022125	0.936752	70.656494
59565		-5.046868	0.928551	70.657516
59566		-5.076882	0.925657	70.655638
59567		-5.099905	0.929732	70.654159
59568		-5.116005	0.937214	70.656234
59569		-5.117924	0.949168	70.658004
59570		-5.103910	0.957347	70.659992
59571		-5.076706	0.960257	70.660975
59572		-5.043439	0.958559	70.663714
59573		-5.016167	0.952992	70.664615
59574		-4.998319	0.950713	70.669306
59575		-4.992433	0.950241	70.669992
59576		-4.993457	0.954865	70.672303
59577		-4.992140	0.966650	70.672314
59578		-4.983381	0.984725	70.674400
59579		-4.965800	1.006991	70.677308
59580		-4.931019	1.026564	70.676914
59581		-4.889180	1.048797	70.678113
59582		-4.845753	1.065845	70.681489
59583		-4.801340	1.083491	70.681072
59584		-4.762555	1.100722	70.681741
59585		-4.732659	1.115448	70.681965
59586		-4.710363	1.128762	70.683334
59587		-4.695368	1.141462	70.685213
59588		-4.689962	1.155894	70.689553
59589		-4.686648	1.168475	70.691944
59590		-4.682991	1.174964	70.697590
59591		-4.678535	1.176189	70.699276
59592		-4.672318	1.173968	70.702045
59593		-4.664236	1.169801	70.702117
59594		-4.657484	1.168411	70.702778
59595		-4.654636	1.167746	70.703506
59596		-4.650777	1.169959	70.703752
59597		-4.650107	1.173180	70.702662
59598		-4.649165	1.183134	70.703749
59599		-4.645825	1.191773	70.702458
59600		-4.641827	1.202109	70.701069
59601		-4.634538	1.212741	70.699663
59602		-4.620471	1.223380	70.697438
59603		-4.603268	1.230520	70.695660
59604		-4.581089	1.237997	70.696881
59605		-4.559031	1.246868	70.694293
59606		-4.535773	1.255803	70.693726
59607		-4.511733	1.265673	70.691081
59608		-4.485417	1.277067	70.688670
59609		-4.459036	1.288910	70.688010
59610		-4.432179	1.302799	70.688976
59611		-4.402555	1.316555	70.687179
59612		-4.373526	1.330893	70.688796
59613		-4.347109	1.340260	70.692361
59614		-4.323976	1.345408	70.692252
59615		-4.305447	1.346855	70.692347
59616		-4.292733	1.346391	70.692197
59617		-4.285725	1.345099	70.692876
59618		-4.280033	1.344521	70.693519
59619		-4.275916	1.344765	70.693157
59620		-4.272036	1.346981	70.693400
59621		-4.267216	1.351441	70.695330
59622		-4.262074	1.354368	70.696919
59623		-4.252383	1.358495	70.697406
59624		-4.241296	1.362347	70.698193
59625		-4.229078	1.366033	70.698311
59626		-4.218344	1.368709	70.699482
59627		-4.206660	1.371558	70.701706
59628		-4.195387	1.375071	70.700771
59629		-4.183884	1.378468	70.702289
59630		-4.175486	1.381035	70.704533
59631		-4.168664	1.382356	70.705138
59632		-4.163149	1.384396	70.705709
59633		-4.157228	1.385977	70.707011
59634		-4.147194	1.386299	70.708949
59635		-4.131526	1.387007	70.709789
59636		-4.112648	1.386507	70.714386
59637		-4.086330	1.387940	70.717124
59638		-4.062940	1.388207	70.718863
59639		-4.035528	1.388828	70.721600
59640		-4.008339	1.389362	70.724307
59641		-3.989396	1.387428	70.727576
59642		-3.976091	1.385110	70.731945
59643		-3.968710	1.384778	70.734653
59644		-3.963896	1.384462	70.735985
59645		-3.959941	1.382762	70.739125
59646		-3.954575	1.380799	70.742567
59647		-3.951709	1.380120	70.743276
59648		-3.946528	1.378920	70.743588
59649		-3.940052	1.379058	70.744566
59650		-3.934148	1.377935	70.745902
59651		-3.928401	1.380060	70.746494
59652		-3.928825	1.380962	70.750294
59653		-3.931210	1.383778	70.751685
59654		-3.936692	1.385774	70.753805
59655		-3.940704	1.388772	70.754869
59656		-3.946176	1.388703	70.756351
59657		-3.953781	1.386540	70.758295
59658		-3.960689	1.384039	70.759517
59659		-3.967206	1.381068	70.761466
59660		-3.976287	1.380185	70.762677
59661		-3.985524	1.380270	70.764932
59662		-3.991367	1.383369	70.765644
59663		-3.994291	1.385558	70.766710
59664		-3.993455	1.389661	70.767641
59665		-3.986996	1.394144	70.767471
59666		-3.978393	1.396380	70.767992
59667		-3.969030	1.397257	70.768220
59668		-3.961322	1.397688	70.768801
59669		-3.953037	1.397309	70.768386
59670		-3.943335	1.396672	70.768273
59671		-3.936676	1.396474	70.767531
59672		-3.928956	1.394842	70.767474
59673		-3.920487	1.393912	70.767760
59674		-3.912225	1.392909	70.768023
59675		-3.904478	1.391901	70.767283
59676		-3.897295	1.389643	70.766903
59677		-3.891896	1.388525	70.767238
59678		-3.886885	1.388101	70.764422
59679		-3.883827	1.385020	70.762767
59680		-3.882964	1.382937	70.761786
59681		-3.882072	1.379194	70.761911
59682		-3.880478	1.375126	70.761316
59683		-3.880135	1.373035	70.759331
59684		-3.880165	1.369150	70.758411
59685		-3.881622	1.365296	70.759612
59686		-3.881836	1.361960	70.757989
59687		-3.880222	1.358510	70.756711
59688		-3.881336	1.355434	70.755787
59689		-3.882794	1.351794	70.754561
59690		-3.885543	1.350964	70.753950
59691		-3.885564	1.349759	70.752986
59692		-3.881274	1.351329	70.749784
59693		-3.875709	1.354006	70.749671
59694		-3.857325	1.355606	70.747289
59695		-3.835674	1.359527	70.745512
59696		-3.803562	1.364328	70.743178
59697		-3.769784	1.367282	70.742267
59698		-3.742713	1.368615	70.741821
59699		-3.721578	1.369628	70.741499
59700		-3.707680	1.366330	70.740680
59701		-3.702805	1.362519	70.740041
59702		-3.705186	1.360807	70.738408
59703		-3.707018	1.360333	70.736412
59704		-3.709038	1.359798	70.734398
59705		-3.709067	1.360657	70.734070
59706		-3.704942	1.360285	70.734374
59707		-3.699894	1.357988	70.735080
59708		-3.691243	1.355898	70.736736
59709		-3.684004	1.350138	70.734374
59710		-3.679857	1.343145	70.737606
59711		-3.682568	1.336517	70.736810
59712		-3.690170	1.329822	70.735729
59713		-3.699224	1.325427	70.734984
59714		-3.709008	1.322411	70.734542
59715		-3.717895	1.321811	70.733356
59716		-3.724791	1.319318	70.734583
59717		-3.724092	1.317972	70.737066
59718		-3.722131	1.317155	70.736725
59719		-3.715997	1.313833	70.739859
59720		-3.710588	1.310042	70.740225
59721		-3.704636	1.307271	70.742656
59722		-3.700319	1.304070	70.745447
59723		-3.699978	1.301544	70.748309
59724		-3.704695	1.297435	70.749540
59725		-3.706704	1.295012	70.751055
59726		-3.712337	1.293223	70.753629
59727		-3.718878	1.292303	70.756220
59728		-3.723785	1.290811	70.757391
59729		-3.728330	1.288825	70.759283
59730		-3.733962	1.287040	70.761858
59731		-3.740502	1.286120	70.764448
59732		-3.747391	1.283628	70.765676
59733		-3.757727	1.282441	70.767297
59734		-3.761354	1.279808	70.766746
59735		-3.769875	1.278106	70.766966
59736		-3.776576	1.275283	70.766469
59737		-3.782379	1.272594	70.767015
59738		-3.786731	1.269668	70.767868
59739		-3.789081	1.264220	70.766697
59740		-3.792527	1.261039	70.766851
59741		-3.792699	1.253974	70.765685
59742		-3.793972	1.248962	70.768272
59743		-3.793237	1.241640	70.766406
59744		-3.792495	1.233718	70.765226
59745		-3.792654	1.224588	70.763418
59746		-3.797156	1.215810	70.764075
59747		-3.801120	1.208476	70.761940
59748		-3.808139	1.198070	70.762333
59749		-3.813353	1.187749	70.760638
59750		-3.818373	1.176280	70.760334
59751		-3.824312	1.165665	70.760044
59752		-3.830418	1.155003	70.759738
59753		-3.837087	1.146375	70.759066
59754		-3.841402	1.139327	70.758641
59755		-3.847352	1.130777	70.758993
59756		-3.850613	1.126835	70.762282
59757		-3.853337	1.122057	70.764564
59758		-3.856037	1.116892	70.765106
59759		-3.856583	1.110500	70.767391
59760		-3.855122	1.104722	70.767878
59761		-3.856030	1.099429	70.768758
59762		-3.857821	1.094009	70.768597
59763		-3.859623	1.086909	70.769537
59764		-3.864869	1.084248	70.771097
59765		-3.865978	1.083851	70.770130
