// General information: 
//  MT Manager version: 2021.4.0 
//  XDA version: 2021.4.0 build 6323 rev 112641 built on 2021-09-28
// Device information: 
//  DeviceId: 00B43859
//  ProductCode: MTW2-3A7G6
//  Firmware Version: 4.3.4
//  Hardware Version: 1.1.0
// Device settings: 
//  Filter Profile: human(46.1)
//  Option Flags: Orientation Smoother Disabled, Position/Velocity Smoother Disabled, Continuous Zero Rotation Update Disabled, AHS Disabled, ICC Disabled
// Coordinate system: ENU
PacketCounter	SampleTimeFine	Roll	Pitch	Yaw
06689		0.634342	0.752349	95.048552
06690		0.630452	0.751151	95.068945
06691		0.626937	0.746777	95.090422
06692		0.624102	0.743980	95.116809
06693		0.621948	0.741648	95.147186
06694		0.620083	0.742259	95.171491
06695		0.618507	0.741090	95.188727
06696		0.624323	0.742009	95.208996
06697		0.630262	0.742849	95.239568
06698		0.629169	0.740558	95.264641
06699		0.625952	0.739356	95.271289
06700		0.623143	0.738996	95.267586
06701		0.622796	0.738610	95.246394
06702		0.622994	0.736929	95.227465
06703		0.624254	0.732907	95.214875
06704		0.627047	0.728111	95.213456
06705		0.630055	0.725941	95.204990
06706		0.633577	0.721349	95.186123
06707		0.637131	0.716073	95.169931
06708		0.643746	0.710362	95.156758
06709		0.647377	0.702333	95.143218
06710		0.652585	0.696794	95.114108
06711		0.653060	0.693109	95.064673
06712		0.654806	0.686024	95.002953
06713		0.659402	0.681089	94.945588
06714		0.660893	0.675868	94.906943
06715		0.661594	0.673398	94.874184
06716		0.668126	0.674968	94.847161
06717		0.677102	0.673559	94.825581
06718		0.690173	0.672401	94.808565
06719		0.699080	0.675132	94.790877
06720		0.701946	0.673881	94.770822
06721		0.700153	0.669327	94.750891
06722		0.698431	0.661849	94.744398
06723		0.698397	0.657342	94.750797
06724		0.701640	0.656216	94.768511
06725		0.707125	0.656958	94.791814
06726		0.713605	0.659097	94.816980
06727		0.722400	0.667372	94.840384
06728		0.725354	0.670224	94.870087
06729		0.724705	0.672648	94.891811
06730		0.725661	0.675348	94.904497
06731		0.725011	0.680970	94.910562
06732		0.724541	0.683226	94.928399
06733		0.721688	0.687039	94.944422
06734		0.722611	0.694804	94.949095
06735		0.718316	0.701320	94.952709
06736		0.714713	0.707499	94.963602
06737		0.710549	0.716609	94.974700
06738		0.704571	0.720815	94.986494
06739		0.701399	0.721288	94.995996
06740		0.703123	0.723935	94.994774
06741		0.701645	0.721216	94.999867
06742		0.699938	0.714178	95.008348
06743		0.702869	0.709282	95.017441
06744		0.706764	0.702596	95.025238
06745		0.713915	0.697060	95.034738
06746		0.720702	0.693042	95.038497
06747		0.728708	0.688045	95.043084
06748		0.738731	0.680316	95.047933
06749		0.745123	0.666271	95.050852
06750		0.750837	0.653790	95.049481
06751		0.759220	0.638820	95.044259
06752		0.769078	0.624004	95.041871
06753		0.784607	0.612140	95.043632
06754		0.801840	0.601154	95.044597
06755		0.813241	0.589155	95.047744
06756		0.829916	0.579572	95.053039
06757		0.844997	0.570025	95.064314
06758		0.855375	0.557209	95.077360
06759		0.863777	0.543606	95.078663
06760		0.872926	0.532531	95.071930
06761		0.883811	0.518737	95.064951
06762		0.896046	0.504671	95.056097
06763		0.906552	0.491987	95.042790
06764		0.914909	0.480151	95.016861
06765		0.919846	0.468387	94.989704
06766		0.926412	0.460204	94.970536
06767		0.938118	0.451409	94.958831
06768		0.947872	0.441779	94.951829
06769		0.957004	0.433635	94.950307
06770		0.964561	0.428676	94.954441
06771		0.974314	0.426137	94.955719
06772		0.982767	0.420878	94.955135
06773		0.990881	0.417396	94.956933
06774		0.994674	0.415404	94.961242
06775		0.993184	0.410057	94.974595
06776		0.995082	0.406988	94.990426
06777		0.995718	0.402683	95.010521
06778		0.995534	0.397200	95.031649
06779		0.995707	0.397084	95.039078
06780		0.997360	0.396389	95.034457
06781		0.999549	0.397040	95.036588
06782		1.003523	0.400856	95.051784
06783		1.006548	0.406608	95.070551
06784		1.008821	0.411814	95.095959
06785		1.006425	0.412027	95.117277
06786		1.004562	0.409579	95.132799
06787		1.003831	0.405557	95.139445
06788		1.008351	0.400707	95.147631
06789		1.013675	0.398042	95.149477
06790		1.018626	0.393728	95.149432
06791		1.019571	0.394624	95.153855
06792		1.018599	0.395349	95.155393
06793		1.012422	0.394526	95.159397
06794		1.010861	0.393975	95.154431
06795		1.013023	0.393261	95.150013
06796		1.015554	0.389469	95.158836
06797		1.016305	0.389299	95.167922
06798		1.018580	0.388765	95.190875
06799		1.021207	0.390700	95.216120
06800		1.020078	0.390206	95.251133
06801		1.020608	0.391517	95.287281
06802		1.021785	0.391512	95.320144
06803		1.019396	0.391403	95.345162
06804		1.014689	0.388093	95.357455
06805		1.011452	0.385514	95.357590
06806		1.012557	0.383501	95.341306
06807		1.020254	0.381416	95.333070
06808		1.029587	0.377986	95.327442
06809		1.039339	0.372543	95.310001
06810		1.044065	0.364107	95.285178
06811		1.045559	0.359051	95.263160
06812		1.047123	0.351604	95.242654
06813		1.046787	0.344542	95.225822
06814		1.047737	0.338413	95.207957
06815		1.052570	0.335014	95.209931
06816		1.053694	0.334036	95.219559
06817		1.049364	0.334274	95.229482
06818		1.033071	0.327427	95.237738
06819		1.014208	0.323956	95.249718
06820		0.989657	0.321778	95.263769
06821		0.955183	0.317797	95.253248
06822		0.907761	0.303780	95.232691
06823		0.855065	0.293613	95.216131
06824		0.809925	0.289520	95.216720
06825		0.769982	0.288389	95.237919
06826		0.734198	0.292120	95.288401
06827		0.711790	0.306126	95.345011
06828		0.702461	0.324120	95.402215
06829		0.699955	0.337711	95.424100
06830		0.701819	0.344368	95.395496
06831		0.703372	0.339373	95.333529
06832		0.704850	0.330957	95.246659
06833		0.710921	0.320371	95.168055
06834		0.717827	0.305563	95.101962
06835		0.723274	0.289382	95.051213
06836		0.728988	0.275299	95.020262
06837		0.743577	0.263921	94.990690
06838		0.766912	0.255383	94.953532
06839		0.786979	0.242821	94.925729
06840		0.806916	0.228384	94.900035
06841		0.824177	0.210701	94.874850
06842		0.841008	0.192265	94.864360
06843		0.861524	0.176474	94.868756
06844		0.879810	0.160332	94.894990
06845		0.902973	0.146755	94.923612
06846		0.924606	0.133524	94.954671
06847		0.944920	0.119259	94.955458
06848		0.964463	0.102193	94.938155
06849		0.980557	0.083571	94.899370
06850		0.989831	0.063720	94.850989
06851		0.993329	0.042454	94.789554
06852		0.991842	0.025853	94.745358
06853		0.997623	0.021066	94.712587
06854		1.003026	0.016837	94.703935
06855		1.008177	0.011444	94.707564
06856		1.009217	0.007397	94.714214
06857		1.005152	0.002566	94.716438
06858		1.001431	-0.006669	94.727362
06859		1.004444	-0.015418	94.728813
06860		1.006415	-0.024052	94.720357
06861		1.009900	-0.029896	94.695768
06862		1.013951	-0.040116	94.672157
06863		1.023507	-0.042899	94.645573
06864		1.026253	-0.046841	94.618038
06865		1.019093	-0.052636	94.595317
06866		1.010951	-0.057300	94.583766
06867		0.999092	-0.063514	94.564531
06868		0.993018	-0.064720	94.551152
06869		0.985890	-0.064557	94.525880
06870		0.973008	-0.072068	94.507410
06871		0.960947	-0.080121	94.478896
06872		0.946711	-0.086245	94.461078
06873		0.932475	-0.087871	94.435441
06874		0.914271	-0.088389	94.428130
06875		0.893620	-0.089549	94.414974
06876		0.877972	-0.085100	94.422152
06877		0.863134	-0.077039	94.424958
06878		0.845390	-0.068219	94.436973
06879		0.821330	-0.059324	94.434679
06880		0.790508	-0.056195	94.455732
06881		0.763972	-0.047407	94.465438
06882		0.732968	-0.042023	94.484389
06883		0.696867	-0.041131	94.477641
06884		0.657139	-0.045249	94.483143
06885		0.612240	-0.055853	94.466057
06886		0.562209	-0.068047	94.469187
06887		0.510285	-0.082633	94.447014
06888		0.453932	-0.095334	94.457087
06889		0.398191	-0.106456	94.439187
06890		0.349787	-0.114005	94.429453
06891		0.299732	-0.119903	94.413464
06892		0.239441	-0.138976	94.397779
06893		0.173717	-0.173053	94.339053
06894		0.094831	-0.235204	94.274760
06895		0.001491	-0.327018	94.126690
06896		-0.103255	-0.422328	93.933017
06897		-0.220347	-0.515604	93.674086
06898		-0.346572	-0.602669	93.446582
06899		-0.465848	-0.681535	93.240355
06900		-0.560475	-0.755023	93.157047
06901		-0.619030	-0.836641	93.134455
06902		-0.646979	-0.937578	93.228382
06903		-0.649426	-1.067219	93.317305
06904		-0.589402	-1.191574	93.481279
06905		-0.484982	-1.314391	93.564905
06906		-0.395620	-1.466111	93.664934
06907		-0.337432	-1.653950	93.675168
06908		-0.279318	-1.846040	93.729409
06909		-0.198462	-2.023953	93.724685
06910		-0.095331	-2.209659	93.811475
06911		0.017998	-2.415325	93.766591
06912		0.140473	-2.639550	93.773552
06913		0.285648	-2.874041	93.693862
06914		0.504436	-3.095945	93.674083
06915		0.770652	-3.324590	93.616745
06916		1.048498	-3.580555	93.587225
06917		1.333035	-3.867434	93.568007
06918		1.644181	-4.167314	93.590336
06919		1.996924	-4.476438	93.641650
06920		2.393463	-4.809215	93.705950
06921		2.839985	-5.171501	93.745300
06922		3.342887	-5.561056	93.719841
06923		3.907273	-5.981766	93.622461
06924		4.526127	-6.440272	93.485107
06925		5.187637	-6.944403	93.364413
06926		5.879499	-7.490940	93.303101
06927		6.587163	-8.064258	93.316877
06928		7.300415	-8.645756	93.380285
06929		8.003284	-9.209872	93.426310
06930		8.715400	-9.759653	93.383426
06931		9.460651	-10.310231	93.234900
06932		10.276381	-10.844721	93.009964
06933		11.152940	-11.385103	92.744650
06934		12.051585	-11.977723	92.475249
06935		12.984070	-12.625401	92.213317
06936		13.963337	-13.304394	91.980287
06937		14.959630	-14.018685	91.821286
06938		15.957190	-14.768113	91.743944
06939		16.936307	-15.542049	91.722074
06940		17.901537	-16.354093	91.761280
06941		18.863316	-17.212656	91.882975
06942		19.811219	-18.136116	92.074797
06943		20.775387	-19.083515	92.293663
06944		21.792680	-20.038368	92.514653
06945		22.829800	-21.013788	92.734701
06946		23.873644	-22.011108	92.937481
06947		24.940535	-23.028141	93.140458
06948		26.016106	-24.082172	93.347875
06949		27.076825	-25.202134	93.543760
06950		28.131304	-26.348206	93.677275
06951		29.180257	-27.498680	93.722301
06952		30.193571	-28.669922	93.738651
06953		31.183008	-29.844161	93.737711
06954		32.201902	-30.981272	93.660490
06955		33.250128	-32.099335	93.517422
06956		34.319282	-33.203048	93.298071
06957		35.456731	-34.252707	92.960866
06958		36.663669	-35.255022	92.485316
06959		37.896772	-36.241100	91.894512
06960		39.165065	-37.202594	91.205577
06961		40.485072	-38.106260	90.430432
06962		41.865508	-38.926578	89.576029
06963		43.303671	-39.644453	88.649687
06964		44.751606	-40.283883	87.714169
06965		46.171674	-40.879570	86.808170
06966		47.555988	-41.450500	85.953905
06967		48.918711	-41.980696	85.130929
06968		50.261654	-42.446737	84.315003
06969		51.558992	-42.860562	83.531557
06970		52.803763	-43.227862	82.779800
06971		54.020609	-43.513850	82.038887
06972		55.188011	-43.726678	81.334808
06973		56.262659	-43.921331	80.700126
06974		57.241460	-44.112113	80.123823
06975		58.143254	-44.274887	79.611440
06976		58.955522	-44.407597	79.188389
06977		59.659253	-44.528332	78.872339
06978		60.238261	-44.658900	78.676411
06979		60.701552	-44.791528	78.583402
06980		61.062883	-44.925743	78.569405
06981		61.369427	-45.005492	78.578493
06982		61.627387	-45.011905	78.620480
06983		61.839867	-44.950104	78.682825
06984		61.987924	-44.818645	78.802564
06985		62.056301	-44.638694	78.989671
06986		62.054733	-44.406596	79.221953
06987		61.988216	-44.147750	79.497677
06988		61.866574	-43.909976	79.826982
06989		61.687661	-43.711072	80.204198
06990		61.452273	-43.531166	80.611545
06991		61.157039	-43.357171	81.049152
06992		60.816368	-43.181482	81.529723
06993		60.436475	-42.991644	82.032192
06994		60.033060	-42.787667	82.542164
06995		59.598023	-42.566809	83.067102
06996		59.145032	-42.327744	83.600734
06997		58.648510	-42.117961	84.175989
06998		58.117956	-41.956907	84.799838
06999		57.577232	-41.815932	85.443568
07000		57.050877	-41.675268	86.077730
07001		56.535996	-41.528998	86.699926
07002		56.052310	-41.345779	87.277647
07003		55.591852	-41.136133	87.813407
07004		55.156135	-40.923000	88.329680
07005		54.730674	-40.738702	88.841570
07006		54.295555	-40.585218	89.343013
07007		53.842826	-40.459794	89.844345
07008		53.383927	-40.341889	90.345178
07009		52.918149	-40.215099	90.841979
07010		52.452894	-40.063283	91.314589
07011		51.980563	-39.890885	91.767649
07012		51.496908	-39.710283	92.225267
07013		50.977228	-39.546605	92.715151
07014		50.410499	-39.425719	93.222614
07015		49.888989	-39.253585	93.671530
07016		49.487909	-38.963724	93.999219
07017		49.165477	-38.607373	94.243280
07018		48.855380	-38.277932	94.454565
07019		48.575043	-37.983311	94.647322
07020		48.334429	-37.682638	94.789836
07021		48.153567	-37.357153	94.870859
07022		48.031997	-37.018576	94.910815
07023		47.970182	-36.684981	94.912809
07024		47.948132	-36.351924	94.875828
07025		47.936265	-36.042087	94.822937
07026		47.902505	-35.796140	94.782743
07027		47.846118	-35.618804	94.775317
07028		47.807562	-35.471232	94.793876
07029		47.828827	-35.309492	94.829936
07030		47.866820	-35.156451	94.886013
07031		47.865500	-35.062421	94.955502
07032		47.800974	-35.053371	95.032980
07033		47.685837	-35.079083	95.153075
07034		47.548923	-35.050858	95.316499
07035		47.394173	-34.925287	95.443976
07036		47.208305	-34.707966	95.500686
07037		46.983828	-34.434171	95.559026
07038		46.710847	-34.182639	95.680639
07039		46.380689	-33.966200	95.856333
07040		46.090223	-33.661725	96.030618
07041		45.763305	-33.382295	96.203695
07042		45.244522	-33.328926	96.477977
07043		44.519627	-33.418093	96.905427
07044		43.702204	-33.434956	97.395718
07045		42.837152	-33.315060	97.808132
07046		42.023218	-32.988562	98.177706
07047		41.230440	-32.510558	98.515105
07048		40.474156	-31.816658	98.768297
07049		39.880878	-30.794191	98.882961
07050		39.345717	-29.594429	98.899954
07051		38.860985	-28.279190	98.843109
07052		38.372417	-26.981356	98.750785
07053		37.830974	-25.781179	98.693275
07054		37.255406	-24.673623	98.701586
07055		36.626728	-23.681655	98.828935
07056		35.939163	-22.815069	99.101981
07057		35.193298	-22.059515	99.526104
07058		34.400372	-21.397244	100.059626
07059		33.559681	-20.801538	100.662994
07060		32.712451	-20.211414	101.247784
07061		31.919348	-19.551522	101.745006
07062		31.204386	-18.814663	102.113847
07063		30.550229	-18.033970	102.378214
07064		29.960684	-17.225047	102.545930
07065		29.390338	-16.447785	102.661932
07066		28.839617	-15.710396	102.748074
07067		28.299101	-14.999980	102.815552
07068		27.745489	-14.320853	102.884102
07069		27.183460	-13.656061	102.948533
07070		26.618887	-13.004287	103.019032
07071		26.050579	-12.366289	103.099401
07072		25.474886	-11.738796	103.154210
07073		24.900505	-11.111334	103.176435
07074		24.319244	-10.496663	103.178789
07075		23.734152	-9.899263	103.178182
07076		23.151338	-9.309152	103.158067
07077		22.579416	-8.720500	103.110430
07078		22.007374	-8.129770	103.018658
07079		21.436145	-7.544777	102.917583
07080		20.861136	-6.994411	102.846648
07081		20.287449	-6.473571	102.794790
07082		19.723264	-5.965194	102.721977
07083		19.161290	-5.468384	102.614458
07084		18.608992	-4.992725	102.505985
07085		18.069402	-4.537007	102.390101
07086		17.549493	-4.101652	102.263678
07087		17.047117	-3.694777	102.102709
07088		16.562741	-3.328803	101.929694
07089		16.125744	-2.976336	101.735230
07090		15.703177	-2.639071	101.473281
07091		15.290447	-2.315269	101.188011
07092		14.896905	-2.034807	100.951673
07093		14.519422	-1.812061	100.782948
07094		14.167120	-1.612094	100.632012
07095		13.834616	-1.427986	100.484188
07096		13.526339	-1.254953	100.312066
07097		13.237495	-1.099813	100.118863
07098		12.970431	-0.976278	99.921929
07099		12.735646	-0.873398	99.735759
07100		12.511808	-0.784016	99.562605
07101		12.288408	-0.694637	99.389110
07102		12.081098	-0.602000	99.222864
07103		11.880010	-0.527866	99.093577
07104		11.668594	-0.453298	98.965948
07105		11.448840	-0.358871	98.820550
07106		11.215038	-0.267896	98.695321
07107		10.960399	-0.168335	98.566364
07108		10.698990	-0.074699	98.402970
07109		10.434332	0.001555	98.246526
07110		10.159091	0.072668	98.091944
07111		9.867363	0.133534	97.957720
07112		9.573575	0.189822	97.856154
07113		9.296888	0.244678	97.788282
07114		9.035431	0.292760	97.743806
07115		8.795573	0.340422	97.721258
07116		8.575363	0.384685	97.719130
07117		8.381132	0.429193	97.740275
07118		8.199552	0.470169	97.795697
07119		8.011512	0.506793	97.849048
07120		7.802350	0.542716	97.877064
07121		7.577535	0.578828	97.911444
07122		7.341183	0.622849	97.975055
07123		7.095450	0.675505	98.068826
07124		6.856855	0.741027	98.162090
07125		6.625768	0.805725	98.255032
07126		6.393746	0.865293	98.349482
07127		6.163288	0.910264	98.459479
07128		5.936729	0.939213	98.590818
07129		5.703866	0.952781	98.737764
07130		5.453457	0.960442	98.923144
07131		5.192964	0.973031	99.169414
07132		4.962624	1.013554	99.469162
07133		4.774909	1.108515	99.772223
07134		4.609489	1.238937	100.043266
07135		4.486947	1.384281	100.265501
07136		4.382395	1.515284	100.432546
07137		4.281016	1.624031	100.549391
07138		4.166526	1.700681	100.648560
07139		4.032984	1.749894	100.746057
07140		3.893426	1.788247	100.830847
07141		3.763326	1.829869	100.890710
07142		3.652837	1.879203	100.916407
07143		3.548103	1.931170	100.923131
07144		3.449938	1.975146	100.929890
07145		3.361950	2.015985	100.943867
07146		3.282517	2.056665	100.986005
07147		3.208790	2.087917	101.047690
07148		3.138828	2.104867	101.090331
07149		3.066282	2.113395	101.096368
07150		3.012505	2.141650	101.060129
07151		2.972537	2.168176	100.993410
07152		2.923067	2.181824	100.920739
07153		2.843995	2.189718	100.844480
07154		2.749177	2.205250	100.794066
07155		2.666138	2.226418	100.776373
07156		2.597770	2.238902	100.768181
07157		2.532672	2.240676	100.759816
07158		2.466465	2.255371	100.738785
07159		2.398552	2.273937	100.700616
07160		2.332596	2.291302	100.677755
07161		2.276459	2.314291	100.669573
07162		2.231343	2.343265	100.648745
07163		2.198448	2.373663	100.606754
07164		2.192476	2.407802	100.590648
07165		2.195452	2.429103	100.613652
07166		2.199471	2.434539	100.657966
07167		2.206554	2.415484	100.694738
07168		2.203963	2.389245	100.700711
07169		2.197695	2.355252	100.696007
07170		2.187553	2.310606	100.669542
07171		2.164266	2.269643	100.591424
07172		2.130529	2.234704	100.463960
07173		2.094051	2.206052	100.336852
07174		2.063485	2.178743	100.229508
07175		2.039196	2.149268	100.134807
07176		2.015148	2.122062	100.044970
07177		1.982660	2.093288	99.951336
07178		1.944445	2.062854	99.850309
07179		1.908079	2.026040	99.748230
07180		1.891407	1.996226	99.671711
07181		1.878241	1.962250	99.619019
07182		1.864490	1.926671	99.571172
07183		1.839739	1.888818	99.497949
07184		1.806162	1.842982	99.418964
07185		1.780213	1.795522	99.343805
07186		1.764248	1.754576	99.274970
07187		1.747188	1.718005	99.203028
07188		1.727971	1.684789	99.128324
07189		1.712819	1.653144	99.059794
07190		1.704442	1.621669	99.013278
07191		1.693632	1.590301	98.979809
07192		1.685814	1.560514	98.942580
07193		1.681478	1.531072	98.923824
07194		1.673654	1.499806	98.914627
07195		1.672245	1.470199	98.914506
07196		1.678535	1.440195	98.917260
07197		1.685213	1.407639	98.925354
07198		1.696325	1.379760	98.958338
07199		1.706324	1.350630	99.007558
07200		1.716229	1.324978	99.061670
07201		1.733262	1.300569	99.110512
07202		1.765408	1.279961	99.160760
07203		1.805495	1.254546	99.216321
07204		1.853937	1.224755	99.269572
07205		1.907323	1.191152	99.307711
07206		1.960545	1.147832	99.341545
07207		2.015100	1.103378	99.380401
07208		2.064895	1.056160	99.416051
07209		2.093079	1.006141	99.432993
07210		2.109436	0.960133	99.428183
07211		2.129951	0.923679	99.414986
07212		2.153420	0.897796	99.408829
07213		2.171607	0.877772	99.406808
07214		2.180845	0.857765	99.394851
07215		2.184154	0.841689	99.386236
07216		2.189207	0.828316	99.385524
07217		2.197622	0.817075	99.385661
07218		2.214771	0.811194	99.388548
07219		2.229697	0.797658	99.400226
07220		2.237421	0.779479	99.412257
07221		2.247033	0.761869	99.438665
07222		2.253436	0.740935	99.469687
07223		2.263742	0.722408	99.499514
07224		2.278840	0.710388	99.534496
07225		2.296291	0.704335	99.569073
07226		2.308119	0.692512	99.604295
07227		2.313708	0.674604	99.647048
07228		2.324705	0.663097	99.696602
07229		2.347743	0.654865	99.745831
07230		2.368675	0.640016	99.783163
07231		2.387667	0.621740	99.813559
07232		2.404552	0.600722	99.850069
07233		2.423796	0.575210	99.894830
07234		2.446626	0.554445	99.953487
07235		2.474138	0.534835	100.023652
07236		2.503875	0.520855	100.091449
07237		2.539071	0.513299	100.145604
07238		2.574544	0.507194	100.186614
07239		2.605312	0.500987	100.210687
07240		2.627100	0.500531	100.219645
07241		2.640571	0.499268	100.232554
07242		2.647841	0.498152	100.256060
07243		2.652399	0.496420	100.293648
07244		2.659921	0.494239	100.345014
07245		2.665859	0.491578	100.404461
07246		2.671685	0.491784	100.461270
07247		2.680150	0.495437	100.511833
07248		2.693002	0.501053	100.560871
07249		2.701815	0.503733	100.602835
07250		2.702764	0.504281	100.633398
07251		2.699457	0.503505	100.647732
07252		2.692339	0.503853	100.648490
07253		2.684409	0.498137	100.638918
07254		2.681344	0.494629	100.614575
07255		2.672901	0.483469	100.572105
07256		2.652281	0.463269	100.512780
07257		2.618411	0.440081	100.418909
07258		2.582399	0.416348	100.309854
07259		2.558369	0.397023	100.200590
07260		2.539294	0.377576	100.097863
07261		2.522068	0.361341	99.995717
07262		2.503871	0.353474	99.898136
07263		2.487086	0.353545	99.816549
07264		2.469633	0.356793	99.753067
07265		2.453596	0.359923	99.709710
07266		2.440986	0.360996	99.684494
07267		2.431262	0.361608	99.672305
07268		2.429558	0.363707	99.674020
07269		2.433342	0.365667	99.688766
07270		2.440557	0.370767	99.714528
07271		2.443593	0.371683	99.732283
07272		2.438139	0.371383	99.746439
07273		2.432333	0.367074	99.761467
07274		2.426439	0.357048	99.770484
07275		2.418226	0.345895	99.750438
07276		2.405161	0.330834	99.695407
07277		2.388876	0.312866	99.620886
07278		2.381174	0.303168	99.525951
07279		2.374207	0.292790	99.425178
07280		2.367493	0.287295	99.327346
07281		2.358235	0.282834	99.246480
07282		2.352275	0.282870	99.182356
07283		2.348326	0.289883	99.126429
07284		2.343932	0.295631	99.089186
07285		2.339136	0.304572	99.075732
07286		2.333885	0.312175	99.075364
07287		2.325315	0.317382	99.093893
07288		2.318725	0.323760	99.135058
07289		2.318918	0.334344	99.192772
07290		2.319734	0.346439	99.249353
07291		2.319002	0.357083	99.299003
07292		2.319372	0.367005	99.338792
07293		2.316873	0.373589	99.363601
07294		2.313881	0.377686	99.375278
07295		2.312984	0.381131	99.370327
07296		2.313283	0.377791	99.358832
07297		2.310102	0.371709	99.338226
07298		2.307866	0.366172	99.307886
07299		2.304186	0.358353	99.272400
07300		2.300883	0.349367	99.243178
07301		2.305309	0.340510	99.214946
07302		2.307549	0.329730	99.191062
07303		2.318178	0.321003	99.168978
07304		2.330501	0.315385	99.156683
07305		2.336065	0.312998	99.141525
07306		2.331310	0.312534	99.120863
07307		2.325528	0.319607	99.105782
07308		2.325183	0.328343	99.106517
07309		2.327085	0.336265	99.111105
07310		2.326115	0.340264	99.113653
07311		2.326783	0.343544	99.118405
07312		2.330325	0.346708	99.122039
07313		2.333382	0.343702	99.116174
07314		2.338951	0.338104	99.101690
07315		2.353005	0.328503	99.092310
07316		2.378374	0.319655	99.083466
07317		2.406210	0.302605	99.076030
07318		2.434315	0.280294	99.070908
07319		2.466636	0.252243	99.063911
07320		2.500672	0.223845	99.050595
07321		2.534389	0.191871	99.009152
07322		2.560615	0.153605	98.927970
07323		2.584215	0.110381	98.835317
07324		2.611258	0.073658	98.752976
07325		2.637743	0.037890	98.678422
07326		2.654703	0.003247	98.607460
07327		2.672295	-0.022947	98.547086
07328		2.685580	-0.040504	98.485985
07329		2.690039	-0.052034	98.428615
07330		2.682112	-0.065941	98.380312
07331		2.661429	-0.085379	98.330858
07332		2.636891	-0.102780	98.282909
07333		2.611092	-0.120298	98.251385
07334		2.581031	-0.141576	98.239766
07335		2.551338	-0.162089	98.238489
07336		2.509054	-0.181375	98.241881
07337		2.454367	-0.204286	98.238589
07338		2.405537	-0.223428	98.225816
07339		2.358259	-0.245171	98.201195
07340		2.304747	-0.270495	98.154445
07341		2.255321	-0.295588	98.076327
07342		2.203790	-0.321746	97.981123
07343		2.146268	-0.353492	97.866520
07344		2.087425	-0.385237	97.737335
07345		2.025197	-0.416681	97.609692
07346		1.952999	-0.460642	97.478586
07347		1.892825	-0.507549	97.343886
07348		1.836267	-0.573655	97.214276
07349		1.784077	-0.651115	97.077989
07350		1.734705	-0.725168	96.951236
07351		1.669769	-0.799533	96.834172
07352		1.603927	-0.869206	96.735643
07353		1.550396	-0.936661	96.677296
07354		1.505880	-1.001054	96.666037
07355		1.470545	-1.069926	96.694954
07356		1.458986	-1.140589	96.750444
07357		1.476835	-1.216350	96.812780
07358		1.508333	-1.301727	96.863845
07359		1.542724	-1.403092	96.893342
07360		1.576879	-1.514492	96.894638
07361		1.623427	-1.635896	96.886674
07362		1.681615	-1.770600	96.883927
07363		1.750162	-1.916984	96.893843
07364		1.845154	-2.058140	96.925007
07365		1.977551	-2.197581	96.982425
07366		2.128876	-2.346482	97.046638
07367		2.282929	-2.510524	97.104534
07368		2.449632	-2.681964	97.157803
07369		2.666066	-2.850184	97.207403
07370		2.923732	-3.025345	97.284470
07371		3.182165	-3.234319	97.367920
07372		3.444613	-3.462713	97.404259
07373		3.741898	-3.696896	97.355349
07374		4.064525	-3.969618	97.228925
07375		4.410850	-4.310821	97.051670
07376		4.833429	-4.709216	96.819025
07377		5.362199	-5.161255	96.551560
07378		6.017584	-5.665468	96.266993
07379		6.776914	-6.217799	96.036810
07380		7.595320	-6.826190	95.913349
07381		8.444215	-7.470873	95.877694
07382		9.289061	-8.130732	95.830036
07383		10.107986	-8.811961	95.669172
07384		10.958962	-9.513976	95.378610
07385		11.901544	-10.252602	95.033781
07386		12.950390	-11.060473	94.674995
07387		14.084145	-11.930232	94.332272
07388		15.247232	-12.845951	94.037851
07389		16.386816	-13.789185	93.822800
07390		17.512309	-14.761124	93.714384
07391		18.652150	-15.764580	93.653309
07392		19.824511	-16.793383	93.608829
07393		21.008831	-17.849233	93.565226
07394		22.195017	-18.930381	93.512898
07395		23.371098	-20.029327	93.464037
07396		24.532606	-21.158939	93.450106
07397		25.670880	-22.320650	93.518606
07398		26.806251	-23.511822	93.625021
07399		27.953530	-24.735180	93.717485
07400		29.101343	-26.009861	93.755411
07401		30.225568	-27.339835	93.729453
07402		31.333374	-28.703569	93.615664
07403		32.441875	-30.054142	93.388888
07404		33.553629	-31.365991	93.103084
07405		34.655314	-32.638777	92.791283
07406		35.784391	-33.840434	92.410038
07407		36.953500	-34.952710	91.931622
07408		38.183576	-35.978870	91.332367
07409		39.472479	-36.938210	90.635410
07410		40.817519	-37.852670	89.860652
07411		42.200359	-38.721850	89.029804
07412		43.609919	-39.545530	88.170543
07413		45.022026	-40.335942	87.301904
07414		46.404945	-41.106966	86.456253
07415		47.749849	-41.807800	85.635150
07416		49.061324	-42.376738	84.832958
07417		50.310777	-42.813720	84.064956
07418		51.463196	-43.156298	83.369388
07419		52.489554	-43.449215	82.787823
07420		53.418973	-43.689294	82.316420
07421		54.245650	-43.901831	81.970150
07422		54.956808	-44.136300	81.742593
07423		55.554427	-44.406856	81.607808
07424		56.089873	-44.651388	81.494855
07425		56.578187	-44.812033	81.407909
07426		56.996081	-44.875253	81.385680
07427		57.313301	-44.875483	81.438590
07428		57.506509	-44.861497	81.567361
07429		57.605306	-44.821962	81.740058
07430		57.646410	-44.720197	81.923930
07431		57.640283	-44.537681	82.077213
07432		57.598971	-44.275411	82.213840
07433		57.543964	-43.919019	82.364694
07434		57.456387	-43.498808	82.545219
07435		57.285222	-43.082180	82.784299
07436		57.039551	-42.650634	83.098406
07437		56.706235	-42.247980	83.514784
07438		56.275367	-41.932194	84.007095
07439		55.790666	-41.684222	84.539509
07440		55.274727	-41.490793	85.096896
07441		54.726463	-41.338685	85.661222
07442		54.166660	-41.196607	86.202306
07443		53.603636	-41.038446	86.740403
07444		53.029610	-40.851178	87.298157
07445		52.453055	-40.599504	87.864097
07446		51.881614	-40.285519	88.448199
07447		51.323290	-39.924735	89.054073
07448		50.795458	-39.544584	89.653104
07449		50.299532	-39.163941	90.202949
07450		49.832826	-38.777526	90.683445
07451		49.374284	-38.392834	91.134644
07452		48.918901	-38.006435	91.578133
07453		48.448205	-37.638861	92.028391
07454		47.941485	-37.318764	92.474155
07455		47.402418	-37.014137	92.913385
07456		46.856439	-36.674703	93.346954
07457		46.319567	-36.280221	93.775001
07458		45.790802	-35.854177	94.200997
07459		45.243039	-35.428686	94.618387
07460		44.642629	-35.059041	95.051602
07461		44.093913	-34.670637	95.433042
07462		43.658697	-34.203851	95.816372
07463		43.236871	-33.778087	96.175289
07464		42.849370	-33.447736	96.479986
07465		42.537381	-33.202776	96.751170
07466		42.307920	-33.021293	96.941707
07467		42.120040	-32.884823	97.069480
07468		42.036735	-32.719919	97.198170
07469		42.058840	-32.508257	97.384678
07470		42.021268	-32.349373	97.553024
07471		41.911778	-32.207758	97.623588
07472		41.748968	-32.035126	97.703184
07473		41.476702	-31.852491	97.823506
07474		41.168149	-31.603999	97.986019
07475		40.834013	-31.327303	98.276760
07476		40.335064	-31.134408	98.649733
07477		39.740376	-30.928309	99.032159
07478		39.021614	-30.782747	99.533875
07479		38.157419	-30.750945	100.235900
07480		37.433115	-30.542642	100.813864
07481		36.751276	-30.181899	101.234985
07482		36.193767	-29.590362	101.488535
07483		35.812430	-28.713907	101.506050
07484		35.480614	-27.687807	101.431267
07485		35.098105	-26.643168	101.356389
07486		34.707449	-25.556091	101.290740
07487		34.277632	-24.470693	101.266637
07488		33.796700	-23.462744	101.351066
07489		33.265900	-22.597558	101.587572
07490		32.675320	-21.878013	101.979304
07491		32.031978	-21.267885	102.479652
07492		31.360615	-20.688735	103.022960
07493		30.701317	-20.086558	103.528626
07494		30.052804	-19.459519	103.979674
07495		29.447981	-18.761416	104.341166
07496		28.884062	-17.984327	104.590142
07497		28.355124	-17.178586	104.765472
07498		27.845518	-16.389973	104.894445
07499		27.344847	-15.643527	105.002565
07500		26.850011	-14.948604	105.091200
07501		26.353443	-14.305738	105.184871
07502		25.850636	-13.709151	105.280203
07503		25.326492	-13.120338	105.369596
07504		24.774433	-12.530851	105.415794
07505		24.206429	-11.943474	105.427342
07506		23.631651	-11.338155	105.392513
07507		23.067814	-10.721650	105.325932
07508		22.533581	-10.098209	105.218689
07509		22.019224	-9.472671	105.067051
07510		21.519298	-8.845992	104.883227
07511		21.021670	-8.231503	104.687739
07512		20.508859	-7.630484	104.478132
07513		20.010178	-7.023580	104.239967
07514		19.523406	-6.425840	103.980759
07515		19.036991	-5.859096	103.729386
07516		18.543714	-5.322720	103.493687
07517		18.060711	-4.811542	103.273919
07518		17.585235	-4.338390	103.056435
07519		17.147913	-3.885062	102.807755
07520		16.716345	-3.458213	102.525843
07521		16.282817	-3.051531	102.232554
07522		15.844422	-2.684725	101.951722
07523		15.434284	-2.351982	101.676581
07524		15.047741	-2.071422	101.399557
07525		14.711025	-1.795237	101.088405
07526		14.401008	-1.538956	100.760112
07527		14.108177	-1.312034	100.431359
07528		13.829283	-1.107653	100.101109
07529		13.554471	-0.929541	99.754910
07530		13.294855	-0.775892	99.395675
07531		13.060732	-0.659805	99.056194
07532		12.846729	-0.557922	98.729491
07533		12.659930	-0.473927	98.457477
07534		12.474866	-0.400808	98.273302
07535		12.282009	-0.322657	98.148665
07536		12.080568	-0.256632	98.054427
07537		11.878986	-0.198673	98.024264
07538		11.659671	-0.139716	98.059296
07539		11.418294	-0.077627	98.111719
07540		11.184146	-0.013886	98.186677
07541		10.968750	0.014527	98.322238
07542		10.791290	0.030551	98.504546
07543		10.630342	0.061964	98.669337
07544		10.463177	0.112735	98.774624
07545		10.275359	0.165729	98.830502
07546		10.056150	0.226878	98.809418
07547		9.799792	0.292973	98.726622
07548		9.520505	0.365057	98.626419
07549		9.231465	0.433897	98.535986
07550		8.936295	0.494140	98.461470
07551		8.655920	0.543139	98.421429
07552		8.404799	0.575794	98.435049
07553		8.192195	0.599884	98.492529
07554		8.003003	0.618533	98.544082
07555		7.841991	0.637379	98.570843
07556		7.686131	0.630430	98.583332
07557		7.524420	0.609493	98.582509
07558		7.356705	0.586595	98.575306
07559		7.183929	0.564801	98.610768
07560		6.999176	0.536046	98.719907
07561		6.798482	0.502803	98.892117
07562		6.599849	0.479443	99.125842
07563		6.405707	0.460293	99.445713
07564		6.198866	0.474063	99.805597
07565		5.948982	0.526862	100.145796
07566		5.682015	0.617908	100.467631
07567		5.435149	0.722617	100.782765
07568		5.220698	0.849211	101.055416
07569		5.036131	0.996380	101.217592
07570		4.850152	1.143086	101.240407
07571		4.671856	1.267151	101.170150
07572		4.521277	1.376842	101.055867
07573		4.383299	1.468180	100.921761
07574		4.244727	1.546796	100.767681
07575		4.103654	1.606404	100.585323
07576		3.970324	1.652335	100.423396
07577		3.861043	1.676983	100.297929
07578		3.790384	1.686253	100.211754
07579		3.738337	1.674092	100.150945
07580		3.704224	1.641114	100.119772
07581		3.692617	1.593056	100.119610
07582		3.700239	1.540212	100.149832
07583		3.716988	1.486376	100.209447
07584		3.737945	1.438057	100.305774
07585		3.770099	1.400375	100.415533
07586		3.793361	1.368131	100.512167
07587		3.794571	1.339294	100.577498
07588		3.780490	1.311896	100.604447
07589		3.770833	1.284998	100.600431
07590		3.756834	1.257700	100.556603
07591		3.733138	1.236581	100.474409
07592		3.694470	1.221348	100.375691
07593		3.663339	1.204900	100.294800
07594		3.646610	1.182085	100.241999
07595		3.635627	1.158095	100.205801
07596		3.625315	1.127555	100.175492
07597		3.617824	1.095580	100.150590
07598		3.613514	1.060256	100.139365
07599		3.597241	1.018738	100.133071
07600		3.578534	0.975336	100.133265
07601		3.552605	0.926821	100.133873
07602		3.515955	0.872385	100.145675
07603		3.475335	0.820429	100.167620
07604		3.431642	0.778033	100.184903
07605		3.391447	0.738542	100.193552
07606		3.351848	0.700501	100.193643
07607		3.312944	0.671144	100.176255
07608		3.284180	0.650611	100.139687
07609		3.260157	0.630970	100.084484
07610		3.230213	0.610272	100.007910
07611		3.185737	0.585314	99.915922
07612		3.133912	0.564096	99.814743
07613		3.089677	0.549857	99.716907
07614		3.049631	0.542606	99.632950
07615		3.013486	0.539940	99.559203
07616		2.981910	0.547871	99.496575
07617		2.952958	0.561931	99.446622
07618		2.929366	0.578678	99.405049
07619		2.914093	0.597455	99.361477
07620		2.903978	0.621720	99.318086
07621		2.904448	0.649699	99.277590
07622		2.904582	0.676870	99.236126
07623		2.898502	0.700148	99.208142
07624		2.890395	0.720557	99.184400
07625		2.882084	0.735068	99.169845
07626		2.877783	0.741116	99.164405
07627		2.879285	0.746145	99.159612
07628		2.881459	0.747025	99.167371
07629		2.884728	0.748748	99.183337
07630		2.885036	0.748525	99.204922
07631		2.887789	0.745702	99.238669
07632		2.890478	0.748627	99.286869
07633		2.886280	0.752744	99.343488
07634		2.888119	0.762430	99.399057
07635		2.893319	0.772928	99.460070
07636		2.889570	0.779589	99.513785
07637		2.876755	0.783344	99.540705
07638		2.860754	0.780478	99.556990
07639		2.843293	0.776308	99.563484
07640		2.833441	0.771727	99.572603
07641		2.827399	0.765952	99.594423
07642		2.820044	0.761110	99.620456
07643		2.809188	0.753578	99.653400
07644		2.796345	0.740227	99.693185
07645		2.788294	0.729357	99.730484
07646		2.785756	0.723168	99.756469
07647		2.787202	0.719660	99.783119
07648		2.785706	0.715193	99.800338
07649		2.781847	0.711311	99.812977
07650		2.779694	0.711805	99.825132
07651		2.778826	0.711490	99.843462
07652		2.774855	0.707205	99.868223
07653		2.769482	0.703353	99.890853
07654		2.763151	0.696691	99.917287
07655		2.755506	0.689375	99.951842
07656		2.744220	0.676501	99.989151
07657		2.733058	0.670633	100.018554
07658		2.725978	0.672203	100.039224
07659		2.715625	0.675834	100.058607
07660		2.708849	0.682213	100.076655
07661		2.702882	0.685343	100.093390
07662		2.696213	0.689174	100.105569
07663		2.691826	0.689873	100.116830
07664		2.687381	0.686755	100.130513
07665		2.683229	0.678364	100.137301
07666		2.683952	0.671922	100.133718
07667		2.690442	0.667994	100.116037
07668		2.695262	0.665786	100.095169
07669		2.706520	0.663319	100.074824
07670		2.717405	0.658808	100.063724
07671		2.727951	0.652341	100.067857
07672		2.737150	0.648404	100.073441
07673		2.744199	0.644682	100.078154
07674		2.750576	0.643240	100.075566
07675		2.759315	0.645106	100.065890
07676		2.764753	0.641952	100.042828
07677		2.769061	0.639554	100.014783
07678		2.772446	0.637548	99.985049
07679		2.775543	0.632091	99.954435
07680		2.781044	0.624820	99.928242
07681		2.792420	0.619388	99.900109
07682		2.796579	0.609881	99.869568
07683		2.800819	0.603300	99.832791
07684		2.807005	0.601499	99.798234
07685		2.811143	0.598775	99.773058
07686		2.816952	0.597763	99.760366
07687		2.826006	0.589176	99.764923
07688		2.844373	0.580252	99.773258
07689		2.872203	0.570057	99.782736
07690		2.891433	0.553746	99.771398
07691		2.901702	0.536291	99.740976
07692		2.902725	0.514711	99.706142
07693		2.909000	0.498850	99.674541
07694		2.920105	0.486124	99.657156
07695		2.932858	0.475133	99.658230
07696		2.942338	0.465407	99.658622
07697		2.951074	0.455142	99.654698
07698		2.963084	0.446827	99.644795
07699		2.976075	0.436894	99.636426
07700		2.977739	0.422371	99.619735
07701		2.979556	0.407292	99.611554
07702		2.984541	0.387123	99.620507
07703		2.997402	0.373177	99.648615
07704		3.017215	0.361900	99.691044
07705		3.028538	0.345787	99.719584
07706		3.033558	0.327188	99.725791
07707		3.036647	0.306169	99.720457
07708		3.043995	0.290943	99.704347
07709		3.052785	0.279244	99.684278
07710		3.056819	0.265395	99.658248
07711		3.064157	0.252282	99.632056
07712		3.068578	0.239977	99.604100
07713		3.074447	0.232466	99.577926
07714		3.075766	0.222152	99.563554
07715		3.080186	0.214392	99.561452
07716		3.085007	0.205639	99.565594
07717		3.080677	0.190843	99.583337
07718		3.068840	0.174836	99.595311
07719		3.057440	0.160483	99.601718
07720		3.041331	0.145133	99.597536
07721		3.023340	0.122887	99.587149
07722		2.999255	0.095808	99.564555
07723		2.972551	0.064567	99.515578
07724		2.940853	0.030182	99.445633
07725		2.907197	-0.004636	99.368151
07726		2.875370	-0.036339	99.290037
07727		2.837913	-0.073197	99.226207
07728		2.777726	-0.116540	99.158515
07729		2.698669	-0.164117	99.081240
07730		2.606550	-0.220349	98.987784
07731		2.513955	-0.274965	98.866735
07732		2.436087	-0.311203	98.716563
07733		2.363994	-0.335492	98.569789
07734		2.282496	-0.347583	98.431980
07735		2.198254	-0.361899	98.306637
07736		2.125279	-0.381112	98.195222
07737		2.069864	-0.404410	98.103179
07738		2.025587	-0.432289	98.029899
07739		1.992428	-0.464549	97.978428
07740		1.963659	-0.503323	97.944596
07741		1.959354	-0.542553	97.923647
07742		1.966342	-0.592535	97.913658
07743		1.979809	-0.663497	97.912113
07744		2.000981	-0.748603	97.924569
07745		2.029693	-0.844616	97.949310
07746		2.074321	-0.943857	97.978829
07747		2.121263	-1.051152	98.017069
07748		2.150232	-1.160756	98.045645
07749		2.186319	-1.265104	98.058213
07750		2.230227	-1.368784	98.051722
07751		2.274906	-1.476050	98.019315
07752		2.327126	-1.589588	97.960062
07753		2.387639	-1.707293	97.870922
07754		2.468155	-1.815698	97.758257
07755		2.548294	-1.931561	97.637718
07756		2.614067	-2.058147	97.508384
07757		2.687384	-2.193075	97.382804
07758		2.776352	-2.334643	97.273075
07759		2.881619	-2.488393	97.177852
07760		3.003908	-2.654729	97.100709
07761		3.150338	-2.831307	97.048143
07762		3.314499	-3.019847	97.019962
07763		3.483509	-3.237400	96.995459
07764		3.671400	-3.480511	96.933005
07765		3.893567	-3.734421	96.856280
07766		4.136597	-4.023319	96.782549
07767		4.395410	-4.347984	96.703692
07768		4.697465	-4.686129	96.599620
07769		5.048283	-5.027175	96.452834
07770		5.462776	-5.385612	96.250469
07771		5.927602	-5.781048	96.008286
07772		6.464335	-6.203359	95.726014
07773		7.065623	-6.665431	95.439790
07774		7.721569	-7.162236	95.212519
07775		8.416384	-7.700598	95.047199
07776		9.148070	-8.261394	94.893132
07777		9.918715	-8.839872	94.683081
07778		10.716083	-9.455544	94.375068
07779		11.573337	-10.119464	93.980033
07780		12.554942	-10.818867	93.592674
07781		13.621734	-11.628312	93.294964
07782		14.745566	-12.594249	93.134483
07783		15.879838	-13.679168	93.109696
07784		16.995594	-14.826424	93.191179
07785		18.098275	-16.014199	93.357936
07786		19.231089	-17.222139	93.587181
07787		20.371327	-18.476440	93.853445
07788		21.527848	-19.767950	94.071050
07789		22.703433	-21.051396	94.155507
07790		23.886504	-22.339494	94.154931
07791		25.025196	-23.652387	94.140139
07792		26.141088	-24.968038	94.099325
07793		27.254460	-26.255919	94.021556
07794		28.372185	-27.530934	93.908059
07795		29.489334	-28.789380	93.740681
07796		30.626872	-30.021499	93.518340
07797		31.752768	-31.234102	93.257197
07798		32.822036	-32.448962	92.988421
07799		33.840004	-33.659698	92.722669
07800		34.836999	-34.860604	92.460972
07801		35.842730	-36.028899	92.175460
07802		36.874556	-37.148319	91.813660
07803		37.953261	-38.190986	91.346958
07804		39.078453	-39.138558	90.780096
07805		40.221685	-40.030809	90.148657
07806		41.391479	-40.866805	89.458141
07807		42.617180	-41.603351	88.704539
07808		43.889267	-42.206895	87.905111
07809		45.171322	-42.692592	87.098107
07810		46.420926	-43.102899	86.341349
07811		47.599688	-43.485831	85.663566
07812		48.695522	-43.857705	85.065900
07813		49.714948	-44.214999	84.559371
07814		50.632166	-44.568215	84.153198
07815		51.450043	-44.915319	83.813087
07816		52.177041	-45.236904	83.546179
07817		52.806400	-45.530556	83.357657
07818		53.322097	-45.810542	83.258992
07819		53.691213	-46.102890	83.292376
07820		53.922331	-46.397758	83.418807
07821		54.056399	-46.666035	83.603065
07822		54.129084	-46.875483	83.824575
07823		54.162772	-46.980931	84.045995
07824		54.158801	-46.979746	84.263548
07825		54.113631	-46.890553	84.471448
07826		54.073107	-46.691299	84.620639
07827		54.049535	-46.364175	84.708984
07828		54.041468	-45.906511	84.748489
07829		54.028326	-45.334640	84.767659
07830		53.954762	-44.718344	84.810692
07831		53.821451	-44.083345	84.871049
07832		53.639045	-43.447227	84.981175
07833		53.373135	-42.884979	85.198109
07834		53.016943	-42.428232	85.537219
07835		52.571584	-42.072270	86.010364
07836		52.064502	-41.777945	86.571418
07837		51.530818	-41.491434	87.149749
07838		50.983146	-41.180095	87.724014
07839		50.410047	-40.874058	88.362963
07840		49.803976	-40.616401	89.064769
07841		49.190357	-40.393407	89.731597
07842		48.635381	-40.116223	90.286117
07843		48.168145	-39.759811	90.714825
07844		47.768611	-39.352051	91.066622
07845		47.401594	-38.936562	91.360557
07846		47.029551	-38.510188	91.618274
07847		46.646680	-38.057794	91.858702
07848		46.246909	-37.588357	92.120597
07849		45.816353	-37.125949	92.443096
07850		45.354169	-36.691947	92.816925
07851		44.864307	-36.300217	93.210283
07852		44.373968	-35.933858	93.577202
07853		43.861649	-35.597781	93.911228
07854		43.297588	-35.349523	94.324760
07855		42.793308	-35.128748	94.688913
07856		42.450984	-34.795128	95.040957
07857		42.075037	-34.591762	95.328797
07858		41.770431	-34.529366	95.524933
07859		41.725569	-34.501527	95.693583
07860		41.790004	-34.571870	95.695717
07861		41.775319	-34.784026	95.540295
07862		41.683735	-35.078637	95.439763
07863		41.556687	-35.272087	95.407364
07864		41.509447	-35.123167	95.284343
07865		41.603336	-34.517189	94.954101
07866		41.716320	-33.595718	94.466735
07867		41.675336	-32.714150	94.119126
07868		41.439218	-32.144717	94.100311
07869		41.043673	-31.988203	94.418140
07870		40.552967	-32.149003	94.966788
07871		39.856954	-32.563094	95.663563
07872		39.045551	-33.042992	96.554565
07873		38.375283	-33.281064	97.363532
07874		37.814939	-33.213205	97.920606
07875		37.383530	-32.786748	98.215863
07876		37.052180	-32.058740	98.311090
07877		36.774191	-31.113723	98.274693
07878		36.538134	-30.021879	98.100884
07879		36.319414	-28.852176	97.823841
07880		36.042811	-27.709789	97.562682
07881		35.687767	-26.664062	97.452110
07882		35.256953	-25.721185	97.495607
07883		34.784403	-24.854302	97.652870
07884		34.242664	-24.117426	97.935842
07885		33.648823	-23.468086	98.306446
07886		33.020682	-22.858980	98.730817
07887		32.378309	-22.244294	99.174806
07888		31.726916	-21.622560	99.580116
07889		31.096106	-20.969736	99.878587
07890		30.512271	-20.263856	100.041959
07891		29.975737	-19.513556	100.115132
07892		29.475940	-18.717562	100.132724
07893		28.998914	-17.906902	100.133799
07894		28.519303	-17.132041	100.180902
07895		28.017813	-16.438383	100.308616
07896		27.496859	-15.834274	100.497973
07897		26.958875	-15.287149	100.723139
07898		26.390535	-14.789440	100.983862
07899		25.815915	-14.293073	101.244795
07900		25.224594	-13.773622	101.497662
07901		24.630199	-13.231145	101.694896
07902		24.029655	-12.664752	101.863183
07903		23.430617	-12.088783	102.025947
07904		22.829683	-11.519484	102.165746
07905		22.245221	-10.953690	102.265298
07906		21.696773	-10.386385	102.343742
07907		21.144543	-9.823160	102.406878
07908		20.597241	-9.258435	102.472332
07909		20.038422	-8.691126	102.516218
07910		19.473564	-8.109053	102.485551
07911		18.917457	-7.524439	102.402853
07912		18.357859	-6.952137	102.273988
07913		17.812756	-6.391274	102.094264
07914		17.319267	-5.840868	101.884934
07915		16.850613	-5.332860	101.613967
07916		16.367519	-4.897036	101.354600
07917		15.903488	-4.520774	101.145655
07918		15.455351	-4.146769	100.892912
07919		14.987734	-3.774509	100.600559
07920		14.535127	-3.421872	100.341148
07921		14.092796	-3.095088	100.053739
07922		13.659563	-2.795251	99.775892
07923		13.211719	-2.570829	99.550055
07924		12.768825	-2.397787	99.394488
07925		12.358938	-2.243994	99.277004
07926		11.971044	-2.126828	99.179645
07927		11.625790	-2.025390	99.085307
07928		11.293353	-1.945791	98.985672
07929		10.985350	-1.866431	98.901010
07930		10.691829	-1.788249	98.821956
07931		10.398985	-1.724509	98.745169
07932		10.110931	-1.667501	98.655761
07933		9.853396	-1.617028	98.567728
07934		9.583239	-1.576768	98.476853
07935		9.308826	-1.504057	98.348994
07936		9.004939	-1.419631	98.218278
07937		8.663686	-1.350889	98.117878
07938		8.284344	-1.283588	98.055263
07939		7.884602	-1.207212	98.011094
07940		7.453465	-1.103667	97.954656
07941		6.968623	-0.999356	97.950783
07942		6.481999	-0.897612	98.059676
07943		5.987708	-0.792642	98.245660
07944		5.496418	-0.658264	98.475311
07945		5.018958	-0.476919	98.689860
07946		4.562684	-0.267634	98.879512
07947		4.142279	-0.050281	99.038787
07948		3.752724	0.161289	99.128860
07949		3.417122	0.356511	99.165689
07950		3.165676	0.547786	99.205390
07951		2.978285	0.730709	99.222218
07952		2.797492	0.866739	99.210050
07953		2.636877	0.958115	99.166793
07954		2.496907	1.025253	99.106999
07955		2.364186	1.081457	99.010327
07956		2.259377	1.130097	98.904932
07957		2.177948	1.166058	98.798940
07958		2.087022	1.175816	98.652492
07959		1.999513	1.176732	98.480474
07960		1.921595	1.174766	98.327289
07961		1.850279	1.172072	98.180942
07962		1.780600	1.166377	98.038567
07963		1.716827	1.157683	97.926882
07964		1.653270	1.161114	97.874518
07965		1.592799	1.182762	97.891968
07966		1.537604	1.212659	97.984526
07967		1.492029	1.248520	98.138040
07968		1.441453	1.287440	98.312633
07969		1.376549	1.333056	98.487491
07970		1.312124	1.394285	98.612615
07971		1.238422	1.451736	98.651072
07972		1.152142	1.495303	98.620580
07973		1.069342	1.525431	98.546342
07974		0.998091	1.545263	98.450829
07975		0.949296	1.557379	98.351930
07976		0.911834	1.559404	98.257516
07977		0.878289	1.548144	98.167731
07978		0.838526	1.528032	98.085623
07979		0.800403	1.506553	98.008615
07980		0.772079	1.482201	97.967473
07981		0.738917	1.460275	97.953075
07982		0.694259	1.453211	97.945647
07983		0.646055	1.465762	97.961374
07984		0.604638	1.495621	97.992100
07985		0.558511	1.519220	98.016926
07986		0.505878	1.544924	97.997682
07987		0.451250	1.571845	97.932903
07988		0.396854	1.589735	97.851293
07989		0.339212	1.591477	97.789515
07990		0.297950	1.591146	97.738101
07991		0.271242	1.583292	97.694229
07992		0.262614	1.575285	97.663928
07993		0.264824	1.559287	97.641659
07994		0.277400	1.544596	97.618002
07995		0.291567	1.523197	97.603184
07996		0.306498	1.495088	97.598049
07997		0.320513	1.456966	97.591206
07998		0.335451	1.414869	97.592183
07999		0.352554	1.369830	97.588591
08000		0.371881	1.318148	97.565618
08001		0.403531	1.266576	97.518068
08002		0.452018	1.220649	97.443902
08003		0.498889	1.170009	97.364724
08004		0.531977	1.114886	97.268745
08005		0.557302	1.070338	97.158493
08006		0.575566	1.026036	97.054599
08007		0.587537	0.982296	96.965821
08008		0.602456	0.945673	96.902441
08009		0.637638	0.927489	96.862262
08010		0.683406	0.922574	96.840848
08011		0.718945	0.919384	96.837100
08012		0.726619	0.916504	96.856542
08013		0.727347	0.922662	96.896409
08014		0.731062	0.925678	96.952776
08015		0.737144	0.918311	97.031697
08016		0.749700	0.903300	97.132201
08017		0.775961	0.892098	97.242713
08018		0.807009	0.889160	97.350525
08019		0.829852	0.889245	97.457150
08020		0.835794	0.892105	97.553421
08021		0.833843	0.897913	97.636051
08022		0.823207	0.904576	97.714459
08023		0.811638	0.916231	97.788850
08024		0.798314	0.933842	97.863101
08025		0.792089	0.955179	97.937675
08026		0.788249	0.975234	98.012986
08027		0.779190	0.991306	98.106487
08028		0.773751	1.005337	98.218227
08029		0.777106	1.019013	98.349359
08030		0.778850	1.025774	98.487349
08031		0.781173	1.033438	98.618635
08032		0.784846	1.043074	98.747480
08033		0.789121	1.045979	98.883466
08034		0.801697	1.050286	99.025606
08035		0.815124	1.056981	99.159080
08036		0.821192	1.055296	99.286464
08037		0.820080	1.047714	99.415551
08038		0.816770	1.036655	99.541456
08039		0.813355	1.020649	99.653959
08040		0.814484	1.010989	99.742100
08041		0.824008	1.007097	99.808323
08042		0.831197	1.001933	99.862011
08043		0.829034	0.999817	99.914959
08044		0.818606	0.997724	99.969174
08045		0.807180	0.996166	100.032470
08046		0.796366	0.992845	100.106687
08047		0.792799	0.986568	100.195995
08048		0.796053	0.984687	100.285530
08049		0.806927	0.984788	100.371303
08050		0.814437	0.987530	100.443253
08051		0.809470	0.986987	100.503071
08052		0.796555	0.982730	100.550560
08053		0.780046	0.977966	100.587263
08054		0.759697	0.968859	100.616603
08055		0.748467	0.961833	100.642552
08056		0.757195	0.963586	100.658007
08057		0.774739	0.966302	100.660673
08058		0.778803	0.960492	100.655772
08059		0.767154	0.951860	100.657161
08060		0.755858	0.946013	100.655557
08061		0.743653	0.936201	100.655213
08062		0.734128	0.923151	100.657283
08063		0.733164	0.914691	100.655370
08064		0.752435	0.915587	100.637181
08065		0.776922	0.906768	100.620343
08066		0.787995	0.889473	100.609208
08067		0.794353	0.880044	100.598630
08068		0.802478	0.875621	100.562824
08069		0.808600	0.870281	100.480519
08070		0.812533	0.857291	100.387184
08071		0.828059	0.845946	100.304600
08072		0.858497	0.839497	100.220875
08073		0.885781	0.823836	100.116296
08074		0.891920	0.797406	99.991029
08075		0.894137	0.779637	99.871767
08076		0.905604	0.770263	99.783167
08077		0.915361	0.756528	99.726489
08078		0.934693	0.751604	99.689925
08079		0.956504	0.750679	99.655585
08080		0.979196	0.752695	99.624654
08081		1.000539	0.750002	99.595150
08082		1.022769	0.745611	99.577356
08083		1.041470	0.733321	99.551269
08084		1.059635	0.720019	99.513811
08085		1.083907	0.705664	99.482526
08086		1.111994	0.695151	99.462068
08087		1.141849	0.682989	99.441906
08088		1.181785	0.674520	99.428141
08089		1.226042	0.666912	99.418509
08090		1.256171	0.649325	99.393992
08091		1.272288	0.623675	99.343580
08092		1.290407	0.606326	99.281274
08093		1.312820	0.583225	99.232242
08094		1.338166	0.565860	99.185963
08095		1.359596	0.551767	99.142531
08096		1.377121	0.540801	99.107318
08097		1.379580	0.526314	99.078177
08098		1.381542	0.521697	99.058126
08099		1.379123	0.520075	99.043006
08100		1.375278	0.518490	99.044429
08101		1.370635	0.520099	99.039854
08102		1.358522	0.520822	99.026737
08103		1.335451	0.516271	99.002779
08104		1.308381	0.512290	98.972738
08105		1.283743	0.510840	98.947683
08106		1.265872	0.520556	98.926931
08107		1.251783	0.526506	98.925455
08108		1.241940	0.528710	98.933295
08109		1.229239	0.524135	98.943047
08110		1.220669	0.524841	98.961677
08111		1.218132	0.519445	98.979585
08112		1.233275	0.517380	98.989413
08113		1.258641	0.516194	98.998102
08114		1.274623	0.505486	99.011884
08115		1.285095	0.497007	99.024350
08116		1.293681	0.486230	99.043034
08117		1.300891	0.477534	99.067235
08118		1.312687	0.468742	99.102730
08119		1.322325	0.460739	99.149668
08120		1.323007	0.451835	99.192509
08121		1.324239	0.445857	99.227800
08122		1.331092	0.440092	99.265450
08123		1.332741	0.426561	99.285955
08124		1.327101	0.413934	99.279038
08125		1.320118	0.398082	99.265977
08126		1.324800	0.388449	99.260698
08127		1.329340	0.379346	99.258459
08128		1.336726	0.376083	99.250503
08129		1.342411	0.374901	99.233998
08130		1.338842	0.371157	99.197305
08131		1.327527	0.368167	99.151627
08132		1.315115	0.372423	99.107610
08133		1.302081	0.374913	99.069551
08134		1.286976	0.380595	99.040878
08135		1.271030	0.385951	99.023106
08136		1.260824	0.393926	99.017194
08137		1.253155	0.403194	99.016145
08138		1.240982	0.413433	99.017776
08139		1.219625	0.418081	99.021127
08140		1.187215	0.418519	99.019177
08141		1.146115	0.409456	99.027050
08142		1.100238	0.387508	99.061699
08143		1.062320	0.363074	99.114914
08144		1.035673	0.340245	99.170146
08145		1.003792	0.308736	99.217707
08146		0.959806	0.271489	99.247096
08147		0.908547	0.223601	99.238339
08148		0.856262	0.171728	99.206030
08149		0.815010	0.120416	99.169429
08150		0.782374	0.071083	99.141573
08151		0.750711	0.013677	99.113143
08152		0.729625	-0.043968	99.085901
08153		0.712820	-0.114677	99.074464
08154		0.704618	-0.192584	99.075143
08155		0.708987	-0.284120	99.087125
08156		0.730038	-0.398469	99.130686
08157		0.779512	-0.532166	99.226764
08158		0.876952	-0.646731	99.334686
08159		0.985802	-0.758038	99.412305
08160		1.085945	-0.878396	99.427688
08161		1.184734	-0.998427	99.326460
08162		1.298901	-1.113760	99.077464
08163		1.431124	-1.220969	98.732504
08164		1.560527	-1.328143	98.367859
08165		1.672017	-1.427207	98.005584
08166		1.755759	-1.526732	97.635886
08167		1.830021	-1.617168	97.271963
08168		1.894251	-1.693475	96.940421
08169		1.952226	-1.763647	96.676845
08170		2.001548	-1.847061	96.503904
08171		2.060451	-1.927304	96.392041
08172		2.111069	-1.993046	96.289356
08173		2.124348	-2.063723	96.194682
08174		2.117795	-2.145870	96.144930
08175		2.130649	-2.234447	96.150304
08176		2.166272	-2.318130	96.193131
08177		2.203329	-2.408457	96.252762
08178		2.235639	-2.507103	96.303620
08179		2.271247	-2.614409	96.326171
08180		2.322466	-2.726053	96.307734
08181		2.380940	-2.849785	96.247926
08182		2.437800	-2.990276	96.151063
08183		2.503420	-3.142706	96.026415
08184		2.584847	-3.298049	95.868977
08185		2.682564	-3.458026	95.659321
08186		2.798675	-3.632771	95.390003
08187		2.936771	-3.833339	95.067344
