// General information: 
//  MT Manager version: 2021.4.0 
//  XDA version: 2021.4.0 build 6323 rev 112641 built on 2021-09-28
// Device information: 
//  DeviceId: 00B43773
//  ProductCode: MTW2-3A7G6
//  Firmware Version: 4.3.4
//  Hardware Version: 1.1.0
// Device settings: 
//  Filter Profile: human(46.1)
//  Option Flags: Orientation Smoother Disabled, Position/Velocity Smoother Disabled, Continuous Zero Rotation Update Disabled, AHS Disabled, ICC Disabled
// Coordinate system: ENU
PacketCounter	SampleTimeFine	Roll	Pitch	Yaw
06689		-0.671111	0.423744	78.814509
06690		-0.669819	0.424640	78.813371
06691		-0.670031	0.423543	78.812049
06692		-0.667246	0.424654	78.812752
06693		-0.669263	0.427933	78.809499
06694		-0.666571	0.427178	78.811830
06695		-0.664927	0.426809	78.811586
06696		-0.661779	0.428436	78.811525
06697		-0.659660	0.429526	78.811338
06698		-0.658731	0.429908	78.810962
06699		-0.659348	0.431534	78.811178
06700		-0.660275	0.431187	78.809724
06701		-0.659721	0.429274	78.811769
06702		-0.662546	0.431437	78.810012
06703		-0.660270	0.430231	78.809869
06704		-0.658594	0.430721	78.810414
06705		-0.655593	0.430544	78.808744
06706		-0.651543	0.429982	78.809650
06707		-0.648273	0.428455	78.808845
06708		-0.647230	0.429781	78.809289
06709		-0.643193	0.427437	78.811851
06710		-0.643010	0.427712	78.810554
06711		-0.643585	0.426098	78.809994
06712		-0.645237	0.424721	78.810065
06713		-0.646444	0.423944	78.809403
06714		-0.646717	0.421837	78.810497
06715		-0.648807	0.422325	78.811317
06716		-0.644757	0.421763	78.812223
06717		-0.644969	0.420665	78.810899
06718		-0.639021	0.417593	78.812108
06719		-0.635005	0.416172	78.812224
06720		-0.631701	0.415503	78.812208
06721		-0.628680	0.414403	78.812985
06722		-0.628860	0.414163	78.812452
06723		-0.628710	0.413580	78.810365
06724		-0.628620	0.411988	78.810695
06725		-0.628357	0.412349	78.809429
06726		-0.626143	0.410135	78.811702
06727		-0.624771	0.411117	78.810593
06728		-0.624205	0.410984	78.810980
06729		-0.622563	0.410613	78.810735
06730		-0.622267	0.411833	78.810258
06731		-0.622886	0.413458	78.810473
06732		-0.622070	0.412897	78.809276
06733		-0.624814	0.415144	78.807546
06734		-0.625131	0.416277	78.809415
06735		-0.624391	0.418094	78.808204
06736		-0.624728	0.420151	78.807626
06737		-0.625348	0.421775	78.807838
06738		-0.627678	0.424475	78.808582
06739		-0.629657	0.425905	78.810219
06740		-0.631599	0.426805	78.806977
06741		-0.634054	0.426776	78.808558
06742		-0.638146	0.430616	78.806593
06743		-0.636504	0.430244	78.806347
06744		-0.633721	0.431356	78.807051
06745		-0.630496	0.433065	78.807020
06746		-0.627825	0.433233	78.806904
06747		-0.625459	0.433892	78.805132
06748		-0.624418	0.435219	78.805575
06749		-0.623931	0.437465	78.805947
06750		-0.624475	0.436711	78.806174
06751		-0.625843	0.438227	78.805465
06752		-0.627653	0.439147	78.805488
06753		-0.626533	0.440555	78.805957
06754		-0.624608	0.440617	78.804919
06755		-0.623508	0.442949	78.802942
06756		-0.619234	0.444274	78.805490
06757		-0.618749	0.446519	78.805859
06758		-0.618341	0.448684	78.806199
06759		-0.619078	0.449362	78.805592
06760		-0.620889	0.450283	78.805615
06761		-0.621512	0.451906	78.805824
06762		-0.620221	0.452806	78.804684
06763		-0.618106	0.453891	78.804492
06764		-0.615073	0.454576	78.803613
06765		-0.614338	0.456393	78.802403
06766		-0.610922	0.456668	78.803209
06767		-0.609172	0.457237	78.803777
06768		-0.607135	0.458243	78.803558
06769		-0.605496	0.457869	78.803318
06770		-0.603936	0.457416	78.803043
06771		-0.603406	0.456419	78.802634
06772		-0.602115	0.457320	78.801493
06773		-0.598847	0.455787	78.800690
06774		-0.595181	0.455634	78.799913
06775		-0.594923	0.455991	78.798640
06776		-0.592617	0.455644	78.799287
06777		-0.589983	0.454948	78.798404
06778		-0.588422	0.454496	78.798128
06779		-0.589887	0.454142	78.799013
06780		-0.589863	0.456718	78.797668
06781		-0.589605	0.457075	78.796406
06782		-0.590150	0.456321	78.796631
06783		-0.589033	0.457727	78.797112
06784		-0.589578	0.456973	78.797337
06785		-0.591425	0.457030	78.796552
06786		-0.593600	0.457435	78.797335
06787		-0.592326	0.456545	78.797820
06788		-0.594046	0.459337	78.796212
06789		-0.592301	0.459905	78.796783
06790		-0.588886	0.460180	78.797589
06791		-0.586886	0.460321	78.796606
06792		-0.584580	0.459974	78.797252
06793		-0.585680	0.460134	78.797406
06794		-0.587129	0.461572	78.796663
06795		-0.587144	0.463282	78.794620
06796		-0.588323	0.463367	78.794741
06797		-0.589329	0.465398	78.793311
06798		-0.587908	0.466316	78.795437
06799		-0.588398	0.466566	78.793142
06800		-0.588468	0.467273	78.793423
06801		-0.587461	0.467734	78.792942
06802		-0.587643	0.467497	78.792403
06803		-0.588631	0.468600	78.793374
06804		-0.588068	0.468469	78.793757
06805		-0.587818	0.468825	78.792625
06806		-0.586621	0.467856	78.793112
06807		-0.586089	0.466857	78.792623
06808		-0.582674	0.467132	78.793430
06809		-0.577920	0.465807	78.794378
06810		-0.573509	0.465761	78.794525
06811		-0.567645	0.465058	78.795834
06812		-0.566607	0.466387	78.796274
06813		-0.563339	0.464850	78.795484
06814		-0.560941	0.466375	78.794502
06815		-0.562679	0.467373	78.794607
06816		-0.562386	0.468597	78.794125
06817		-0.564868	0.469490	78.793095
06818		-0.570800	0.471682	78.792482
06819		-0.578136	0.473738	78.790149
06820		-0.584291	0.474044	78.787896
06821		-0.596253	0.478224	78.788029
06822		-0.610519	0.481088	78.787776
06823		-0.630416	0.484142	78.784097
06824		-0.646288	0.485852	78.781173
06825		-0.660591	0.487848	78.780032
06826		-0.669492	0.488694	78.778164
06827		-0.672504	0.491370	78.778180
06828		-0.672706	0.492060	78.775192
06829		-0.666447	0.490944	78.778115
06830		-0.663255	0.489331	78.777288
06831		-0.656274	0.489248	78.778444
06832		-0.651227	0.488362	78.778701
06833		-0.646479	0.487035	78.779932
06834		-0.643269	0.484495	78.781552
06835		-0.638491	0.483167	78.782069
06836		-0.632700	0.482388	78.783248
06837		-0.621975	0.481442	78.783694
06838		-0.613553	0.479181	78.783661
06839		-0.604589	0.478454	78.783582
06840		-0.596802	0.477032	78.783443
06841		-0.589575	0.476521	78.783363
06842		-0.582152	0.474582	78.783985
06843		-0.572199	0.473534	78.783976
06844		-0.563398	0.470862	78.785623
06845		-0.551429	0.468244	78.786064
06846		-0.543263	0.466411	78.787607
06847		-0.533832	0.467146	78.787911
06848		-0.528313	0.467723	78.788220
06849		-0.524937	0.467129	78.787910
06850		-0.520891	0.466567	78.788820
06851		-0.518885	0.466706	78.787066
06852		-0.518323	0.466576	78.787448
06853		-0.517289	0.466104	78.789280
06854		-0.517361	0.466812	78.789559
06855		-0.516108	0.465917	78.789437
06856		-0.515816	0.467143	78.788953
06857		-0.517674	0.467198	78.787711
06858		-0.520012	0.469903	78.788442
06859		-0.521410	0.471419	78.788330
06860		-0.524333	0.471722	78.788183
06861		-0.526075	0.472720	78.787208
06862		-0.526621	0.471967	78.787428
06863		-0.528694	0.472444	78.787836
06864		-0.529131	0.472635	78.788875
06865		-0.529749	0.474252	78.789607
06866		-0.531928	0.474659	78.790382
06867		-0.533053	0.475747	78.788304
06868		-0.533760	0.477294	78.788478
06869		-0.537720	0.477047	78.787950
06870		-0.542547	0.479867	78.787489
06871		-0.545581	0.481614	78.789715
06872		-0.549409	0.484113	78.788595
06873		-0.552849	0.485323	78.788296
06874		-0.555299	0.487088	78.788203
06875		-0.559279	0.486841	78.789282
06876		-0.561188	0.485894	78.790920
06877		-0.565145	0.485647	78.791086
06878		-0.566962	0.486573	78.791097
06879		-0.572147	0.488000	78.791938
06880		-0.576180	0.487683	78.791624
06881		-0.582488	0.488491	78.790368
06882		-0.588899	0.489230	78.789682
06883		-0.598959	0.490899	78.789867
06884		-0.612345	0.492508	78.788110
06885		-0.627337	0.496280	78.784770
06886		-0.645577	0.498130	78.783890
06887		-0.671905	0.499357	78.779888
06888		-0.695493	0.500919	78.777374
06889		-0.720726	0.502769	78.775232
06890		-0.744119	0.507151	78.771893
06891		-0.766880	0.514012	78.769418
06892		-0.799009	0.519489	78.764708
06893		-0.842381	0.527614	78.759868
06894		-0.914501	0.533978	78.753801
06895		-1.026988	0.538939	78.752332
06896		-1.162339	0.542580	78.745215
06897		-1.303572	0.547821	78.734867
06898		-1.432870	0.563571	78.718449
06899		-1.522764	0.578807	78.710792
06900		-1.582568	0.584680	78.694898
06901		-1.615259	0.590607	78.683987
06902		-1.627378	0.591912	78.672562
06903		-1.627486	0.589313	78.664240
06904		-1.618493	0.584706	78.655516
06905		-1.612211	0.578856	78.649753
06906		-1.606175	0.571993	78.642220
06907		-1.597628	0.566475	78.639850
06908		-1.583481	0.560262	78.631165
06909		-1.562772	0.552252	78.628735
06910		-1.535965	0.544100	78.623734
06911		-1.506728	0.536341	78.623523
06912		-1.469280	0.526914	78.623476
06913		-1.423529	0.518245	78.627755
06914		-1.363707	0.506380	78.629642
06915		-1.298435	0.491639	78.633240
06916		-1.236665	0.473117	78.637081
06917		-1.179250	0.454068	78.637485
06918		-1.131790	0.431237	78.635802
06919		-1.098716	0.398094	78.627454
06920		-1.080425	0.337743	78.624096
06921		-1.059645	0.246769	78.632221
06922		-1.022824	0.112552	78.643820
06923		-0.984854	-0.096456	78.587685
06924		-0.902068	-0.371652	78.522708
06925		-0.748470	-0.708546	78.471181
06926		-0.472371	-1.144870	78.485898
06927		-0.300499	-1.691864	78.438446
06928		-0.245028	-2.358141	78.339371
06929		-0.203497	-3.163443	78.238347
06930		-0.164242	-4.096559	78.106174
06931		-0.224879	-5.128540	77.843114
06932		-0.344336	-6.230497	77.445169
06933		-0.325898	-7.415181	77.023464
06934		-0.000451	-8.674139	76.716892
06935		0.519793	-9.985537	76.544579
06936		0.924946	-11.224913	76.373356
06937		1.108230	-12.264836	76.058716
06938		1.320428	-13.236521	75.623499
06939		1.723779	-14.258347	75.068061
06940		2.270141	-15.366651	74.384289
06941		2.827842	-16.523525	73.550672
06942		3.363464	-17.667012	72.593664
06943		3.944251	-18.777364	71.574119
06944		4.621761	-19.853561	70.549397
06945		5.369184	-20.910537	69.541678
06946		6.126139	-21.942730	68.556707
06947		6.854810	-22.918369	67.610198
06948		7.544844	-23.826777	66.729134
06949		8.210183	-24.697247	65.920370
06950		8.866203	-25.540963	65.180273
06951		9.492223	-26.361985	64.504372
06952		10.059541	-27.141295	63.892299
06953		10.563646	-27.844797	63.347264
06954		11.012048	-28.451927	62.869134
06955		11.395210	-28.968207	62.464076
06956		11.709631	-29.392058	62.105868
06957		11.961320	-29.743707	61.760351
06958		12.166222	-30.026942	61.428678
06959		12.318730	-30.242304	61.135996
06960		12.406812	-30.383351	60.913984
06961		12.409671	-30.415826	60.756727
06962		12.297264	-30.337743	60.659695
06963		12.066488	-30.141408	60.652165
06964		11.757878	-29.834322	60.733601
06965		11.370647	-29.426842	60.897070
06966		10.897609	-28.932949	61.129167
06967		10.340823	-28.354858	61.446101
06968		9.760839	-27.683552	61.842866
06969		9.106090	-26.949810	62.341389
06970		8.346161	-26.162859	62.915161
06971		7.493599	-25.329187	63.564453
06972		6.580816	-24.461680	64.286618
06973		5.610368	-23.560069	65.079327
06974		4.594945	-22.630648	65.883868
06975		3.565184	-21.680983	66.679165
06976		2.572787	-20.715852	67.453968
06977		1.637958	-19.734457	68.201283
06978		0.774667	-18.739120	68.918072
06979		-0.009251	-17.723468	69.606109
06980		-0.733353	-16.712828	70.251625
06981		-1.395058	-15.693238	70.859722
06982		-2.011338	-14.630283	71.429163
06983		-2.611991	-13.511328	71.976790
06984		-3.160408	-12.376615	72.529599
06985		-3.647269	-11.277079	73.104764
06986		-4.092820	-10.239706	73.694314
06987		-4.507931	-9.263066	74.300881
06988		-4.899485	-8.363597	74.920748
06989		-5.226852	-7.519694	75.537802
06990		-5.464271	-6.719902	76.117782
06991		-5.649558	-5.955967	76.619446
06992		-5.792748	-5.214072	77.026121
06993		-5.911406	-4.507861	77.335313
06994		-5.999349	-3.877839	77.582304
06995		-6.065140	-3.351631	77.808997
06996		-6.105613	-2.939385	78.036104
06997		-6.092877	-2.621985	78.282875
06998		-6.021663	-2.376271	78.538940
06999		-5.905096	-2.181757	78.795510
07000		-5.725680	-2.046226	79.053970
07001		-5.494791	-1.992769	79.302897
07002		-5.260310	-2.030822	79.521861
07003		-5.052198	-2.179563	79.712745
07004		-4.879176	-2.482666	79.886269
07005		-4.753920	-2.982153	80.050787
07006		-4.687149	-3.695232	80.235068
07007		-4.659080	-4.609039	80.442434
07008		-4.640414	-5.682268	80.673189
07009		-4.613408	-6.784748	80.915729
07010		-4.615591	-7.779430	81.166185
07011		-4.732293	-8.545611	81.415019
07012		-4.885424	-8.947879	81.681555
07013		-4.108705	-8.306823	81.986165
07014		-3.499643	-7.044641	82.277808
07015		-3.028236	-6.314640	82.512341
07016		-2.686331	-5.514039	82.647523
07017		-2.465201	-4.650400	82.705994
07018		-2.207285	-3.917972	82.745635
07019		-1.988339	-3.255588	82.758547
07020		-1.754616	-2.644815	82.750888
07021		-1.499559	-2.126028	82.741212
07022		-1.249367	-1.674015	82.728425
07023		-0.987296	-1.318212	82.717099
07024		-0.740483	-1.031540	82.688765
07025		-0.505356	-0.812127	82.660892
07026		-0.338408	-0.728773	82.675218
07027		-0.257952	-0.705408	82.664245
07028		-0.243318	-0.756739	82.647758
07029		-0.286326	-0.846559	82.607490
07030		-0.342231	-0.964983	82.529199
07031		-0.380435	-1.069389	82.435662
07032		-0.376045	-1.149250	82.341521
07033		-0.361317	-1.205872	82.223889
07034		-0.343409	-1.232198	82.098685
07035		-0.308559	-1.232741	82.003362
07036		-0.247073	-1.211825	81.927611
07037		-0.167035	-1.206249	81.849391
07038		-0.085696	-1.222572	81.744260
07039		-0.031106	-1.255250	81.638452
07040		-0.007998	-1.265965	81.551645
07041		0.003227	-1.244503	81.475958
07042		0.054142	-1.198754	81.404152
07043		0.165285	-1.131376	81.337139
07044		0.304548	-1.054560	81.287625
07045		0.448320	-0.964021	81.269052
07046		0.610299	-0.842238	81.291599
07047		0.792401	-0.684227	81.356102
07048		0.971887	-0.510169	81.456448
07049		1.118386	-0.351925	81.580829
07050		1.194528	-0.218047	81.700486
07051		1.199338	-0.095441	81.790300
07052		1.181743	0.015888	81.847587
07053		1.162216	0.101478	81.881940
07054		1.151052	0.161924	81.906306
07055		1.120336	0.205506	81.922173
07056		1.080719	0.237514	81.930534
07057		1.034350	0.263951	81.936171
07058		0.989791	0.289837	81.940575
07059		0.941708	0.313332	81.948270
07060		0.882721	0.334736	81.954536
07061		0.810024	0.349755	81.965022
07062		0.722619	0.363643	81.971923
07063		0.635470	0.378406	81.979419
07064		0.549919	0.390776	81.987230
07065		0.460709	0.400752	81.991913
07066		0.354744	0.394424	81.973697
07067		0.236258	0.370651	81.940841
07068		0.125704	0.344290	81.912430
07069		0.030465	0.333594	81.893892
07070		-0.055625	0.342778	81.887757
07071		-0.126516	0.373159	81.889011
07072		-0.194982	0.412516	81.905703
07073		-0.266999	0.457561	81.935836
07074		-0.350516	0.498329	81.969888
07075		-0.455907	0.531809	81.994860
07076		-0.605913	0.549060	81.997377
07077		-0.775547	0.561196	81.991811
07078		-0.951175	0.575429	81.994726
07079		-1.121407	0.596374	82.000300
07080		-1.308367	0.596450	81.989289
07081		-1.508379	0.576255	81.964337
07082		-1.706824	0.557940	81.941129
07083		-1.905928	0.558341	81.926461
07084		-2.140324	0.541756	81.890481
07085		-2.447881	0.477112	81.835379
07086		-2.773495	0.412438	81.837488
07087		-3.072759	0.376138	81.845652
07088		-3.321675	0.370256	81.846720
07089		-3.543858	0.368081	81.846897
07090		-3.790215	0.359930	81.871588
07091		-4.037593	0.370444	81.862898
07092		-4.288351	0.382677	81.848469
07093		-4.596436	0.379562	81.861965
07094		-4.969102	0.387808	81.843536
07095		-5.388390	0.410630	81.834289
07096		-5.808341	0.455102	81.835981
07097		-6.207307	0.516306	81.833276
07098		-6.583576	0.581382	81.823891
07099		-6.931292	0.643147	81.812379
07100		-7.235958	0.690670	81.797652
07101		-7.484158	0.718091	81.782100
07102		-7.679265	0.728823	81.776808
07103		-7.816967	0.723193	81.774611
07104		-7.902069	0.709957	81.777573
07105		-7.937630	0.680555	81.783915
07106		-7.947739	0.650276	81.789362
07107		-7.998787	0.644303	81.793840
07108		-8.088013	0.645026	81.793186
07109		-8.195710	0.647531	81.791513
07110		-8.307407	0.649318	81.793922
07111		-8.406280	0.645640	81.798425
07112		-8.505411	0.642112	81.802965
07113		-8.593202	0.639446	81.808794
07114		-8.647031	0.631889	81.815164
07115		-8.645126	0.617703	81.830520
07116		-8.568021	0.596199	81.850533
07117		-8.410749	0.563871	81.875274
07118		-8.149648	0.518747	81.912853
07119		-7.780900	0.461433	81.971756
07120		-7.390049	0.410488	82.030960
07121		-7.036690	0.376236	82.091211
07122		-6.748888	0.355375	82.136755
07123		-6.555097	0.340809	82.162125
07124		-6.408570	0.330113	82.186680
07125		-6.265038	0.322727	82.202213
07126		-6.122648	0.323268	82.216991
07127		-5.981448	0.329573	82.229351
07128		-5.853049	0.346796	82.237045
07129		-5.743304	0.372418	82.240530
07130		-5.637423	0.395103	82.236404
07131		-5.503555	0.418977	82.221421
07132		-5.306701	0.439398	82.195391
07133		-5.037919	0.461304	82.172757
07134		-4.723057	0.482569	82.164619
07135		-4.414791	0.503849	82.168149
07136		-4.135997	0.523358	82.178727
07137		-3.910712	0.542934	82.191197
07138		-3.744011	0.564294	82.202596
07139		-3.612729	0.587247	82.209053
07140		-3.490669	0.609851	82.212365
07141		-3.369230	0.633281	82.215365
07142		-3.243439	0.652638	82.217756
07143		-3.115997	0.664280	82.221346
07144		-2.990108	0.672842	82.228770
07145		-2.877277	0.679226	82.237800
07146		-2.774114	0.686320	82.249941
07147		-2.683558	0.691672	82.262992
07148		-2.598840	0.699930	82.278979
07149		-2.520297	0.706158	82.297000
07150		-2.443640	0.712774	82.314773
07151		-2.374648	0.720314	82.330278
07152		-2.317904	0.724447	82.346304
07153		-2.275998	0.725520	82.359794
07154		-2.242685	0.727615	82.370341
07155		-2.212969	0.731512	82.379301
07156		-2.175609	0.732078	82.387392
07157		-2.138082	0.732644	82.398544
07158		-2.093563	0.733917	82.406205
07159		-2.047076	0.735775	82.414833
07160		-1.993605	0.737581	82.425522
07161		-1.933890	0.740376	82.436288
07162		-1.860407	0.746627	82.450120
07163		-1.769658	0.754511	82.463439
07164		-1.668584	0.760844	82.478567
07165		-1.570349	0.766788	82.493066
07166		-1.485350	0.773667	82.500698
07167		-1.412407	0.776830	82.505517
07168		-1.354764	0.780794	82.507131
07169		-1.306973	0.784513	82.506227
07170		-1.261587	0.783902	82.504353
07171		-1.212063	0.781709	82.499888
07172		-1.162278	0.779310	82.500315
07173		-1.115776	0.775067	82.500122
07174		-1.070382	0.774574	82.501349
07175		-1.027365	0.773358	82.506826
07176		-0.990969	0.773910	82.513685
07177		-0.959221	0.775755	82.522017
07178		-0.932529	0.778063	82.528068
07179		-0.904990	0.780365	82.534918
07180		-0.881499	0.782760	82.538868
07181		-0.854881	0.783124	82.546395
07182		-0.829712	0.785177	82.547450
07183		-0.813844	0.787595	82.551640
07184		-0.805320	0.791680	82.556333
07185		-0.801806	0.797386	82.557702
07186		-0.798422	0.803190	82.559173
07187		-0.792724	0.809182	82.563256
07188		-0.781114	0.813047	82.563701
07189		-0.767592	0.816607	82.567496
07190		-0.753680	0.821713	82.571444
07191		-0.740372	0.826630	82.574388
07192		-0.725668	0.832722	82.576860
07193		-0.712084	0.837177	82.578276
07194		-0.702704	0.843142	82.579115
07195		-0.696574	0.847250	82.579353
07196		-0.695229	0.850525	82.581339
07197		-0.696336	0.852930	82.581249
07198		-0.695970	0.853367	82.586295
07199		-0.692810	0.851339	82.598821
07200		-0.683191	0.847870	82.616473
07201		-0.660509	0.840926	82.654307
07202		-0.625538	0.832509	82.713174
07203		-0.580158	0.827066	82.779783
07204		-0.534877	0.822592	82.844069
07205		-0.494547	0.822226	82.888409
07206		-0.460430	0.825716	82.919191
07207		-0.437714	0.827758	82.941771
07208		-0.420481	0.829714	82.959666
07209		-0.404620	0.831329	82.972499
07210		-0.392836	0.832984	82.979293
07211		-0.388739	0.834556	82.980037
07212		-0.391040	0.834104	82.976780
07213		-0.399943	0.836529	82.970744
07214		-0.410984	0.839790	82.966053
07215		-0.416541	0.843134	82.966039
07216		-0.421177	0.846262	82.968659
07217		-0.422308	0.851050	82.971678
07218		-0.424295	0.855842	82.973896
07219		-0.431139	0.860024	82.976028
07220		-0.441620	0.864799	82.974543
07221		-0.455386	0.870105	82.975561
07222		-0.469419	0.877758	82.973460
07223		-0.485883	0.881342	82.971711
07224		-0.502690	0.886379	82.969213
07225		-0.517753	0.890085	82.966100
07226		-0.531752	0.895363	82.960881
07227		-0.549606	0.899660	82.954944
07228		-0.582765	0.905457	82.934052
07229		-0.639612	0.907546	82.901435
07230		-0.693446	0.900693	82.866415
07231		-0.743779	0.897941	82.838038
07232		-0.779700	0.895503	82.816013
07233		-0.805290	0.895098	82.800997
07234		-0.824917	0.895059	82.791782
07235		-0.834774	0.895539	82.786374
07236		-0.834978	0.894469	82.788193
07237		-0.821826	0.894316	82.795182
07238		-0.810630	0.894394	82.795654
07239		-0.806657	0.892564	82.789365
07240		-0.808411	0.891170	82.783050
07241		-0.812994	0.891700	82.776123
07242		-0.820145	0.889299	82.770538
07243		-0.829161	0.888379	82.760557
07244		-0.843208	0.887167	82.756992
07245		-0.850415	0.889307	82.751182
07246		-0.853387	0.892096	82.750895
07247		-0.845977	0.894540	82.754540
07248		-0.838578	0.898031	82.759068
07249		-0.834031	0.900171	82.762258
07250		-0.832896	0.904809	82.763384
07251		-0.830413	0.907629	82.764648
07252		-0.832730	0.907169	82.761377
07253		-0.848670	0.908196	82.744706
07254		-0.870326	0.906449	82.730441
07255		-0.894152	0.905831	82.718836
07256		-0.913066	0.905881	82.710495
07257		-0.927131	0.906831	82.703590
07258		-0.940884	0.908426	82.699205
07259		-0.951194	0.910805	82.697613
07260		-0.956095	0.912028	82.698620
07261		-0.951614	0.913286	82.704195
07262		-0.943319	0.917902	82.713588
07263		-0.933955	0.921172	82.724649
07264		-0.926388	0.925694	82.733135
07265		-0.922284	0.929735	82.740163
07266		-0.916361	0.932221	82.748426
07267		-0.913009	0.932894	82.753828
07268		-0.915093	0.934352	82.752129
07269		-0.918175	0.935145	82.750167
07270		-0.918194	0.935925	82.750397
07271		-0.913086	0.937137	82.750550
07272		-0.905358	0.937774	82.750465
07273		-0.896449	0.938028	82.752836
07274		-0.885929	0.938079	82.755585
07275		-0.873782	0.935852	82.756958
07276		-0.864788	0.934826	82.760270
07277		-0.854542	0.934307	82.763662
07278		-0.848036	0.936677	82.763338
07279		-0.843164	0.935974	82.761914
07280		-0.841164	0.936005	82.760909
07281		-0.839247	0.937315	82.758961
07282		-0.836895	0.940224	82.760318
07283		-0.832867	0.940920	82.763461
07284		-0.831477	0.941818	82.762338
07285		-0.829115	0.943687	82.762817
07286		-0.832043	0.944096	82.759424
07287		-0.837986	0.944588	82.757004
07288		-0.845913	0.944483	82.753597
07289		-0.853381	0.943899	82.751740
07290		-0.858234	0.942739	82.749646
07291		-0.861833	0.942085	82.747632
07292		-0.862978	0.942280	82.747690
07293		-0.862588	0.942514	82.746306
07294		-0.862607	0.943294	82.746535
07295		-0.861418	0.944513	82.743682
07296		-0.862376	0.946559	82.742151
07297		-0.861799	0.948645	82.739179
07298		-0.861864	0.949357	82.736243
07299		-0.860349	0.950179	82.735032
07300		-0.861870	0.950706	82.730284
07301		-0.858524	0.948930	82.729430
07302		-0.858918	0.950043	82.724853
07303		-0.861112	0.949511	82.721488
07304		-0.858831	0.949076	82.718961
07305		-0.855699	0.948659	82.717253
07306		-0.853700	0.948692	82.716248
07307		-0.858546	0.946497	82.713275
07308		-0.861614	0.942671	82.708369
07309		-0.864511	0.938837	82.706540
07310		-0.865704	0.938965	82.703432
07311		-0.868978	0.937916	82.703061
07312		-0.869958	0.936685	82.700807
07313		-0.868116	0.937110	82.701239
07314		-0.868748	0.938757	82.701348
07315		-0.867728	0.941407	82.700807
07316		-0.865168	0.942957	82.703020
07317		-0.860559	0.946004	82.703848
07318		-0.854338	0.948844	82.705052
07319		-0.847384	0.950744	82.706291
07320		-0.841396	0.951666	82.705919
07321		-0.834558	0.952609	82.706370
07322		-0.831433	0.953227	82.705536
07323		-0.829479	0.954614	82.706758
07324		-0.829545	0.955329	82.703820
07325		-0.825687	0.955011	82.703023
07326		-0.823032	0.954243	82.705300
07327		-0.820794	0.955165	82.704999
07328		-0.817857	0.953931	82.705754
07329		-0.813999	0.953613	82.704955
07330		-0.813505	0.955845	82.705235
07331		-0.815865	0.956744	82.704181
07332		-0.824757	0.957079	82.704543
07333		-0.834649	0.956759	82.704648
07334		-0.851759	0.959889	82.700442
07335		-0.868530	0.961590	82.697001
07336		-0.885245	0.965214	82.692052
07337		-0.907232	0.967761	82.687727
07338		-0.932101	0.971035	82.683803
07339		-0.955830	0.973869	82.679173
07340		-0.983342	0.978764	82.676342
07341		-1.009634	0.977621	82.672158
07342		-1.033811	0.977717	82.668399
07343		-1.052214	0.974186	82.667154
07344		-1.072092	0.971496	82.664958
07345		-1.088440	0.973772	82.663911
07346		-1.105817	0.977453	82.664341
07347		-1.133005	0.980937	82.662238
07348		-1.178094	0.986908	82.661139
07349		-1.252121	0.992605	82.656644
07350		-1.334615	0.997101	82.652409
07351		-1.421019	1.003874	82.644905
07352		-1.499567	1.010104	82.635647
07353		-1.562942	1.017783	82.626386
07354		-1.612247	1.022784	82.618102
07355		-1.649358	1.027955	82.608601
07356		-1.672415	1.032842	82.603190
07357		-1.683974	1.034603	82.598146
07358		-1.688823	1.037522	82.591161
07359		-1.685725	1.040292	82.587019
07360		-1.678750	1.040727	82.582922
07361		-1.673227	1.043223	82.576834
07362		-1.667600	1.044432	82.571692
07363		-1.660300	1.043448	82.568383
07364		-1.644760	1.041411	82.561872
07365		-1.628270	1.040373	82.556977
07366		-1.610371	1.037190	82.550897
07367		-1.589562	1.033364	82.547607
07368		-1.568243	1.028738	82.544516
07369		-1.540543	1.019620	82.544126
07370		-1.508458	1.006338	82.543098
07371		-1.483405	0.986612	82.538582
07372		-1.488250	0.956960	82.534083
07373		-1.554206	0.910853	82.510094
07374		-1.660976	0.843806	82.479851
07375		-1.854224	0.725434	82.384828
07376		-2.071193	0.572372	82.280481
07377		-2.323963	0.329432	82.150405
07378		-2.559842	-0.009304	82.046016
07379		-2.714264	-0.461305	82.000667
07380		-2.853914	-1.058338	81.934750
07381		-3.073177	-1.835986	81.686443
07382		-3.389822	-2.899751	81.105830
07383		-3.544368	-4.203475	80.345712
07384		-3.335451	-5.641857	79.559885
07385		-2.811251	-7.021557	78.808854
07386		-2.247378	-8.353228	77.963670
07387		-1.600927	-9.873327	77.039704
07388		-0.820526	-11.684823	76.043860
07389		0.145407	-13.743516	74.974772
07390		1.303218	-15.964295	73.808835
07391		2.607782	-18.258820	72.503747
07392		4.022769	-20.497236	71.065158
07393		5.470073	-22.596099	69.520763
07394		6.907991	-24.460970	67.964661
07395		8.306098	-26.072325	66.512073
07396		9.616526	-27.517209	65.248194
07397		10.794722	-28.882987	64.220544
07398		11.827283	-30.198660	63.424821
07399		12.706037	-31.473235	62.804981
07400		13.450661	-32.685245	62.273937
07401		14.108814	-33.821177	61.758039
07402		14.713402	-34.851158	61.245022
07403		15.259676	-35.722932	60.748496
07404		15.707624	-36.394786	60.310484
07405		16.043375	-36.863725	59.941154
07406		16.237090	-37.132453	59.690480
07407		16.302376	-37.220124	59.586260
07408		16.244702	-37.185535	59.624533
07409		16.051448	-37.082500	59.789300
07410		15.709220	-36.923095	60.077403
07411		15.206275	-36.678519	60.474051
07412		14.558107	-36.319109	60.967895
07413		13.801262	-35.835308	61.567354
07414		12.966803	-35.248101	62.271894
07415		12.061112	-34.552652	63.071412
07416		11.079734	-33.757687	63.929872
07417		10.031591	-32.843021	64.825602
07418		8.949011	-31.812735	65.767898
07419		7.851962	-30.708481	66.740918
07420		6.740636	-29.560562	67.698013
07421		5.633141	-28.379927	68.624832
07422		4.569471	-27.181026	69.539463
07423		3.530547	-25.964904	70.418650
07424		2.514479	-24.730118	71.226085
07425		1.565464	-23.473104	71.971236
07426		0.711400	-22.184088	72.671790
07427		-0.043494	-20.870398	73.339748
07428		-0.745116	-19.597668	73.967560
07429		-1.383221	-18.368805	74.577351
07430		-2.000475	-17.221521	75.143877
07431		-2.625429	-16.157207	75.658283
07432		-3.207512	-15.159083	76.132252
07433		-3.690902	-14.188590	76.593549
07434		-4.086949	-13.251665	77.029547
07435		-4.443543	-12.373959	77.413783
07436		-4.752147	-11.531574	77.744194
07437		-5.015903	-10.715639	78.007585
07438		-5.235730	-9.964236	78.186276
07439		-5.393233	-9.298624	78.265108
07440		-5.445912	-8.709650	78.236182
07441		-5.387309	-8.204431	78.116523
07442		-5.292838	-7.768774	77.927135
07443		-5.145130	-7.393322	77.735297
07444		-4.946065	-7.085231	77.590125
07445		-4.760126	-6.804578	77.497108
07446		-4.588937	-6.555982	77.468813
07447		-4.408775	-6.355607	77.531169
07448		-4.240796	-6.227992	77.674593
07449		-4.106831	-6.212791	77.869487
07450		-3.988477	-6.338881	78.100105
07451		-3.862089	-6.606615	78.362485
07452		-3.748214	-6.980356	78.643194
07453		-3.668533	-7.334826	78.919770
07454		-3.590743	-7.589348	79.198109
07455		-3.503766	-7.714543	79.485657
07456		-3.421093	-7.719485	79.767116
07457		-3.363405	-7.656299	80.029185
07458		-3.254890	-7.416590	80.232360
07459		-2.928707	-6.249333	80.183076
07460		-2.558672	-5.378829	80.219588
07461		-2.097694	-4.506539	80.308942
07462		-1.671777	-3.750294	80.265221
07463		-1.298765	-3.130207	80.074315
07464		-0.879939	-2.682118	79.829721
07465		-0.466014	-2.395303	79.567257
07466		-0.118965	-2.346171	79.452272
07467		0.001433	-2.417268	79.281224
07468		-0.032316	-2.564496	79.066608
07469		-0.132905	-2.699452	78.875085
07470		-0.202574	-2.800316	78.709366
07471		-0.181781	-2.830963	78.554946
07472		-0.131224	-2.826940	78.427196
07473		-0.047798	-2.770375	78.288086
07474		0.009139	-2.690365	78.194269
07475		0.121794	-2.559089	78.064394
07476		0.245629	-2.405374	77.953032
07477		0.382910	-2.261377	77.815201
07478		0.464597	-2.148239	77.667715
07479		0.519689	-2.086335	77.563874
07480		0.579220	-2.016905	77.486461
07481		0.633714	-1.939884	77.427203
07482		0.649577	-1.863122	77.375141
07483		0.625420	-1.789883	77.340228
07484		0.590986	-1.709497	77.320620
07485		0.587048	-1.625461	77.321511
07486		0.613773	-1.525566	77.360130
07487		0.646858	-1.376743	77.466707
07488		0.707433	-1.167725	77.688109
07489		0.798836	-0.931319	78.021484
07490		0.906946	-0.705631	78.369380
07491		0.994657	-0.518754	78.635174
07492		1.044526	-0.365166	78.837794
07493		1.081228	-0.219300	78.992248
07494		1.126377	-0.080659	79.118662
07495		1.175206	0.044622	79.228897
07496		1.214447	0.152526	79.338498
07497		1.243520	0.244588	79.431555
07498		1.244493	0.317532	79.499397
07499		1.210270	0.372575	79.546978
07500		1.144047	0.419051	79.576055
07501		1.063486	0.461641	79.594500
07502		0.970660	0.493198	79.601459
07503		0.861144	0.514780	79.609511
07504		0.743129	0.537332	79.621169
07505		0.634103	0.552078	79.635491
07506		0.521901	0.561585	79.650259
07507		0.399441	0.575617	79.667046
07508		0.283504	0.594588	79.688979
07509		0.175093	0.615905	79.703654
07510		0.080325	0.635631	79.720669
07511		-0.015127	0.660298	79.729116
07512		-0.108350	0.685095	79.738856
07513		-0.206816	0.712777	79.747349
07514		-0.326024	0.738552	79.744464
07515		-0.513559	0.734304	79.678535
07516		-0.764566	0.684632	79.580766
07517		-1.040654	0.626842	79.497679
07518		-1.286383	0.602845	79.454593
07519		-1.506053	0.599945	79.425484
07520		-1.702596	0.615029	79.419322
07521		-1.889320	0.642625	79.423694
07522		-2.062477	0.679431	79.433378
07523		-2.195793	0.718844	79.448769
07524		-2.345680	0.724475	79.439560
07525		-2.525651	0.719705	79.424764
07526		-2.696535	0.715585	79.418105
07527		-2.866122	0.717198	79.413467
07528		-3.023992	0.726255	79.412391
07529		-3.160616	0.743019	79.417796
07530		-3.280205	0.766365	79.424609
07531		-3.384609	0.789527	79.433102
07532		-3.490251	0.807550	79.435215
07533		-3.624181	0.822851	79.426815
07534		-3.739117	0.836085	79.423851
07535		-3.829712	0.851496	79.421107
07536		-3.903646	0.865913	79.423403
07537		-3.948245	0.876946	79.426431
07538		-3.963989	0.887283	79.430464
07539		-3.957587	0.898522	79.434514
07540		-3.924299	0.908141	79.448939
07541		-3.886168	0.919403	79.459177
07542		-3.890992	0.930242	79.453187
07543		-3.908926	0.939963	79.450947
07544		-3.925711	0.948156	79.449204
07545		-3.949586	0.957869	79.453879
07546		-3.986575	0.969762	79.464971
07547		-4.028743	0.986513	79.476200
07548		-4.072664	1.004019	79.479960
07549		-4.098485	1.020602	79.485473
07550		-4.111589	1.034404	79.484131
07551		-4.115447	1.045270	79.482120
07552		-4.102990	1.055359	79.480343
07553		-4.093601	1.065403	79.479380
07554		-4.100848	1.083369	79.469287
07555		-4.101198	1.099626	79.461243
07556		-4.093437	1.112244	79.451141
07557		-4.070407	1.123702	79.445542
07558		-4.035647	1.138668	79.443909
07559		-3.979458	1.149399	79.445721
07560		-3.903456	1.164667	79.455444
07561		-3.805599	1.179806	79.461192
07562		-3.693458	1.193420	79.462673
07563		-3.566171	1.213594	79.473869
07564		-3.450035	1.231736	79.483067
07565		-3.358466	1.244404	79.485883
07566		-3.308051	1.255265	79.485781
07567		-3.257941	1.261019	79.498572
07568		-3.211706	1.262866	79.516594
07569		-3.164480	1.258057	79.534081
07570		-3.124190	1.255562	79.557561
07571		-3.082147	1.247403	79.578987
07572		-3.023140	1.237727	79.603888
07573		-2.961628	1.226760	79.629106
07574		-2.904345	1.219185	79.651903
07575		-2.849493	1.211583	79.673223
07576		-2.784878	1.204305	79.690881
07577		-2.720720	1.199580	79.706533
07578		-2.661450	1.194865	79.718173
07579		-2.605257	1.190998	79.728199
07580		-2.552916	1.186787	79.733624
07581		-2.493921	1.178775	79.756360
07582		-2.438974	1.172475	79.788086
07583		-2.376221	1.165020	79.818685
07584		-2.308121	1.156444	79.845609
07585		-2.239135	1.145416	79.870152
07586		-2.175870	1.134864	79.897762
07587		-2.120793	1.124499	79.920430
07588		-2.071922	1.116723	79.933149
07589		-2.041182	1.107989	79.943993
07590		-2.028935	1.100960	79.953162
07591		-2.024778	1.089931	79.959185
07592		-2.018420	1.080332	79.968960
07593		-2.008318	1.071013	79.980038
07594		-1.988534	1.061748	80.001104
07595		-1.948448	1.052075	80.036162
07596		-1.895457	1.045975	80.070391
07597		-1.838898	1.040955	80.096992
07598		-1.784864	1.034796	80.116872
07599		-1.738910	1.031578	80.124566
07600		-1.708046	1.029473	80.124830
07601		-1.691086	1.025966	80.121650
07602		-1.685595	1.024015	80.112501
07603		-1.686101	1.021610	80.100508
07604		-1.689858	1.020386	80.087258
07605		-1.696856	1.017185	80.073310
07606		-1.705169	1.013498	80.056085
07607		-1.707536	1.010393	80.042969
07608		-1.705662	1.007998	80.032371
07609		-1.698840	1.007455	80.024060
07610		-1.690835	1.008679	80.020100
07611		-1.681082	1.007615	80.017964
07612		-1.674219	1.007320	80.016253
07613		-1.669917	1.008427	80.015485
07614		-1.664935	1.006512	80.015088
07615		-1.654842	1.004126	80.017070
07616		-1.644891	1.000983	80.021625
07617		-1.631567	0.998539	80.025799
07618		-1.615765	0.997056	80.032165
07619		-1.594763	0.996057	80.041702
07620		-1.567744	0.996428	80.051638
07621		-1.539784	0.997691	80.063162
07622		-1.509418	0.999875	80.073640
07623		-1.484823	0.999319	80.084597
07624		-1.461814	0.998729	80.093818
07625		-1.444518	0.997239	80.098658
07626		-1.428072	0.995812	80.102699
07627		-1.411873	0.994639	80.104918
07628		-1.391540	0.993214	80.108844
07629		-1.373921	0.993123	80.107267
07630		-1.352193	0.991859	80.109824
07631		-1.333289	0.993366	80.112453
07632		-1.315329	0.993980	80.113483
07633		-1.300771	0.994943	80.113739
07634		-1.287977	0.997273	80.114608
07635		-1.276290	0.997886	80.114359
07636		-1.269238	0.999512	80.114222
07637		-1.263985	1.003557	80.113548
07638		-1.261360	1.006994	80.114188
07639		-1.258497	1.012153	80.113061
07640		-1.257783	1.018168	80.113298
07641		-1.258426	1.023835	80.111534
07642		-1.261319	1.029402	80.110334
07643		-1.267126	1.036785	80.108409
07644		-1.273908	1.042349	80.107317
07645		-1.278186	1.046647	80.106544
07646		-1.278789	1.050147	80.104996
07647		-1.279661	1.052984	80.104065
07648		-1.278891	1.055721	80.103586
07649		-1.277472	1.056491	80.102312
07650		-1.276346	1.058813	80.103514
07651		-1.277063	1.059329	80.102671
07652		-1.280024	1.059738	80.102385
07653		-1.284785	1.062575	80.101562
07654		-1.292175	1.064796	80.102046
07655		-1.295024	1.065056	80.101630
07656		-1.303126	1.068106	80.098747
07657		-1.311776	1.070944	80.098029
07658		-1.323034	1.074089	80.096183
07659		-1.336030	1.076383	80.093086
07660		-1.348051	1.078509	80.092734
07661		-1.360116	1.082812	80.092162
07662		-1.372298	1.087265	80.091716
07663		-1.384464	1.090615	80.090342
07664		-1.396747	1.094114	80.089094
07665		-1.407061	1.098168	80.088836
07666		-1.416952	1.100554	80.088045
07667		-1.427367	1.103654	80.086987
07668		-1.437161	1.106997	80.086989
07669		-1.446719	1.112074	80.085226
07670		-1.456872	1.115831	80.083541
07671		-1.465793	1.120049	80.081913
07672		-1.475591	1.123394	80.081908
07673		-1.485374	1.125639	80.080978
07674		-1.495272	1.128029	80.080174
07675		-1.504674	1.130784	80.078492
07676		-1.516233	1.134387	80.078154
07677		-1.524802	1.138197	80.078200
07678		-1.530733	1.140624	80.080524
07679		-1.536786	1.145197	80.079398
07680		-1.545092	1.149662	80.078818
07681		-1.554781	1.152870	80.078672
07682		-1.564967	1.155714	80.079399
07683		-1.576134	1.158730	80.077377
07684		-1.582425	1.161572	80.078008
07685		-1.594752	1.168189	80.074061
07686		-1.602727	1.171327	80.077590
07687		-1.607863	1.174594	80.075051
07688		-1.612278	1.179059	80.074367
07689		-1.613543	1.181406	80.074174
07690		-1.615179	1.185263	80.073212
07691		-1.614709	1.186436	80.075784
07692		-1.616443	1.189335	80.074027
07693		-1.620425	1.189008	80.073413
07694		-1.627991	1.191171	80.067389
07695		-1.638728	1.191419	80.063909
07696		-1.650292	1.192627	80.057176
07697		-1.662486	1.193602	80.049383
07698		-1.682287	1.195189	80.037900
07699		-1.703445	1.199770	80.028342
07700		-1.720657	1.202155	80.018913
07701		-1.731727	1.207061	80.015223
07702		-1.740587	1.210944	80.008895
07703		-1.746838	1.214534	80.003720
07704		-1.750622	1.218141	80.003164
07705		-1.749396	1.220339	80.004243
07706		-1.747257	1.222315	80.004832
07707		-1.740731	1.224663	80.004474
07708		-1.731473	1.225655	80.009629
07709		-1.727186	1.226793	80.008893
07710		-1.723484	1.226596	80.008228
07711		-1.720773	1.226583	80.004822
07712		-1.719472	1.227503	80.003679
07713		-1.720302	1.227084	80.002043
07714		-1.720120	1.227399	80.000711
07715		-1.720852	1.227938	79.999868
07716		-1.723354	1.229822	79.999600
07717		-1.724346	1.231730	79.997863
07718		-1.728250	1.233460	79.998949
07719		-1.731663	1.235566	79.999168
07720		-1.735449	1.239174	79.998608
07721		-1.738026	1.242338	80.000560
07722		-1.742932	1.245341	79.999810
07723		-1.747366	1.247804	80.000631
07724		-1.751913	1.250397	80.001568
07725		-1.759032	1.254431	80.003451
07726		-1.767744	1.258400	80.003569
07727		-1.779766	1.263714	80.003691
07728		-1.801667	1.267509	80.002157
07729		-1.837819	1.273686	79.999342
07730		-1.886826	1.281293	79.995013
07731		-1.945737	1.288502	79.987851
07732		-2.007681	1.296420	79.977804
07733		-2.060045	1.302067	79.969452
07734		-2.098692	1.308062	79.960590
07735		-2.135741	1.314132	79.953477
07736		-2.173404	1.318863	79.946423
07737		-2.208555	1.321441	79.942177
07738		-2.236863	1.325495	79.942536
07739		-2.250820	1.325885	79.939979
07740		-2.252208	1.325945	79.933528
07741		-2.243012	1.322459	79.930700
07742		-2.231106	1.319388	79.925281
07743		-2.216599	1.316043	79.921047
07744		-2.201541	1.311953	79.917065
07745		-2.185537	1.309722	79.912268
07746		-2.169457	1.305280	79.907682
07747		-2.154011	1.301538	79.899607
07748		-2.133926	1.298053	79.895743
07749		-2.114364	1.297143	79.886736
07750		-2.095210	1.294982	79.884254
07751		-2.075397	1.295135	79.882499
07752		-2.052603	1.294341	79.879043
07753		-2.028984	1.293531	79.876425
07754		-2.003215	1.294053	79.874286
07755		-1.972357	1.294145	79.874610
07756		-1.939275	1.292279	79.874724
07757		-1.902005	1.293132	79.873803
07758		-1.865578	1.293094	79.874470
07759		-1.828456	1.291161	79.877618
07760		-1.791154	1.287981	79.881749
07761		-1.753354	1.280985	79.886771
07762		-1.716490	1.272134	79.892578
07763		-1.684766	1.263971	79.900497
07764		-1.665282	1.255385	79.906249
07765		-1.659489	1.239824	79.907923
07766		-1.680195	1.215509	79.903427
07767		-1.743802	1.178378	79.895225
07768		-1.803293	1.143365	79.895095
07769		-1.878003	1.103633	79.895372
07770		-1.989208	1.035655	79.884179
07771		-2.123195	0.906131	79.860075
07772		-2.255778	0.711396	79.838429
07773		-2.362579	0.444830	79.841451
07774		-2.423662	0.072875	79.875205
07775		-2.551613	-0.441358	79.861300
07776		-2.819405	-1.092345	79.643904
07777		-3.235008	-2.015348	79.044720
07778		-3.479048	-3.216626	78.232520
07779		-3.320067	-4.559943	77.405962
07780		-2.914893	-5.889655	76.567314
07781		-2.467350	-7.354911	75.620422
07782		-1.933947	-9.119068	74.585185
07783		-1.225532	-11.201525	73.484866
07784		-0.288370	-13.536613	72.324665
07785		0.881548	-16.056891	71.078769
07786		2.207318	-18.630520	69.694415
07787		3.661689	-21.153837	68.153707
07788		5.246347	-23.519059	66.505094
07789		6.915733	-25.632874	64.835469
07790		8.584679	-27.478066	63.228542
07791		10.208318	-29.141287	61.761525
07792		11.748236	-30.709144	60.484841
07793		13.157697	-32.221650	59.417173
07794		14.382515	-33.660842	58.569414
07795		15.382221	-34.976666	57.964539
07796		16.175930	-36.148978	57.579359
07797		16.806330	-37.206138	57.343991
07798		17.306571	-38.160119	57.187919
07799		17.692714	-38.976794	57.074913
07800		18.011102	-39.644675	56.994295
07801		18.260739	-40.147514	56.967648
07802		18.410872	-40.465134	57.030257
07803		18.433658	-40.597257	57.204058
07804		18.306608	-40.594842	57.506790
07805		18.030270	-40.494606	57.960079
07806		17.608345	-40.332657	58.536758
07807		17.037198	-40.077596	59.204017
07808		16.340213	-39.669965	59.924827
07809		15.574425	-39.079857	60.694137
07810		14.789264	-38.331494	61.515158
07811		13.997082	-37.450414	62.370801
07812		13.189360	-36.470418	63.232094
07813		12.349604	-35.408158	64.107165
07814		11.475654	-34.275653	65.015470
07815		10.557185	-33.075829	65.938586
07816		9.583645	-31.819854	66.853586
07817		8.565522	-30.515828	67.742235
07818		7.503849	-29.193218	68.594174
07819		6.446546	-27.835314	69.424350
07820		5.417023	-26.447852	70.232819
07821		4.457639	-25.014996	71.004993
07822		3.597660	-23.560510	71.698912
07823		2.849202	-22.119259	72.273544
07824		2.228596	-20.724179	72.739353
07825		1.704782	-19.380420	73.112131
07826		1.237794	-18.085768	73.434949
07827		0.799541	-16.845535	73.787555
07828		0.355100	-15.661323	74.199256
07829		-0.113902	-14.523888	74.676843
07830		-0.632812	-13.453371	75.188098
07831		-1.181587	-12.441477	75.702952
07832		-1.687360	-11.487084	76.208867
07833		-2.116248	-10.595974	76.678882
07834		-2.437445	-9.746930	77.090540
07835		-2.671479	-8.935648	77.418821
07836		-2.832529	-8.201414	77.653387
07837		-2.951674	-7.566974	77.780690
07838		-2.987921	-7.039298	77.826194
07839		-2.953451	-6.630241	77.817181
07840		-2.911883	-6.305853	77.748058
07841		-2.853468	-5.994134	77.627822
07842		-2.769606	-5.687475	77.473841
07843		-2.680634	-5.396279	77.300370
07844		-2.586365	-5.138800	77.135086
07845		-2.500282	-4.952814	77.004235
07846		-2.441784	-4.852772	76.923004
07847		-2.433939	-4.855943	76.921244
07848		-2.502825	-4.971892	77.029043
07849		-2.688398	-5.140935	77.261258
07850		-2.984526	-5.259857	77.622028
07851		-3.312554	-5.290814	78.074484
07852		-3.372735	-5.118968	78.431382
07853		-2.676783	-4.097585	78.387972
07854		-2.385714	-3.227798	78.172605
07855		-1.852572	-2.461288	78.249530
07856		-1.501975	-1.937398	78.206736
07857		-1.220573	-1.718702	78.115150
07858		-1.025246	-1.818739	78.015131
07859		-0.954535	-2.050492	77.899826
07860		-1.064683	-2.224961	77.684886
07861		-1.154358	-2.295666	77.438351
07862		-1.100340	-2.299409	77.267375
07863		-1.132639	-2.208011	77.069459
07864		-1.214899	-2.086503	76.885780
07865		-1.254982	-1.973033	76.713153
07866		-1.198519	-1.916992	76.578574
07867		-1.107413	-1.917463	76.479065
07868		-0.967502	-1.927035	76.372555
07869		-0.775444	-1.923603	76.259129
07870		-0.627344	-1.898338	76.171938
07871		-0.571837	-1.845795	76.089002
07872		-0.529122	-1.785175	75.987594
07873		-0.430485	-1.719600	75.872428
07874		-0.329528	-1.677949	75.808435
07875		-0.254859	-1.641578	75.763298
07876		-0.208659	-1.604432	75.741345
07877		-0.168264	-1.568128	75.723230
07878		-0.143501	-1.518099	75.701315
07879		-0.126487	-1.467461	75.685414
07880		-0.073270	-1.417910	75.683908
07881		0.054741	-1.362666	75.725063
07882		0.212905	-1.316093	75.798624
07883		0.337757	-1.290508	75.847990
07884		0.429525	-1.272612	75.858030
07885		0.501935	-1.246601	75.839887
07886		0.531190	-1.218388	75.846842
07887		0.496358	-1.184975	75.874319
07888		0.452781	-1.137203	75.946543
07889		0.401826	-1.096218	76.025451
07890		0.331742	-1.062214	76.092221
07891		0.230163	-1.072623	76.087510
07892		0.114975	-1.092139	76.075736
07893		-0.008010	-1.097699	76.079090
07894		-0.139104	-1.080676	76.096359
07895		-0.247189	-1.047976	76.150270
07896		-0.292895	-0.988205	76.272788
07897		-0.280059	-0.890048	76.505706
07898		-0.218847	-0.754868	76.807593
07899		-0.144748	-0.613827	77.092382
07900		-0.175544	-0.560360	77.169933
07901		-0.281705	-0.570457	77.150559
07902		-0.397145	-0.576636	77.141322
07903		-0.519992	-0.569031	77.148557
07904		-0.612804	-0.547550	77.179928
07905		-0.642387	-0.508725	77.256242
07906		-0.589705	-0.439686	77.402567
07907		-0.482687	-0.325423	77.600193
07908		-0.388123	-0.177645	77.769987
07909		-0.358243	-0.085061	77.848296
07910		-0.391498	-0.040684	77.868741
07911		-0.461225	-0.023485	77.861510
07912		-0.550667	-0.019597	77.857697
07913		-0.640710	-0.013829	77.862456
07914		-0.715268	-0.005503	77.868438
07915		-0.757355	0.000587	77.875765
07916		-0.770334	0.012372	77.898193
07917		-0.747090	0.034585	77.923362
07918		-0.681316	0.063452	77.961066
07919		-0.594900	0.109804	78.010965
07920		-0.500109	0.159583	78.054309
07921		-0.406181	0.211306	78.096436
07922		-0.341975	0.257407	78.124632
07923		-0.315687	0.288686	78.134700
07924		-0.296194	0.311362	78.141423
07925		-0.277236	0.334615	78.147835
07926		-0.252591	0.354708	78.157117
07927		-0.214574	0.371674	78.170189
07928		-0.170353	0.393058	78.186141
07929		-0.117775	0.420963	78.204100
07930		-0.061681	0.454761	78.226084
07931		-0.009471	0.490490	78.251244
07932		0.035502	0.521541	78.286802
07933		0.065995	0.544607	78.321319
07934		0.080755	0.567681	78.350035
07935		0.078960	0.585417	78.370804
07936		0.058767	0.594289	78.388646
07937		0.023924	0.598513	78.402933
07938		-0.027786	0.602149	78.411212
07939		-0.077016	0.601531	78.427064
07940		-0.130743	0.592256	78.434265
07941		-0.189908	0.577405	78.430569
07942		-0.241613	0.552688	78.421984
07943		-0.289204	0.521327	78.408311
07944		-0.324303	0.482981	78.399556
07945		-0.365333	0.440140	78.401018
07946		-0.402086	0.396139	78.416494
07947		-0.418222	0.350939	78.439503
07948		-0.411045	0.307297	78.469227
07949		-0.394935	0.274514	78.496929
07950		-0.380612	0.248327	78.524419
07951		-0.365175	0.227699	78.547774
07952		-0.364064	0.216695	78.564632
07953		-0.366319	0.207822	78.575800
07954		-0.360867	0.201286	78.581969
07955		-0.339799	0.195726	78.584962
07956		-0.309365	0.193560	78.592179
07957		-0.271283	0.193607	78.598890
07958		-0.231985	0.202540	78.604272
07959		-0.187688	0.209968	78.614417
07960		-0.141746	0.221623	78.626610
07961		-0.100346	0.237066	78.639425
07962		-0.072386	0.252787	78.652531
07963		-0.059026	0.265807	78.660505
07964		-0.052404	0.274393	78.669977
07965		-0.042933	0.276998	78.679800
07966		-0.036058	0.276810	78.681251
07967		-0.015986	0.271550	78.688096
07968		0.010888	0.264673	78.695489
07969		0.039670	0.258266	78.703842
07970		0.069090	0.252185	78.713276
07971		0.084550	0.246774	78.719311
07972		0.086774	0.244475	78.724848
07973		0.076712	0.245871	78.728062
07974		0.061939	0.251555	78.732245
07975		0.054941	0.261367	78.734291
07976		0.057396	0.272274	78.737333
07977		0.065086	0.285499	78.741890
07978		0.068171	0.299756	78.746639
07979		0.071269	0.312831	78.750405
07980		0.071542	0.323478	78.750628
07981		0.058491	0.328774	78.748411
07982		0.041389	0.333302	78.745672
07983		0.023175	0.335058	78.744205
07984		0.004855	0.337054	78.742894
07985		-0.011184	0.339077	78.744235
07986		-0.029838	0.344713	78.748518
07987		-0.055869	0.352798	78.755370
07988		-0.090516	0.361922	78.756005
07989		-0.125065	0.375015	78.758040
07990		-0.159569	0.390243	78.761857
07991		-0.191527	0.406091	78.761027
07992		-0.214950	0.420080	78.761078
07993		-0.230989	0.432481	78.760628
07994		-0.236326	0.444281	78.758185
07995		-0.236789	0.453668	78.756453
07996		-0.234611	0.465976	78.758578
07997		-0.238480	0.481955	78.756166
07998		-0.240445	0.495587	78.757539
07999		-0.248207	0.510534	78.757689
08000		-0.253858	0.526964	78.758370
08001		-0.265717	0.547419	78.762589
08002		-0.288471	0.564763	78.767517
08003		-0.306322	0.575483	78.771585
08004		-0.322033	0.584442	78.772169
08005		-0.334910	0.595849	78.776294
08006		-0.341927	0.605911	78.784907
08007		-0.351404	0.620120	78.790402
08008		-0.360253	0.634662	78.796992
08009		-0.367605	0.649171	78.802042
08010		-0.378192	0.659740	78.806741
08011		-0.395584	0.667749	78.809260
08012		-0.419814	0.675560	78.811533
08013		-0.441256	0.681633	78.812524
08014		-0.460845	0.691530	78.810714
08015		-0.473997	0.700135	78.812343
08016		-0.479470	0.710051	78.811450
08017		-0.478871	0.719114	78.812313
08018		-0.472521	0.726864	78.811155
08019		-0.465723	0.729735	78.809997
08020		-0.464530	0.734924	78.807133
08021		-0.462069	0.736268	78.806024
08022		-0.459227	0.739308	78.805117
08023		-0.458707	0.743218	78.803617
08024		-0.458180	0.748297	78.803070
08025		-0.455177	0.752058	78.802834
08026		-0.457236	0.755372	78.802657
08027		-0.460782	0.756371	78.802088
08028		-0.466806	0.758686	78.801207
08029		-0.469145	0.762219	78.799194
08030		-0.469266	0.762966	78.799409
08031		-0.468750	0.766882	78.797910
08032		-0.467016	0.769305	78.796811
08033		-0.463167	0.770860	78.794334
08034		-0.458728	0.772743	78.789674
08035		-0.457011	0.774009	78.787630
08036		-0.453236	0.775779	78.785288
08037		-0.452536	0.777371	78.783863
08038		-0.451620	0.778761	78.781007
08039		-0.448726	0.780622	78.782415
08040		-0.448099	0.782428	78.781123
08041		-0.445647	0.783784	78.780022
08042		-0.445395	0.785061	78.779483
08043		-0.443862	0.783471	78.778262
08044		-0.446093	0.784895	78.776456
08045		-0.446603	0.783958	78.776478
08046		-0.445518	0.787238	78.775247
08047		-0.444092	0.788923	78.774769
08048		-0.439502	0.791730	78.774183
08049		-0.435305	0.792853	78.773409
08050		-0.433300	0.793893	78.773192
08051		-0.433356	0.794433	78.773277
08052		-0.433087	0.796680	78.770288
08053		-0.435898	0.798755	78.768221
08054		-0.440531	0.801274	78.765957
08055		-0.439938	0.800959	78.766174
08056		-0.438939	0.803296	78.764129
08057		-0.437243	0.803602	78.764539
08058		-0.438013	0.805206	78.764619
08059		-0.437797	0.804365	78.765590
08060		-0.436525	0.805317	78.764429
08061		-0.433538	0.803913	78.765105
08062		-0.428403	0.803950	78.766288
08063		-0.422087	0.805372	78.765092
08064		-0.412699	0.805994	78.765417
08065		-0.404817	0.804324	78.765370
08066		-0.401145	0.804183	78.764664
08067		-0.394575	0.803253	78.766802
08068		-0.387587	0.804969	78.766671
08069		-0.378144	0.805392	78.766876
08070		-0.371636	0.809854	78.768239
08071		-0.361006	0.811840	78.769447
08072		-0.352558	0.813734	78.771204
08073		-0.346264	0.814192	78.772457
08074		-0.342236	0.813610	78.773446
08075		-0.339360	0.815488	78.774866
08076		-0.336793	0.814729	78.773966
08077		-0.332149	0.817344	78.773261
08078		-0.325265	0.817144	78.774764
08079		-0.317596	0.816838	78.777095
08080		-0.310338	0.817169	78.777845
08081		-0.305799	0.817869	78.778778
08082		-0.301125	0.816431	78.779895
08083		-0.297044	0.815657	78.780767
08084		-0.291556	0.815251	78.783642
08085		-0.290621	0.814508	78.785563
08086		-0.284451	0.815194	78.783672
08087		-0.274288	0.815715	78.784822
08088		-0.263072	0.817047	78.786277
08089		-0.251434	0.818720	78.786868
08090		-0.242243	0.821677	78.787117
08091		-0.235791	0.824032	78.790001
08092		-0.232311	0.826226	78.789221
08093		-0.231922	0.828261	78.789379
08094		-0.234544	0.828184	78.790769
08095		-0.236260	0.830901	78.788908
08096		-0.235926	0.833125	78.789179
08097		-0.235912	0.834631	78.790089
08098		-0.233660	0.838506	78.792309
08099		-0.231440	0.841250	78.793604
08100		-0.232210	0.842855	78.793682
08101		-0.232114	0.845307	78.795406
08102		-0.240535	0.848719	78.794060
08103		-0.248172	0.852034	78.793545
08104		-0.255217	0.854678	78.793271
08105		-0.263503	0.858851	78.792623
08106		-0.270840	0.861909	78.793911
08107		-0.279212	0.865139	78.792448
08108		-0.284068	0.868048	78.795003
08109		-0.292442	0.871280	78.793538
08110		-0.294610	0.872682	78.794984
08111		-0.295250	0.875051	78.795763
08112		-0.292875	0.876626	78.794792
08113		-0.287975	0.877872	78.794986
08114		-0.283847	0.879209	78.794339
08115		-0.279613	0.880337	78.796850
08116		-0.274382	0.882293	78.796396
08117		-0.270505	0.883866	78.797210
08118		-0.266634	0.887567	78.793232
08119		-0.264591	0.888434	78.792908
08120		-0.262881	0.889891	78.794252
08121		-0.263318	0.890912	78.792659
08122		-0.264447	0.892964	78.791036
08123		-0.264530	0.893542	78.791141
08124		-0.264264	0.895800	78.788147
08125		-0.265641	0.898093	78.787987
08126		-0.264305	0.899019	78.790082
08127		-0.264663	0.900988	78.789304
08128		-0.264332	0.903216	78.789569
08129		-0.263876	0.906217	78.790549
08130		-0.263836	0.908857	78.792378
08131		-0.266510	0.912868	78.791953
08132		-0.269327	0.915128	78.793262
08133		-0.272000	0.919139	78.792835
08134		-0.278969	0.922733	78.793357
08135		-0.280722	0.924500	78.793948
08136		-0.286753	0.926825	78.793037
08137		-0.293280	0.926563	78.791157
08138		-0.300790	0.927737	78.790802
08139		-0.308906	0.929606	78.790218
08140		-0.317147	0.930694	78.788916
08141		-0.332290	0.932543	78.789465
08142		-0.354000	0.938939	78.783955
08143		-0.377709	0.945825	78.779573
08144		-0.406344	0.955100	78.771088
08145		-0.436976	0.964866	78.763722
08146		-0.467034	0.979140	78.755668
08147		-0.501196	0.996848	78.756400
08148		-0.541074	1.012657	78.747255
08149		-0.572966	1.024128	78.742800
08150		-0.598723	1.039943	78.734641
08151		-0.615769	1.051506	78.732146
08152		-0.627942	1.063927	78.726594
08153		-0.643689	1.074746	78.721912
08154		-0.666980	1.090416	78.714991
08155		-0.690216	1.115337	78.711827
08156		-0.725167	1.132806	78.700187
08157		-0.761810	1.146121	78.686561
08158		-0.785476	1.157036	78.678798
08159		-0.800564	1.163746	78.670222
08160		-0.803839	1.166480	78.666524
08161		-0.801321	1.165585	78.662292
08162		-0.795204	1.160104	78.660570
08163		-0.787114	1.150931	78.661653
08164		-0.769784	1.128870	78.673803
08165		-0.744886	1.107161	78.690544
08166		-0.706376	1.086404	78.714784
08167		-0.663473	1.066030	78.744609
08168		-0.623822	1.046828	78.769784
08169		-0.589778	1.030581	78.787235
08170		-0.559985	1.015841	78.800674
08171		-0.536884	1.003445	78.806215
08172		-0.520475	0.996918	78.811281
08173		-0.519743	0.994334	78.811619
08174		-0.530990	0.995107	78.803236
08175		-0.550543	0.997444	78.795604
08176		-0.575107	1.000233	78.785485
08177		-0.616034	0.999712	78.778754
08178		-0.681066	0.998975	78.771601
08179		-0.757081	0.997114	78.764673
08180		-0.832458	0.995510	78.758754
08181		-0.905685	0.993105	78.754753
08182		-0.968581	0.991731	78.756009
08183		-1.020341	0.991200	78.760066
08184		-1.063746	0.989086	78.766653
08185		-1.116395	0.983319	78.764138
08186		-1.196697	0.981725	78.750579
08187		-1.278518	0.990616	78.747686
