// General information: 
//  MT Manager version: 2021.4.0 
//  XDA version: 2021.4.0 build 6323 rev 112641 built on 2021-09-28
// Device information: 
//  DeviceId: 00B43859
//  ProductCode: MTW2-3A7G6
//  Firmware Version: 4.3.4
//  Hardware Version: 1.1.0
// Device settings: 
//  Filter Profile: human(46.1)
//  Option Flags: Orientation Smoother Disabled, Position/Velocity Smoother Disabled, Continuous Zero Rotation Update Disabled, AHS Disabled, ICC Disabled
// Coordinate system: ENU
PacketCounter	SampleTimeFine	Roll	Pitch	Yaw
02542		-0.514758	1.275033	1.286737
02543		-0.517334	1.293143	1.289717
02544		-0.520303	1.310328	1.293468
02545		-0.523101	1.327750	1.295412
02546		-0.524988	1.345676	1.287842
02547		-0.524867	1.366943	1.268399
02548		-0.523896	1.388556	1.240374
02549		-0.523383	1.411337	1.211622
02550		-0.520519	1.433147	1.184581
02551		-0.517708	1.457351	1.159820
02552		-0.512865	1.485328	1.142121
02553		-0.504836	1.516970	1.135414
02554		-0.499408	1.552065	1.145240
02555		-0.494639	1.587361	1.165623
02556		-0.488807	1.623443	1.185099
02557		-0.479685	1.658052	1.196868
02558		-0.469867	1.692608	1.197167
02559		-0.458734	1.722729	1.177976
02560		-0.450035	1.745965	1.143584
02561		-0.444231	1.762771	1.102749
02562		-0.438079	1.778096	1.064509
02563		-0.429851	1.790378	1.040222
02564		-0.420142	1.804393	1.030342
02565		-0.409645	1.814450	1.025737
02566		-0.398463	1.827084	1.021396
02567		-0.387482	1.838889	1.011324
02568		-0.376162	1.849529	0.991539
02569		-0.368793	1.856327	0.962773
02570		-0.363795	1.859010	0.929605
02571		-0.364716	1.866057	0.897045
02572		-0.361300	1.875555	0.864753
02573		-0.357152	1.889733	0.841681
02574		-0.350411	1.900581	0.822877
02575		-0.343800	1.910464	0.809717
02576		-0.338434	1.919654	0.797345
02577		-0.329763	1.927301	0.782965
02578		-0.321854	1.935780	0.770519
02579		-0.311338	1.943337	0.758989
02580		-0.301407	1.946378	0.747759
02581		-0.290753	1.948436	0.735529
02582		-0.281343	1.949810	0.724084
02583		-0.271469	1.949357	0.711530
02584		-0.261806	1.948747	0.695089
02585		-0.254567	1.946102	0.672751
02586		-0.245026	1.939607	0.642273
02587		-0.239642	1.937282	0.610482
02588		-0.234494	1.934423	0.582351
02589		-0.232020	1.934124	0.565038
02590		-0.228146	1.932290	0.559802
02591		-0.220557	1.929902	0.562169
02592		-0.210689	1.929173	0.567545
02593		-0.198040	1.928266	0.569187
02594		-0.188619	1.926387	0.565877
02595		-0.179782	1.925430	0.558005
02596		-0.170663	1.919959	0.543797
02597		-0.161604	1.914032	0.526751
02598		-0.152271	1.912532	0.505468
02599		-0.141884	1.908123	0.482938
02600		-0.131402	1.901498	0.457211
02601		-0.121271	1.896257	0.434575
02602		-0.111308	1.893618	0.418843
02603		-0.103031	1.893904	0.410183
02604		-0.094388	1.889526	0.406547
02605		-0.085738	1.887827	0.403322
02606		-0.077866	1.883763	0.404465
02607		-0.068960	1.882676	0.407956
02608		-0.061682	1.882515	0.414344
02609		-0.054770	1.881133	0.412097
02610		-0.051985	1.876108	0.395074
02611		-0.051857	1.871408	0.369602
02612		-0.052084	1.859904	0.341297
02613		-0.053188	1.848107	0.315855
02614		-0.053233	1.839968	0.294627
02615		-0.052736	1.836111	0.279697
02616		-0.051863	1.830649	0.268302
02617		-0.053059	1.823983	0.261528
02618		-0.055731	1.818849	0.253942
02619		-0.059659	1.812351	0.245278
02620		-0.064507	1.805935	0.243197
02621		-0.065253	1.794314	0.248109
02622		-0.065520	1.784375	0.258880
02623		-0.064411	1.775433	0.277412
02624		-0.062591	1.766034	0.297737
02625		-0.062182	1.754877	0.314088
02626		-0.061842	1.737990	0.321125
02627		-0.063886	1.719409	0.314718
02628		-0.066785	1.698474	0.302258
02629		-0.072030	1.675766	0.282045
02630		-0.077162	1.653975	0.251481
02631		-0.080593	1.628541	0.211998
02632		-0.084330	1.602357	0.172374
02633		-0.091605	1.576041	0.144142
02634		-0.099818	1.555655	0.131767
02635		-0.109905	1.537456	0.141488
02636		-0.119946	1.522296	0.171436
02637		-0.128261	1.506312	0.213649
02638		-0.135294	1.491650	0.262638
02639		-0.143884	1.474772	0.310437
02640		-0.153559	1.454695	0.352117
02641		-0.164559	1.430308	0.382874
02642		-0.173710	1.403309	0.404756
02643		-0.185317	1.374288	0.415047
02644		-0.197738	1.342912	0.419324
02645		-0.210672	1.315653	0.427004
02646		-0.225673	1.293934	0.433447
02647		-0.241187	1.276390	0.437605
02648		-0.258825	1.255183	0.434641
02649		-0.280074	1.234150	0.414679
02650		-0.298759	1.212676	0.388020
02651		-0.318413	1.199809	0.371933
02652		-0.335353	1.192886	0.376435
02653		-0.348990	1.190467	0.397647
02654		-0.360825	1.194143	0.418640
02655		-0.367296	1.197126	0.429165
02656		-0.372638	1.201062	0.421772
02657		-0.381781	1.207538	0.394828
02658		-0.395820	1.213398	0.352606
02659		-0.412940	1.215052	0.290974
02660		-0.431691	1.220845	0.202353
02661		-0.451577	1.228787	0.102722
02662		-0.470098	1.220175	0.010534
02663		-0.489978	1.203583	-0.065523
02664		-0.516846	1.197553	-0.121416
02665		-0.555847	1.196746	-0.150178
02666		-0.615454	1.222536	-0.159738
02667		-0.685879	1.261221	-0.167756
02668		-0.763705	1.278530	-0.196319
02669		-0.854391	1.265159	-0.254002
02670		-0.969376	1.231996	-0.325259
02671		-1.110646	1.181521	-0.389875
02672		-1.280337	1.112604	-0.418542
02673		-1.477021	1.027855	-0.402372
02674		-1.694051	0.909537	-0.330746
02675		-1.935149	0.763056	-0.197268
02676		-2.196235	0.598713	-0.021978
02677		-2.472050	0.415264	0.185544
02678		-2.756740	0.226986	0.399866
02679		-3.052367	0.014379	0.614187
02680		-3.370448	-0.206467	0.847980
02681		-3.716765	-0.435898	1.097391
02682		-4.099209	-0.663701	1.348262
02683		-4.513580	-0.887101	1.579639
02684		-4.959283	-1.123575	1.776798
02685		-5.434299	-1.367423	1.938056
02686		-5.938440	-1.613304	2.064786
02687		-6.464873	-1.864695	2.148624
02688		-7.013028	-2.080084	2.182330
02689		-7.585123	-2.293083	2.163443
02690		-8.182984	-2.554400	2.056930
02691		-8.808856	-2.931503	1.781983
02692		-9.476795	-3.448308	1.352543
02693		-10.234681	-4.025167	0.871941
02694		-11.045493	-4.637226	0.382277
02695		-11.899413	-5.150457	-0.251095
02696		-12.864070	-5.647407	-0.788778
02697		-13.820618	-6.177706	-1.189425
02698		-14.516313	-6.709072	-1.602899
02699		-14.999699	-7.170942	-1.835726
02700		-15.375650	-7.569644	-1.696145
02701		-15.798239	-7.729012	-1.240923
02702		-16.376359	-7.602645	-0.501463
02703		-17.206404	-7.199465	0.403281
02704		-18.298956	-6.855357	1.194917
02705		-19.503678	-6.887009	1.803539
02706		-20.725592	-7.022727	2.011581
02707		-21.854076	-7.279433	1.736070
02708		-22.934662	-7.744636	1.221623
02709		-24.059176	-8.428294	0.595922
02710		-25.255298	-9.249510	-0.077311
02711		-26.539800	-10.127725	-0.722301
02712		-27.903134	-11.006462	-1.232465
02713		-29.311257	-11.830725	-1.559476
02714		-30.725971	-12.550912	-1.680548
02715		-32.117510	-13.130883	-1.566699
02716		-33.441934	-13.509808	-1.243401
02717		-34.664303	-13.689539	-0.740515
02718		-35.778201	-13.683817	-0.066435
02719		-36.788363	-13.515407	0.686250
02720		-37.691833	-13.241768	1.459271
02721		-38.483838	-12.896240	2.216229
02722		-39.147823	-12.492076	2.942990
02723		-39.667115	-12.070793	3.600854
02724		-40.023205	-11.688538	4.149176
02725		-40.205941	-11.386123	4.570878
02726		-40.192782	-11.172738	4.912803
02727		-39.986438	-11.040300	5.177230
02728		-39.603386	-10.969526	5.339169
02729		-39.053994	-10.920191	5.389727
02730		-38.329789	-10.883355	5.352977
02731		-37.438237	-10.886465	5.231244
02732		-36.393334	-10.935661	5.022745
02733		-35.215884	-10.980499	4.776724
02734		-33.941067	-10.932311	4.575194
02735		-32.596389	-10.747293	4.411787
02736		-31.174346	-10.489966	4.185316
02737		-29.660995	-10.220543	3.836991
02738		-28.067754	-9.942611	3.327202
02739		-26.366216	-9.704800	2.782336
02740		-24.594162	-9.511959	2.239560
02741		-22.846433	-9.315814	1.566955
02742		-21.103954	-9.174647	0.786089
02743		-19.419982	-9.055806	0.032796
02744		-17.883736	-8.914227	-0.706353
02745		-16.517896	-8.813028	-1.393932
02746		-15.313985	-8.742747	-2.035056
02747		-14.237418	-8.672632	-2.629707
02748		-13.292224	-8.570378	-3.087062
02749		-12.500118	-8.410358	-3.327576
02750		-11.855739	-8.205534	-3.327310
02751		-11.315311	-7.931708	-3.174912
02752		-10.868986	-7.648250	-2.785391
02753		-10.528422	-7.343388	-2.233283
02754		-10.228815	-7.029807	-1.747168
02755		-9.925885	-6.761340	-1.337268
02756		-9.624311	-6.470501	-1.028194
02757		-9.352219	-6.241090	-0.720633
02758		-9.141413	-6.069214	-0.507221
02759		-8.996446	-5.972782	-0.494035
02760		-8.919964	-5.978719	-0.668038
02761		-8.900104	-6.066192	-0.958545
02762		-8.925415	-6.186966	-1.260556
02763		-8.962753	-6.127754	-1.554902
02764		-8.945493	-5.876389	-1.817334
02765		-8.796961	-5.749099	-1.959188
02766		-8.655257	-5.925750	-1.972493
02767		-8.871717	-6.237724	-1.778903
02768		-9.508463	-6.276785	-1.396872
02769		-10.294744	-6.108176	-0.934176
02770		-10.950903	-5.936946	-0.404317
02771		-11.351674	-5.784462	0.215087
02772		-11.460698	-5.601505	0.863442
02773		-11.329410	-5.358796	1.468225
02774		-11.063210	-5.050989	1.969653
02775		-10.786573	-4.718321	2.368325
02776		-10.639750	-4.437412	2.744257
02777		-10.723329	-4.209498	3.076557
02778		-11.034171	-3.993458	3.281389
02779		-11.452815	-3.812582	3.310102
02780		-11.845455	-3.732183	3.211888
02781		-12.162513	-3.761793	3.036156
02782		-12.412613	-3.901494	2.792923
02783		-12.626800	-4.138852	2.473881
02784		-12.831690	-4.428324	2.093861
02785		-13.041550	-4.703281	1.706679
02786		-13.261492	-4.918208	1.343115
02787		-13.483128	-5.062892	1.022420
02788		-13.710054	-5.136020	0.769641
02789		-13.945257	-5.140700	0.607932
02790		-14.207008	-5.091913	0.567044
02791		-14.503926	-4.996821	0.649390
02792		-14.831481	-4.850147	0.838351
02793		-15.175527	-4.640819	1.099920
02794		-15.520184	-4.369541	1.412836
02795		-15.857074	-4.056990	1.766282
02796		-16.179989	-3.731466	2.095784
02797		-16.467112	-3.434408	2.330788
02798		-16.701998	-3.209021	2.436800
02799		-16.867050	-3.046727	2.401688
02800		-16.957724	-2.910699	2.278851
02801		-16.999831	-2.759089	2.113439
02802		-17.011590	-2.586406	1.880486
02803		-16.978752	-2.473257	1.568333
02804		-16.921475	-2.429974	1.204535
02805		-16.866610	-2.359111	0.843336
02806		-16.823716	-2.228608	0.577968
02807		-16.776517	-2.040429	0.383052
02808		-16.701513	-1.782086	0.229817
02809		-16.560164	-1.447968	0.206446
02810		-16.352170	-1.063681	0.336106
02811		-16.110972	-0.622523	0.560500
02812		-15.875476	-0.140849	0.870893
02813		-15.659272	0.346399	1.195187
02814		-15.457058	0.800081	1.478499
02815		-15.248712	1.170681	1.761818
02816		-15.039203	1.467593	1.971333
02817		-14.820340	1.660581	2.085653
02818		-14.597884	1.776619	2.159401
02819		-14.383444	1.847981	2.208866
02820		-14.160453	1.886189	2.241226
02821		-13.907199	1.914591	2.301658
02822		-13.634725	2.028346	2.413236
02823		-13.333498	2.164411	2.550070
02824		-13.018858	2.281042	2.688282
02825		-12.747921	2.452802	2.822986
02826		-12.514153	2.624678	2.966116
02827		-12.311077	2.785585	3.125130
02828		-12.134736	2.983089	3.251852
02829		-11.958651	3.208741	3.340497
02830		-11.760761	3.401883	3.413689
02831		-11.554931	3.599625	3.480565
02832		-11.347805	3.802827	3.562743
02833		-11.130185	4.002145	3.657523
02834		-10.910880	4.209621	3.751641
02835		-10.682192	4.407883	3.820152
02836		-10.445580	4.580962	3.853282
02837		-10.204761	4.732282	3.830479
02838		-9.967310	4.871872	3.777246
02839		-9.728914	4.993864	3.728079
02840		-9.488892	5.100398	3.702479
02841		-9.245642	5.210358	3.707661
02842		-9.006653	5.349357	3.739736
02843		-8.761699	5.513603	3.760320
02844		-8.505349	5.665793	3.738234
02845		-8.241179	5.789740	3.680464
02846		-7.974107	5.882122	3.614535
02847		-7.706010	5.951608	3.529893
02848		-7.451766	6.024834	3.438783
02849		-7.213048	6.098764	3.355735
02850		-6.986358	6.158886	3.261003
02851		-6.772109	6.211722	3.170748
02852		-6.579326	6.284986	3.076786
02853		-6.389400	6.352261	2.973360
02854		-6.206472	6.392898	2.889462
02855		-6.043011	6.438184	2.827589
02856		-5.898313	6.490105	2.779863
02857		-5.757444	6.515154	2.720473
02858		-5.623195	6.515552	2.650918
02859		-5.503745	6.515465	2.584762
02860		-5.400016	6.514042	2.521519
02861		-5.315353	6.505291	2.450328
02862		-5.244408	6.483360	2.383852
02863		-5.189609	6.465017	2.327628
02864		-5.140896	6.438330	2.254066
02865		-5.098448	6.414713	2.136976
02866		-5.068040	6.396706	1.999865
02867		-5.042343	6.366113	1.856821
02868		-5.019212	6.319241	1.709220
02869		-5.002638	6.277590	1.557305
02870		-4.992366	6.244165	1.396361
02871		-4.985008	6.205925	1.196275
02872		-4.975378	6.105962	0.983898
02873		-4.952887	5.974206	0.976491
02874		-4.916350	5.893722	1.059333
02875		-4.854023	5.716817	0.981136
02876		-4.815531	5.555952	0.869311
02877		-4.782529	5.427239	0.762356
02878		-4.723047	5.220419	0.650875
02879		-4.657132	5.009092	0.516723
02880		-4.604770	4.840354	0.365105
02881		-4.552059	4.706275	0.263074
02882		-4.479355	4.606242	0.247493
02883		-4.383040	4.540136	0.256541
02884		-4.277995	4.485273	0.289279
02885		-4.171128	4.459257	0.359787
02886		-4.060762	4.444076	0.400130
02887		-3.937562	4.399071	0.348578
02888		-3.814842	4.296919	0.218707
02889		-3.705115	4.141473	0.031602
02890		-3.614672	3.956940	-0.224027
02891		-3.548447	3.785724	-0.543623
02892		-3.497639	3.653491	-0.883265
02893		-3.445917	3.565623	-1.159007
02894		-3.393424	3.509332	-1.374484
02895		-3.338999	3.457736	-1.556373
02896		-3.286330	3.393581	-1.701173
02897		-3.233541	3.327740	-1.802872
02898		-3.176046	3.258766	-1.840287
02899		-3.118153	3.189465	-1.812093
02900		-3.066640	3.117409	-1.737580
02901		-3.027349	3.050677	-1.666480
02902		-2.997693	2.980065	-1.617581
02903		-2.976657	2.911229	-1.586423
02904		-2.963162	2.849004	-1.583900
02905		-2.956466	2.788180	-1.613161
02906		-2.959714	2.721798	-1.671307
02907		-2.965986	2.640436	-1.748635
02908		-2.966422	2.537369	-1.832642
02909		-2.954962	2.420027	-1.907397
02910		-2.939368	2.308145	-1.955398
02911		-2.917279	2.189466	-1.985156
02912		-2.893523	2.054250	-2.004343
02913		-2.872280	1.919727	-2.010330
02914		-2.856847	1.808182	-1.999293
02915		-2.847254	1.721793	-1.980285
02916		-2.833292	1.638714	-1.953481
02917		-2.820808	1.566453	-1.929376
02918		-2.816108	1.511995	-1.927124
02919		-2.818367	1.466655	-1.965201
02920		-2.814674	1.408726	-2.036262
02921		-2.801007	1.342288	-2.123860
02922		-2.791157	1.278356	-2.222511
02923		-2.779328	1.210155	-2.333598
02924		-2.776462	1.149085	-2.453440
02925		-2.775166	1.095030	-2.567858
02926		-2.775071	1.044413	-2.665172
02927		-2.772102	1.001332	-2.742089
02928		-2.766908	0.968104	-2.794806
02929		-2.757061	0.939430	-2.821836
02930		-2.749001	0.920062	-2.813544
02931		-2.733860	0.904390	-2.777786
02932		-2.720881	0.885629	-2.722748
02933		-2.706537	0.865135	-2.664085
02934		-2.691801	0.845886	-2.615612
02935		-2.680195	0.830347	-2.588243
02936		-2.670138	0.811083	-2.591153
02937		-2.666307	0.786440	-2.630004
02938		-2.667151	0.753295	-2.698635
02939		-2.667973	0.722065	-2.781013
02940		-2.667504	0.693384	-2.851058
02941		-2.667161	0.672451	-2.890477
02942		-2.672669	0.655987	-2.898750
02943		-2.684424	0.648641	-2.875379
02944		-2.702935	0.652186	-2.825868
02945		-2.724523	0.662260	-2.758009
02946		-2.746002	0.673630	-2.679775
02947		-2.765433	0.681803	-2.608326
02948		-2.782703	0.690698	-2.546151
02949		-2.803254	0.706068	-2.504860
02950		-2.823948	0.716206	-2.485536
02951		-2.843179	0.721482	-2.466625
02952		-2.864190	0.727459	-2.443006
02953		-2.892703	0.739203	-2.420741
02954		-2.917171	0.751963	-2.406812
02955		-2.936619	0.758946	-2.399897
02956		-2.949824	0.764827	-2.403369
02957		-2.965376	0.771402	-2.414231
02958		-2.980968	0.774297	-2.431986
02959		-2.995703	0.769589	-2.455975
02960		-3.007888	0.764049	-2.485664
02961		-3.017092	0.759241	-2.512442
02962		-3.023122	0.756327	-2.539082
02963		-3.027570	0.752149	-2.565787
02964		-3.034725	0.751976	-2.590320
02965		-3.041418	0.753287	-2.612814
02966		-3.051566	0.752155	-2.638367
02967		-3.064699	0.746058	-2.668980
02968		-3.078270	0.735384	-2.699091
02969		-3.091885	0.724368	-2.726386
02970		-3.107052	0.711535	-2.751073
02971		-3.126258	0.704565	-2.764026
02972		-3.142183	0.693461	-2.772694
02973		-3.158986	0.676032	-2.773469
02974		-3.172593	0.660549	-2.774098
02975		-3.187506	0.647239	-2.767979
02976		-3.203254	0.634685	-2.759020
02977		-3.220888	0.622394	-2.741617
02978		-3.242099	0.611463	-2.713858
02979		-3.262764	0.599548	-2.679622
02980		-3.277306	0.590012	-2.647060
02981		-3.291897	0.577163	-2.610084
02982		-3.305276	0.565721	-2.572070
02983		-3.316991	0.556405	-2.539451
02984		-3.329190	0.548616	-2.510458
02985		-3.340188	0.537744	-2.488225
02986		-3.348312	0.523213	-2.478456
02987		-3.353112	0.506344	-2.478180
02988		-3.352566	0.481874	-2.486033
02989		-3.351453	0.462579	-2.492487
02990		-3.348808	0.446173	-2.495943
02991		-3.341391	0.430580	-2.493691
02992		-3.331846	0.414036	-2.481293
02993		-3.318391	0.402740	-2.453485
02994		-3.306026	0.395263	-2.417934
02995		-3.287001	0.388903	-2.375708
02996		-3.268663	0.380629	-2.331809
02997		-3.245706	0.372102	-2.287881
02998		-3.222529	0.367725	-2.248317
02999		-3.198100	0.364057	-2.209576
03000		-3.173348	0.361672	-2.174507
03001		-3.147086	0.357045	-2.146109
03002		-3.119586	0.356688	-2.124876
03003		-3.095658	0.355500	-2.111137
03004		-3.073583	0.349424	-2.119361
03005		-3.051940	0.340308	-2.138067
03006		-3.032007	0.331559	-2.163344
03007		-3.013410	0.324086	-2.188456
03008		-2.996919	0.316913	-2.205188
03009		-2.981480	0.309286	-2.216301
03010		-2.970024	0.301646	-2.219988
03011		-2.957486	0.295516	-2.209489
03012		-2.944122	0.289701	-2.196200
03013		-2.934283	0.283581	-2.187572
03014		-2.923052	0.271999	-2.188790
03015		-2.910690	0.256319	-2.202464
03016		-2.899212	0.247168	-2.222168
03017		-2.891660	0.259593	-2.244672
03018		-2.885998	0.295806	-2.263317
03019		-2.878374	0.333018	-2.272484
03020		-2.864351	0.361675	-2.271194
03021		-2.842541	0.382498	-2.260215
03022		-2.818378	0.399766	-2.241174
03023		-2.789980	0.415208	-2.223135
03024		-2.758049	0.426444	-2.214832
03025		-2.725723	0.427852	-2.215725
03026		-2.693466	0.428683	-2.226080
03027		-2.663084	0.424404	-2.248960
03028		-2.632994	0.416022	-2.275030
03029		-2.601344	0.402760	-2.301491
03030		-2.573873	0.391831	-2.324057
03031		-2.550013	0.381083	-2.340991
03032		-2.529082	0.367042	-2.355482
03033		-2.508206	0.346063	-2.365861
03034		-2.489489	0.327553	-2.377009
03035		-2.473641	0.308087	-2.389152
03036		-2.457912	0.284749	-2.406349
03037		-2.448130	0.268979	-2.427534
03038		-2.441674	0.264531	-2.451502
03039		-2.441703	0.279683	-2.472795
03040		-2.443019	0.297489	-2.491107
03041		-2.444810	0.316841	-2.506429
03042		-2.449060	0.348072	-2.517021
03043		-2.451593	0.386014	-2.519495
03044		-2.450098	0.412887	-2.515411
03045		-2.442941	0.434239	-2.501552
03046		-2.440565	0.468965	-2.482815
03047		-2.441713	0.520736	-2.461624
03048		-2.441380	0.581456	-2.441515
03049		-2.433468	0.632782	-2.420271
03050		-2.422433	0.672740	-2.395396
03051		-2.412799	0.700753	-2.367783
03052		-2.405770	0.722961	-2.339799
03053		-2.397111	0.733597	-2.317472
03054		-2.387024	0.733018	-2.296223
03055		-2.376925	0.725694	-2.272687
03056		-2.366600	0.706296	-2.248400
03057		-2.358335	0.685700	-2.225137
03058		-2.353205	0.660583	-2.203258
03059		-2.348963	0.631651	-2.185451
03060		-2.344838	0.595779	-2.170118
03061		-2.342856	0.555098	-2.156184
03062		-2.344222	0.509063	-2.143801
03063		-2.348131	0.460535	-2.128731
03064		-2.357013	0.411104	-2.110957
03065		-2.370420	0.355256	-2.091900
03066		-2.387886	0.288419	-2.071857
03067		-2.411437	0.216743	-2.045779
03068		-2.437897	0.143208	-2.033905
03069		-2.472352	0.072920	-2.031031
03070		-2.515675	-0.010382	-2.036811
03071		-2.568008	-0.111373	-2.057967
03072		-2.633814	-0.218947	-2.086055
03073		-2.720577	-0.333021	-2.115486
03074		-2.817796	-0.464485	-2.138564
03075		-2.918258	-0.618305	-2.167834
03076		-3.020082	-0.775544	-2.181909
03077		-3.120684	-0.947532	-2.171659
03078		-3.221707	-1.122806	-2.127569
03079		-3.335088	-1.274611	-2.057849
03080		-3.457139	-1.422659	-1.997545
03081		-3.590527	-1.576636	-1.954912
03082		-3.735872	-1.727581	-1.931077
03083		-3.896421	-1.876610	-1.928724
03084		-4.074521	-2.039174	-1.941344
03085		-4.284155	-2.205144	-1.952804
03086		-4.533953	-2.361469	-1.964880
03087		-4.826405	-2.520006	-1.970235
03088		-5.161451	-2.679769	-1.972176
03089		-5.543398	-2.852672	-1.967534
03090		-5.968294	-3.053737	-1.972366
03091		-6.441669	-3.281852	-1.983533
03092		-6.949515	-3.529981	-1.998855
03093		-7.484532	-3.800830	-2.021472
03094		-8.042792	-4.096012	-2.064958
03095		-8.646520	-4.354446	-2.168378
03096		-9.305040	-4.598274	-2.368482
03097		-10.024972	-4.872538	-2.709303
03098		-10.826865	-5.170490	-3.223206
03099		-11.670900	-5.516758	-3.881156
03100		-12.369786	-6.073342	-4.473288
03101		-12.902269	-6.737227	-4.844579
03102		-13.414875	-7.218017	-4.950148
03103		-13.962311	-7.575819	-4.722558
03104		-14.617329	-7.768197	-4.086867
03105		-15.457524	-7.721944	-3.173095
03106		-16.638353	-7.455902	-2.043936
03107		-17.934878	-7.314094	-1.048512
03108		-19.275308	-7.145010	-0.281064
03109		-20.605925	-7.112709	0.200734
03110		-21.955655	-7.196281	0.368483
03111		-23.345551	-7.418246	0.234551
03112		-24.750404	-7.772234	-0.030206
03113		-26.216188	-8.193111	-0.309690
03114		-27.751770	-8.649372	-0.601639
03115		-29.366642	-9.153737	-0.875637
03116		-31.039842	-9.692888	-1.055328
03117		-32.746677	-10.199249	-1.157099
03118		-34.438284	-10.646796	-1.161557
03119		-36.062334	-11.015055	-1.049938
03120		-37.579948	-11.275752	-0.829525
03121		-38.978262	-11.419955	-0.497062
03122		-40.251051	-11.452655	-0.080649
03123		-41.407669	-11.399099	0.355239
03124		-42.432809	-11.269839	0.789609
03125		-43.313179	-11.070942	1.231698
03126		-44.025436	-10.830760	1.665748
03127		-44.557081	-10.587972	2.096970
03128		-44.895789	-10.355629	2.519818
03129		-45.059099	-10.112948	2.879570
03130		-45.041983	-9.828281	3.170916
03131		-44.831300	-9.585312	3.400013
03132		-44.412519	-9.443740	3.535619
03133		-43.780728	-9.373212	3.595759
03134		-42.961604	-9.306372	3.614204
03135		-41.985067	-9.187835	3.593782
03136		-40.878600	-9.024679	3.543951
03137		-39.665524	-8.831393	3.471302
03138		-38.367665	-8.626025	3.341319
03139		-37.011684	-8.427918	3.114462
03140		-35.592980	-8.254727	2.717674
03141		-34.100219	-8.118271	2.168305
03142		-32.520195	-8.050488	1.443577
03143		-30.850047	-8.079479	0.516649
03144		-29.039129	-8.246577	-0.361366
03145		-27.173704	-8.476078	-1.221794
03146		-25.378653	-8.627974	-2.155614
03147		-23.679843	-8.751159	-2.999838
03148		-22.125188	-8.824820	-3.641422
03149		-20.763090	-8.814354	-4.139359
03150		-19.580991	-8.728331	-4.481820
03151		-18.547338	-8.527078	-4.621261
03152		-17.660018	-8.182518	-4.459174
03153		-16.925670	-7.729429	-4.022865
03154		-16.302841	-7.280566	-3.434989
03155		-15.750552	-6.900760	-2.821011
03156		-15.267747	-6.617069	-2.250356
03157		-14.875925	-6.361793	-1.725933
03158		-14.550571	-6.147635	-1.217889
03159		-14.299418	-5.969408	-0.690555
03160		-14.032819	-5.824002	-0.421567
03161		-13.752149	-5.740786	-0.295567
03162		-13.508632	-5.701695	-0.335945
03163		-13.328957	-5.761548	-0.538387
03164		-13.230755	-5.934309	-0.880733
03165		-13.208459	-6.191340	-1.290764
03166		-13.238621	-6.503223	-1.722176
03167		-13.290003	-6.810136	-2.117315
03168		-13.342922	-7.043804	-2.369718
03169		-13.379920	-7.158523	-2.405698
03170		-13.376531	-7.137140	-2.227612
03171		-13.320612	-6.977722	-1.808091
03172		-13.212075	-6.595184	-1.209107
03173		-12.977934	-5.922051	-0.651375
03174		-12.550444	-5.136677	-0.003155
03175		-12.252299	-4.548002	0.972568
03176		-12.578447	-4.289206	1.642155
03177		-13.462939	-4.205827	1.901251
03178		-14.524761	-4.205999	1.948611
03179		-15.427219	-4.356341	1.894210
03180		-16.010536	-4.653353	1.868752
03181		-16.239911	-4.921682	1.830770
03182		-16.140184	-5.042295	1.630923
03183		-15.839668	-5.050534	1.269814
03184		-15.509358	-5.040514	0.855438
03185		-15.312463	-5.015669	0.470526
03186		-15.332918	-4.940264	0.184955
03187		-15.550368	-4.770303	-0.016749
03188		-15.861637	-4.563330	-0.182645
03189		-16.195420	-4.448910	-0.320211
03190		-16.579494	-4.445851	-0.393816
03191		-17.050438	-4.442070	-0.400437
03192		-17.566828	-4.375036	-0.355255
03193		-18.067499	-4.257267	-0.232988
03194		-18.506516	-4.086796	-0.035906
03195		-18.848495	-3.841959	0.157976
03196		-19.066313	-3.549671	0.297766
03197		-19.146059	-3.257972	0.378828
03198		-19.114901	-2.989153	0.398135
03199		-19.033852	-2.743199	0.380312
03200		-18.989462	-2.532139	0.373585
03201		-19.051132	-2.329976	0.366267
03202		-19.211491	-2.124290	0.331070
03203		-19.388946	-1.966905	0.262527
03204		-19.501090	-1.863040	0.189638
03205		-19.508522	-1.778497	0.168941
03206		-19.418404	-1.640260	0.203190
03207		-19.230122	-1.474161	0.273432
03208		-18.963129	-1.302747	0.357405
03209		-18.659654	-1.093909	0.542739
03210		-18.383852	-0.768438	0.831327
03211		-18.133034	-0.387245	1.124355
03212		-17.887704	-0.029738	1.344064
03213		-17.643032	0.273405	1.536925
03214		-17.421521	0.569781	1.714768
03215		-17.226810	0.869461	1.875397
03216		-17.053763	1.165075	2.021211
03217		-16.876628	1.417696	2.135155
03218		-16.684153	1.595437	2.196645
03219		-16.531575	1.799861	2.249646
03220		-16.411753	1.986864	2.235346
03221		-16.245592	2.093207	2.206487
03222		-16.047921	2.189535	2.189015
03223		-15.835170	2.283514	2.261034
03224		-15.594163	2.404346	2.357002
03225		-15.327756	2.520708	2.413156
03226		-15.066131	2.637337	2.444413
03227		-14.811652	2.768394	2.457639
03228		-14.538113	2.857810	2.404778
03229		-14.262181	2.926225	2.313403
03230		-13.997895	3.026268	2.213688
03231		-13.740711	3.156915	2.129042
03232		-13.477080	3.263521	2.046072
03233		-13.217433	3.371196	1.960394
03234		-12.976786	3.560194	1.907437
03235		-12.725616	3.769931	1.875955
03236		-12.451697	3.931521	1.875641
03237		-12.183235	4.122604	1.873210
03238		-11.919929	4.340132	1.847554
03239		-11.643252	4.502614	1.801177
03240		-11.380359	4.661905	1.777055
03241		-11.136688	4.834776	1.762557
03242		-10.902135	4.975711	1.732714
03243		-10.681123	5.085160	1.688496
03244		-10.476274	5.177725	1.642751
03245		-10.274796	5.270154	1.593852
03246		-10.060732	5.350794	1.542453
03247		-9.839677	5.428413	1.489087
03248		-9.618480	5.496638	1.435663
03249		-9.397875	5.568092	1.385854
03250		-9.189218	5.655288	1.336510
03251		-8.980109	5.720928	1.287876
03252		-8.767174	5.755434	1.263655
03253		-8.568678	5.801127	1.286027
03254		-8.371842	5.868552	1.324630
03255		-8.170633	5.938988	1.345316
03256		-7.959526	5.987518	1.336277
03257		-7.749150	6.031752	1.305805
03258		-7.545452	6.080868	1.280143
03259		-7.353264	6.114704	1.225201
03260		-7.179410	6.123213	1.123513
03261		-7.016570	6.109048	1.018291
03262		-6.873173	6.091152	0.956015
03263		-6.737090	6.085171	0.921641
03264		-6.610264	6.106150	0.877158
03265		-6.492194	6.137400	0.817117
03266		-6.392211	6.159427	0.717782
03267		-6.313225	6.121451	0.566362
03268		-6.258054	6.028220	0.409799
03269		-6.240395	5.915919	0.264179
03270		-6.253317	5.803886	0.133888
03271		-6.283048	5.706129	0.017042
03272		-6.321884	5.651406	-0.064492
03273		-6.364586	5.637663	-0.134030
03274		-6.408347	5.617278	-0.230355
03275		-6.470830	5.568133	-0.415615
03276		-6.576009	5.464451	-0.714939
03277		-6.720878	5.279763	-1.097077
03278		-6.863037	4.983333	-1.451749
03279		-6.989785	4.614806	-1.696198
03280		-7.129308	4.344217	-1.741301
03281		-7.254838	4.196752	-1.712377
03282		-7.323933	4.059220	-1.600402
03283		-7.357519	3.936219	-1.405950
03284		-7.370135	3.818748	-1.298221
03285		-7.367368	3.634256	-1.350076
03286		-7.353432	3.402815	-1.416006
03287		-7.330731	3.237951	-1.411081
03288		-7.267149	3.127721	-1.386717
03289		-7.149629	2.996204	-1.411436
03290		-7.001171	2.821348	-1.403289
03291		-6.829924	2.649409	-1.346985
03292		-6.641639	2.497765	-1.327070
03293		-6.455660	2.379063	-1.342981
03294		-6.283262	2.337437	-1.349825
03295		-6.116065	2.378277	-1.325940
03296		-5.951872	2.437837	-1.321525
03297		-5.795363	2.475014	-1.347159
03298		-5.660640	2.478707	-1.405197
03299		-5.534254	2.444287	-1.496376
03300		-5.421552	2.373269	-1.607084
03301		-5.324610	2.284999	-1.702397
03302		-5.244961	2.173643	-1.779235
03303		-5.181041	2.058543	-1.840802
03304		-5.128052	1.961859	-1.868988
03305		-5.070542	1.884407	-1.863190
03306		-5.001493	1.820514	-1.822813
03307		-4.924472	1.757626	-1.758842
03308		-4.852887	1.692958	-1.692398
03309		-4.793270	1.617712	-1.653941
03310		-4.747335	1.528476	-1.658780
03311		-4.711593	1.426224	-1.705712
03312		-4.683656	1.321596	-1.789428
03313		-4.656572	1.220650	-1.912956
03314		-4.625302	1.110041	-2.075286
03315		-4.584671	0.999212	-2.255033
03316		-4.537654	0.894111	-2.442709
03317		-4.492348	0.797329	-2.633470
03318		-4.451836	0.718269	-2.816675
03319		-4.418321	0.648852	-2.978779
03320		-4.392086	0.584400	-3.111877
03321		-4.377940	0.522974	-3.211406
03322		-4.366821	0.460405	-3.269284
03323		-4.352267	0.400617	-3.275805
03324		-4.332490	0.351555	-3.234260
03325		-4.308884	0.319267	-3.154406
03326		-4.280247	0.292592	-3.054637
03327		-4.244250	0.266410	-2.950971
03328		-4.212913	0.248416	-2.862654
03329		-4.187783	0.230981	-2.815248
03330		-4.170303	0.196995	-2.823919
03331		-4.147426	0.139448	-2.886081
03332		-4.131679	0.074717	-2.999038
03333		-4.113795	-0.004005	-3.153671
03334		-4.099237	-0.090770	-3.343203
03335		-4.088344	-0.174322	-3.544468
03336		-4.081530	-0.254359	-3.736195
03337		-4.074047	-0.328418	-3.900489
03338		-4.071415	-0.395988	-4.023594
03339		-4.075646	-0.451867	-4.106075
03340		-4.079288	-0.500826	-4.146433
03341		-4.083069	-0.551839	-4.134997
03342		-4.084519	-0.597910	-4.091752
03343		-4.084975	-0.633373	-4.031130
03344		-4.087448	-0.656696	-3.961430
03345		-4.095257	-0.663347	-3.899039
03346		-4.098593	-0.680766	-3.855844
03347		-4.094694	-0.706508	-3.834424
03348		-4.088143	-0.743890	-3.836916
03349		-4.078892	-0.789536	-3.860275
03350		-4.069007	-0.839034	-3.899665
03351		-4.059391	-0.889633	-3.936304
03352		-4.049294	-0.932977	-3.966045
03353		-4.041892	-0.967628	-3.985960
03354		-4.037534	-0.993726	-3.995199
03355		-4.037990	-1.016561	-3.998658
03356		-4.044442	-1.034911	-3.989832
03357		-4.050064	-1.056018	-3.973728
03358		-4.052644	-1.078319	-3.954015
03359		-4.055700	-1.097653	-3.926668
03360		-4.060362	-1.112169	-3.899075
03361		-4.065844	-1.122247	-3.884150
03362		-4.075656	-1.135432	-3.889818
03363		-4.082276	-1.156992	-3.908027
03364		-4.091130	-1.180440	-3.945861
03365		-4.099989	-1.211224	-3.998905
03366		-4.106665	-1.255650	-4.057353
03367		-4.113624	-1.303583	-4.107666
03368		-4.121548	-1.341727	-4.146291
03369		-4.129167	-1.376019	-4.170760
03370		-4.140350	-1.407147	-4.183927
03371		-4.153680	-1.434851	-4.190392
03372		-4.169405	-1.459852	-4.192078
03373		-4.187900	-1.482752	-4.198242
03374		-4.205336	-1.504339	-4.202472
03375		-4.220460	-1.528121	-4.207749
03376		-4.235429	-1.555928	-4.218795
03377		-4.254322	-1.578132	-4.230441
03378		-4.267052	-1.597318	-4.241967
03379		-4.281680	-1.611472	-4.244821
03380		-4.297009	-1.619120	-4.239934
03381		-4.309471	-1.622223	-4.231984
03382		-4.322456	-1.627093	-4.224154
03383		-4.334534	-1.637013	-4.221211
03384		-4.341435	-1.652917	-4.225086
03385		-4.345536	-1.677729	-4.235947
03386		-4.344467	-1.704304	-4.250695
03387		-4.341513	-1.730532	-4.263504
03388		-4.337950	-1.753573	-4.274394
03389		-4.335834	-1.770464	-4.279279
03390		-4.332880	-1.789302	-4.277822
03391		-4.330317	-1.807320	-4.265177
03392		-4.327096	-1.823172	-4.241291
03393		-4.321680	-1.828599	-4.208518
03394		-4.319747	-1.823459	-4.165885
03395		-4.314069	-1.821228	-4.120643
03396		-4.304156	-1.832125	-4.081763
03397		-4.294510	-1.839258	-4.050934
03398		-4.283086	-1.839478	-4.021757
03399		-4.267470	-1.836123	-3.999636
03400		-4.249215	-1.836421	-3.992684
03401		-4.228699	-1.844432	-3.993443
03402		-4.210982	-1.855649	-3.993617
03403		-4.193209	-1.863230	-3.992492
03404		-4.177735	-1.872209	-3.991497
03405		-4.162423	-1.885662	-3.989765
03406		-4.148464	-1.904253	-3.989305
03407		-4.136021	-1.925891	-3.989876
03408		-4.127035	-1.947282	-3.994139
03409		-4.120160	-1.968301	-4.004858
03410		-4.115836	-1.995841	-4.017759
03411		-4.110949	-2.023511	-4.038108
03412		-4.107629	-2.049288	-4.056429
03413		-4.104145	-2.071999	-4.077424
03414		-4.100715	-2.097016	-4.094054
03415		-4.097035	-2.121890	-4.112387
03416		-4.098148	-2.148080	-4.133600
03417		-4.099704	-2.175467	-4.151116
03418		-4.098455	-2.204808	-4.164994
03419		-4.098541	-2.227334	-4.172057
03420		-4.096136	-2.251519	-4.169796
03421		-4.092364	-2.267614	-4.169116
03422		-4.086318	-2.279219	-4.173022
03423		-4.078877	-2.298435	-4.184579
03424		-4.071650	-2.327540	-4.205059
03425		-4.063923	-2.355639	-4.227292
03426		-4.056726	-2.381202	-4.247371
03427		-4.046946	-2.406173	-4.261112
03428		-4.038063	-2.433316	-4.271338
03429		-4.031106	-2.456654	-4.277566
03430		-4.026355	-2.483631	-4.280122
03431		-4.021972	-2.512331	-4.281992
03432		-4.017825	-2.545484	-4.285093
03433		-4.013956	-2.584520	-4.291221
03434		-4.011800	-2.625449	-4.293914
03435		-4.014258	-2.669999	-4.294724
03436		-4.023650	-2.720177	-4.295969
03437		-4.034768	-2.776644	-4.294536
03438		-4.051978	-2.834702	-4.291031
03439		-4.069708	-2.894607	-4.285962
03440		-4.091501	-2.958575	-4.277453
03441		-4.116330	-3.031568	-4.271063
03442		-4.149158	-3.113260	-4.260685
03443		-4.191837	-3.195995	-4.244259
03444		-4.243503	-3.287670	-4.211900
03445		-4.303599	-3.379948	-4.179745
03446		-4.368672	-3.478390	-4.162716
03447		-4.443615	-3.582622	-4.155620
03448		-4.531891	-3.688157	-4.156286
03449		-4.638011	-3.796636	-4.160452
03450		-4.774840	-3.906565	-4.159876
03451		-4.944305	-4.011043	-4.157297
03452		-5.137878	-4.114258	-4.154673
03453		-5.352879	-4.216925	-4.137984
03454		-5.577794	-4.321009	-4.083597
03455		-5.798667	-4.428992	-3.990738
03456		-6.019249	-4.527161	-3.863265
03457		-6.246178	-4.601741	-3.718036
03458		-6.481223	-4.667559	-3.568970
03459		-6.730145	-4.715752	-3.444626
03460		-6.999885	-4.712554	-3.369134
03461		-7.297559	-4.755611	-3.326754
03462		-7.631997	-4.979475	-3.261059
03463		-8.030918	-5.369371	-3.171926
03464		-8.490476	-5.620134	-3.156296
03465		-8.959078	-5.772201	-3.181331
03466		-9.397632	-5.946947	-3.280854
03467		-9.806714	-6.257970	-3.513344
03468		-10.196216	-6.682174	-3.876594
03469		-10.605625	-7.141525	-4.312486
03470		-11.055138	-7.611845	-4.720909
03471		-11.560091	-8.069104	-5.055723
03472		-12.122770	-8.451749	-5.283921
03473		-12.730340	-8.700927	-5.440510
03474		-13.379894	-8.859254	-5.493870
03475		-14.120659	-8.963525	-5.370998
03476		-15.010210	-8.964897	-5.360964
03477		-15.973706	-9.157847	-5.528676
03478		-17.008812	-9.493615	-5.747017
03479		-18.076244	-9.905727	-6.101827
03480		-19.155105	-10.361974	-6.614516
03481		-20.285651	-10.900474	-7.160447
03482		-21.508858	-11.487578	-7.687104
03483		-22.823058	-12.076442	-8.168566
03484		-24.190649	-12.634315	-8.572160
03485		-25.595908	-13.177208	-8.854251
03486		-27.047028	-13.675707	-9.007524
03487		-28.527954	-14.103663	-9.098171
03488		-30.030585	-14.475404	-9.105742
03489		-31.547308	-14.792835	-9.041849
03490		-33.057065	-15.055625	-8.937488
03491		-34.547153	-15.266134	-8.762955
03492		-35.982355	-15.410382	-8.543277
03493		-37.309583	-15.504799	-8.329010
03494		-38.523310	-15.564940	-8.003650
03495		-39.629355	-15.537932	-7.571445
03496		-40.590123	-15.462804	-7.174266
03497		-41.396565	-15.362960	-6.808073
03498		-42.049963	-15.185544	-6.441740
03499		-42.555868	-14.919531	-6.082701
03500		-42.917920	-14.555549	-5.717174
03501		-43.134563	-14.108397	-5.349912
03502		-43.195744	-13.626233	-5.018318
03503		-43.107066	-13.177586	-4.738232
03504		-42.866726	-12.809884	-4.511925
03505		-42.479444	-12.535464	-4.352492
03506		-41.942026	-12.338735	-4.248305
03507		-41.256757	-12.192340	-4.180862
03508		-40.430537	-12.064988	-4.128493
03509		-39.481856	-11.915750	-4.075178
03510		-38.424383	-11.713971	-4.020663
03511		-37.262905	-11.479882	-3.989206
03512		-35.988914	-11.223147	-4.005885
03513		-34.603862	-10.966737	-4.096072
03514		-33.109122	-10.739162	-4.279195
03515		-31.527217	-10.561903	-4.531733
03516		-29.830952	-10.421440	-4.768496
03517		-27.996826	-10.341464	-5.072360
03518		-26.075010	-10.274137	-5.423644
03519		-24.147730	-10.126658	-5.716844
03520		-22.256017	-10.010939	-6.076727
03521		-20.468039	-9.973429	-6.572627
03522		-18.836834	-9.986428	-7.140703
03523		-17.353573	-10.049621	-7.723696
03524		-16.045585	-10.185635	-8.175004
03525		-14.906292	-10.342380	-8.559923
03526		-13.909896	-10.453832	-8.865394
03527		-13.076162	-10.458745	-8.977814
03528		-12.396741	-10.385986	-8.867236
03529		-11.881365	-10.303922	-8.493082
03530		-11.498874	-10.204133	-8.021049
03531		-11.205227	-10.124724	-7.526742
03532		-10.994590	-10.042308	-6.899568
03533		-10.865730	-9.910897	-6.136982
03534		-10.782875	-9.696059	-5.319158
03535		-10.736746	-9.442417	-4.419392
03536		-10.699922	-9.088856	-3.596262
03537		-10.638461	-8.755298	-2.904324
03538		-10.540457	-8.500374	-2.450655
03539		-10.410506	-8.239392	-2.249942
03540		-10.303334	-7.977169	-2.156822
03541		-10.255522	-7.791024	-2.306213
03542		-10.365235	-7.792906	-2.615039
03543		-10.710651	-8.077937	-3.046309
03544		-11.173071	-8.503586	-3.664229
03545		-11.573607	-8.947484	-4.315200
03546		-11.822533	-9.351951	-4.820153
03547		-11.903925	-9.653951	-5.158062
03548		-11.877424	-9.800668	-5.291977
03549		-11.819382	-9.708987	-5.207843
03550		-11.770816	-9.369593	-4.946247
03551		-11.744231	-8.881349	-4.569057
03552		-11.730922	-8.335099	-4.152867
03553		-11.718834	-7.801972	-3.737640
03554		-11.689686	-7.376739	-3.354136
03555		-11.689813	-7.115556	-3.021106
03556		-11.836987	-7.017890	-2.714038
03557		-12.173012	-6.945977	-2.393842
03558		-12.608012	-6.779386	-2.069776
03559		-13.030049	-6.537138	-1.775232
03560		-13.390377	-6.286249	-1.533368
03561		-13.681870	-6.039022	-1.363598
03562		-13.910723	-5.814715	-1.286859
03563		-14.078121	-5.662194	-1.320010
03564		-14.198838	-5.619265	-1.453388
03565		-14.290261	-5.691432	-1.656309
03566		-14.367464	-5.850082	-1.917812
03567		-14.450490	-6.054563	-2.198344
03568		-14.567029	-6.255028	-2.456752
03569		-14.742138	-6.403307	-2.663200
03570		-14.986351	-6.479918	-2.780121
03571		-15.276433	-6.479006	-2.793018
03572		-15.581167	-6.424296	-2.721627
03573		-15.871902	-6.326897	-2.574968
03574		-16.140865	-6.201013	-2.354649
03575		-16.387202	-6.068829	-2.091788
03576		-16.618517	-5.936654	-1.808605
03577		-16.853134	-5.806255	-1.512978
03578		-17.091155	-5.659317	-1.231459
03579		-17.325183	-5.511171	-0.976578
03580		-17.542909	-5.370752	-0.766304
03581		-17.738465	-5.227710	-0.615936
03582		-17.907970	-5.089092	-0.506503
03583		-18.054251	-4.967793	-0.418911
03584		-18.189409	-4.878030	-0.390525
03585		-18.320343	-4.840931	-0.430229
03586		-18.448465	-4.847527	-0.522674
03587		-18.576058	-4.863728	-0.645098
03588		-18.708524	-4.823566	-0.771163
03589		-18.866443	-4.658829	-0.866280
03590		-19.012628	-4.435636	-0.914368
03591		-19.115346	-4.194793	-0.927668
03592		-19.181788	-3.920028	-0.881868
03593		-19.219681	-3.614382	-0.790775
03594		-19.247690	-3.288700	-0.657896
03595		-19.284474	-2.902643	-0.468552
03596		-19.329005	-2.478270	-0.235874
03597		-19.360769	-2.070604	-0.021491
03598		-19.361785	-1.678729	0.202763
03599		-19.315137	-1.309562	0.384638
03600		-19.195493	-0.986919	0.478219
03601		-18.992302	-0.753526	0.550980
03602		-18.745999	-0.586189	0.636937
03603		-18.493125	-0.451256	0.701747
03604		-18.241404	-0.316536	0.773006
03605		-17.990163	-0.172056	0.827691
03606		-17.703324	-0.059087	0.900437
03607		-17.398495	0.068279	0.983340
03608		-17.095572	0.211782	1.083225
03609		-16.836194	0.382081	1.207108
03610		-16.658505	0.613299	1.381617
03611		-16.558977	0.897936	1.514849
03612		-16.485566	1.176964	1.616278
03613		-16.422019	1.478080	1.709969
03614		-16.339313	1.763428	1.787018
03615		-16.208877	1.986012	1.831016
03616		-16.041282	2.146889	1.845330
03617		-15.855504	2.261258	1.779396
03618		-15.672890	2.377984	1.627936
03619		-15.492296	2.463331	1.441657
03620		-15.307557	2.464649	1.269078
03621		-15.153475	2.479286	1.162989
03622		-15.030342	2.559796	1.105267
03623		-14.908715	2.673816	1.080793
03624		-14.784729	2.846350	1.126357
03625		-14.651309	3.073779	1.210809
03626		-14.488313	3.276205	1.317853
03627		-14.309199	3.454328	1.442822
03628		-14.135210	3.636601	1.577703
03629		-13.963975	3.792794	1.676274
03630		-13.799927	3.906332	1.723094
03631		-13.656970	4.010964	1.724802
03632		-13.514552	4.083633	1.654564
03633		-13.346397	4.111098	1.564473
03634		-13.163676	4.138822	1.487167
03635		-12.963076	4.181443	1.410721
03636		-12.757136	4.223273	1.337464
03637		-12.557176	4.280692	1.276646
03638		-12.364054	4.351629	1.208218
03639		-12.162920	4.422891	1.139737
03640		-11.960528	4.521884	1.098878
03641		-11.761176	4.650532	1.119806
03642		-11.562119	4.791380	1.174213
03643		-11.364857	4.937525	1.258604
03644		-11.163393	5.090041	1.372113
03645		-10.961541	5.249235	1.475367
03646		-10.753665	5.380881	1.519919
03647		-10.549191	5.478639	1.526883
03648		-10.357214	5.539338	1.510286
03649		-10.176120	5.550269	1.478438
03650		-10.009054	5.538401	1.422750
03651		-9.858956	5.518181	1.338833
03652		-9.725247	5.489599	1.232080
03653		-9.585657	5.433239	1.112941
03654		-9.450230	5.396732	1.022139
03655		-9.313916	5.377082	0.925400
03656		-9.164354	5.329965	0.816398
03657		-9.010087	5.262660	0.714737
03658		-8.866194	5.200655	0.617172
03659		-8.731742	5.128552	0.507586
03660		-8.619718	5.048982	0.375700
03661		-8.524395	4.985668	0.318458
03662		-8.425848	4.895888	0.313818
03663		-8.309882	4.737915	0.279837
03664		-8.201733	4.556441	0.262173
03665		-8.122444	4.458156	0.195031
03666		-8.027556	4.357789	0.048865
03667		-7.904148	4.224650	-0.122096
03668		-7.759210	4.093839	-0.267715
03669		-7.614089	3.997217	-0.343869
03670		-7.473190	3.931992	-0.410910
03671		-7.316390	3.847835	-0.509578
03672		-7.153818	3.757836	-0.650436
03673		-6.987040	3.657237	-0.815732
03674		-6.826310	3.539624	-0.985027
03675		-6.659139	3.393343	-1.146789
03676		-6.490833	3.260962	-1.300744
03677		-6.325400	3.185301	-1.442166
03678		-6.163662	3.120029	-1.575079
03679		-6.009458	3.062487	-1.729345
03680		-5.864435	3.003763	-1.884215
03681		-5.722709	2.933231	-2.021105
03682		-5.586562	2.858293	-2.153038
03683		-5.462716	2.786818	-2.284417
03684		-5.350408	2.704595	-2.416090
03685		-5.246668	2.595401	-2.563438
03686		-5.151237	2.444165	-2.714394
03687		-5.059699	2.264491	-2.866078
03688		-4.971124	2.067733	-3.030997
03689		-4.892035	1.880915	-3.195827
03690		-4.835140	1.745973	-3.365492
03691		-4.776150	1.630339	-3.539567
03692		-4.712171	1.509948	-3.693373
03693		-4.644013	1.400143	-3.810333
03694		-4.568565	1.305948	-3.908729
03695		-4.491861	1.222516	-4.005584
03696		-4.414271	1.139361	-4.088630
03697		-4.333018	1.048029	-4.167359
03698		-4.249402	0.933741	-4.249226
03699		-4.165252	0.807478	-4.336384
03700		-4.091195	0.693891	-4.419655
03701		-4.032919	0.621487	-4.486429
03702		-3.990718	0.615640	-4.531675
03703		-3.945816	0.623296	-4.542766
03704		-3.897060	0.620787	-4.524756
03705		-3.849439	0.615507	-4.493032
03706		-3.805133	0.602840	-4.472033
03707		-3.764378	0.584944	-4.471750
03708		-3.727035	0.566696	-4.516004
03709		-3.688422	0.551907	-4.596938
03710		-3.646779	0.524474	-4.712702
03711		-3.602439	0.482000	-4.872575
03712		-3.567883	0.437174	-5.068901
03713		-3.531788	0.397996	-5.277626
03714		-3.492413	0.384752	-5.472694
03715		-3.439710	0.389426	-5.629275
03716		-3.383849	0.391314	-5.728784
03717		-3.335020	0.399317	-5.800461
03718		-3.293640	0.397492	-5.849052
03719		-3.251822	0.386691	-5.888920
03720		-3.205262	0.380784	-5.916395
03721		-3.156979	0.373623	-5.942931
03722		-3.114370	0.365990	-5.989049
03723		-3.083242	0.353916	-6.055120
03724		-3.058434	0.326382	-6.125148
03725		-3.038749	0.294744	-6.196487
03726		-3.023136	0.258362	-6.266440
03727		-3.013315	0.215824	-6.334172
03728		-3.008850	0.165693	-6.387852
03729		-3.003739	0.114312	-6.421328
03730		-2.998134	0.072515	-6.426633
03731		-2.989116	0.040392	-6.418343
03732		-2.989028	0.010425	-6.422176
03733		-2.992326	-0.028983	-6.449657
03734		-2.997257	-0.079053	-6.493478
03735		-3.002407	-0.134700	-6.552318
03736		-3.005900	-0.193906	-6.624189
03737		-3.007902	-0.262207	-6.706629
03738		-3.011075	-0.336299	-6.792192
03739		-3.008001	-0.404695	-6.866170
03740		-2.999682	-0.461356	-6.924609
03741		-2.994897	-0.500057	-6.974701
03742		-2.987991	-0.536122	-7.037442
03743		-2.978238	-0.578522	-7.122490
03744		-2.964315	-0.623340	-7.227767
03745		-2.943302	-0.665393	-7.346416
03746		-2.921302	-0.688872	-7.446505
03747		-2.898725	-0.700696	-7.511002
03748		-2.881756	-0.712712	-7.546334
03749		-2.864571	-0.721123	-7.554830
03750		-2.843122	-0.721963	-7.549943
03751		-2.811460	-0.716356	-7.538884
03752		-2.773441	-0.711303	-7.518534
03753		-2.737464	-0.705268	-7.502735
03754		-2.704372	-0.702376	-7.512894
03755		-2.670411	-0.719093	-7.559972
03756		-2.635833	-0.743290	-7.632278
03757		-2.601532	-0.771424	-7.724973
03758		-2.565596	-0.806851	-7.829095
03759		-2.529814	-0.849041	-7.935442
03760		-2.496555	-0.887176	-8.033377
03761		-2.460800	-0.930357	-8.112307
03762		-2.426457	-0.969191	-8.170878
03763		-2.393231	-1.004341	-8.210013
03764		-2.359900	-1.038370	-8.235377
03765		-2.327540	-1.065409	-8.247495
03766		-2.297068	-1.088178	-8.246597
03767		-2.267531	-1.113442	-8.236716
03768		-2.240361	-1.140940	-8.227975
03769		-2.213381	-1.168312	-8.227463
03770		-2.180332	-1.199370	-8.238059
03771		-2.142763	-1.232493	-8.253253
03772		-2.102929	-1.260785	-8.276353
03773		-2.062762	-1.287719	-8.311257
03774		-2.018796	-1.307223	-8.355684
03775		-1.973316	-1.324982	-8.400868
03776		-1.928052	-1.342792	-8.446094
03777		-1.878670	-1.363132	-8.490453
03778		-1.829805	-1.379408	-8.530916
03779		-1.781412	-1.394371	-8.556648
03780		-1.734281	-1.407455	-8.574095
03781		-1.689640	-1.423200	-8.586249
03782		-1.644003	-1.445047	-8.595165
03783		-1.603682	-1.453513	-8.600531
03784		-1.568566	-1.453095	-8.597172
03785		-1.534898	-1.457776	-8.585042
03786		-1.508767	-1.464847	-8.564113
03787		-1.490554	-1.475170	-8.539922
03788		-1.474454	-1.495727	-8.518335
03789		-1.460841	-1.524651	-8.497372
03790		-1.450313	-1.545333	-8.473182
03791		-1.443123	-1.558173	-8.440271
03792		-1.439399	-1.570793	-8.396432
03793		-1.439391	-1.587500	-8.349295
03794		-1.442251	-1.604622	-8.302249
03795		-1.453097	-1.616046	-8.251321
03796		-1.463760	-1.622794	-8.202845
03797		-1.478765	-1.629389	-8.155331
03798		-1.494449	-1.637562	-8.117111
03799		-1.512717	-1.647883	-8.086411
03800		-1.532557	-1.658324	-8.060342
03801		-1.558342	-1.672575	-8.037401
03802		-1.582202	-1.683161	-8.018737
03803		-1.605218	-1.699700	-8.004121
03804		-1.625816	-1.724681	-7.999210
03805		-1.644915	-1.757355	-8.000227
03806		-1.662735	-1.790387	-8.008537
03807		-1.679991	-1.822882	-8.022309
03808		-1.697824	-1.848705	-8.046660
03809		-1.712347	-1.875697	-8.081988
03810		-1.725236	-1.909515	-8.124065
03811		-1.735357	-1.953635	-8.183297
03812		-1.741825	-2.007049	-8.246719
03813		-1.748216	-2.049638	-8.302076
03814		-1.752190	-2.081217	-8.347483
03815		-1.757029	-2.110732	-8.385460
03816		-1.762281	-2.136146	-8.419528
03817		-1.765242	-2.160069	-8.454352
03818		-1.766447	-2.191074	-8.485871
03819		-1.768886	-2.220676	-8.519207
03820		-1.771752	-2.244471	-8.555833
03821		-1.772093	-2.272361	-8.599998
03822		-1.774190	-2.299926	-8.644954
03823		-1.776297	-2.323793	-8.689798
03824		-1.776407	-2.347391	-8.725436
03825		-1.776743	-2.367081	-8.746185
03826		-1.775640	-2.375378	-8.743450
03827		-1.776087	-2.372456	-8.724339
03828		-1.774902	-2.362979	-8.686420
