// General information: 
//  MT Manager version: 2021.4.0 
//  XDA version: 2021.4.0 build 6323 rev 112641 built on 2021-09-28
// Device information: 
//  DeviceId: 00B43856
//  ProductCode: MTW2-3A7G6
//  Firmware Version: 4.3.4
//  Hardware Version: 1.1.0
// Device settings: 
//  Filter Profile: human(46.1)
//  Option Flags: Orientation Smoother Disabled, Position/Velocity Smoother Disabled, Continuous Zero Rotation Update Disabled, AHS Disabled, ICC Disabled
// Coordinate system: ENU
PacketCounter	SampleTimeFine	Roll	Pitch	Yaw
02542		-1.840918	0.808919	4.579671
02543		-1.846210	0.810059	4.617512
02544		-1.852319	0.813748	4.656945
02545		-1.857811	0.816774	4.695895
02546		-1.869141	0.817844	4.728969
02547		-1.881449	0.818278	4.759797
02548		-1.897457	0.812152	4.785231
02549		-1.914081	0.802646	4.803588
02550		-1.930807	0.788120	4.819017
02551		-1.948152	0.770262	4.832048
02552		-1.967568	0.749054	4.843113
02553		-1.989186	0.725677	4.856801
02554		-2.012846	0.702238	4.874849
02555		-2.034351	0.676014	4.899307
02556		-2.060088	0.651165	4.930673
02557		-2.089785	0.629357	4.970343
02558		-2.120139	0.608226	5.010479
02559		-2.147670	0.589289	5.046669
02560		-2.170426	0.571578	5.074507
02561		-2.187329	0.556752	5.096279
02562		-2.202848	0.541911	5.110341
02563		-2.214116	0.528935	5.119147
02564		-2.226355	0.517074	5.119709
02565		-2.237672	0.510124	5.114724
02566		-2.249153	0.505371	5.104489
02567		-2.261186	0.501572	5.090940
02568		-2.270005	0.499056	5.071964
02569		-2.275253	0.493337	5.048733
02570		-2.279790	0.483660	5.025575
02571		-2.282793	0.468170	5.000027
02572		-2.284063	0.451154	4.978057
02573		-2.288177	0.431237	4.963461
02574		-2.295696	0.412620	4.951986
02575		-2.307221	0.392719	4.945065
02576		-2.320129	0.376778	4.944063
02577		-2.338159	0.364407	4.946435
02578		-2.355402	0.353469	4.950073
02579		-2.368208	0.344770	4.956204
02580		-2.377541	0.343105	4.965845
02581		-2.383696	0.339954	4.978615
02582		-2.385241	0.340025	4.993516
02583		-2.386566	0.339997	5.008547
02584		-2.385670	0.342123	5.020961
02585		-2.386774	0.341193	5.027628
02586		-2.385536	0.337264	5.028895
02587		-2.384425	0.333696	5.021574
02588		-2.378939	0.329795	5.011651
02589		-2.373048	0.322745	4.993945
02590		-2.368365	0.315505	4.972149
02591		-2.366235	0.308766	4.948454
02592		-2.364288	0.304258	4.924174
02593		-2.366301	0.300579	4.899329
02594		-2.368675	0.299921	4.872913
02595		-2.368263	0.299444	4.852364
02596		-2.369291	0.297469	4.831852
02597		-2.369692	0.297091	4.819724
02598		-2.369182	0.295256	4.814985
02599		-2.369087	0.292591	4.815156
02600		-2.372826	0.289620	4.819509
02601		-2.379534	0.286640	4.825124
02602		-2.387272	0.283772	4.829745
02603		-2.394474	0.275970	4.834792
02604		-2.400677	0.269835	4.839512
02605		-2.407822	0.264120	4.839429
02606		-2.416145	0.260352	4.834798
02607		-2.422860	0.255064	4.826876
02608		-2.427040	0.247089	4.816616
02609		-2.429772	0.238402	4.802060
02610		-2.434412	0.224377	4.779748
02611		-2.437538	0.215080	4.759033
02612		-2.439902	0.205012	4.735369
02613		-2.440236	0.195155	4.716681
02614		-2.442998	0.186791	4.700413
02615		-2.446904	0.179762	4.687710
02616		-2.453722	0.169399	4.676835
02617		-2.460909	0.158143	4.666173
02618		-2.462607	0.143920	4.658297
02619		-2.464094	0.128570	4.653129
02620		-2.463866	0.111679	4.651515
02621		-2.465230	0.094542	4.654576
02622		-2.467957	0.082387	4.660978
02623		-2.472239	0.073235	4.673743
02624		-2.475441	0.071190	4.692019
02625		-2.476689	0.075528	4.715492
02626		-2.475107	0.085021	4.740503
02627		-2.474037	0.094405	4.760079
02628		-2.469768	0.106155	4.776345
02629		-2.464322	0.120937	4.781273
02630		-2.456638	0.128345	4.777007
02631		-2.446527	0.131999	4.761429
02632		-2.439090	0.132471	4.736734
02633		-2.431232	0.129899	4.708914
02634		-2.421159	0.122243	4.685456
02635		-2.417260	0.113662	4.667007
02636		-2.416013	0.108554	4.661462
02637		-2.415976	0.113211	4.668653
02638		-2.415365	0.122391	4.689714
02639		-2.411070	0.135041	4.723853
02640		-2.402196	0.152031	4.766901
02641		-2.387223	0.171234	4.814195
02642		-2.368475	0.192543	4.860623
02643		-2.349223	0.215027	4.903042
02644		-2.327006	0.237459	4.939495
02645		-2.306460	0.260295	4.965610
02646		-2.287035	0.278851	4.982270
02647		-2.268509	0.286248	4.987978
02648		-2.250045	0.283406	4.983276
02649		-2.237808	0.275219	4.970500
02650		-2.229755	0.258818	4.948662
02651		-2.225427	0.240275	4.922947
02652		-2.226092	0.217907	4.900502
02653		-2.231123	0.194834	4.883241
02654		-2.241270	0.170898	4.872436
02655		-2.255058	0.142946	4.865984
02656		-2.270386	0.112445	4.862141
02657		-2.282740	0.077993	4.858745
02658		-2.292906	0.036263	4.850812
02659		-2.304589	-0.015295	4.836183
02660		-2.321455	-0.083715	4.808754
02661		-2.340905	-0.158217	4.766732
02662		-2.366669	-0.230226	4.710850
02663		-2.396268	-0.311015	4.643066
02664		-2.423075	-0.399465	4.573143
02665		-2.438948	-0.484730	4.510100
02666		-2.451662	-0.566483	4.455171
02667		-2.447968	-0.641028	4.409317
02668		-2.418826	-0.705601	4.357952
02669		-2.356786	-0.762863	4.306495
02670		-2.261810	-0.810656	4.256703
02671		-2.131873	-0.852319	4.213502
02672		-1.968069	-0.891365	4.185737
02673		-1.765827	-0.917402	4.182044
02674		-1.532219	-0.924765	4.209080
02675		-1.262099	-0.906878	4.271646
02676		-0.960503	-0.868411	4.370489
02677		-0.624004	-0.799964	4.512181
02678		-0.255088	-0.711568	4.695428
02679		0.145413	-0.607027	4.916951
02680		0.575152	-0.486545	5.166822
02681		1.030693	-0.355104	5.440194
02682		1.514922	-0.212434	5.727472
02683		2.025190	-0.051070	6.027214
02684		2.557876	0.112262	6.328688
02685		3.112796	0.276794	6.632685
02686		3.686409	0.445704	6.935222
02687		4.271657	0.612984	7.225986
02688		4.856099	0.780222	7.485679
02689		5.435904	0.959534	7.718783
02690		6.019047	1.150189	7.950933
02691		6.615348	1.333848	8.204592
02692		7.237944	1.466146	8.481575
02693		7.892026	1.564926	8.781893
02694		8.587025	1.618579	9.099054
02695		9.310054	1.636609	9.412101
02696		10.045761	1.638130	9.679514
02697		10.799498	1.635287	9.877190
02698		11.601888	1.651014	9.982861
02699		12.477598	1.690057	9.960754
02700		13.385299	1.789980	9.827275
02701		14.241168	1.973095	9.692427
02702		15.020070	2.178883	9.713346
02703		15.768782	2.274884	9.958432
02704		16.557268	2.239273	10.421120
02705		17.462129	2.171665	11.069762
02706		18.529904	2.097386	11.805885
02707		19.769345	1.921776	12.498422
02708		21.120955	1.662086	13.079743
02709		22.551677	1.394187	13.580655
02710		24.049738	1.124204	14.038662
02711		25.589987	0.843049	14.477018
02712		27.129339	0.538122	14.864544
02713		28.636072	0.202731	15.178019
02714		30.101117	-0.151323	15.436877
02715		31.504500	-0.497873	15.636421
02716		32.827090	-0.791491	15.762665
02717		34.077970	-0.984503	15.807255
02718		35.277114	-1.072309	15.798818
02719		36.438219	-1.093684	15.767121
02720		37.556219	-1.077848	15.734507
02721		38.639311	-1.025441	15.694550
02722		39.677507	-0.948158	15.607126
02723		40.662871	-0.814985	15.453947
02724		41.606735	-0.598139	15.254714
02725		42.538474	-0.346258	15.052279
02726		43.451553	-0.104246	14.856636
02727		44.335670	0.141653	14.656805
02728		45.195547	0.420291	14.469738
02729		46.038616	0.711451	14.306821
02730		46.850385	0.984040	14.165875
02731		47.621137	1.228583	14.037273
02732		48.341269	1.459502	13.924567
02733		49.010414	1.658184	13.833827
02734		49.615481	1.807164	13.744082
02735		50.143900	1.882627	13.641214
02736		50.587074	1.892875	13.529294
02737		50.946250	1.859885	13.423569
02738		51.236062	1.826494	13.374171
02739		51.473017	1.798680	13.430081
02740		51.663774	1.712758	13.539801
02741		51.795731	1.535290	13.654432
02742		51.868444	1.303992	13.760282
02743		51.889006	1.054069	13.843087
02744		51.865547	0.833390	13.903298
02745		51.816609	0.654567	13.949324
02746		51.748246	0.485733	13.962389
02747		51.666393	0.311851	13.977635
02748		51.588415	0.129862	14.036247
02749		51.508287	-0.048542	14.137841
02750		51.402145	-0.191403	14.242161
02751		51.259453	-0.271533	14.328759
02752		51.080205	-0.271752	14.383810
02753		50.881296	-0.190995	14.449445
02754		50.687896	-0.104259	14.502115
02755		50.504025	-0.043274	14.501506
02756		50.313657	0.031801	14.451414
02757		50.099039	0.147436	14.337218
02758		49.852969	0.329697	14.226041
02759		49.589488	0.525125	14.121920
02760		49.334630	0.685569	14.027937
02761		49.114058	0.788279	13.984839
02762		48.917042	0.822329	13.959663
02763		48.718595	0.859465	13.928720
02764		48.500819	0.974262	13.816665
02765		48.291396	1.173481	13.668976
02766		48.140959	1.471600	13.726090
02767		48.084430	1.651938	13.795983
02768		48.094034	1.698781	13.810929
02769		48.150878	1.736231	13.848433
02770		48.213994	1.764560	13.937115
02771		48.252845	1.793668	14.080359
02772		48.229417	1.862238	14.259346
02773		48.124250	1.977601	14.420274
02774		47.926730	2.145133	14.493778
02775		47.642921	2.384053	14.448153
02776		47.287582	2.728075	14.281384
02777		46.891906	3.207472	14.081183
02778		46.509215	3.768960	13.936282
02779		46.161066	4.280179	13.839856
02780		45.860725	4.662330	13.778425
02781		45.614112	4.930817	13.791397
02782		45.420253	5.137648	13.875702
02783		45.270004	5.304090	14.003751
02784		45.147754	5.416449	14.133167
02785		45.034485	5.464099	14.241957
02786		44.917714	5.460186	14.333584
02787		44.791823	5.442132	14.422921
02788		44.648319	5.427716	14.497929
02789		44.481562	5.428680	14.548889
02790		44.292282	5.442157	14.578676
02791		44.078258	5.471560	14.591932
02792		43.839310	5.559276	14.608176
02793		43.569430	5.709466	14.596366
02794		43.260165	5.855374	14.518223
02795		42.918278	5.962274	14.421202
02796		42.554561	6.012168	14.356209
02797		42.177686	5.966032	14.362547
02798		41.788012	5.856735	14.470571
02799		41.357671	5.676055	14.638626
02800		40.856361	5.438561	14.817644
02801		40.277808	5.197304	14.983746
02802		39.634993	5.008344	15.169128
02803		38.934648	4.823723	15.385561
02804		38.163043	4.607807	15.577244
02805		37.337127	4.372097	15.703460
02806		36.492595	4.146236	15.798538
02807		35.651660	3.926305	15.899395
02808		34.806588	3.739448	15.997769
02809		33.960898	3.606103	16.089518
02810		33.101015	3.540900	16.174225
02811		32.231764	3.550124	16.225647
02812		31.364364	3.615034	16.242551
02813		30.508355	3.737593	16.224357
02814		29.667454	3.920228	16.183574
02815		28.847505	4.121387	16.138416
02816		28.034609	4.308611	16.108635
02817		27.218698	4.463955	16.099624
02818		26.389020	4.574901	16.140539
02819		25.577515	4.673454	16.235652
02820		24.813361	4.768790	16.375213
02821		24.124432	4.846496	16.559326
02822		23.492181	4.920032	16.792685
02823		22.883741	4.982498	17.047771
02824		22.253406	5.034607	17.283965
02825		21.595442	5.066683	17.494950
02826		20.938092	5.068007	17.706086
02827		20.304775	5.041589	17.916446
02828		19.707017	4.979965	18.127578
02829		19.147267	4.885290	18.323352
02830		18.620749	4.763091	18.497885
02831		18.121093	4.637726	18.645564
02832		17.633001	4.525282	18.782388
02833		17.145688	4.437253	18.903056
02834		16.642586	4.377170	19.001715
02835		16.112514	4.331130	19.039216
02836		15.556811	4.279662	18.979326
02837		14.995189	4.247410	18.803683
02838		14.430803	4.249874	18.527071
02839		13.861598	4.293548	18.159305
02840		13.298625	4.351148	17.745070
02841		12.748255	4.406545	17.316565
02842		12.215087	4.437166	16.897759
02843		11.697871	4.437484	16.485654
02844		11.200204	4.428231	16.093842
02845		10.719079	4.411529	15.713351
02846		10.262793	4.386825	15.377021
02847		9.833660	4.359139	15.104906
02848		9.421511	4.315143	14.899902
02849		9.021465	4.240707	14.728945
02850		8.626749	4.160607	14.590598
02851		8.242273	4.068131	14.462986
02852		7.877173	3.956797	14.356468
02853		7.534905	3.851369	14.270695
02854		7.206995	3.749396	14.197414
02855		6.887605	3.641603	14.098918
02856		6.573103	3.546056	13.974033
02857		6.274688	3.479814	13.809018
02858		5.990541	3.435165	13.602110
02859		5.733898	3.380533	13.353488
02860		5.505612	3.325527	13.089422
02861		5.308354	3.284768	12.809126
02862		5.131327	3.249665	12.519086
02863		4.963880	3.210043	12.189880
02864		4.796554	3.162230	11.818029
02865		4.645011	3.110272	11.404965
02866		4.501974	3.044486	10.969406
02867		4.356716	2.987870	10.506265
02868		4.195638	2.956354	10.029614
02869		4.022153	2.926552	9.545928
02870		3.843309	2.874936	9.069780
02871		3.655958	2.830524	8.599647
02872		3.442928	2.747213	8.161817
02873		3.198009	2.655655	7.823962
02874		2.930001	2.667162	7.654244
02875		2.658287	2.586601	7.522717
02876		2.439100	2.464465	7.424417
02877		2.305664	2.453711	7.418893
02878		2.202656	2.491518	7.467681
02879		2.087639	2.540682	7.472864
02880		1.969479	2.598639	7.387781
02881		1.880675	2.601568	7.177370
02882		1.805624	2.561872	6.819716
02883		1.709903	2.525838	6.297305
02884		1.553124	2.468574	5.635654
02885		1.330847	2.383657	4.877912
02886		1.053441	2.277826	4.099112
02887		0.757383	2.161473	3.371720
02888		0.473548	2.036634	2.779443
02889		0.230264	1.900879	2.348279
02890		0.037246	1.767705	2.085669
02891		-0.134824	1.659812	1.949955
02892		-0.303399	1.578550	1.915249
02893		-0.472360	1.517954	1.946325
02894		-0.638877	1.465366	2.020549
02895		-0.801239	1.408710	2.099705
02896		-0.963644	1.330049	2.180700
02897		-1.131307	1.240313	2.240072
02898		-1.305634	1.161118	2.286710
02899		-1.476201	1.085550	2.292804
02900		-1.628791	1.018828	2.247916
02901		-1.758057	0.959635	2.136607
02902		-1.865231	0.906000	1.993324
02903		-1.953636	0.853663	1.847091
02904		-2.032885	0.802161	1.743673
02905		-2.109045	0.758401	1.691674
02906		-2.183807	0.721033	1.700469
02907		-2.257330	0.692026	1.736580
02908		-2.327007	0.678487	1.794324
02909		-2.385543	0.684233	1.849516
02910		-2.436976	0.693156	1.903643
02911		-2.478410	0.684545	1.947118
02912		-2.518926	0.650274	1.998313
02913		-2.564112	0.601445	2.045171
02914		-2.607850	0.560103	2.088636
02915		-2.647715	0.529961	2.104047
02916		-2.677712	0.504942	2.093367
02917		-2.693729	0.488605	2.044606
02918		-2.704111	0.475100	1.960932
02919		-2.712592	0.465071	1.836949
02920		-2.722149	0.460571	1.689945
02921		-2.730306	0.453343	1.515578
02922		-2.732052	0.442905	1.338770
02923		-2.736401	0.430223	1.160807
02924		-2.741961	0.419718	1.002928
02925		-2.750392	0.398693	0.852476
02926		-2.768190	0.372341	0.710805
02927		-2.792013	0.335948	0.558730
02928		-2.820710	0.280996	0.399306
02929		-2.854130	0.220975	0.224476
02930		-2.887429	0.165247	0.050592
02931		-2.916501	0.109702	-0.124206
02932		-2.941070	0.063889	-0.274499
02933		-2.960720	0.024546	-0.402117
02934		-2.979685	-0.003959	-0.480477
02935		-2.991803	-0.018777	-0.511948
02936		-3.003678	-0.017464	-0.491450
02937		-3.017687	-0.002776	-0.444847
02938		-3.034901	0.014040	-0.389315
02939		-3.054600	0.029039	-0.347613
02940		-3.070979	0.038847	-0.317838
02941		-3.083379	0.037497	-0.302023
02942		-3.091938	0.026286	-0.288490
02943		-3.097936	0.007551	-0.281216
02944		-3.107147	-0.008012	-0.267601
02945		-3.113559	-0.021239	-0.254979
02946		-3.124506	-0.035334	-0.233620
02947		-3.133815	-0.058840	-0.216354
02948		-3.144054	-0.081697	-0.186244
02949		-3.153987	-0.104642	-0.153004
02950		-3.166163	-0.121449	-0.102215
02951		-3.171984	-0.136173	-0.040404
02952		-3.175120	-0.149556	0.039346
02953		-3.180318	-0.162588	0.120649
02954		-3.182645	-0.173905	0.211978
02955		-3.187949	-0.188031	0.295904
02956		-3.196696	-0.206533	0.374107
02957		-3.204942	-0.226094	0.431545
02958		-3.213617	-0.247972	0.472125
02959		-3.224986	-0.271881	0.484512
02960		-3.237842	-0.295329	0.484247
02961		-3.249276	-0.318843	0.472730
02962		-3.265894	-0.347159	0.461751
02963		-3.283074	-0.372981	0.449103
02964		-3.303075	-0.398468	0.449084
02965		-3.319044	-0.418569	0.453084
02966		-3.329569	-0.435953	0.473452
02967		-3.332104	-0.451337	0.502153
02968		-3.330942	-0.465203	0.543242
02969		-3.327637	-0.479271	0.580518
02970		-3.319175	-0.491953	0.622291
02971		-3.310205	-0.498386	0.657201
02972		-3.294032	-0.501777	0.697388
02973		-3.277813	-0.502794	0.727266
02974		-3.262262	-0.501484	0.757728
02975		-3.245850	-0.503203	0.777267
02976		-3.229376	-0.508036	0.797071
02977		-3.211291	-0.515860	0.807205
02978		-3.194232	-0.527326	0.819576
02979		-3.177138	-0.541954	0.831447
02980		-3.167301	-0.557779	0.850839
02981		-3.158509	-0.572889	0.876098
02982		-3.151776	-0.584484	0.911741
02983		-3.144454	-0.588906	0.948859
02984		-3.140067	-0.589816	0.995677
02985		-3.132776	-0.587886	1.042870
02986		-3.122326	-0.580824	1.095270
02987		-3.112748	-0.573739	1.143283
02988		-3.109188	-0.566053	1.187545
02989		-3.104807	-0.561374	1.220961
02990		-3.103643	-0.559852	1.251009
02991		-3.105955	-0.558375	1.269285
02992		-3.112489	-0.556193	1.290336
02993		-3.121179	-0.557767	1.307571
02994		-3.133263	-0.558787	1.339571
02995		-3.147713	-0.555383	1.374119
02996		-3.163629	-0.547823	1.425359
02997		-3.179499	-0.541217	1.480314
02998		-3.197434	-0.533271	1.546172
02999		-3.212972	-0.523080	1.610774
03000		-3.231888	-0.512137	1.679035
03001		-3.244501	-0.504410	1.739565
03002		-3.257566	-0.498408	1.799948
03003		-3.266916	-0.498925	1.848236
03004		-3.277310	-0.494442	1.887936
03005		-3.287101	-0.493018	1.907456
03006		-3.298080	-0.493128	1.914871
03007		-3.307325	-0.497970	1.900264
03008		-3.314420	-0.503215	1.874491
03009		-3.314212	-0.511270	1.829382
03010		-3.312521	-0.516419	1.778697
03011		-3.305529	-0.528083	1.717860
03012		-3.291813	-0.539751	1.662755
03013		-3.274762	-0.552168	1.603874
03014		-3.260027	-0.564629	1.550575
03015		-3.246305	-0.577097	1.492988
03016		-3.235922	-0.593120	1.439758
03017		-3.226544	-0.613472	1.382855
03018		-3.219436	-0.634928	1.334109
03019		-3.218529	-0.654735	1.283169
03020		-3.225728	-0.674889	1.242633
03021		-3.237140	-0.692056	1.206887
03022		-3.251180	-0.704483	1.187770
03023		-3.265940	-0.711324	1.175163
03024		-3.280909	-0.715684	1.177367
03025		-3.297725	-0.719168	1.182723
03026		-3.308789	-0.724991	1.199894
03027		-3.322827	-0.729110	1.218596
03028		-3.332286	-0.734008	1.246057
03029		-3.334542	-0.738711	1.273402
03030		-3.336079	-0.745987	1.302268
03031		-3.333063	-0.753240	1.318854
03032		-3.329010	-0.760372	1.328648
03033		-3.323001	-0.768617	1.316562
03034		-3.310868	-0.773234	1.293756
03035		-3.296242	-0.779539	1.252914
03036		-3.282949	-0.789595	1.195698
03037		-3.267975	-0.799091	1.124091
03038		-3.255490	-0.809875	1.046313
03039		-3.244573	-0.823393	0.958215
03040		-3.237064	-0.839502	0.871992
03041		-3.231813	-0.858270	0.784157
03042		-3.229918	-0.879834	0.709200
03043		-3.228541	-0.907192	0.642307
03044		-3.229654	-0.938619	0.597985
03045		-3.229742	-0.967645	0.569848
03046		-3.231790	-0.992426	0.566996
03047		-3.231421	-1.012835	0.578654
03048		-3.232482	-1.031519	0.613661
03049		-3.234813	-1.046508	0.657765
03050		-3.236116	-1.057321	0.721409
03051		-3.234696	-1.063201	0.791407
03052		-3.233305	-1.063220	0.876338
03053		-3.227030	-1.064055	0.959357
03054		-3.220158	-1.062176	1.046880
03055		-3.210182	-1.064375	1.124124
03056		-3.200377	-1.073295	1.196444
03057		-3.188187	-1.087137	1.253891
03058		-3.178337	-1.104157	1.303916
03059		-3.166075	-1.122810	1.336195
03060		-3.158784	-1.137541	1.362619
03061		-3.145886	-1.150753	1.373549
03062		-3.132695	-1.162826	1.378923
03063		-3.112770	-1.173909	1.374129
03064		-3.086395	-1.184584	1.370570
03065		-3.050692	-1.198664	1.359760
03066		-3.003699	-1.215246	1.352547
03067		-2.948282	-1.236150	1.344858
03068		-2.885776	-1.263300	1.345148
03069		-2.804452	-1.297994	1.345372
03070		-2.710899	-1.338719	1.352187
03071		-2.601565	-1.385058	1.354213
03072		-2.478173	-1.435363	1.353103
03073		-2.333996	-1.482257	1.336687
03074		-2.168015	-1.522937	1.308318
03075		-1.973586	-1.558521	1.265329
03076		-1.754093	-1.590886	1.216328
03077		-1.513854	-1.620770	1.157269
03078		-1.258536	-1.641498	1.110866
03079		-0.994198	-1.644690	1.076942
03080		-0.723651	-1.638033	1.062406
03081		-0.446888	-1.628914	1.049197
03082		-0.168455	-1.615477	1.036730
03083		0.116624	-1.599818	1.013784
03084		0.403850	-1.580865	0.987174
03085		0.699123	-1.556404	0.950683
03086		1.005425	-1.530912	0.913862
03087		1.331114	-1.497994	0.872383
03088		1.682565	-1.462209	0.834046
03089		2.068876	-1.419991	0.787091
03090		2.492430	-1.362808	0.746111
03091		2.958969	-1.290523	0.700213
03092		3.463750	-1.207305	0.672673
03093		4.013571	-1.111166	0.666281
03094		4.598627	-1.010789	0.709414
03095		5.217675	-0.892830	0.815905
03096		5.868278	-0.754031	1.032930
03097		6.560086	-0.617588	1.376641
03098		7.287580	-0.549128	1.812618
03099		8.052714	-0.561692	2.237670
03100		8.864944	-0.561940	2.604553
03101		9.723263	-0.475474	2.822345
03102		10.601942	-0.326001	2.854393
03103		11.466679	-0.098714	2.744555
03104		12.271769	0.212524	2.637045
03105		13.017710	0.513994	2.648910
03106		13.744450	0.700194	2.840055
03107		14.539701	0.750987	3.195246
03108		15.462174	0.786059	3.689256
03109		16.534644	0.847334	4.218501
03110		17.750966	0.909808	4.744635
03111		19.096969	0.951774	5.282145
03112		20.528445	0.947346	5.857515
03113		21.997381	0.903836	6.447828
03114		23.464861	0.832539	7.016604
03115		24.915508	0.718554	7.508812
03116		26.340233	0.568940	7.924478
03117		27.744253	0.426181	8.246783
03118		29.134951	0.316932	8.477666
03119		30.518986	0.219157	8.606667
03120		31.868184	0.174393	8.688157
03121		33.163530	0.207891	8.728795
03122		34.393431	0.325196	8.735023
03123		35.584527	0.525855	8.737393
03124		36.766186	0.747795	8.753549
03125		37.935563	0.956385	8.778319
03126		39.053538	1.167691	8.784819
03127		40.097563	1.428323	8.757675
03128		41.065141	1.722497	8.691318
03129		41.960428	2.021493	8.602773
03130		42.793674	2.316099	8.521334
03131		43.582817	2.591647	8.462011
03132		44.348538	2.837524	8.445929
03133		45.112854	3.039129	8.481509
03134		45.869243	3.173678	8.545642
03135		46.606909	3.247862	8.618780
03136		47.314528	3.268609	8.673063
03137		47.981620	3.244696	8.692876
03138		48.597203	3.213677	8.711528
03139		49.156252	3.169257	8.760748
03140		49.654498	3.089989	8.828369
03141		50.077349	2.960343	8.878991
03142		50.420812	2.821968	8.935042
03143		50.689144	2.704670	9.001529
03144		50.895269	2.618239	9.077106
03145		51.050425	2.530480	9.135547
03146		51.157858	2.445126	9.153340
03147		51.200283	2.402424	9.094108
03148		51.172788	2.444175	8.964179
03149		51.098829	2.586619	8.841498
03150		50.993989	2.762935	8.729988
03151		50.869176	2.900343	8.612462
03152		50.748406	2.978630	8.529294
03153		50.639243	2.996078	8.478895
03154		50.523671	3.016276	8.481040
03155		50.393099	3.081089	8.518009
03156		50.221829	3.190288	8.543246
03157		50.012660	3.324594	8.535706
03158		49.777008	3.421735	8.463862
03159		49.544972	3.498809	8.423237
03160		49.336932	3.529740	8.469265
03161		49.144669	3.472163	8.523077
03162		48.947824	3.411904	8.587526
03163		48.740578	3.378109	8.655337
03164		48.526819	3.354009	8.697068
03165		48.308583	3.375918	8.732307
03166		48.095462	3.424402	8.778634
03167		47.903250	3.457648	8.885939
03168		47.713806	3.433017	9.048760
03169		47.492108	3.371452	9.230388
03170		47.229256	3.317987	9.441188
03171		46.924817	3.270453	9.673541
03172		46.562084	3.243172	9.883283
03173		46.129889	3.278931	9.943523
03174		45.675403	3.427877	9.858195
03175		45.300208	3.923975	9.942000
03176		45.087394	4.587599	10.008630
03177		44.998910	4.928694	9.770057
03178		44.994664	5.103445	9.490939
03179		45.034532	5.304788	9.338385
03180		45.079663	5.531138	9.320669
03181		45.079714	5.790957	9.383377
03182		44.993332	6.060218	9.464341
03183		44.799267	6.306316	9.503967
03184		44.504121	6.540681	9.471962
03185		44.146880	6.791399	9.369033
03186		43.754108	7.068285	9.199136
03187		43.352945	7.322625	8.987962
03188		42.957971	7.529795	8.777361
03189		42.599089	7.705638	8.608486
03190		42.305252	7.859355	8.497440
03191		42.094693	7.934229	8.416301
03192		41.956585	7.889919	8.370279
03193		41.868089	7.744436	8.395726
03194		41.784734	7.518019	8.548272
03195		41.672282	7.252162	8.823875
03196		41.494386	6.933745	9.173479
03197		41.240609	6.559317	9.566178
03198		40.918219	6.238969	10.058005
03199		40.515194	6.016475	10.551047
03200		40.010673	5.845619	10.935141
03201		39.430565	5.712565	11.212211
03202		38.811403	5.647662	11.469872
03203		38.163650	5.610292	11.690210
03204		37.479133	5.562359	11.895545
03205		36.758072	5.540864	12.081604
03206		35.996787	5.558577	12.247785
03207		35.227348	5.595114	12.421796
03208		34.473367	5.618202	12.675131
03209		33.739904	5.624394	13.002199
03210		33.007185	5.623049	13.364633
03211		32.256081	5.583911	13.692269
03212		31.487737	5.535555	13.964476
03213		30.723630	5.508329	14.161097
03214		29.974210	5.506280	14.292592
03215		29.240648	5.529028	14.359615
03216		28.507499	5.572075	14.378030
03217		27.765073	5.617868	14.341251
03218		27.004242	5.646406	14.274730
03219		26.259537	5.636906	14.204643
03220		25.557049	5.623595	14.186633
03221		24.910077	5.614126	14.229764
03222		24.298057	5.610256	14.322021
03223		23.699964	5.604075	14.421995
03224		23.091405	5.613636	14.538694
03225		22.480297	5.633148	14.637696
03226		21.868597	5.685637	14.702015
03227		21.249752	5.773443	14.693738
03228		20.615639	5.873576	14.634232
03229		19.976873	5.947553	14.546767
03230		19.338156	5.968783	14.470874
03231		18.712453	5.929676	14.425140
03232		18.122771	5.831612	14.450980
03233		17.589190	5.684224	14.553258
03234		17.093741	5.516813	14.724887
03235		16.616084	5.340605	14.924334
03236		16.140527	5.149049	15.126336
03237		15.656643	4.978593	15.267868
03238		15.158710	4.842348	15.336607
03239		14.658407	4.729718	15.330634
03240		14.150822	4.658328	15.236227
03241		13.628836	4.621988	15.047304
03242		13.101919	4.598690	14.797829
03243		12.574743	4.585621	14.531068
03244		12.067586	4.579183	14.276539
03245		11.576183	4.566368	14.017999
03246		11.103736	4.544380	13.763562
03247		10.654702	4.512306	13.528580
03248		10.239734	4.464559	13.320638
03249		9.857004	4.410876	13.134631
03250		9.497124	4.361860	12.970356
03251		9.153620	4.323745	12.836746
03252		8.823527	4.273380	12.726471
03253		8.500140	4.198723	12.619662
03254		8.172866	4.106326	12.541547
03255		7.841253	4.027495	12.494140
03256		7.509238	3.964443	12.450945
03257		7.184659	3.885282	12.401531
03258		6.865375	3.799924	12.329187
03259		6.555694	3.721128	12.206654
03260		6.249518	3.658162	12.021683
03261		5.951810	3.610429	11.801831
03262		5.664775	3.573213	11.555834
03263		5.398173	3.530750	11.301222
03264		5.153683	3.474819	11.048114
03265		4.928562	3.411234	10.806501
03266		4.728014	3.342080	10.565226
03267		4.550900	3.267066	10.307971
03268		4.389725	3.192373	10.022437
03269		4.253932	3.123971	9.709996
03270		4.152020	3.074404	9.364802
03271		4.094406	3.031096	9.001578
03272		4.074893	2.978342	8.639416
03273		4.068353	2.908849	8.256627
03274		4.048134	2.822684	7.807502
03275		3.998514	2.723785	7.274474
03276		3.926997	2.623141	6.670543
03277		3.850584	2.517514	6.012543
03278		3.786158	2.459177	5.344478
03279		3.742715	2.438572	4.753748
03280		3.726857	2.383836	4.309090
03281		3.746405	2.250664	4.047210
03282		3.790804	2.093997	3.963605
03283		3.817173	2.002154	4.012932
03284		3.809482	1.943616	4.111486
03285		3.796294	1.911674	4.204125
03286		3.793218	1.953553	4.271668
03287		3.784813	2.057287	4.285920
03288		3.744665	2.168749	4.211807
03289		3.651402	2.226024	4.033740
03290		3.491341	2.207129	3.757254
03291		3.259673	2.148466	3.405163
03292		2.973389	2.058196	3.025941
03293		2.671137	1.941721	2.698488
03294		2.383770	1.796688	2.495400
03295		2.128179	1.623074	2.464392
03296		1.917546	1.434680	2.617961
03297		1.748823	1.255499	2.924451
03298		1.606556	1.099213	3.314029
03299		1.482263	0.962785	3.718123
03300		1.371248	0.850266	4.086202
03301		1.270979	0.760320	4.382397
03302		1.190027	0.688935	4.588744
03303		1.133395	0.633218	4.700935
03304		1.096956	0.588393	4.725504
03305		1.070112	0.538354	4.655833
03306		1.051319	0.483462	4.487854
03307		1.032636	0.429501	4.219639
03308		1.014773	0.388691	3.860740
03309		0.992889	0.369978	3.428739
03310		0.969953	0.359978	2.942124
03311		0.946258	0.351818	2.426597
03312		0.925741	0.331263	1.918331
03313		0.910300	0.293742	1.456005
03314		0.893086	0.246083	1.065867
03315		0.881380	0.191163	0.765792
03316		0.874877	0.134858	0.575227
03317		0.869750	0.080692	0.495922
03318		0.868152	0.023124	0.526806
03319		0.867230	-0.046126	0.648910
03320		0.867496	-0.120133	0.831717
03321		0.861143	-0.200041	1.030657
03322		0.856826	-0.278379	1.205287
03323		0.852708	-0.352321	1.325498
03324		0.857013	-0.419718	1.391282
03325		0.865702	-0.479305	1.396594
03326		0.885490	-0.530595	1.351462
03327		0.907260	-0.572354	1.264040
03328		0.925482	-0.602672	1.138306
03329		0.940026	-0.616897	0.982838
03330		0.942113	-0.618290	0.799594
03331		0.942269	-0.610742	0.601533
03332		0.942739	-0.600547	0.396741
03333		0.947334	-0.600445	0.183838
03334		0.960159	-0.611064	-0.030340
03335		0.978965	-0.634769	-0.239597
03336		1.003558	-0.671049	-0.442307
03337		1.024630	-0.715298	-0.637690
03338		1.045385	-0.761172	-0.825247
03339		1.058407	-0.807942	-1.005099
03340		1.065020	-0.854450	-1.169968
03341		1.068675	-0.897596	-1.315232
03342		1.072273	-0.940125	-1.437722
03343		1.076205	-0.977443	-1.535630
03344		1.083852	-1.003666	-1.609142
03345		1.095199	-1.023996	-1.650602
03346		1.113984	-1.036520	-1.658141
03347		1.136656	-1.036184	-1.635953
03348		1.158651	-1.036723	-1.594671
03349		1.177649	-1.038009	-1.537813
03350		1.191480	-1.036525	-1.473818
03351		1.200639	-1.035923	-1.406278
03352		1.203728	-1.034204	-1.338626
03353		1.200060	-1.034475	-1.274619
03354		1.196243	-1.039692	-1.221885
03355		1.187580	-1.050844	-1.183979
03356		1.177651	-1.069233	-1.161130
03357		1.163241	-1.093580	-1.160192
03358		1.150707	-1.119445	-1.178585
03359		1.140259	-1.145189	-1.211064
03360		1.135288	-1.168888	-1.248775
03361		1.134247	-1.189822	-1.290484
03362		1.138442	-1.208367	-1.331922
03363		1.141939	-1.217731	-1.373740
03364		1.146016	-1.222177	-1.417601
03365		1.149640	-1.230712	-1.467466
03366		1.155133	-1.238937	-1.520296
03367		1.162276	-1.245838	-1.582697
03368		1.170228	-1.253792	-1.649632
03369		1.181471	-1.262497	-1.713887
03370		1.196354	-1.269802	-1.766845
03371		1.214174	-1.277186	-1.806113
03372		1.235812	-1.285520	-1.829033
03373		1.253472	-1.294985	-1.835587
03374		1.272105	-1.307686	-1.831348
03375		1.290509	-1.325165	-1.821906
03376		1.308310	-1.342795	-1.811668
03377		1.323620	-1.361589	-1.798425
03378		1.336302	-1.377745	-1.785656
03379		1.346090	-1.391846	-1.775804
03380		1.353749	-1.400563	-1.765097
03381		1.361703	-1.404861	-1.758868
03382		1.370446	-1.405091	-1.753744
03383		1.377358	-1.404142	-1.749752
03384		1.383404	-1.399016	-1.748617
03385		1.386685	-1.393652	-1.751765
03386		1.388366	-1.390424	-1.759527
03387		1.391650	-1.392336	-1.765865
03388		1.387060	-1.394915	-1.768011
03389		1.381017	-1.399610	-1.765365
03390		1.368692	-1.403717	-1.759322
03391		1.353133	-1.405710	-1.749099
03392		1.331991	-1.405364	-1.733236
03393		1.307432	-1.402626	-1.707710
03394		1.274610	-1.402714	-1.670691
03395		1.239678	-1.405472	-1.618578
03396		1.203545	-1.407424	-1.549254
03397		1.167885	-1.408485	-1.466634
03398		1.131523	-1.414561	-1.376419
03399		1.097239	-1.425946	-1.287158
03400		1.062659	-1.438679	-1.201692
03401		1.026639	-1.454331	-1.125582
03402		0.994091	-1.470765	-1.063274
03403		0.961918	-1.484025	-1.013129
03404		0.934150	-1.493185	-0.972518
03405		0.906921	-1.506783	-0.942472
03406		0.884859	-1.520639	-0.920549
03407		0.869130	-1.539621	-0.911805
03408		0.858645	-1.562420	-0.918589
03409		0.856606	-1.584248	-0.938196
03410		0.856400	-1.605063	-0.971870
03411		0.859963	-1.622873	-1.014278
03412		0.866936	-1.636204	-1.061563
03413		0.879145	-1.647557	-1.107870
03414		0.893221	-1.656669	-1.155805
03415		0.903409	-1.664620	-1.209792
03416		0.910720	-1.668899	-1.269943
03417		0.915722	-1.670282	-1.333114
03418		0.926764	-1.665135	-1.393997
03419		0.933399	-1.662582	-1.449514
03420		0.944318	-1.660041	-1.493561
03421		0.950498	-1.662334	-1.524931
03422		0.954902	-1.669745	-1.542404
03423		0.955475	-1.680387	-1.550397
03424		0.953209	-1.691935	-1.549040
03425		0.944106	-1.703204	-1.541286
03426		0.935329	-1.715806	-1.529326
03427		0.924396	-1.734029	-1.516159
03428		0.916901	-1.757433	-1.495819
03429		0.908427	-1.782450	-1.479439
03430		0.901820	-1.809449	-1.465762
03431		0.897538	-1.832529	-1.455492
03432		0.896072	-1.858283	-1.450992
03433		0.896271	-1.884811	-1.455790
03434		0.904509	-1.909431	-1.463221
03435		0.917494	-1.936848	-1.470767
03436		0.935372	-1.960188	-1.479890
03437		0.957924	-1.982154	-1.487994
03438		0.987476	-2.004783	-1.497797
03439		1.022556	-2.027217	-1.508116
03440		1.062266	-2.048736	-1.521956
03441		1.104854	-2.069233	-1.534924
03442		1.151465	-2.089066	-1.547620
03443		1.203052	-2.107915	-1.549745
03444		1.261261	-2.123603	-1.540610
03445		1.325329	-2.133900	-1.520447
03446		1.397276	-2.137231	-1.489360
03447		1.482260	-2.138244	-1.451261
03448		1.580999	-2.135852	-1.405251
03449		1.700726	-2.126086	-1.349686
03450		1.838465	-2.115733	-1.287337
03451		2.001463	-2.102573	-1.222663
03452		2.187070	-2.094050	-1.154428
03453		2.389421	-2.090757	-1.087987
03454		2.609696	-2.088992	-1.013215
03455		2.843684	-2.090429	-0.925877
03456		3.090118	-2.091066	-0.820039
03457		3.344213	-2.088119	-0.692622
03458		3.599364	-2.084318	-0.540637
03459		3.848832	-2.074552	-0.369054
03460		4.091577	-2.055431	-0.172617
03461		4.328557	-2.025351	0.033730
03462		4.567385	-1.963914	0.240435
03463		4.814366	-1.886970	0.424958
03464		5.081401	-1.795995	0.572873
03465		5.365179	-1.658882	0.698919
03466		5.674973	-1.464553	0.848205
03467		6.018858	-1.263069	1.047580
03468		6.416250	-1.092800	1.322486
03469		6.879167	-0.970387	1.646729
03470		7.403402	-0.868431	1.955286
03471		7.976432	-0.766661	2.194015
03472		8.582431	-0.658330	2.367200
03473		9.207239	-0.541401	2.499658
03474		9.827570	-0.431636	2.648236
03475		10.440883	-0.338588	2.903095
03476		11.070586	-0.262904	3.304314
03477		11.765525	-0.191819	3.830360
03478		12.566323	-0.143870	4.408502
03479		13.496002	-0.102912	4.971530
03480		14.532791	-0.081948	5.441372
03481		15.643951	-0.092876	5.779133
03482		16.807955	-0.117898	6.009544
03483		18.030876	-0.158710	6.178793
03484		19.306518	-0.217621	6.306479
03485		20.606590	-0.272395	6.381370
03486		21.900817	-0.306397	6.373500
03487		23.181280	-0.323686	6.289967
03488		24.458827	-0.341376	6.164726
03489		25.764613	-0.389927	6.032747
03490		27.100226	-0.472139	5.914608
03491		28.430303	-0.577224	5.819696
03492		29.719313	-0.668561	5.742473
03493		30.957963	-0.723494	5.673440
03494		32.158565	-0.756853	5.607199
03495		33.326477	-0.772168	5.573318
03496		34.463481	-0.767974	5.582062
03497		35.590569	-0.754188	5.630698
03498		36.696033	-0.751988	5.684715
03499		37.767378	-0.735394	5.726657
03500		38.793435	-0.696254	5.753750
03501		39.778780	-0.643667	5.764791
03502		40.738419	-0.574576	5.781142
03503		41.689921	-0.502730	5.833829
03504		42.614476	-0.463313	5.930105
03505		43.487419	-0.435750	6.024067
03506		44.322597	-0.389328	6.108958
03507		45.125426	-0.352815	6.166623
03508		45.874638	-0.321979	6.185895
03509		46.567521	-0.278798	6.179989
03510		47.200238	-0.217365	6.180115
03511		47.773763	-0.140111	6.191701
03512		48.281898	-0.049541	6.176907
03513		48.726879	0.062144	6.141282
03514		49.123569	0.170328	6.100439
03515		49.459204	0.245758	6.017790
03516		49.718187	0.338488	5.935449
03517		49.924885	0.437573	5.884855
03518		50.082563	0.492112	5.838020
03519		50.186090	0.520229	5.798716
03520		50.236703	0.546957	5.843391
03521		50.269272	0.499088	5.948156
03522		50.287789	0.327556	6.061833
03523		50.269931	0.105881	6.118055
03524		50.214857	-0.068692	6.161288
03525		50.150717	-0.178335	6.255198
03526		50.094393	-0.295737	6.384021
03527		50.054010	-0.439378	6.483289
03528		50.010824	-0.542001	6.579480
03529		49.954808	-0.578307	6.678153
03530		49.884135	-0.583993	6.819682
03531		49.801856	-0.621549	6.980111
03532		49.692446	-0.684196	7.142389
03533		49.544822	-0.698805	7.287459
03534		49.353649	-0.632766	7.426913
03535		49.134391	-0.530128	7.528638
03536		48.904314	-0.456482	7.614696
03537		48.673135	-0.453383	7.648797
03538		48.429942	-0.458721	7.676285
03539		48.172872	-0.414401	7.671159
03540		47.903511	-0.298760	7.597271
03541		47.646789	-0.088021	7.516437
03542		47.431731	0.184975	7.512880
03543		47.288464	0.427902	7.522015
03544		47.210445	0.600058	7.461048
03545		47.173860	0.783740	7.378649
03546		47.157607	1.011286	7.333265
03547		47.128727	1.287635	7.323417
03548		47.047549	1.623630	7.312957
03549		46.887915	2.020235	7.277482
03550		46.644744	2.458040	7.188042
03551		46.319663	2.919745	7.036683
03552		45.917947	3.403648	6.862450
03553		45.466661	3.901416	6.689144
03554		45.007426	4.383028	6.541041
03555		44.593583	4.789635	6.409129
03556		44.275438	5.062074	6.264556
03557		44.079909	5.185170	6.102520
03558		44.001271	5.194536	5.994401
03559		44.007925	5.120983	5.988941
03560		44.057433	4.983340	6.072272
03561		44.107437	4.811875	6.216299
03562		44.125048	4.621598	6.403536
03563		44.102954	4.415775	6.624907
03564		44.041643	4.172971	6.861459
03565		43.946983	3.915591	7.100416
03566		43.820538	3.699654	7.324587
03567		43.660060	3.544562	7.525755
03568		43.455457	3.440277	7.724880
03569		43.214087	3.363185	7.949754
03570		42.956442	3.283110	8.189678
03571		42.702860	3.196786	8.427677
03572		42.468055	3.131836	8.664641
03573		42.268942	3.103886	8.911694
03574		42.100864	3.098163	9.170103
03575		41.946984	3.101485	9.403349
03576		41.791908	3.109925	9.594762
03577		41.621763	3.142594	9.764499
03578		41.420744	3.208999	9.904092
03579		41.186091	3.265120	10.005947
03580		40.913599	3.314014	10.104868
03581		40.605497	3.364676	10.241139
03582		40.264159	3.417018	10.422074
03583		39.895395	3.414758	10.612756
03584		39.503339	3.356211	10.798204
03585		39.106171	3.237852	10.989199
03586		38.724507	3.084486	11.212337
03587		38.367179	2.935161	11.480366
03588		38.025392	2.772139	11.767029
03589		37.676030	2.589673	12.053440
03590		37.308549	2.411799	12.330532
03591		36.920904	2.244553	12.595419
03592		36.509795	2.108925	12.858931
03593		36.068989	2.012652	13.123599
03594		35.597106	1.945362	13.376739
03595		35.105641	1.896436	13.623878
03596		34.603543	1.879366	13.870071
03597		34.085474	1.888268	14.108396
03598		33.553173	1.926655	14.338951
03599		33.001026	2.007615	14.574555
03600		32.432915	2.124227	14.834765
03601		31.855161	2.277667	15.119096
03602		31.279181	2.452158	15.417421
03603		30.726121	2.615004	15.740807
03604		30.206104	2.777221	16.074381
03605		29.718335	2.957700	16.385824
03606		29.251720	3.155113	16.622341
03607		28.777761	3.355572	16.747624
03608		28.294809	3.578040	16.776470
03609		27.804579	3.836942	16.720599
03610		27.308251	4.109219	16.602094
03611		26.797720	4.349077	16.462962
03612		26.267961	4.546637	16.327892
03613		25.745080	4.686688	16.230553
03614		25.263191	4.738291	16.206746
03615		24.824846	4.736379	16.261017
03616		24.430611	4.700797	16.344801
03617		24.065011	4.659006	16.390461
03618		23.727418	4.662081	16.363172
03619		23.399598	4.706141	16.276121
03620		23.062496	4.782987	16.146412
03621		22.699929	4.889358	15.972075
03622		22.324101	4.991391	15.799617
03623		21.945524	5.078294	15.678730
03624		21.562080	5.157338	15.612504
03625		21.171619	5.217776	15.589336
03626		20.783369	5.232930	15.593255
03627		20.413201	5.211859	15.625767
03628		20.065814	5.184010	15.683902
03629		19.726041	5.151477	15.759164
03630		19.389593	5.120896	15.840011
03631		19.054367	5.095835	15.908318
03632		18.723044	5.066621	15.952968
03633		18.380537	5.044326	15.969119
03634		18.014193	5.030207	15.977894
03635		17.624803	5.004049	15.982688
03636		17.210924	4.965956	15.971775
03637		16.790968	4.909696	15.957543
03638		16.383476	4.851060	15.940002
03639		15.990278	4.790010	15.908316
03640		15.609875	4.734868	15.865706
03641		15.231955	4.676559	15.812755
03642		14.857482	4.614181	15.752040
03643		14.483562	4.540709	15.685995
03644		14.101696	4.460331	15.606797
03645		13.710431	4.378493	15.476381
03646		13.320792	4.286203	15.304961
03647		12.930603	4.209704	15.103617
03648		12.545833	4.148913	14.882733
03649		12.160280	4.086471	14.641904
03650		11.780252	4.008677	14.376451
03651		11.406766	3.933433	14.088453
03652		11.053732	3.874904	13.783452
03653		10.716814	3.828398	13.455189
03654		10.379151	3.795437	13.099063
03655		10.036441	3.777392	12.717052
03656		9.681607	3.764952	12.285301
03657		9.317704	3.748269	11.806667
03658		8.955136	3.739651	11.286181
03659		8.593796	3.727813	10.738298
03660		8.249082	3.674768	10.180274
03661		7.909875	3.617113	9.652149
03662		7.560771	3.589182	9.192775
03663		7.202579	3.529561	8.787274
03664		6.860387	3.412199	8.404988
03665		6.561823	3.308807	8.065553
03666		6.306925	3.255600	7.762333
03667		6.071447	3.226741	7.447019
03668		5.853690	3.206631	7.118469
03669		5.636550	3.155346	6.762518
03670		5.414358	3.088726	6.360370
03671		5.163487	3.014433	5.897625
03672		4.878819	2.920053	5.389414
03673		4.571142	2.797236	4.884939
03674		4.257767	2.664627	4.429650
03675		3.954270	2.516658	4.048478
03676		3.665893	2.361404	3.733641
03677		3.384714	2.216374	3.471696
03678		3.119637	2.074308	3.265342
03679		2.877456	1.922887	3.111970
03680		2.665365	1.757703	3.002411
03681		2.478354	1.602941	2.917100
03682		2.293060	1.472642	2.823570
03683		2.097639	1.352590	2.695184
03684		1.905261	1.226481	2.518767
03685		1.729599	1.086067	2.297760
03686		1.573905	0.961415	2.028577
03687		1.424609	0.881807	1.706561
03688		1.267663	0.844980	1.332489
03689		1.106921	0.794908	0.911949
03690		0.953380	0.717267	0.458870
03691		0.798144	0.627234	-0.004717
03692		0.626464	0.547774	-0.455513
03693		0.441707	0.469923	-0.844524
03694		0.245084	0.387621	-1.119493
03695		0.035040	0.324564	-1.241763
03696		-0.186970	0.276747	-1.224428
03697		-0.413133	0.214259	-1.128357
03698		-0.636490	0.135434	-1.005330
03699		-0.855379	0.060477	-0.885537
03700		-1.057036	-0.009882	-0.765248
03701		-1.234736	-0.093142	-0.633056
03702		-1.390595	-0.181973	-0.484765
03703		-1.530540	-0.261185	-0.325727
03704		-1.659806	-0.330438	-0.174223
03705		-1.785298	-0.389159	-0.057082
03706		-1.907290	-0.429864	0.015170
03707		-2.032447	-0.458866	0.028795
03708		-2.157218	-0.482024	-0.018164
03709		-2.286932	-0.511231	-0.117380
03710		-2.414448	-0.552620	-0.243590
03711		-2.541217	-0.605707	-0.381210
03712		-2.660594	-0.665259	-0.526354
03713		-2.781702	-0.726780	-0.691983
03714		-2.905466	-0.788641	-0.893805
03715		-3.034191	-0.839066	-1.132187
03716		-3.156087	-0.893542	-1.394487
03717		-3.267138	-0.954255	-1.655557
03718		-3.370311	-1.009154	-1.896991
03719		-3.467331	-1.052090	-2.104433
03720		-3.552218	-1.085894	-2.266225
03721		-3.628096	-1.121345	-2.379416
03722		-3.683979	-1.159269	-2.451304
03723		-3.727720	-1.193687	-2.499254
03724		-3.759225	-1.217723	-2.534803
03725		-3.772674	-1.245464	-2.568817
03726		-3.767161	-1.276751	-2.601979
03727		-3.746716	-1.308490	-2.639542
03728		-3.712861	-1.331437	-2.687644
03729		-3.674213	-1.346284	-2.756203
03730		-3.627492	-1.369971	-2.839938
03731		-3.578719	-1.399847	-2.939847
03732		-3.532836	-1.424058	-3.060190
03733		-3.493119	-1.450421	-3.201097
03734		-3.452926	-1.484297	-3.361803
03735		-3.409415	-1.521053	-3.540196
03736		-3.363167	-1.556389	-3.732826
03737		-3.312762	-1.586885	-3.931956
03738		-3.254421	-1.607165	-4.125799
03739		-3.193820	-1.622770	-4.305253
03740		-3.129037	-1.635057	-4.464118
03741		-3.068224	-1.648609	-4.598293
03742		-3.014702	-1.661143	-4.717540
03743		-2.970530	-1.676933	-4.820752
03744		-2.932576	-1.695813	-4.909162
03745		-2.903025	-1.709911	-4.976380
03746		-2.879567	-1.711267	-5.023054
03747		-2.866808	-1.710744	-5.056178
03748		-2.851299	-1.724343	-5.087978
03749		-2.838443	-1.742377	-5.132004
03750		-2.828036	-1.765567	-5.200917
03751		-2.813768	-1.790240	-5.295668
03752		-2.793630	-1.826252	-5.410794
03753		-2.771929	-1.868977	-5.545635
03754		-2.749732	-1.904269	-5.689667
03755		-2.730547	-1.927183	-5.838438
03756		-2.714606	-1.944352	-5.991465
03757		-2.695554	-1.958770	-6.148749
03758		-2.671658	-1.972984	-6.309463
03759		-2.644337	-1.989977	-6.475862
03760		-2.612375	-2.010664	-6.644378
03761		-2.576922	-2.029087	-6.808767
03762		-2.533693	-2.046464	-6.963423
03763		-2.485303	-2.058034	-7.096607
03764		-2.435009	-2.071733	-7.204041
03765		-2.387653	-2.076867	-7.282516
03766		-2.342275	-2.070235	-7.336350
03767		-2.301579	-2.059658	-7.376210
03768		-2.259983	-2.051896	-7.410601
03769		-2.218888	-2.049907	-7.446490
03770		-2.174548	-2.055838	-7.487180
03771		-2.135570	-2.059042	-7.530512
03772		-2.097520	-2.067128	-7.571744
03773		-2.064823	-2.076632	-7.607851
03774		-2.041971	-2.085951	-7.641680
03775		-2.033619	-2.093281	-7.673748
03776		-2.037379	-2.098656	-7.704220
03777		-2.051041	-2.106744	-7.724344
03778		-2.076425	-2.112834	-7.733456
03779		-2.109951	-2.118985	-7.732429
03780		-2.143802	-2.123572	-7.722917
03781		-2.180285	-2.126801	-7.702897
03782		-2.217255	-2.129695	-7.676742
03783		-2.253747	-2.128995	-7.644545
03784		-2.290710	-2.128246	-7.604432
03785		-2.326901	-2.134990	-7.552475
03786		-2.355859	-2.147233	-7.483167
03787		-2.381673	-2.157238	-7.401199
03788		-2.404221	-2.158076	-7.306371
03789		-2.419210	-2.155981	-7.205194
03790		-2.425790	-2.155036	-7.102276
03791		-2.429615	-2.158497	-7.004628
03792		-2.430115	-2.162432	-6.917320
03793		-2.432107	-2.165674	-6.836232
03794		-2.431889	-2.170740	-6.750365
03795		-2.436674	-2.176879	-6.661078
03796		-2.449457	-2.177172	-6.565492
03797		-2.464694	-2.168676	-6.460838
03798		-2.482510	-2.156371	-6.347093
03799		-2.502092	-2.142541	-6.231404
03800		-2.518170	-2.127642	-6.122480
03801		-2.529704	-2.116837	-6.032559
03802		-2.526195	-2.112054	-5.967696
03803		-2.511098	-2.116270	-5.925605
03804		-2.483601	-2.131296	-5.906145
03805		-2.452325	-2.152858	-5.898270
03806		-2.420417	-2.168850	-5.897591
03807		-2.396495	-2.177030	-5.901674
03808		-2.384206	-2.180029	-5.913642
03809		-2.382973	-2.180031	-5.940674
03810		-2.388795	-2.186491	-5.987168
03811		-2.394712	-2.198689	-6.046974
03812		-2.405749	-2.219323	-6.116751
03813		-2.421045	-2.232874	-6.194427
03814		-2.440623	-2.235111	-6.281513
03815		-2.460934	-2.231625	-6.382510
03816		-2.481551	-2.232536	-6.497560
03817		-2.500197	-2.241358	-6.629762
03818		-2.520810	-2.248525	-6.775025
03819		-2.544858	-2.254758	-6.918143
03820		-2.576597	-2.253649	-7.056127
03821		-2.613785	-2.242220	-7.179993
03822		-2.659256	-2.223320	-7.273682
03823		-2.718810	-2.198219	-7.332156
03824		-2.789157	-2.163122	-7.346607
03825		-2.868241	-2.121889	-7.307879
03826		-2.959900	-2.074787	-7.228514
03827		-3.064172	-2.026484	-7.116273
03828		-3.174520	-1.968116	-6.965739
