// General information: 
//  MT Manager version: 2021.4.0 
//  XDA version: 2021.4.0 build 6323 rev 112641 built on 2021-09-28
// Device information: 
//  DeviceId: 00B43859
//  ProductCode: MTW2-3A7G6
//  Firmware Version: 4.3.4
//  Hardware Version: 1.1.0
// Device settings: 
//  Filter Profile: human(46.1)
//  Option Flags: Orientation Smoother Disabled, Position/Velocity Smoother Disabled, Continuous Zero Rotation Update Disabled, AHS Disabled, ICC Disabled
// Coordinate system: ENU
PacketCounter	Roll	Pitch	Yaw
24544	0.624930	0.239449	-0.125484
24545	0.640254	0.236601	-0.088185
24546	0.658094	0.232585	-0.055918
24547	0.676234	0.231865	-0.030781
24548	0.694334	0.230796	-0.020804
24549	0.712174	0.226794	-0.026719
24550	0.729578	0.224355	-0.038445
24551	0.747835	0.221247	-0.048351
24552	0.767295	0.219003	-0.049652
24553	0.786254	0.217326	-0.043925
24554	0.804869	0.216966	-0.029913
24555	0.821870	0.216549	-0.009077
24556	0.838983	0.214720	0.008462
24557	0.855488	0.215326	0.028316
24558	0.869305	0.216285	0.045993
24559	0.885642	0.217931	0.063893
24560	0.899856	0.219657	0.083611
24561	0.914415	0.220012	0.100021
24562	0.924129	0.220320	0.116458
24563	0.938765	0.223398	0.127758
24564	0.946852	0.223391	0.134566
24565	0.957344	0.224171	0.140900
24566	0.965126	0.226119	0.146208
24567	0.972534	0.226850	0.151984
24568	0.977212	0.229709	0.156938
24569	0.982254	0.232997	0.163789
24570	0.987077	0.232993	0.172197
24571	0.989748	0.234167	0.180305
24572	0.991805	0.237676	0.192901
24573	0.994803	0.235050	0.204382
24574	0.996553	0.235042	0.211187
24575	0.998427	0.234740	0.213660
24576	0.998242	0.236387	0.209340
24577	0.997890	0.233981	0.202363
24578	0.995008	0.233728	0.192738
24579	0.990920	0.227866	0.185231
24580	0.990163	0.220476	0.179235
24581	0.987358	0.213252	0.177674
24582	0.983186	0.206848	0.172532
24583	0.980989	0.198526	0.167788
24584	0.978309	0.191697	0.161822
24585	0.979155	0.184371	0.152714
24586	0.978789	0.178844	0.137603
24587	0.980651	0.170300	0.123889
24588	0.984291	0.168146	0.113755
24589	0.989400	0.164178	0.107107
24590	0.996118	0.159054	0.112431
24591	1.003204	0.155892	0.130299
24592	1.009595	0.152543	0.146529
24593	1.015899	0.149816	0.153048
24594	1.024483	0.144247	0.151134
24595	1.031815	0.137785	0.146936
24596	1.039252	0.131653	0.143390
24597	1.046492	0.125198	0.143226
24598	1.052730	0.119234	0.151703
24599	1.059821	0.113530	0.164871
24600	1.064133	0.108126	0.173381
24601	1.068276	0.099730	0.174510
24602	1.070089	0.094305	0.171811
24603	1.073870	0.086029	0.168306
24604	1.074598	0.078215	0.161477
24605	1.076491	0.073244	0.164597
24606	1.077498	0.069857	0.164811
24607	1.078220	0.065290	0.166288
24608	1.079569	0.060917	0.164045
24609	1.080580	0.055260	0.162706
24610	1.081496	0.051026	0.159670
24611	1.082166	0.047321	0.161303
24612	1.081168	0.042550	0.169457
24613	1.087032	0.042635	0.191440
24614	1.088294	0.040501	0.224955
24615	1.090326	0.038704	0.260399
24616	1.091608	0.035653	0.292658
24617	1.091322	0.031043	0.316177
24618	1.085314	0.026842	0.322778
24619	1.079367	0.019632	0.320894
24620	1.071578	0.012528	0.310133
24621	1.070656	0.004850	0.303200
24622	1.068523	-0.001396	0.308475
24623	1.067423	-0.009371	0.324161
24624	1.064844	-0.018459	0.342496
24625	1.065010	-0.028620	0.356128
24626	1.064568	-0.034511	0.365816
24627	1.065083	-0.042099	0.372683
24628	1.063607	-0.052204	0.375745
24629	1.063418	-0.061187	0.379459
24630	1.063252	-0.069827	0.382192
24631	1.062354	-0.078471	0.386596
24632	1.059519	-0.086330	0.389785
24633	1.060794	-0.096507	0.391330
24634	1.059359	-0.105641	0.390439
24635	1.058996	-0.114361	0.392028
24636	1.056980	-0.122376	0.389600
24637	1.056529	-0.132117	0.387758
24638	1.055719	-0.141399	0.384453
24639	1.054403	-0.150912	0.388083
24640	1.052694	-0.160097	0.395596
24641	1.053719	-0.167730	0.411973
24642	1.054627	-0.175079	0.429974
24643	1.054490	-0.183325	0.451777
24644	1.054869	-0.191384	0.465738
24645	1.052455	-0.197988	0.477139
24646	1.050280	-0.205024	0.473963
24647	1.046921	-0.211777	0.465840
24648	1.042148	-0.218765	0.449479
24649	1.036120	-0.225492	0.434746
24650	1.031701	-0.236271	0.417377
24651	1.030825	-0.244775	0.412467
24652	1.027342	-0.253280	0.409623
24653	1.027171	-0.263142	0.413619
24654	1.024521	-0.271012	0.413604
24655	1.022324	-0.279134	0.410752
24656	1.018056	-0.287306	0.401128
24657	1.013960	-0.296638	0.388980
24658	1.009194	-0.303637	0.372619
24659	1.001375	-0.313664	0.359221
24660	0.994209	-0.320932	0.346069
24661	0.987358	-0.330504	0.343748
24662	0.980871	-0.337245	0.343829
24663	0.974036	-0.343168	0.346987
24664	0.966548	-0.347853	0.353192
24665	0.960811	-0.352403	0.361799
24666	0.952733	-0.353171	0.365017
24667	0.948753	-0.357187	0.368921
24668	0.942537	-0.360289	0.367595
24669	0.935886	-0.363499	0.364163
24670	0.929316	-0.366411	0.356846
24671	0.924099	-0.369000	0.351046
24672	0.916666	-0.371638	0.342151
24673	0.909951	-0.376675	0.341077
24674	0.902912	-0.383217	0.338376
24675	0.896202	-0.387266	0.342943
24676	0.889418	-0.392052	0.341535
24677	0.879586	-0.398684	0.330721
24678	0.871768	-0.403830	0.310090
24679	0.865838	-0.409781	0.293373
24680	0.860376	-0.412029	0.280477
24681	0.855855	-0.414004	0.282266
24682	0.850344	-0.414684	0.291470
24683	0.844577	-0.414734	0.309726
24684	0.841048	-0.414206	0.323376
24685	0.835900	-0.416985	0.332994
24686	0.828507	-0.419741	0.331300
24687	0.822351	-0.421127	0.326982
24688	0.814767	-0.422799	0.317342
24689	0.808103	-0.424976	0.317091
24690	0.800114	-0.428498	0.316566
24691	0.793172	-0.430835	0.324500
24692	0.785050	-0.432566	0.331676
24693	0.776569	-0.436132	0.333820
24694	0.763792	-0.439778	0.307724
24695	0.751359	-0.447178	0.265754
24696	0.742619	-0.450925	0.225193
24697	0.734028	-0.451297	0.200855
24698	0.721836	-0.452469	0.183285
24699	0.711887	-0.453677	0.178222
24700	0.703209	-0.452422	0.181156
24701	0.694487	-0.452197	0.185661
24702	0.682765	-0.451867	0.185779
24703	0.670673	-0.451592	0.192109
24704	0.658517	-0.451126	0.191437
24705	0.648224	-0.451495	0.186017
24706	0.637103	-0.452150	0.175266
24707	0.625264	-0.455471	0.157252
24708	0.614594	-0.456140	0.134883
24709	0.603608	-0.457825	0.117070
24710	0.595519	-0.456518	0.097972
24711	0.588995	-0.456878	0.088620
24712	0.582503	-0.456178	0.083087
24713	0.581017	-0.453546	0.088924
24714	0.580993	-0.447524	0.102002
24715	0.588986	-0.437637	0.129717
24716	0.594314	-0.427792	0.158540
24717	0.597817	-0.419236	0.178608
24718	0.598817	-0.409672	0.177440
24719	0.605518	-0.403831	0.171976
24720	0.614085	-0.398210	0.158908
24721	0.626892	-0.392922	0.147973
24722	0.635022	-0.387036	0.121712
24723	0.644427	-0.388114	0.087914
24724	0.653452	-0.389954	0.068854
24725	0.664407	-0.393582	0.059485
24726	0.672646	-0.398034	0.047507
24727	0.683161	-0.403261	0.027620
24728	0.690948	-0.411065	-0.004554
24729	0.699711	-0.421881	-0.053045
24730	0.710353	-0.438495	-0.116564
24731	0.724396	-0.454403	-0.172105
24732	0.735494	-0.471266	-0.222444
24733	0.746362	-0.490059	-0.269916
24734	0.758815	-0.510239	-0.304034
24735	0.769209	-0.531004	-0.334388
24736	0.768809	-0.556564	-0.381847
24737	0.762962	-0.587805	-0.464159
24738	0.755133	-0.623499	-0.575398
24739	0.745995	-0.659744	-0.696641
24740	0.732043	-0.702850	-0.819848
24741	0.719561	-0.748563	-0.922480
24742	0.707321	-0.797162	-1.010328
24743	0.695639	-0.847109	-1.083966
24744	0.681947	-0.899242	-1.147905
24745	0.666910	-0.956643	-1.210365
24746	0.648674	-1.017549	-1.288330
24747	0.632839	-1.081834	-1.373430
24748	0.614828	-1.149137	-1.469408
24749	0.594113	-1.218551	-1.558360
24750	0.571008	-1.291929	-1.647727
24751	0.546967	-1.369833	-1.734098
24752	0.521300	-1.450929	-1.815364
24753	0.496394	-1.534976	-1.896526
24754	0.470468	-1.619783	-1.973139
24755	0.443125	-1.706035	-2.045517
24756	0.414772	-1.795797	-2.118683
24757	0.386224	-1.880022	-2.186100
24758	0.354623	-1.966162	-2.264992
24759	0.322462	-2.055618	-2.353626
24760	0.292470	-2.144979	-2.441150
24761	0.263419	-2.226164	-2.510188
24762	0.234891	-2.303335	-2.556453
24763	0.212973	-2.376912	-2.578213
24764	0.187615	-2.448914	-2.556658
24765	0.168263	-2.513407	-2.509220
24766	0.147659	-2.574056	-2.443352
24767	0.130699	-2.628166	-2.392517
24768	0.111475	-2.684428	-2.353419
24769	0.099536	-2.738775	-2.325762
24770	0.090403	-2.803708	-2.372331
24771	0.070708	-2.873468	-2.522301
24772	0.054182	-2.950252	-2.737885
24773	0.046579	-3.030834	-2.992880
24774	0.046360	-3.103740	-3.209092
24775	0.045274	-3.167529	-3.367318
24776	0.032221	-3.226681	-3.453862
24777	0.007970	-3.284740	-3.475076
24778	-0.027111	-3.332274	-3.443995
24779	-0.064697	-3.372679	-3.390707
24780	-0.114446	-3.405424	-3.331225
24781	-0.170454	-3.422527	-3.283775
24782	-0.238840	-3.435462	-3.262008
24783	-0.330317	-3.445590	-3.299964
24784	-0.444680	-3.455671	-3.370883
24785	-0.583754	-3.458363	-3.465757
24786	-0.746030	-3.416858	-3.550556
24787	-0.964042	-3.287550	-3.634199
24788	-1.339059	-3.087791	-3.759621
24789	-1.892360	-2.862729	-3.972583
24790	-2.510156	-2.628938	-4.203800
24791	-3.171160	-2.368691	-4.582690
24792	-3.900510	-2.074329	-5.160632
24793	-4.657723	-1.763312	-5.958812
24794	-5.436334	-1.439536	-6.908316
24795	-6.184713	-1.062182	-7.816725
24796	-6.865636	-0.599449	-8.586863
24797	-7.538962	-0.139363	-9.297182
24798	-8.251987	0.356643	-9.970839
24799	-9.042328	0.967587	-10.600186
24800	-9.949244	1.679341	-11.131369
24801	-10.910330	2.543407	-11.604581
24802	-12.050266	3.283779	-12.199274
24803	-13.269519	3.919011	-12.697115
24804	-14.525341	4.561124	-13.031622
24805	-15.690841	5.288107	-13.177868
24806	-16.797022	6.067036	-13.261093
24807	-17.902613	6.828502	-13.379179
24808	-19.014153	7.555426	-13.557501
24809	-20.119122	8.236193	-13.837712
24810	-21.222956	8.832050	-14.231785
24811	-22.342834	9.279828	-14.730940
24812	-23.507428	9.574501	-15.281734
24813	-24.686991	9.758997	-15.813950
24814	-25.840804	9.873731	-16.277691
24815	-26.936094	9.926582	-16.637691
24816	-27.955925	9.958366	-16.844349
24817	-28.868441	10.004677	-16.869007
24818	-29.667663	10.061047	-16.719455
24819	-30.344855	10.109294	-16.407346
24820	-30.903726	10.132789	-15.975494
24821	-31.352333	10.096204	-15.453811
24822	-31.720244	9.965351	-14.887530
24823	-32.042316	9.697760	-14.323554
24824	-32.356483	9.264877	-13.803197
24825	-32.675605	8.662599	-13.350154
24826	-32.994950	7.898979	-12.973675
24827	-33.298527	6.974931	-12.676652
24828	-33.570071	5.914930	-12.464305
24829	-33.779083	4.736674	-12.311444
24830	-33.917322	3.459328	-12.202761
24831	-33.975890	2.121476	-12.113477
24832	-33.945935	0.749075	-12.051040
24833	-33.831577	-0.654260	-12.042666
24834	-33.637981	-2.057669	-12.077091
24835	-33.375657	-3.431223	-12.133454
24836	-33.050467	-4.761918	-12.197196
24837	-32.650224	-6.048646	-12.250604
24838	-32.182208	-7.294197	-12.275971
24839	-31.663687	-8.480965	-12.278819
24840	-31.086283	-9.553054	-12.239331
24841	-30.434799	-10.513498	-12.178231
24842	-29.712623	-11.373869	-12.134076
24843	-28.935021	-12.133991	-12.132457
24844	-28.110258	-12.794256	-12.192144
24845	-27.246485	-13.393178	-12.327231
24846	-26.380335	-13.975801	-12.585446
24847	-25.541188	-14.553793	-12.979430
24848	-24.736142	-15.114063	-13.475310
24849	-23.977203	-15.653229	-14.014981
24850	-23.251035	-16.143118	-14.572503
24851	-22.532856	-16.541631	-15.061701
24852	-21.818114	-16.808286	-15.408150
24853	-21.113456	-16.909904	-15.571059
24854	-20.414698	-16.841075	-15.554918
24855	-19.736715	-16.663752	-15.426577
24856	-19.076616	-16.426266	-15.265400
24857	-18.430323	-16.170108	-15.124897
24858	-17.794914	-15.938724	-15.088597
24859	-17.181815	-15.759607	-15.233421
24860	-16.592654	-15.635015	-15.601689
24861	-16.038776	-15.596552	-16.199193
24862	-15.526987	-15.661274	-17.013009
24863	-15.071209	-15.819692	-17.960893
24864	-14.672385	-16.020766	-18.926440
24865	-14.333467	-16.213661	-19.785218
24866	-14.067605	-16.359388	-20.420077
24867	-13.893867	-16.447893	-20.776536
24868	-13.806858	-16.431511	-20.825554
24869	-13.781459	-16.289568	-20.574746
24870	-13.792170	-16.059037	-20.100309
24871	-13.839812	-15.810676	-19.500182
24872	-13.936537	-15.575611	-18.842181
24873	-14.033262	-15.328482	-18.129494
24874	-14.031766	-15.183272	-17.553418
24875	-14.053902	-15.232201	-17.196821
24876	-14.206675	-15.255946	-17.039762
24877	-14.395551	-15.060842	-16.988192
24878	-14.512965	-14.738880	-17.008910
24879	-14.593477	-14.458823	-17.096076
24880	-14.716682	-14.235807	-17.178862
24881	-14.885404	-14.031636	-17.145831
24882	-15.053595	-13.836594	-16.992977
24883	-15.204563	-13.642346	-16.713124
24884	-15.351078	-13.402933	-16.290938
24885	-15.514114	-13.100212	-15.822264
24886	-15.711148	-12.746014	-15.408112
24887	-15.906004	-12.369677	-15.172385
24888	-16.045338	-11.996818	-15.230279
24889	-16.095523	-11.681415	-15.618711
24890	-16.126192	-11.468076	-16.228339
24891	-16.209450	-11.330645	-16.995504
24892	-16.343645	-11.260345	-18.099650
24893	-16.497162	-11.214636	-19.388112
24894	-16.633853	-11.165546	-20.696299
24895	-16.771713	-11.128653	-21.923511
24896	-16.894408	-11.084640	-22.947717
24897	-16.944294	-10.996150	-23.630192
24898	-16.877546	-10.761970	-23.754491
24899	-16.790101	-10.225428	-23.227767
24900	-16.749991	-9.348469	-22.427045
24901	-16.696203	-8.264353	-21.609945
24902	-16.510764	-7.133393	-20.755849
24903	-16.220397	-6.158337	-19.931720
24904	-15.883404	-5.462720	-19.325099
24905	-15.556330	-5.003458	-18.962287
24906	-15.269958	-4.646707	-18.804218
24907	-15.014389	-4.277879	-18.749224
24908	-14.768413	-3.948972	-18.808217
24909	-14.488464	-3.729416	-18.971634
24910	-14.123645	-3.534770	-19.064453
24911	-13.679346	-3.285964	-18.944788
24912	-13.144122	-2.953555	-18.649423
24913	-12.558530	-2.588024	-18.285937
24914	-11.967564	-2.208289	-17.911870
24915	-11.387473	-1.832544	-17.569593
24916	-10.852174	-1.484585	-17.324560
24917	-10.375066	-1.166832	-17.196687
24918	-9.905592	-0.856153	-17.152421
24919	-9.436145	-0.595482	-17.189260
24920	-8.987166	-0.425244	-17.304091
24921	-8.561730	-0.313419	-17.499923
24922	-8.135965	-0.217371	-17.721669
24923	-7.712243	-0.140979	-18.012085
24924	-7.276906	-0.077115	-18.355853
24925	-6.836406	-0.031661	-18.759866
24926	-6.389738	-0.012296	-19.208647
24927	-5.931185	0.001988	-19.681328
24928	-5.416557	0.061793	-20.089199
24929	-4.935848	0.157961	-20.463088
24930	-4.550121	0.227616	-20.862006
24931	-4.213640	0.241814	-21.358614
24932	-3.848526	0.234758	-21.862530
24933	-3.411532	0.237478	-22.226633
24934	-2.981452	0.220002	-22.438218
24935	-2.580941	0.200688	-22.641502
24936	-2.226325	0.168050	-22.883188
24937	-1.921708	0.097302	-23.176347
24938	-1.674464	-0.008000	-23.523869
24939	-1.445603	-0.114345	-23.842759
24940	-1.211909	-0.181518	-24.097189
24941	-1.008923	-0.221494	-24.375053
24942	-0.848161	-0.266210	-24.680479
24943	-0.719260	-0.326045	-24.992292
24944	-0.601926	-0.384429	-25.256111
24945	-0.512873	-0.421277	-25.488512
24946	-0.446485	-0.434279	-25.699218
24947	-0.379221	-0.425567	-25.887681
24948	-0.315483	-0.404919	-26.093767
24949	-0.261286	-0.377024	-26.273937
24950	-0.205820	-0.356837	-26.380671
24951	-0.149625	-0.326836	-26.402286
24952	-0.118847	-0.261162	-26.392062
24953	-0.103054	-0.172419	-26.382913
24954	-0.110752	-0.071414	-26.410561
24955	-0.118396	0.052138	-26.453277
24956	-0.128294	0.190465	-26.484115
24957	-0.146366	0.349497	-26.541649
24958	-0.182257	0.530192	-26.654259
24959	-0.250769	0.699211	-26.847898
24960	-0.360710	0.837654	-27.108250
24961	-0.472105	0.988255	-27.360527
24962	-0.565803	1.149264	-27.588696
24963	-0.650972	1.297837	-27.814555
24964	-0.741385	1.422745	-28.085239
24965	-0.830570	1.550930	-28.398710
24966	-0.898436	1.662095	-28.724198
24967	-0.929101	1.729093	-28.975569
24968	-0.965364	1.768750	-29.125215
24969	-1.019085	1.809827	-29.206033
24970	-1.099621	1.842294	-29.279885
24971	-1.219172	1.844902	-29.400218
24972	-1.362933	1.832755	-29.520356
24973	-1.503013	1.817068	-29.604805
24974	-1.618539	1.822088	-29.577721
24975	-1.719899	1.880411	-29.472116
24976	-1.832819	1.972871	-29.279250
24977	-1.971189	2.074497	-29.013484
24978	-2.105208	2.213483	-28.611148
24979	-2.218449	2.381647	-27.951768
24980	-2.336837	2.547806	-26.989050
24981	-2.460065	2.677159	-25.570464
24982	-2.583326	2.806877	-23.778458
24983	-2.695320	2.962676	-21.691110
24984	-2.826687	3.099885	-19.436367
24985	-3.008816	3.168791	-17.258358
24986	-3.200840	3.193545	-15.247999
24987	-3.428389	3.150778	-13.442597
24988	-3.693994	3.042585	-11.791832
24989	-3.938903	2.889450	-10.155592
24990	-4.094525	2.729684	-8.371824
24991	-4.187337	2.574420	-6.472037
24992	-4.223470	2.436736	-4.668595
24993	-4.108110	2.352573	-3.112864
24994	-3.829858	2.343042	-2.139768
24995	-3.440921	2.338861	-2.118491
24996	-3.021088	2.108225	-2.948598
24997	-2.609379	1.692884	-4.395200
24998	-2.159776	1.268517	-6.080415
24999	-1.644467	0.964213	-7.579422
25000	-1.184840	0.731013	-8.688409
25001	-0.878425	0.462608	-9.404162
25002	-0.587902	0.230081	-9.713128
25003	-0.261664	0.090792	-9.651336
25004	0.030403	0.028148	-9.428042
25005	0.258884	-0.013727	-9.230554
25006	0.429037	-0.078093	-9.160504
25007	0.575467	-0.161867	-9.278181
25008	0.708198	-0.258338	-9.555460
25009	0.815370	-0.350168	-9.912076
25010	0.894803	-0.434179	-10.251152
25011	0.978085	-0.489216	-10.434303
25012	1.083678	-0.503686	-10.339763
25013	1.198457	-0.475324	-9.922117
25014	1.306863	-0.405407	-9.212821
25015	1.403203	-0.299504	-8.326378
25016	1.461053	-0.188187	-7.401579
25017	1.472701	-0.084035	-6.574054
25018	1.445762	0.001083	-5.920063
25019	1.394498	0.060047	-5.481395
25020	1.329912	0.117907	-5.242825
25021	1.235228	0.165930	-5.209031
25022	1.092154	0.207092	-5.351013
25023	0.936968	0.241638	-5.581533
25024	0.799721	0.275639	-5.789216
25025	0.690101	0.312645	-5.923806
25026	0.635668	0.354773	-5.947591
25027	0.602324	0.405671	-5.931717
25028	0.561077	0.459144	-5.967841
25029	0.502261	0.507315	-6.071218
25030	0.430952	0.536655	-6.272261
25031	0.359339	0.560567	-6.556474
25032	0.277781	0.577613	-6.885285
25033	0.185738	0.603541	-7.234895
25034	0.098387	0.642255	-7.571294
25035	0.021943	0.683910	-7.862941
25036	-0.045869	0.726031	-8.069462
25037	-0.107730	0.790171	-8.155944
25038	-0.177797	0.860082	-8.151301
25039	-0.248240	0.930130	-8.089355
25040	-0.310878	0.998357	-7.981710
25041	-0.370600	1.070436	-7.831766
25042	-0.442237	1.136705	-7.654378
25043	-0.524165	1.189753	-7.392227
25044	-0.612556	1.222808	-7.076217
25045	-0.700753	1.251118	-6.789150
25046	-0.783879	1.276767	-6.545485
25047	-0.868577	1.295052	-6.340819
25048	-0.952859	1.319001	-6.175384
25049	-1.031036	1.344758	-6.040470
25050	-1.098733	1.366247	-5.907911
25051	-1.152146	1.389182	-5.767435
25052	-1.197469	1.416084	-5.611585
25053	-1.238148	1.443724	-5.457868
25054	-1.278178	1.463395	-5.330779
25055	-1.319946	1.477795	-5.256881
25056	-1.364240	1.492230	-5.250089
25057	-1.418659	1.507207	-5.327332
25058	-1.488326	1.513526	-5.493326
25059	-1.573760	1.507950	-5.730073
25060	-1.680197	1.484921	-6.000890
25061	-1.796366	1.450100	-6.267666
25062	-1.910496	1.410766	-6.522504
25063	-2.009178	1.374772	-6.746262
25064	-2.092272	1.344310	-6.923787
25065	-2.160786	1.314748	-7.051967
25066	-2.223853	1.291110	-7.146735
25067	-2.276494	1.272474	-7.213895
25068	-2.322472	1.260494	-7.249249
25069	-2.369134	1.251881	-7.247183
25070	-2.423970	1.236874	-7.216338
25071	-2.477236	1.216711	-7.144241
25072	-2.520372	1.201484	-7.072514
25073	-2.557089	1.191530	-7.020238
25074	-2.594808	1.184327	-6.997085
25075	-2.632918	1.175891	-7.013341
25076	-2.668245	1.162185	-7.078001
25077	-2.696787	1.145032	-7.171242
25078	-2.718688	1.127956	-7.266971
25079	-2.732229	1.113286	-7.347337
25080	-2.741939	1.101413	-7.400463
25081	-2.746927	1.094276	-7.423098
25082	-2.750416	1.090095	-7.429015
25083	-2.750942	1.081721	-7.433851
25084	-2.747750	1.077700	-7.444303
25085	-2.745916	1.071844	-7.464953
25086	-2.742110	1.065552	-7.483586
25087	-2.736253	1.058425	-7.490499
25088	-2.733423	1.051320	-7.488424
25089	-2.731399	1.044660	-7.481477
25090	-2.724309	1.039756	-7.468437
25091	-2.718331	1.032059	-7.441249
25092	-2.712411	1.030452	-7.396043
25093	-2.700964	1.028116	-7.338759
25094	-2.690183	1.024617	-7.290010
25095	-2.684870	1.022069	-7.274492
25096	-2.687183	1.011693	-7.292736
25097	-2.686367	1.001174	-7.346772
25098	-2.681606	0.992543	-7.421922
25099	-2.672390	0.983673	-7.503665
25100	-2.662654	0.980658	-7.569844
25101	-2.655810	0.980604	-7.625387
25102	-2.652489	0.982432	-7.673516
25103	-2.650507	0.982280	-7.711536
25104	-2.650817	0.981971	-7.740980
25105	-2.651724	0.983915	-7.764288
25106	-2.653615	0.988650	-7.789944
25107	-2.651686	0.993856	-7.806714
25108	-2.653913	0.996332	-7.821849
25109	-2.653336	1.003151	-7.827997
25110	-2.648648	1.010951	-7.830906
25111	-2.640360	1.017523	-7.822929
25112	-2.626570	1.029407	-7.809601
25113	-2.607660	1.039563	-7.789481
25114	-2.587091	1.051205	-7.766892
25115	-2.563935	1.059278	-7.752560
25116	-2.539973	1.065971	-7.744351
25117	-2.514897	1.069333	-7.746815
25118	-2.491206	1.073532	-7.758170
25119	-2.469483	1.076352	-7.770765
25120	-2.448726	1.078516	-7.780911
25121	-2.427025	1.079675	-7.789483
25122	-2.407511	1.083899	-7.800784
25123	-2.390398	1.082267	-7.813836
25124	-2.371083	1.086349	-7.830424
25125	-2.356046	1.090799	-7.839234
25126	-2.343251	1.095930	-7.841477
25127	-2.332306	1.102823	-7.832686
25128	-2.320730	1.111733	-7.813269
25129	-2.308691	1.122446	-7.792606
25130	-2.298420	1.136284	-7.770607
25131	-2.288488	1.145355	-7.757679
25132	-2.283142	1.155025	-7.755228
25133	-2.281367	1.160748	-7.758938
25134	-2.280606	1.167629	-7.760967
25135	-2.279392	1.175474	-7.759737
25136	-2.278002	1.182665	-7.749165
25137	-2.272066	1.194642	-7.730415
25138	-2.262285	1.208666	-7.705962
25139	-2.253951	1.226476	-7.687502
25140	-2.248651	1.240697	-7.685337
25141	-2.238395	1.254558	-7.688947
25142	-2.226724	1.270023	-7.688863
25143	-2.222649	1.284575	-7.685867
25144	-2.220817	1.299712	-7.679563
25145	-2.217354	1.316743	-7.661862
25146	-2.215364	1.330583	-7.639743
25147	-2.211411	1.345849	-7.617217
25148	-2.210130	1.359746	-7.597933
25149	-2.205423	1.377348	-7.581859
25150	-2.202861	1.392420	-7.572721
25151	-2.197124	1.407825	-7.560779
25152	-2.188736	1.424571	-7.544761
25153	-2.177149	1.440690	-7.527183
25154	-2.164863	1.456785	-7.504725
25155	-2.153488	1.471919	-7.490416
25156	-2.139944	1.490145	-7.476852
25157	-2.123918	1.506004	-7.463793
25158	-2.104318	1.527701	-7.442080
25159	-2.086122	1.546724	-7.428550
25160	-2.071307	1.566120	-7.425111
25161	-2.053047	1.583721	-7.425829
25162	-2.036685	1.599652	-7.433460
25163	-2.023252	1.614253	-7.447194
25164	-2.010963	1.623516	-7.463482
25165	-1.996759	1.634231	-7.479358
25166	-1.982005	1.643590	-7.503391
25167	-1.965803	1.653409	-7.532314
25168	-1.950571	1.661855	-7.553532
25169	-1.936891	1.670458	-7.554416
25170	-1.919641	1.684502	-7.531612
25171	-1.895153	1.703214	-7.484797
25172	-1.874368	1.727914	-7.445888
25173	-1.866134	1.746635	-7.452918
25174	-1.860647	1.749768	-7.480655
25175	-1.842805	1.764422	-7.517161
25176	-1.824553	1.784267	-7.531574
25177	-1.812499	1.804021	-7.508123
25178	-1.796748	1.818741	-7.446655
25179	-1.776618	1.835150	-7.357977
25180	-1.759724	1.852748	-7.254619
25181	-1.740752	1.864697	-7.169337
25182	-1.731914	1.865665	-7.156131
25183	-1.739700	1.852550	-7.246304
25184	-1.752658	1.826239	-7.411550
25185	-1.761468	1.795613	-7.596958
25186	-1.765547	1.763646	-7.759344
25187	-1.772609	1.729995	-7.884804
25188	-1.776429	1.696904	-7.968809
25189	-1.776602	1.663621	-8.037442
25190	-1.774253	1.629666	-8.106529
25191	-1.767931	1.590849	-8.189279
25192	-1.761233	1.549639	-8.283506
25193	-1.753300	1.506325	-8.381938
25194	-1.748674	1.462034	-8.473433
25195	-1.745052	1.417564	-8.553561
25196	-1.740076	1.369731	-8.613439
25197	-1.740472	1.321242	-8.676955
25198	-1.743181	1.271545	-8.760019
25199	-1.744991	1.226824	-8.855634
25200	-1.745380	1.178432	-8.965654
25201	-1.746688	1.128739	-9.096969
25202	-1.754827	1.066676	-9.280766
25203	-1.775338	0.995683	-9.536138
25204	-1.804746	0.911963	-9.834313
25205	-1.836240	0.833398	-10.125153
25206	-1.868390	0.767038	-10.373614
25207	-1.910570	0.707004	-10.577592
25208	-1.961912	0.659508	-10.729019
25209	-2.019182	0.627632	-10.834444
25210	-2.088787	0.617348	-10.906981
25211	-2.185627	0.644858	-10.960665
25212	-2.335700	0.707657	-11.039764
25213	-2.568578	0.780143	-11.191757
25214	-2.893961	0.851501	-11.449885
25215	-3.294522	0.934488	-11.838334
25216	-3.785155	1.039279	-12.324308
25217	-4.359893	1.186402	-12.861442
25218	-5.016341	1.366670	-13.428574
25219	-5.726772	1.548587	-14.037938
25220	-6.497457	1.740442	-14.694775
25221	-7.306523	1.970427	-15.377402
25222	-8.130236	2.236220	-16.000225
25223	-8.956525	2.515948	-16.504303
25224	-9.756726	2.825941	-16.891937
25225	-10.507368	3.177737	-17.133550
25226	-11.191372	3.601369	-17.216435
25227	-11.826678	4.102408	-17.232438
25228	-12.542076	4.655713	-17.283644
25229	-13.402536	5.356246	-17.359958
25230	-14.497225	6.140264	-17.566578
25231	-15.785143	6.969076	-17.838982
25232	-17.192178	7.821726	-18.114314
25233	-18.673600	8.655934	-18.382018
25234	-20.142975	9.547748	-18.643209
25235	-21.582362	10.488306	-18.926465
25236	-23.029283	11.385899	-19.288008
25237	-24.533626	12.153099	-19.764684
25238	-26.101894	12.805105	-20.346940
25239	-27.683197	13.362893	-20.998172
25240	-29.249156	13.820588	-21.679455
25241	-30.783070	14.166423	-22.362911
25242	-32.266613	14.412015	-23.000455
25243	-33.661248	14.570455	-23.541836
25244	-34.945107	14.670621	-23.953626
25245	-36.086839	14.734590	-24.217676
25246	-37.074443	14.778623	-24.324753
25247	-37.900561	14.804711	-24.279616
25248	-38.562140	14.793289	-24.094720
25249	-39.071969	14.708547	-23.796216
25250	-39.441630	14.524465	-23.437048
25251	-39.684320	14.206589	-23.076012
25252	-39.845456	13.718183	-22.774492
25253	-39.974003	13.018455	-22.571982
25254	-40.069681	12.107847	-22.446251
25255	-40.122881	10.981588	-22.388883
25256	-40.136268	9.668591	-22.397837
25257	-40.099471	8.217772	-22.448189
25258	-39.974917	6.697605	-22.472740
25259	-39.737891	5.154174	-22.434268
25260	-39.372446	3.636609	-22.323390
25261	-38.873501	2.137723	-22.184861
25262	-38.270087	0.614992	-22.085166
25263	-37.603353	-0.921515	-22.036441
25264	-36.899106	-2.400823	-21.968533
25265	-36.162737	-3.772592	-21.832840
25266	-35.399753	-5.023554	-21.629598
25267	-34.619310	-6.154377	-21.380063
25268	-33.834962	-7.158732	-21.100166
25269	-33.046188	-8.032797	-20.772091
25270	-32.258727	-8.803222	-20.409313
25271	-31.495280	-9.506721	-20.028672
25272	-30.771965	-10.156790	-19.671236
25273	-30.100642	-10.777540	-19.373134
25274	-29.471365	-11.356752	-19.125809
25275	-28.881652	-11.856699	-18.901541
25276	-28.305502	-12.249545	-18.672963
25277	-27.751715	-12.577410	-18.450179
25278	-27.231354	-12.829350	-18.245590
25279	-26.734595	-12.983293	-18.013081
25280	-26.250584	-13.060027	-17.742566
25281	-25.766394	-13.054213	-17.472096
25282	-25.283800	-12.962525	-17.174935
25283	-24.809589	-12.834070	-16.927118
25284	-24.342132	-12.673529	-16.763311
25285	-23.966323	-12.585911	-16.775980
25286	-23.656605	-12.689061	-17.180757
25287	-23.330389	-12.962050	-17.946646
25288	-22.994820	-13.180998	-18.705412
25289	-22.656511	-13.178849	-19.194202
25290	-22.370711	-13.025286	-19.536930
25291	-22.157201	-12.801166	-19.899198
25292	-22.007917	-12.486163	-20.259908
25293	-21.869805	-12.061316	-20.572159
25294	-21.682130	-11.601134	-20.903500
25295	-21.433427	-11.193144	-21.315257
25296	-21.148943	-10.884962	-21.837171
25297	-20.867696	-10.687196	-22.482014
25298	-20.596005	-10.580572	-23.227362
25299	-20.346937	-10.532269	-23.996593
25300	-20.131330	-10.511392	-24.735781
25301	-19.955224	-10.496958	-25.403576
25302	-19.814276	-10.470282	-25.955722
25303	-19.701385	-10.378971	-26.297374
25304	-19.602473	-10.174948	-26.362718
25305	-19.515630	-9.863847	-26.180228
25306	-19.455108	-9.471422	-25.844517
25307	-19.420456	-9.003842	-25.408625
25308	-19.402985	-8.499730	-24.927183
25309	-19.395402	-8.004111	-24.475390
25310	-19.397362	-7.575257	-24.112311
25311	-19.412632	-7.239669	-23.870735
25312	-19.439154	-6.987037	-23.749606
25313	-19.477543	-6.785990	-23.714026
25314	-19.539125	-6.604504	-23.722673
25315	-19.620870	-6.424685	-23.741727
25316	-19.721847	-6.218750	-23.734484
25317	-19.827301	-5.959684	-23.670346
25318	-19.910958	-5.635311	-23.546328
25319	-19.960615	-5.232462	-23.376889
25320	-19.956451	-4.733956	-23.160953
25321	-19.847179	-4.195645	-22.940805
25322	-19.636661	-3.747199	-22.807991
25323	-19.394347	-3.429876	-22.781417
25324	-19.181184	-3.213962	-22.800793
25325	-19.003900	-2.993587	-22.761854
25326	-18.793775	-2.697485	-22.640438
25327	-18.522928	-2.346827	-22.457126
25328	-18.168988	-1.920777	-22.170653
25329	-17.761773	-1.473638	-21.747058
25330	-17.375857	-1.137085	-21.299373
25331	-16.996961	-0.932655	-20.903380
25332	-16.583235	-0.773179	-20.463661
25333	-16.152539	-0.636760	-20.040017
25334	-15.758427	-0.527247	-19.761684
25335	-15.420269	-0.407567	-19.579190
25336	-15.110158	-0.277717	-19.500904
25337	-14.793414	-0.137678	-19.516230
25338	-14.412720	0.047002	-19.536109
25339	-13.978611	0.294127	-19.520170
25340	-13.536181	0.588883	-19.474275
25341	-13.141305	0.835668	-19.463189
25342	-12.789362	1.012034	-19.519130
25343	-12.420348	1.174959	-19.578920
25344	-11.996889	1.333837	-19.659435
25345	-11.553817	1.453227	-19.820737
25346	-11.157275	1.505398	-20.085083
25347	-10.812771	1.510243	-20.408302
25348	-10.480986	1.502139	-20.693211
25349	-10.136399	1.504238	-20.977080
25350	-9.774309	1.526055	-21.259048
25351	-9.402698	1.523823	-21.551150
25352	-9.005575	1.487540	-21.834718
25353	-8.589581	1.435095	-22.072203
25354	-8.166442	1.373668	-22.315318
25355	-7.764726	1.278029	-22.582483
25356	-7.381488	1.146562	-22.850621
25357	-7.015785	0.973856	-23.141225
25358	-6.651527	0.758647	-23.457004
25359	-6.281929	0.502253	-23.753986
25360	-5.877851	0.256379	-24.057495
25361	-5.434083	0.022535	-24.361659
25362	-4.936132	-0.203824	-24.604652
25363	-4.419524	-0.403825	-24.747898
25364	-3.929022	-0.567265	-24.819843
25365	-3.514346	-0.703571	-24.887687
25366	-3.217229	-0.857533	-25.036369
25367	-2.976344	-1.029250	-25.227575
25368	-2.716088	-1.218233	-25.366419
25369	-2.408842	-1.379661	-25.368841
25370	-2.086098	-1.496979	-25.244091
25371	-1.791492	-1.550704	-25.042544
25372	-1.554505	-1.572987	-24.823910
25373	-1.354859	-1.603510	-24.645484
25374	-1.154630	-1.635856	-24.496563
25375	-0.943493	-1.656482	-24.391335
25376	-0.741539	-1.664389	-24.337334
25377	-0.551793	-1.643293	-24.370744
25378	-0.407929	-1.594928	-24.528741
25379	-0.313459	-1.544306	-24.786413
25380	-0.230180	-1.483725	-25.006256
25381	-0.156018	-1.393081	-25.080089
25382	-0.123424	-1.288174	-25.049883
25383	-0.122524	-1.171751	-24.955459
25384	-0.116632	-1.047100	-24.772348
25385	-0.109573	-0.922140	-24.518401
25386	-0.128013	-0.832049	-24.227803
25387	-0.182325	-0.796392	-23.941202
25388	-0.237238	-0.801825	-23.672645
25389	-0.242737	-0.822131	-23.384434
25390	-0.199194	-0.837468	-23.054730
25391	-0.153490	-0.836045	-22.723533
25392	-0.131241	-0.843802	-22.412621
25393	-0.106687	-0.866545	-22.110194
25394	-0.067036	-0.895015	-21.807076
25395	-0.035301	-0.918435	-21.529469
25396	-0.050984	-0.942683	-21.300210
25397	-0.112630	-0.987865	-21.118210
25398	-0.185738	-1.025390	-20.910347
25399	-0.268941	-1.045459	-20.592403
25400	-0.388220	-1.066584	-20.186937
25401	-0.527720	-1.084810	-19.625712
25402	-0.703228	-1.114591	-18.904448
25403	-0.926849	-1.163836	-18.091709
25404	-1.167464	-1.233112	-17.190750
25405	-1.388371	-1.326899	-16.172716
25406	-1.580708	-1.437079	-15.045405
25407	-1.725990	-1.531600	-13.789232
25408	-1.838393	-1.589413	-12.466534
25409	-1.940603	-1.662076	-11.179258
25410	-2.013985	-1.754075	-10.012968
25411	-2.028302	-1.843140	-9.038371
25412	-1.970965	-1.916965	-8.301831
25413	-1.845997	-1.979787	-7.858883
25414	-1.662757	-2.041113	-7.726781
25415	-1.431575	-2.108550	-7.877659
25416	-1.206484	-2.215325	-8.317216
25417	-1.016514	-2.340830	-8.964710
25418	-0.841856	-2.446006	-9.624423
25419	-0.669356	-2.497918	-10.138805
25420	-0.510128	-2.524022	-10.448283
25421	-0.379651	-2.547631	-10.526460
25422	-0.271034	-2.573313	-10.356089
25423	-0.162835	-2.575625	-9.936733
25424	-0.057391	-2.554026	-9.402520
25425	0.026933	-2.523471	-8.846337
25426	0.082084	-2.479401	-8.364211
25427	0.106358	-2.436465	-7.969242
25428	0.114861	-2.387532	-7.666624
25429	0.115266	-2.339820	-7.479830
25430	0.106158	-2.295907	-7.425777
25431	0.084969	-2.255762	-7.488899
25432	0.051300	-2.217424	-7.628458
25433	0.010875	-2.176175	-7.812624
25434	-0.027377	-2.137690	-7.996742
25435	-0.059966	-2.090514	-8.119505
25436	-0.091723	-2.036976	-8.147702
25437	-0.121577	-1.975913	-8.076108
25438	-0.147953	-1.910062	-7.930958
25439	-0.173675	-1.841918	-7.752540
25440	-0.198299	-1.771317	-7.576584
25441	-0.228863	-1.705218	-7.434333
25442	-0.265414	-1.638573	-7.350602
25443	-0.308343	-1.577730	-7.332616
25444	-0.358651	-1.537430	-7.379811
25445	-0.398049	-1.516904	-7.471297
25446	-0.423820	-1.492853	-7.588119
25447	-0.453727	-1.456110	-7.720385
25448	-0.490621	-1.411271	-7.834435
25449	-0.537957	-1.368006	-7.917224
25450	-0.576668	-1.320782	-7.965781
25451	-0.602257	-1.275880	-7.984756
25452	-0.620846	-1.232688	-8.001745
25453	-0.641713	-1.181700	-8.027628
25454	-0.671524	-1.129925	-8.062351
25455	-0.710798	-1.085576	-8.120980
25456	-0.752786	-1.049538	-8.200197
25457	-0.789105	-1.019122	-8.271912
25458	-0.817310	-0.982260	-8.333174
25459	-0.842351	-0.941967	-8.379458
25460	-0.864562	-0.902778	-8.398683
25461	-0.885542	-0.861420	-8.398810
25462	-0.902059	-0.818111	-8.384011
25463	-0.914004	-0.772748	-8.361664
25464	-0.925006	-0.725829	-8.336434
25465	-0.935323	-0.678759	-8.303951
25466	-0.942802	-0.629426	-8.260923
25467	-0.953269	-0.582699	-8.206932
25468	-0.967876	-0.534172	-8.151444
25469	-0.979798	-0.486902	-8.090087
25470	-0.986657	-0.439708	-8.018809
25471	-0.991887	-0.390323	-7.959742
25472	-0.996496	-0.344379	-7.917905
25473	-0.995796	-0.299119	-7.896274
25474	-0.994008	-0.253779	-7.892540
25475	-0.998501	-0.212722	-7.902142
25476	-1.002262	-0.172872	-7.911405
25477	-1.009761	-0.139217	-7.914298
25478	-1.013408	-0.103413	-7.901814
25479	-1.010052	-0.067937	-7.880330
25480	-1.003215	-0.027048	-7.861994
25481	-0.994452	0.013466	-7.845807
25482	-0.987336	0.050454	-7.833737
25483	-0.980739	0.083988	-7.823031
25484	-0.978705	0.118166	-7.822642
25485	-0.976936	0.150522	-7.828842
25486	-0.978298	0.187058	-7.837964
25487	-0.981663	0.226104	-7.843266
25488	-0.984543	0.268277	-7.825692
25489	-0.988684	0.309596	-7.787009
25490	-0.991336	0.351874	-7.729651
25491	-0.993484	0.390502	-7.672092
25492	-0.997300	0.431145	-7.617620
25493	-1.001346	0.468149	-7.569007
25494	-1.002681	0.505216	-7.524138
25495	-1.004982	0.540728	-7.482167
25496	-1.006531	0.575031	-7.439852
25497	-1.006843	0.609309	-7.392745
25498	-1.001999	0.643434	-7.335677
25499	-0.997129	0.678662	-7.276157
25500	-0.989055	0.714788	-7.218326
25501	-0.979045	0.746891	-7.161163
25502	-0.964861	0.777801	-7.106616
25503	-0.952652	0.806556	-7.051295
25504	-0.935548	0.832034	-7.001540
25505	-0.917028	0.856170	-6.959209
25506	-0.899952	0.878521	-6.922958
25507	-0.878534	0.900701	-6.893376
25508	-0.859792	0.919562	-6.869487
25509	-0.840842	0.938501	-6.845619
25510	-0.819164	0.956681	-6.820233
25511	-0.795309	0.975491	-6.790457
25512	-0.771125	0.997808	-6.758083
25513	-0.746499	1.020105	-6.726958
25514	-0.724509	1.042795	-6.699747
25515	-0.702101	1.062788	-6.671062
25516	-0.680393	1.080024	-6.643661
25517	-0.658548	1.094429	-6.623295
25518	-0.636695	1.105818	-6.607898
25519	-0.617830	1.117108	-6.594040
25520	-0.597949	1.127069	-6.581062
25521	-0.578388	1.135410	-6.568165
25522	-0.559073	1.139875	-6.560269
25523	-0.542329	1.143871	-6.566103
25524	-0.521369	1.150276	-6.576008
25525	-0.501270	1.155039	-6.593273
25526	-0.479131	1.161898	-6.611303
25527	-0.453861	1.171899	-6.626085
25528	-0.427287	1.179745	-6.634500
25529	-0.402744	1.187322	-6.642877
25530	-0.375243	1.192147	-6.653487
25531	-0.346834	1.196968	-6.661315
25532	-0.322003	1.200708	-6.667421
25533	-0.296531	1.203517	-6.674021
25534	-0.272955	1.205668	-6.682994
25535	-0.252162	1.206726	-6.695996
25536	-0.233547	1.207083	-6.716633
25537	-0.214558	1.205594	-6.741045
25538	-0.198406	1.207350	-6.767613
25539	-0.181838	1.207385	-6.791465
25540	-0.163903	1.209891	-6.805901
25541	-0.147919	1.212304	-6.810560
25542	-0.130114	1.215205	-6.807535
25543	-0.113075	1.217591	-6.800879
25544	-0.096744	1.217222	-6.795524
25545	-0.085155	1.217036	-6.799335
25546	-0.071880	1.212529	-6.808263
25547	-0.060579	1.213187	-6.819323
25548	-0.048516	1.211667	-6.831308
25549	-0.037457	1.210593	-6.840418
25550	-0.027304	1.211422	-6.849786
25551	-0.016440	1.212305	-6.855144
25552	-0.009143	1.213987	-6.856251
25553	0.000315	1.213533	-6.853509
25554	0.007419	1.216291	-6.848878
25555	0.017844	1.217390	-6.848532
25556	0.028082	1.219333	-6.846898
25557	0.041460	1.222512	-6.844532
25558	0.052692	1.226065	-6.842045
25559	0.064817	1.227659	-6.842550
25560	0.076238	1.230138	-6.845802
25561	0.089338	1.232404	-6.846716
25562	0.100827	1.235931	-6.842210
25563	0.109895	1.239382	-6.831959
25564	0.119233	1.240811	-6.820175
25565	0.130283	1.245658	-6.807496
25566	0.139079	1.249778	-6.805696
25567	0.145506	1.252485	-6.820124
25568	0.149850	1.252458	-6.852434
25569	0.151094	1.249442	-6.896563
25570	0.153370	1.247850	-6.941050
25571	0.156687	1.245519	-6.971036
25572	0.161428	1.243044	-6.982396
25573	0.169064	1.244172	-6.968553
25574	0.178503	1.243070	-6.944322
25575	0.187651	1.241231	-6.922169
25576	0.195950	1.235541	-6.912329
25577	0.201566	1.226604	-6.923268
25578	0.206365	1.215627	-6.947237
25579	0.213055	1.205264	-6.972093
25580	0.218648	1.196032	-6.990735
25581	0.223065	1.186511	-7.000037
25582	0.227125	1.175286	-6.997623
25583	0.230960	1.167087	-6.992229
25584	0.233837	1.158020	-6.987630
25585	0.240652	1.154654	-6.979680
25586	0.245829	1.154293	-6.970265
25587	0.253869	1.152451	-6.962690
25588	0.261785	1.152475	-6.946064
25589	0.273071	1.150027	-6.928508
25590	0.280378	1.147240	-6.922960
25591	0.287504	1.143444	-6.933713
25592	0.296813	1.142506	-6.951684
25593	0.305057	1.138270	-6.971833
25594	0.311933	1.135206	-6.987789
25595	0.320269	1.131117	-6.998198
25596	0.327512	1.129117	-7.001131
25597	0.336672	1.125007	-7.002245
25598	0.348266	1.123734	-7.008569
25599	0.358813	1.120986	-7.017793
25600	0.372290	1.113736	-7.025323
25601	0.392579	1.108735	-7.028582
25602	0.415145	1.104933	-7.028608
25603	0.435623	1.106108	-7.043721
25604	0.466528	1.109073	-7.067690
25605	0.502522	1.116889	-7.065269
25606	0.538852	1.125887	-7.033537
25607	0.572088	1.138037	-6.971081
25608	0.594342	1.148046	-6.912723
25609	0.597261	1.148563	-6.886528
25610	0.596234	1.139111	-6.906965
25611	0.589628	1.118242	-6.989504
25612	0.580977	1.096169	-7.111375
25613	0.570603	1.070673	-7.252507
25614	0.564460	1.042181	-7.389115
25615	0.560301	1.011721	-7.514196
25616	0.563016	0.979792	-7.618541
25617	0.575457	0.944050	-7.715048
25618	0.588190	0.905223	-7.817842
25619	0.600247	0.863786	-7.933817
25620	0.613094	0.820032	-8.057302
25621	0.629434	0.774628	-8.189667
25622	0.642002	0.728898	-8.327596
25623	0.651765	0.677480	-8.475971
25624	0.649322	0.622664	-8.649634
25625	0.635445	0.559136	-8.852239
25626	0.609208	0.490289	-9.078224
25627	0.578095	0.428149	-9.303318
25628	0.540262	0.363570	-9.518437
25629	0.494145	0.305007	-9.710037
25630	0.444488	0.247196	-9.879753
25631	0.387645	0.194911	-10.038636
25632	0.322549	0.150477	-10.190082
25633	0.241584	0.113011	-10.346074
25634	0.134261	0.082895	-10.517003
25635	0.000318	0.066895	-10.703436
25636	-0.170591	0.065525	-10.903979
25637	-0.381737	0.080143	-11.100984
25638	-0.637014	0.122173	-11.281934
25639	-0.969769	0.188898	-11.459575
25640	-1.383105	0.278628	-11.624846
25641	-1.822638	0.398022	-11.756648
25642	-2.278772	0.560025	-11.889594
25643	-2.763469	0.773943	-12.026164
25644	-3.315930	1.038175	-12.253367
25645	-3.968838	1.294229	-12.671362
25646	-4.739883	1.481721	-13.271624
25647	-5.600979	1.649378	-14.028351
25648	-6.460924	1.798245	-14.808675
25649	-7.247526	1.953917	-15.409947
25650	-7.968379	2.195576	-15.733463
25651	-8.643851	2.545908	-15.791013
25652	-9.268014	2.963216	-15.675611
25653	-9.834870	3.423973	-15.521879
25654	-10.403561	3.972880	-15.377804
25655	-11.105297	4.640225	-15.270934
25656	-12.052778	5.363608	-15.299613
25657	-13.154681	6.148630	-15.385860
25658	-14.317330	6.975977	-15.418613
25659	-15.397841	7.924874	-15.387969
25660	-16.388106	8.999491	-15.386267
25661	-17.372676	10.087268	-15.547180
25662	-18.422109	11.073427	-15.949898
25663	-19.591292	11.898351	-16.576927
25664	-20.892234	12.547443	-17.362953
25665	-22.288223	13.042906	-18.235392
25666	-23.743077	13.413905	-19.118965
25667	-25.184811	13.708133	-19.929803
25668	-26.566711	13.966549	-20.616628
25669	-27.829237	14.236450	-21.115432
25670	-28.941569	14.550743	-21.399554
25671	-29.879442	14.919297	-21.456883
25672	-30.636620	15.335003	-21.304952
25673	-31.233722	15.743535	-20.996928
25674	-31.697104	16.094344	-20.606589
25675	-32.081930	16.308366	-20.239392
25676	-32.437852	16.329671	-19.961339
25677	-32.796849	16.122610	-19.789837
25678	-33.171477	15.691857	-19.721904
25679	-33.575341	15.036440	-19.754928
25680	-33.984709	14.175348	-19.856673
25681	-34.337397	13.149400	-19.971496
25682	-34.587628	12.026196	-20.069002
25683	-34.749228	10.829117	-20.157972
25684	-34.831382	9.556789	-20.227693
25685	-34.853237	8.209910	-20.260844
25686	-34.819580	6.807813	-20.244896
25687	-34.725692	5.370642	-20.182754
25688	-34.537701	3.941037	-20.066440
25689	-34.240893	2.529088	-19.899016
25690	-33.843297	1.144555	-19.683007
25691	-33.366124	-0.221485	-19.445493
25692	-32.844599	-1.596867	-19.244645
25693	-32.295279	-2.997582	-19.110894
25694	-31.740847	-4.396569	-19.031698
25695	-31.201407	-5.768101	-18.997803
25696	-30.683785	-7.102390	-19.018697
25697	-30.196427	-8.390875	-19.089039
25698	-29.720844	-9.596701	-19.182790
25699	-29.245063	-10.690136	-19.260376
25700	-28.771173	-11.645756	-19.276806
25701	-28.290334	-12.443005	-19.197081
25702	-27.794410	-13.063592	-18.999160
25703	-27.261873	-13.486890	-18.646208
25704	-26.664423	-13.696389	-18.108326
25705	-26.005660	-13.715737	-17.408028
25706	-25.290108	-13.587408	-16.613361
25707	-24.549097	-13.392717	-15.834960
25708	-23.807346	-13.204348	-15.169682
25709	-23.135083	-13.100290	-14.669866
25710	-22.594910	-12.942237	-14.324662
25711	-22.089924	-12.741249	-14.133272
25712	-21.647431	-12.782127	-14.362174
25713	-21.227672	-12.874973	-14.900194
25714	-20.740591	-12.834704	-15.453067
25715	-20.189048	-12.845085	-16.058249
25716	-19.625875	-13.011996	-16.819086
25717	-19.117570	-13.285159	-17.761766
25718	-18.681233	-13.511727	-18.658327
25719	-18.363503	-13.655683	-19.492548
25720	-18.152592	-13.881097	-20.574566
25721	-17.954017	-14.150273	-21.740739
25722	-17.747036	-14.188709	-22.511195
25723	-17.534267	-14.042065	-22.786381
25724	-17.440083	-13.866229	-22.830750
25725	-17.470689	-13.575273	-22.787919
25726	-17.502233	-13.111087	-22.648131
25727	-17.444869	-12.586420	-22.464470
25728	-17.291697	-12.129520	-22.348780
25729	-17.112674	-11.799604	-22.321288
25730	-16.962199	-11.587018	-22.359118
25731	-16.847139	-11.445838	-22.471252
25732	-16.741725	-11.290940	-22.627971
25733	-16.621615	-11.070985	-22.784176
25734	-16.503028	-10.811493	-22.907185
25735	-16.439749	-10.558940	-23.011232
25736	-16.471070	-10.317010	-23.093554
25737	-16.559227	-10.043272	-23.112028
25738	-16.641888	-9.721476	-23.055950
25739	-16.712691	-9.369946	-22.962663
25740	-16.798057	-9.007536	-22.871114
25741	-16.897183	-8.632965	-22.781704
25742	-16.987446	-8.272164	-22.689379
25743	-17.061598	-7.934431	-22.575075
25744	-17.152197	-7.585999	-22.413119
25745	-17.277927	-7.183696	-22.192348
25746	-17.415478	-6.748320	-21.924520
25747	-17.548167	-6.315776	-21.618887
25748	-17.643764	-5.877794	-21.238817
25749	-17.678741	-5.442185	-20.782732
25750	-17.665571	-5.035979	-20.294666
25751	-17.610153	-4.707006	-19.845330
25752	-17.536746	-4.482132	-19.439329
25753	-17.457640	-4.347988	-19.105648
25754	-17.322574	-4.279973	-18.835791
25755	-17.136315	-4.274026	-18.617300
25756	-16.911280	-4.288675	-18.441195
25757	-16.623661	-4.245490	-18.204825
25758	-16.263966	-4.131561	-17.873206
25759	-15.825233	-3.959089	-17.412597
25760	-15.311807	-3.719298	-16.774922
25761	-14.728182	-3.433014	-16.063403
25762	-14.080409	-3.121907	-15.358465
25763	-13.387591	-2.821781	-14.680893
25764	-12.692120	-2.559437	-14.034575
25765	-12.074812	-2.373560	-13.439123
25766	-11.541405	-2.235997	-12.926131
25767	-11.063094	-2.173416	-12.524665
25768	-10.589358	-2.179308	-12.217313
25769	-10.125450	-2.265747	-11.964985
25770	-9.715405	-2.408874	-11.801911
25771	-9.366519	-2.556477	-11.729380
25772	-8.978578	-2.635945	-11.704430
25773	-8.509537	-2.640112	-11.652627
25774	-8.009545	-2.616555	-11.507165
25775	-7.555491	-2.589334	-11.297235
25776	-7.167305	-2.568815	-11.068835
25777	-6.758185	-2.527340	-10.872848
25778	-6.281528	-2.488497	-10.701169
25779	-5.758168	-2.454908	-10.562395
25780	-5.254466	-2.437286	-10.480447
25781	-4.827449	-2.449792	-10.462728
25782	-4.477845	-2.505544	-10.522108
25783	-4.180852	-2.594683	-10.570152
25784	-3.885601	-2.693829	-10.536618
25785	-3.577868	-2.747715	-10.348178
25786	-3.254177	-2.736049	-10.040141
25787	-2.971959	-2.742016	-9.705942
25788	-2.705232	-2.741881	-9.338231
25789	-2.461715	-2.743755	-9.032702
25790	-2.274271	-2.787975	-8.855178
25791	-2.082380	-2.872771	-8.761268
25792	-1.869782	-2.960230	-8.721112
25793	-1.655173	-3.025980	-8.710669
25794	-1.445272	-3.070008	-8.707259
25795	-1.252592	-3.081580	-8.713279
25796	-1.056575	-3.073057	-8.689409
25797	-0.843115	-3.068484	-8.589321
25798	-0.624863	-3.043728	-8.418372
25799	-0.450308	-2.983915	-8.221508
25800	-0.347442	-2.896171	-8.079398
25801	-0.296786	-2.800390	-8.009056
25802	-0.249277	-2.715082	-7.982795
25803	-0.192542	-2.629321	-7.966156
25804	-0.157187	-2.522770	-7.893749
25805	-0.170234	-2.391934	-7.832235
25806	-0.215855	-2.254222	-7.861498
25807	-0.246357	-2.097818	-7.975450
25808	-0.226862	-1.961835	-8.138801
25809	-0.207944	-1.881035	-8.339389
25810	-0.248031	-1.827442	-8.626084
25811	-0.323778	-1.783165	-8.975933
25812	-0.362144	-1.748994	-9.319312
25813	-0.336355	-1.738521	-9.667555
25814	-0.253762	-1.750211	-9.950649
25815	-0.147822	-1.750566	-10.080176
25816	-0.064546	-1.733832	-10.039747
25817	-0.018139	-1.707612	-9.830017
25818	-0.011656	-1.689291	-9.480009
25819	-0.041434	-1.673388	-9.065847
25820	-0.072255	-1.645351	-8.639533
25821	-0.109033	-1.633718	-8.318152
25822	-0.171972	-1.620538	-8.076143
25823	-0.273055	-1.575210	-7.849201
25824	-0.405346	-1.498801	-7.565403
25825	-0.547321	-1.411345	-7.215960
25826	-0.683269	-1.324505	-6.812880
25827	-0.833247	-1.230151	-6.433789
25828	-1.005576	-1.131898	-6.111396
25829	-1.199378	-1.038385	-5.790860
25830	-1.388781	-0.933576	-5.351728
25831	-1.555725	-0.813737	-4.742615
25832	-1.703978	-0.672731	-3.974064
25833	-1.818686	-0.529472	-3.066902
25834	-1.875725	-0.392601	-2.118358
25835	-1.869246	-0.281441	-1.317902
25836	-1.809617	-0.210527	-0.820179
25837	-1.721683	-0.179866	-0.730560
25838	-1.663150	-0.196411	-1.073191
25839	-1.618154	-0.252965	-1.708954
25840	-1.562252	-0.299152	-2.459977
25841	-1.522990	-0.331178	-3.241918
25842	-1.493655	-0.351147	-3.951114
25843	-1.461690	-0.361003	-4.465744
25844	-1.406126	-0.353368	-4.714743
25845	-1.311008	-0.311344	-4.699980
25846	-1.194440	-0.239456	-4.487668
25847	-1.102486	-0.146921	-4.221383
25848	-1.052942	-0.068449	-3.987446
25849	-1.024751	-0.014950	-3.871766
25850	-1.000673	0.031341	-3.940452
25851	-0.980787	0.072438	-4.162138
25852	-0.956810	0.110930	-4.471685
25853	-0.937443	0.140049	-4.763891
25854	-0.901366	0.184479	-4.926215
25855	-0.856714	0.240779	-4.943720
25856	-0.801639	0.314426	-4.816146
25857	-0.743381	0.381324	-4.628178
25858	-0.693553	0.460281	-4.440351
25859	-0.647987	0.534730	-4.296036
25860	-0.586562	0.601011	-4.187182
25861	-0.528284	0.666066	-4.132571
25862	-0.487730	0.729049	-4.128606
25863	-0.463188	0.788163	-4.169091
25864	-0.446988	0.855459	-4.226833
25865	-0.439213	0.923268	-4.329272
25866	-0.444243	0.982337	-4.468581
25867	-0.453534	1.038020	-4.606301
25868	-0.466986	1.098092	-4.711767
25869	-0.486149	1.157025	-4.777523
25870	-0.501520	1.215022	-4.793899
25871	-0.502238	1.275546	-4.782271
25872	-0.500413	1.336313	-4.763481
25873	-0.502724	1.396521	-4.744539
25874	-0.501200	1.452854	-4.721112
25875	-0.498509	1.509297	-4.688477
25876	-0.495329	1.568390	-4.648058
25877	-0.489697	1.626978	-4.609007
25878	-0.489683	1.683847	-4.580251
25879	-0.489890	1.742689	-4.556255
25880	-0.489138	1.801099	-4.531908
25881	-0.486033	1.858361	-4.499270
25882	-0.484687	1.910510	-4.460324
25883	-0.478482	1.962982	-4.402235
25884	-0.474303	2.008316	-4.346796
25885	-0.475827	2.049285	-4.313924
25886	-0.488150	2.085476	-4.319517
25887	-0.508747	2.115853	-4.358538
25888	-0.538193	2.144132	-4.417043
25889	-0.572712	2.169541	-4.467844
25890	-0.609888	2.199540	-4.502187
25891	-0.648571	2.227929	-4.516407
25892	-0.684709	2.259437	-4.518492
25893	-0.720858	2.287549	-4.517944
25894	-0.752465	2.315123	-4.518011
25895	-0.780548	2.339163	-4.519624
25896	-0.802284	2.363176	-4.519472
25897	-0.819307	2.386272	-4.515544
25898	-0.833185	2.412154	-4.506366
25899	-0.838877	2.437463	-4.482232
25900	-0.843313	2.458718	-4.451042
25901	-0.847890	2.477410	-4.422401
25902	-0.855952	2.493763	-4.402177
25903	-0.863037	2.510092	-4.382420
25904	-0.869760	2.522412	-4.361618
25905	-0.876580	2.533983	-4.344096
25906	-0.884650	2.541806	-4.331102
25907	-0.891736	2.553151	-4.323264
25908	-0.903194	2.564272	-4.322911
25909	-0.911842	2.574764	-4.326348
25910	-0.921209	2.584077	-4.336244
25911	-0.930368	2.595303	-4.350124
25912	-0.941877	2.605847	-4.368362
25913	-0.954925	2.618979	-4.384035
25914	-0.970460	2.625368	-4.392207
25915	-0.982586	2.633413	-4.385536
25916	-0.990531	2.644620	-4.381703
25917	-0.992630	2.657219	-4.379674
25918	-0.987934	2.666891	-4.375587
25919	-0.978116	2.674614	-4.368165
25920	-0.963712	2.682873	-4.355632
25921	-0.948009	2.692038	-4.340306
25922	-0.929213	2.698265	-4.325199
25923	-0.908897	2.707981	-4.311234
25924	-0.891051	2.712437	-4.301407
25925	-0.871342	2.722170	-4.291448
25926	-0.850830	2.728188	-4.267534
25927	-0.826748	2.736594	-4.231975
25928	-0.804787	2.744470	-4.194320
25929	-0.783122	2.749684	-4.162433
25930	-0.761142	2.757056	-4.140129
25931	-0.737161	2.765503	-4.132799
25932	-0.714127	2.771468	-4.147302
25933	-0.689233	2.779159	-4.156980
25934	-0.667455	2.786556	-4.166125
25935	-0.652368	2.792069	-4.182776
25936	-0.635808	2.798502	-4.209915
25937	-0.608641	2.813712	-4.225800
25938	-0.586882	2.824915	-4.231946
25939	-0.569815	2.834651	-4.244446
25940	-0.552178	2.838480	-4.256406
25941	-0.535029	2.841385	-4.281323
25942	-0.522867	2.838529	-4.320008
25943	-0.506774	2.834313	-4.377502
25944	-0.480102	2.836539	-4.425422
25945	-0.441799	2.844208	-4.440473
25946	-0.408098	2.849887	-4.431593
25947	-0.372300	2.854023	-4.399063
25948	-0.337262	2.853577	-4.363874
25949	-0.310719	2.846758	-4.349257
25950	-0.288475	2.833574	-4.364221
25951	-0.264001	2.818643	-4.397152
25952	-0.240380	2.801548	-4.441041
25953	-0.219440	2.790362	-4.474480
25954	-0.198585	2.780514	-4.483607
25955	-0.176424	2.769482	-4.464201
25956	-0.155883	2.759045	-4.428534
25957	-0.134643	2.749549	-4.394090
25958	-0.116942	2.738620	-4.370051
25959	-0.102102	2.726563	-4.357681
25960	-0.088344	2.715342	-4.350054
25961	-0.072001	2.706707	-4.332341
25962	-0.055362	2.697062	-4.304178
25963	-0.042688	2.686861	-4.277111
25964	-0.029381	2.676677	-4.269025
25965	-0.017199	2.667453	-4.281856
25966	-0.004329	2.657376	-4.311697
25967	0.009758	2.647256	-4.340002
25968	0.025821	2.638728	-4.347306
25969	0.041628	2.629992	-4.338079
25970	0.058653	2.620148	-4.312395
25971	0.073151	2.612040	-4.291380
25972	0.086672	2.604650	-4.279555
25973	0.097943	2.595895	-4.283060
25974	0.105450	2.583841	-4.302697
25975	0.111104	2.574213	-4.329416
25976	0.117450	2.564122	-4.357789
25977	0.124121	2.554074	-4.390636
25978	0.126072	2.543151	-4.426531
25979	0.131916	2.534506	-4.448777
25980	0.135512	2.526531	-4.458756
25981	0.141723	2.520216	-4.456674
25982	0.148854	2.515366	-4.450504
25983	0.154585	2.508284	-4.447230
25984	0.158152	2.501195	-4.459185
25985	0.161014	2.495264	-4.479143
25986	0.165567	2.488644	-4.499197
25987	0.166835	2.482314	-4.515066
25988	0.171869	2.476644	-4.528635
25989	0.173221	2.471429	-4.535566
25990	0.171127	2.465957	-4.543949
25991	0.166869	2.460223	-4.558724
25992	0.163071	2.457713	-4.578586
25993	0.162104	2.452823	-4.598319
25994	0.158219	2.446851	-4.609067
25995	0.154541	2.442999	-4.616098
25996	0.147218	2.438083	-4.621379
25997	0.137844	2.430249	-4.627134
25998	0.127395	2.422580	-4.627965
25999	0.120760	2.414261	-4.623373
26000	0.115879	2.405299	-4.615647
26001	0.109809	2.395093	-4.606330
26002	0.104621	2.386353	-4.592924
26003	0.097867	2.375468	-4.581187
26004	0.089914	2.368285	-4.572415
26005	0.081809	2.358559	-4.566208
26006	0.073582	2.346748	-4.560486
26007	0.064292	2.332682	-4.555654
26008	0.054342	2.321119	-4.558719
26009	0.048531	2.307618	-4.567755
26010	0.044088	2.299927	-4.578560
26011	0.040842	2.291428	-4.581406
26012	0.039228	2.283502	-4.570959
26013	0.039719	2.278249	-4.551209
26014	0.040167	2.271865	-4.530691
26015	0.039497	2.264966	-4.515007
26016	0.037870	2.260628	-4.509224
26017	0.033228	2.255226	-4.513860
26018	0.028521	2.249578	-4.519701
26019	0.023321	2.242472	-4.524396
26020	0.014750	2.234972	-4.534985
26021	0.008084	2.226058	-4.553427
26022	-0.000531	2.219929	-4.583324
26023	-0.007516	2.214433	-4.616114
26024	-0.011408	2.211627	-4.646889
26025	-0.016332	2.211064	-4.681959
26026	-0.022794	2.203425	-4.711237
26027	-0.029117	2.199671	-4.740747
26028	-0.040639	2.193379	-4.770107
26029	-0.053357	2.188523	-4.800561
26030	-0.067843	2.183846	-4.833326
26031	-0.082989	2.179603	-4.864436
26032	-0.100135	2.176710	-4.890918
26033	-0.119336	2.170863	-4.917861
26034	-0.137742	2.166447	-4.943951
26035	-0.157394	2.158722	-4.975408
26036	-0.178249	2.152004	-5.007143
26037	-0.199731	2.144621	-5.042934
26038	-0.218900	2.138111	-5.083233
26039	-0.235270	2.129871	-5.133073
26040	-0.251111	2.121977	-5.189782
26041	-0.268350	2.111800	-5.249379
26042	-0.283557	2.100027	-5.305103
26043	-0.293432	2.092908	-5.350789
26044	-0.303804	2.084983	-5.388790
26045	-0.314687	2.079608	-5.414931
26046	-0.326668	2.076631	-5.424707
26047	-0.340574	2.073676	-5.426710
26048	-0.354860	2.071840	-5.418517
26049	-0.365534	2.073253	-5.400664
26050	-0.378237	2.076064	-5.378180
26051	-0.393829	2.078003	-5.355195
26052	-0.408225	2.080368	-5.331840
26053	-0.422513	2.085875	-5.302290
26054	-0.435063	2.090827	-5.269617
26055	-0.448535	2.096215	-5.237294
26056	-0.460975	2.103941	-5.204101
26057	-0.470540	2.113058	-5.167773
26058	-0.484088	2.121177	-5.131683
26059	-0.494707	2.128704	-5.096192
26060	-0.505470	2.138009	-5.058181
26061	-0.515361	2.144232	-5.028858
26062	-0.523585	2.148956	-4.997664
26063	-0.528840	2.151101	-4.970797
26064	-0.531728	2.151300	-4.950194
26065	-0.534043	2.150262	-4.941002
26066	-0.530809	2.145327	-4.943581
26067	-0.523975	2.141192	-4.955616
26068	-0.512753	2.137736	-4.961372
26069	-0.495831	2.134471	-4.948442
26070	-0.476003	2.128878	-4.919198
26071	-0.455720	2.122447	-4.889226
26072	-0.440700	2.113670	-4.884127
26073	-0.424703	2.101521	-4.896627
26074	-0.409644	2.089202	-4.916348
26075	-0.393162	2.076726	-4.935769
26076	-0.376683	2.061544	-4.946017
26077	-0.361781	2.046228	-4.950955
26078	-0.345817	2.032489	-4.948593
26079	-0.331076	2.016609	-4.942651
26080	-0.312576	1.998507	-4.939438
26081	-0.290269	1.977784	-4.934561
26082	-0.269346	1.959046	-4.930721
26083	-0.245311	1.940798	-4.919779
26084	-0.226840	1.920204	-4.906218
26085	-0.204575	1.900977	-4.880299
26086	-0.175902	1.885947	-4.834331
26087	-0.143392	1.873865	-4.784419
26088	-0.113524	1.860952	-4.748537
26089	-0.085930	1.846567	-4.727972
26090	-0.062958	1.830951	-4.722551
26091	-0.044357	1.810034	-4.724446
26092	-0.027630	1.791017	-4.735821
26093	-0.010648	1.770386	-4.743281
26094	0.007538	1.753190	-4.740930
26095	0.026463	1.735336	-4.728177
26096	0.041291	1.715672	-4.712449
26097	0.055889	1.698081	-4.698235
26098	0.070227	1.681230	-4.685980
26099	0.083230	1.662846	-4.683033
26100	0.095477	1.645323	-4.682815
26101	0.108344	1.631743	-4.674367
26102	0.123768	1.618484	-4.654336
26103	0.139281	1.606563	-4.624163
26104	0.155087	1.592613	-4.589266
26105	0.170301	1.579817	-4.559136
26106	0.186112	1.561684	-4.542646
26107	0.201794	1.546375	-4.534088
26108	0.220146	1.531049	-4.526091
26109	0.240712	1.516269	-4.517012
26110	0.258086	1.502477	-4.493950
26111	0.275366	1.484358	-4.466295
26112	0.292366	1.460306	-4.448636
26113	0.309235	1.434421	-4.439974
