// General information: 
//  MT Manager version: 2021.4.0 
//  XDA version: 2021.4.0 build 6323 rev 112641 built on 2021-09-28
// Device information: 
//  DeviceId: 00B437E8
//  ProductCode: MTW2-3A7G6
//  Firmware Version: 4.3.4
//  Hardware Version: 1.1.0
// Device settings: 
//  Filter Profile: human(46.1)
//  Option Flags: Orientation Smoother Disabled, Position/Velocity Smoother Disabled, Continuous Zero Rotation Update Disabled, AHS Disabled, ICC Disabled
// Coordinate system: ENU
PacketCounter	Roll	Pitch	Yaw
20321	0.005605	0.008605	0.043100
20322	0.007666	0.007848	0.043618
20323	0.007743	0.007495	0.044905
20324	0.007746	0.007757	0.044587
20325	0.007939	0.007962	0.044199
20326	0.009056	0.008016	0.044896
20327	0.008428	0.008378	0.043535
20328	0.007598	0.008148	0.043838
20329	0.009052	0.008113	0.041694
20330	0.008455	0.008440	0.044156
20331	0.006889	0.008401	0.043496
20332	0.007535	0.009983	0.042692
20333	0.007056	0.008866	0.042790
20334	0.006462	0.009204	0.041407
20335	0.006595	0.009132	0.041856
20336	0.006498	0.009387	0.041549
20337	0.006689	0.009594	0.041160
20338	0.005995	0.009037	0.042241
20339	0.006857	0.010569	0.041365
20340	0.008121	0.009559	0.041477
20341	0.007374	0.009365	0.041791
20342	0.006499	0.009241	0.042257
20343	0.006689	0.009449	0.041868
20344	0.006892	0.009356	0.042293
20345	0.007903	0.009409	0.042878
20346	0.008945	0.009744	0.042633
20347	0.007261	0.009149	0.043648
20348	0.006378	0.010376	0.042458
20349	0.007655	0.009509	0.042828
20350	0.007877	0.009718	0.042560
20351	0.007188	0.009804	0.042035
20352	0.006389	0.009891	0.041528
20353	0.006903	0.009459	0.040087
20354	0.007917	0.009856	0.040013
20355	0.007990	0.009509	0.041300
20356	0.006234	0.009469	0.040668
20357	0.006365	0.009402	0.041117
20358	0.006988	0.008391	0.041348
20359	0.006909	0.009524	0.041173
20360	0.006747	0.010523	0.040840
20361	0.008198	0.010494	0.038697
20362	0.008044	0.011314	0.039384
20363	0.008115	0.010969	0.040671
20364	0.009018	0.012492	0.039864
20365	0.009357	0.011226	0.040937
20366	0.008618	0.010978	0.041211
20367	0.008747	0.010912	0.041660
20368	0.009372	0.012074	0.041458
20369	0.008681	0.012163	0.040933
20370	0.007696	0.011789	0.042256
20371	0.006562	0.011964	0.044458
20372	0.007327	0.013445	0.043514
20373	0.007664	0.012180	0.044587
20374	0.007845	0.012313	0.044102
20375	0.007973	0.012248	0.044550
20376	0.007240	0.011998	0.044817
20377	0.007159	0.013134	0.044640
20378	0.007070	0.013372	0.046951
20379	0.007256	0.013586	0.046561
20380	0.007548	0.013853	0.046350
20381	0.007139	0.015633	0.047225
20382	0.006845	0.014834	0.046606
20383	0.006763	0.015971	0.046429
20384	0.007330	0.015467	0.044965
20385	0.006579	0.015279	0.045277
20386	0.008108	0.016416	0.046236
20387	0.006537	0.016382	0.045573
20388	0.007156	0.017413	0.046535
20389	0.007609	0.016708	0.045933
20390	0.007695	0.016901	0.045577
20391	0.007880	0.017118	0.045187
20392	0.007906	0.017303	0.044752
20393	0.008032	0.017242	0.045200
20394	0.009111	0.017416	0.044747
20395	0.007539	0.017383	0.044084
20396	0.006674	0.018644	0.042899
20397	0.007947	0.017787	0.043272
20398	0.007310	0.017870	0.042768
20399	0.006557	0.017684	0.043079
20400	0.006616	0.017801	0.042513
20401	0.005863	0.017616	0.042824
20402	0.006655	0.017374	0.044205
20403	0.006288	0.016823	0.042627
20404	0.007425	0.016010	0.043083
20405	0.005852	0.015977	0.042419
20406	0.004944	0.015699	0.042648
20407	0.004132	0.015236	0.043798
20408	0.004537	0.015138	0.044261
20409	0.005047	0.014714	0.042821
20410	0.003551	0.016116	0.044425
20411	0.004271	0.014492	0.043611
20412	0.004854	0.015453	0.044364
20413	0.004100	0.015269	0.044675
20414	0.004427	0.015433	0.044225
20415	0.003673	0.015249	0.044536
20416	0.003638	0.015393	0.043998
20417	0.002275	0.014161	0.043960
20418	0.002459	0.016374	0.044144
20419	0.001307	0.013943	0.044733
20420	0.002277	0.014893	0.045550
20421	0.002458	0.015115	0.045159
20422	0.002363	0.015071	0.045640
20423	0.000788	0.015039	0.044975
20424	-0.000066	0.015081	0.044348
20425	-0.000494	0.014254	0.043608
20426	-0.001369	0.016197	0.043621
20427	-0.000766	0.014021	0.044486
20428	-0.000585	0.014227	0.044124
20429	-0.001400	0.013767	0.045273
20430	-0.000266	0.013800	0.045855
20431	-0.000964	0.013897	0.045326
20432	-0.001651	0.014062	0.044922
20433	-0.000104	0.014907	0.046694
20434	-0.000477	0.013185	0.045744
20435	-0.002593	0.014999	0.045499
20436	-0.000951	0.014989	0.047165
20437	-0.002198	0.014314	0.045449
20438	-0.001818	0.014519	0.045099
20439	-0.001969	0.015388	0.045757
20440	-0.001318	0.016694	0.045708
20441	-0.001410	0.017841	0.045527
20442	-0.001403	0.018636	0.046154
20443	-0.000683	0.017018	0.045342
20444	-0.000111	0.018114	0.046257
20445	-0.000810	0.018212	0.045729
20446	-0.001644	0.018350	0.045358
20447	-0.001525	0.018299	0.045805
20448	-0.001444	0.018517	0.045497
20449	-0.000996	0.017822	0.044896
20450	0.006114	0.021322	0.041597
20451	0.006843	0.019704	0.040781
20452	0.007413	0.020793	0.041717
20453	0.005787	0.020485	0.041885
20454	0.005092	0.020578	0.041345
20455	0.005008	0.021726	0.041159
20456	0.004251	0.021019	0.043268
20457	0.005043	0.022297	0.043220
20458	0.006471	0.020261	0.044265
20459	0.005993	0.019160	0.044361
20460	0.005147	0.019987	0.045067
20461	0.005003	0.020859	0.045720
20462	0.004210	0.020924	0.045127
20463	0.004667	0.020230	0.044522
20464	0.005757	0.020567	0.044284
20465	0.005007	0.020389	0.044590
20466	0.004702	0.018116	0.045408
20467	0.004345	0.020188	0.045431
20468	0.006932	0.018818	0.044910
20469	0.005422	0.019066	0.043399
20470	0.005185	0.019931	0.044048
20471	0.004706	0.018831	0.044144
20472	0.003597	0.019872	0.043836
20473	0.003781	0.020102	0.043441
20474	0.004020	0.018582	0.045314
20475	0.003661	0.020656	0.045336
20476	0.003302	0.019996	0.043718
20477	0.003974	0.020724	0.045347
20478	0.005150	0.019954	0.045803
20479	0.004671	0.018856	0.045900
20480	0.005674	0.018992	0.046625
20481	0.005858	0.019224	0.046229
20482	0.005727	0.016903	0.047004
20483	0.007117	0.016619	0.045698
20484	0.006000	0.017342	0.046237
20485	0.005911	0.018495	0.046049
20486	0.005275	0.018533	0.045465
20487	0.005458	0.018765	0.045068
20488	0.004777	0.018855	0.044440
20489	0.005564	0.020140	0.044390
20490	0.005546	0.017921	0.045342
20491	0.006391	0.019483	0.044453
20492	0.005135	0.019372	0.043703
20493	0.006135	0.019459	0.044284
20494	0.005400	0.018952	0.045345
20495	0.005523	0.018909	0.045788
20496	0.005604	0.018801	0.046146
20497	0.005513	0.019957	0.045957
20498	0.004307	0.019381	0.044371
20499	0.004917	0.017217	0.045237
20500	0.005000	0.017470	0.044853
20501	0.005064	0.017151	0.046135
20502	0.005542	0.016472	0.045686
20503	0.004788	0.016300	0.045990
20504	0.003260	0.015782	0.047143
20505	0.003654	0.017439	0.048979
20506	0.003458	0.015636	0.047942
20507	0.001340	0.017454	0.047684
20508	0.002599	0.017097	0.046208
20509	0.001786	0.016648	0.047352
20510	0.002486	0.018002	0.047497
20511	0.001732	0.017830	0.047801
20512	0.001736	0.017785	0.048201
20513	0.002850	0.018430	0.047103
20514	0.002481	0.016231	0.048046
20515	0.000363	0.018050	0.047786
20516	0.000185	0.017396	0.046075
20517	0.000849	0.018133	0.047703
20518	-0.000061	0.018047	0.048142
20519	0.000665	0.016440	0.047331
20520	-0.000164	0.016454	0.046656
20521	0.000347	0.016047	0.045212
20522	-0.000767	0.017940	0.045121
20523	0.001593	0.016044	0.046267
20524	0.000508	0.016803	0.046819
20525	-0.000248	0.016634	0.047123
20526	0.000138	0.016803	0.046783
20527	-0.000286	0.015988	0.046041
20528	-0.001064	0.015750	0.046375
20529	-0.001703	0.016134	0.044999
20530	-0.001252	0.017746	0.046834
20531	-0.000409	0.016695	0.044344
20532	-0.001282	0.017409	0.044934
20533	-0.002254	0.018439	0.044604
20534	-0.002968	0.018250	0.044929
20535	-0.003725	0.018082	0.045232
20536	-0.002450	0.018347	0.044931
20537	-0.001789	0.019090	0.046558
20538	-0.002019	0.017406	0.045719
20539	-0.002385	0.016869	0.044136
20540	-0.002485	0.018923	0.044232
20541	-0.001550	0.018745	0.045654
20542	-0.002507	0.018638	0.046040
20543	-0.002330	0.018880	0.045642
20544	-0.003133	0.019023	0.045165
20545	-0.004766	0.018723	0.045329
20546	-0.003398	0.019561	0.043399
20547	-0.002797	0.020030	0.045866
20548	-0.003916	0.020737	0.046345
20549	-0.003408	0.020334	0.044901
20550	-0.003344	0.021204	0.045677
20551	-0.004161	0.020762	0.046820
20552	-0.003882	0.020661	0.047206
20553	-0.005399	0.020915	0.045690
20554	-0.004435	0.020760	0.047117
20555	-0.002509	0.021272	0.046998
20556	-0.002673	0.020094	0.047096
20557	-0.004523	0.020994	0.046625
20558	-0.003946	0.020204	0.045860
20559	-0.005521	0.020182	0.045184
20560	-0.005059	0.019798	0.043749
20561	-0.004885	0.020044	0.043351
20562	-0.005509	0.020206	0.042958
20563	-0.005335	0.020452	0.042560
20564	-0.005218	0.020161	0.043965
20565	-0.004886	0.018932	0.045042
20566	-0.004074	0.020548	0.044210
20567	-0.004293	0.021165	0.045697
20568	-0.004983	0.021304	0.045250
20569	-0.004926	0.020999	0.046532
20570	-0.005956	0.020542	0.047626
20571	-0.006324	0.020009	0.046043
20572	-0.007904	0.019978	0.045430
20573	-0.005764	0.019296	0.045947
20574	-0.006790	0.020415	0.045743
20575	-0.006617	0.020663	0.045345
20576	-0.007170	0.019801	0.044451
20577	-0.005365	0.019766	0.046013
20578	-0.006012	0.019947	0.045668
20579	-0.005839	0.020196	0.045269
20580	-0.006476	0.021486	0.044147
20581	-0.005212	0.020671	0.044524
20582	-0.004696	0.019638	0.044623
20583	-0.003926	0.020945	0.044569
20584	-0.004192	0.020201	0.044054
20585	-0.004021	0.020451	0.043656
20586	-0.002657	0.020752	0.043408
20587	-0.002486	0.021002	0.043010
20588	-0.001095	0.020172	0.043409
20589	-0.001799	0.020288	0.042871
20590	-0.002689	0.021215	0.042380
20591	-0.002577	0.021190	0.042822
20592	-0.003340	0.021316	0.042214
20593	-0.004044	0.021433	0.041676
20594	-0.003530	0.020352	0.041815
20595	-0.003360	0.020603	0.041417
20596	-0.002416	0.019022	0.040695
20597	-0.002405	0.020749	0.038819
20598	-0.001978	0.020897	0.038386
20599	-0.000657	0.020363	0.037923
20600	-0.001242	0.020218	0.038315
20601	-0.000796	0.019549	0.037713
20602	-0.001684	0.019196	0.039030
20603	-0.002724	0.019960	0.039535
20604	-0.000863	0.020341	0.039124
20605	-0.001569	0.020459	0.038585
20606	-0.001408	0.021304	0.039308
20607	-0.001021	0.020360	0.039546
20608	-0.000228	0.021343	0.040258
20609	-0.000059	0.021597	0.039859
20610	-0.000872	0.021753	0.039383
20611	0.001044	0.022280	0.039264
20612	0.000466	0.020558	0.040939
20613	0.000415	0.022011	0.039902
20614	0.000659	0.021695	0.041248
20615	-0.000047	0.021814	0.040708
20616	0.000555	0.021467	0.039448
20617	0.000723	0.021723	0.039049
20618	0.001383	0.020712	0.039281
20619	0.001551	0.020969	0.038881
20620	0.002972	0.020101	0.039219
20621	0.002643	0.022478	0.038384
20622	0.002823	0.022634	0.037906
20623	0.003151	0.021418	0.038985
20624	0.002161	0.022391	0.038594
20625	0.002269	0.022373	0.039036
20626	0.001125	0.021067	0.038930
20627	0.003040	0.021598	0.038811
20628	0.002549	0.020596	0.039115
20629	0.002380	0.021500	0.039758
20630	0.003419	0.021639	0.040395
20631	0.002711	0.021760	0.039855
20632	0.002978	0.022090	0.039591
20633	0.001455	0.022350	0.038069
20634	0.002258	0.022250	0.039533
20635	0.002423	0.022509	0.039133
20636	0.003354	0.021223	0.041275
20637	0.001495	0.022130	0.040796
20638	0.001895	0.021499	0.040288
20639	0.002001	0.021483	0.040729
20640	0.002457	0.021642	0.040297
20641	0.001153	0.020704	0.039414
20642	0.001934	0.020639	0.040903
20643	-0.000858	0.021133	0.041124
20644	-0.000344	0.019652	0.040501
20645	0.000416	0.020973	0.040444
20646	0.000457	0.021356	0.040211
20647	-0.000589	0.022127	0.040713
20648	-0.000082	0.021415	0.040108
20649	0.001175	0.020617	0.040489
20650	0.003828	0.021006	0.040559
20651	0.004113	0.021817	0.038478
20652	0.004115	0.021458	0.039599
20653	0.004562	0.020796	0.038999
20654	0.004612	0.020701	0.039305
20655	0.004722	0.020687	0.039748
20656	0.003130	0.020645	0.039010
20657	0.003239	0.020631	0.039453
20658	0.004717	0.021486	0.037489
20659	0.003021	0.020920	0.038491
20660	0.002166	0.022321	0.037523
20661	0.003486	0.021800	0.037064
20662	0.003994	0.021463	0.035700
20663	0.004102	0.021451	0.036143
20664	0.003593	0.020381	0.036321
20665	0.003760	0.020644	0.035922
20666	0.003130	0.020797	0.035519
20667	0.003297	0.021061	0.035121
20668	0.004080	0.022644	0.034248
20669	0.003535	0.021296	0.035190
20670	0.003249	0.022543	0.035109
20671	0.003416	0.022807	0.034710
20672	0.002595	0.022632	0.034959
20673	0.000619	0.022991	0.036161
20674	0.001477	0.023431	0.035964
20675	-0.000104	0.023417	0.035283
20676	0.001794	0.023923	0.035141
20677	0.001028	0.023774	0.035442
20678	0.001333	0.023863	0.036082
20679	0.000567	0.023714	0.036384
20680	0.000159	0.024956	0.036182
20681	-0.000887	0.025730	0.036684
20682	-0.000591	0.025390	0.035269
20683	0.000133	0.023812	0.034470
20684	-0.000158	0.025930	0.034558
20685	0.000169	0.024725	0.035642
20686	-0.000014	0.025638	0.036358
20687	0.000092	0.025630	0.036801
20688	-0.000636	0.025745	0.036252
20689	0.000062	0.026800	0.037036
20690	0.000073	0.025588	0.034488
20691	-0.000974	0.026363	0.034989
20692	-0.000779	0.026671	0.034769
20693	-0.001547	0.026524	0.035070
20694	-0.000541	0.026860	0.034650
20695	-0.001530	0.027911	0.034309
20696	-0.000276	0.026790	0.035460
20697	-0.000367	0.025348	0.033678
20698	-0.001727	0.027214	0.033344
20699	0.000625	0.025370	0.034513
20700	-0.000447	0.026681	0.033316
20701	-0.000285	0.026951	0.032916
20702	0.000961	0.026166	0.033272
20703	0.000531	0.025373	0.032531
20704	0.000796	0.025018	0.033737
20705	0.001772	0.025154	0.034321
20706	0.002114	0.024847	0.032968
20707	0.002837	0.023273	0.032169
20708	0.001776	0.024067	0.032723
20709	0.000725	0.024845	0.033223
20710	0.000950	0.024925	0.033887
20711	-0.000042	0.025978	0.033544
20712	-0.000399	0.024846	0.033606
20713	-0.000432	0.023681	0.030982
20714	0.001057	0.024336	0.033672
20715	0.000656	0.026453	0.033670
20716	0.000196	0.025843	0.031870
20717	-0.000411	0.024227	0.033655
20718	-0.000726	0.025187	0.034360
20719	-0.000285	0.024537	0.033761
20720	0.001033	0.022774	0.033822
20721	0.000660	0.022258	0.032239
20722	0.000793	0.021381	0.032511
20723	-0.000260	0.022161	0.033009
20724	-0.002002	0.022224	0.032418
20725	-0.001620	0.021302	0.032661
20726	-0.000621	0.022519	0.032527
20727	0.000411	0.022935	0.032269
20728	0.001487	0.023089	0.032947
20729	0.002178	0.024154	0.033729
20730	0.001903	0.022412	0.032728
20731	-0.000245	0.024248	0.032440
20732	-0.000791	0.023784	0.030894
20733	-0.000809	0.023236	0.033020
20734	-0.001280	0.023594	0.031684
20735	-0.001181	0.023595	0.032125
20736	-0.001151	0.025096	0.031222
20737	-0.000711	0.024450	0.030623
20738	0.001329	0.023338	0.032976
20739	0.000923	0.025460	0.032971
20740	0.000315	0.025013	0.031467
20741	0.000414	0.025016	0.031909
20742	0.000683	0.025553	0.030700
20743	-0.000149	0.025139	0.031841
20744	-0.000185	0.025222	0.032450
20745	0.000561	0.026565	0.032389
20746	-0.000683	0.025869	0.030638
20747	-0.001856	0.026104	0.032819
20748	0.000496	0.024896	0.032401
20749	0.000594	0.024900	0.032842
20750	-0.000477	0.025702	0.033394
20751	-0.000380	0.025707	0.033835
20752	-0.000967	0.025857	0.033456
20753	-0.002024	0.026642	0.033952
20754	-0.002113	0.028188	0.033105
20755	-0.001392	0.026623	0.032309
20756	-0.002809	0.026592	0.031690
20757	-0.002182	0.027390	0.033313
20758	-0.002003	0.027650	0.032938
20759	-0.002777	0.027513	0.033237
20760	-0.002341	0.026686	0.033666
20761	-0.002527	0.027615	0.034304
20762	-0.002714	0.028542	0.035014
20763	-0.000251	0.027265	0.034505
20764	-0.001957	0.027276	0.033827
20765	-0.001802	0.027557	0.033426
20766	-0.002216	0.027646	0.032935
20767	-0.002403	0.028576	0.033573
20768	-0.001388	0.028632	0.034051
20769	-0.001822	0.027847	0.033311
20770	-0.002954	0.029771	0.033195
20771	-0.000609	0.027949	0.034371
20772	-0.001589	0.028711	0.034819
20773	-0.002307	0.028850	0.034274
20774	-0.002758	0.027642	0.034191
20775	-0.002947	0.028574	0.034828
20776	-0.001655	0.028290	0.033512
20777	-0.002373	0.028429	0.032967
20778	-0.001737	0.027400	0.033105
20779	-0.000371	0.027180	0.031806
20780	-0.000992	0.028747	0.033469
20781	-0.001769	0.028613	0.033767
20782	-0.002258	0.028682	0.033288
20783	-0.001235	0.029112	0.033029
20784	-0.002141	0.029013	0.033384
20785	-0.002331	0.029947	0.034021
20786	-0.003848	0.028693	0.033930
20787	-0.001387	0.027423	0.033422
20788	-0.002261	0.028277	0.034088
20789	-0.002696	0.027495	0.033347
20790	-0.002535	0.027539	0.033891
20791	-0.002725	0.028474	0.034527
20792	-0.003133	0.027378	0.034606
20793	-0.002982	0.027665	0.034204
20794	-0.002597	0.026170	0.036116
20795	-0.003014	0.028302	0.036105
20796	-0.001193	0.028894	0.035997
20797	-0.001912	0.029036	0.035452
20798	-0.002525	0.027930	0.035503
20799	-0.002090	0.027295	0.034905
20800	-0.001932	0.027300	0.035347
20801	-0.001597	0.029032	0.037163
20802	-0.001642	0.027267	0.036152
20803	-0.002060	0.029400	0.036139
20804	-0.002361	0.028232	0.036198
20805	-0.001114	0.027470	0.036586
20806	-0.001852	0.027389	0.037032
20807	-0.000548	0.026900	0.036577
20808	-0.001285	0.026726	0.036843
20809	-0.002064	0.026596	0.037139
20810	-0.002098	0.027537	0.037861
20811	-0.002518	0.029672	0.037847
20812	-0.002724	0.028570	0.037902
20813	-0.001704	0.029006	0.037642
20814	-0.001998	0.028191	0.036953
20815	-0.001564	0.027559	0.036355
20816	-0.000583	0.027764	0.037013
20817	-0.000376	0.028328	0.035767
20818	-0.001339	0.028523	0.035207
20819	-0.000212	0.027218	0.037282
20820	0.001796	0.027695	0.037087
20821	0.001074	0.027840	0.036540
20822	0.000603	0.026816	0.036671
20823	0.000408	0.027757	0.037305
20824	0.000589	0.027938	0.036807
20825	-0.001230	0.029132	0.035468
20826	0.000711	0.027987	0.037626
20827	-0.000238	0.029328	0.036430
20828	0.001059	0.028049	0.038649
20829	0.000052	0.029118	0.038296
20830	0.000321	0.029104	0.038727
20831	-0.001557	0.030026	0.038230
20832	-0.001361	0.029508	0.037772
20833	-0.001966	0.030201	0.035538
20834	-0.001060	0.030113	0.036984
20835	-0.002127	0.030910	0.037473
20836	0.000395	0.029639	0.036967
20837	-0.000672	0.030436	0.037456
20838	-0.001263	0.030496	0.036879
20839	-0.001117	0.030791	0.036475
20840	0.000038	0.030815	0.036885
20841	-0.000219	0.031486	0.038361
20842	-0.000866	0.031615	0.037904
20843	0.000494	0.031408	0.036607
20844	0.000315	0.030354	0.036941
20845	0.000461	0.030650	0.036537
20846	0.000385	0.030684	0.036966
20847	0.000472	0.030707	0.037405
20848	0.000860	0.030782	0.038065
20849	0.000719	0.032001	0.037855
20850	0.000709	0.023979	0.042917
20851	0.002597	0.024563	0.042807
20852	0.000903	0.024590	0.042177
20853	0.002901	0.023433	0.044404
20854	0.002549	0.022614	0.043700
20855	0.002638	0.022630	0.044145
20856	0.001957	0.022709	0.043511
20857	0.001760	0.023648	0.044149
20858	0.000514	0.022914	0.042354
20859	0.002401	0.023500	0.042243
20860	0.002014	0.022446	0.042416
20861	0.001006	0.023510	0.042066
20862	0.001170	0.023457	0.042448
20863	0.000448	0.023599	0.041905
20864	0.000622	0.023239	0.043102
20865	-0.000969	0.023232	0.042415
20866	0.000012	0.023160	0.043942
20867	-0.001056	0.023952	0.044435
20868	-0.000336	0.025017	0.045224
20869	0.000098	0.024385	0.044633
20870	0.000200	0.025766	0.043488
20871	-0.000522	0.025909	0.042944
20872	-0.000723	0.024852	0.043153
20873	-0.000635	0.024871	0.043598
20874	0.000370	0.025265	0.043295
20875	-0.000581	0.026604	0.042100
20876	-0.000315	0.026863	0.041737
20877	-0.000058	0.025415	0.043677
20878	0.000043	0.025872	0.043550
20879	-0.000157	0.026815	0.044187
20880	0.001275	0.026297	0.043771
20881	-0.000605	0.027214	0.043274
20882	0.000354	0.027001	0.044604
20883	-0.000023	0.026495	0.043024
20884	0.001735	0.026506	0.044529
20885	0.000783	0.027846	0.043333
20886	0.001746	0.027949	0.043821
20887	0.001832	0.027971	0.044265
20888	0.001103	0.028131	0.043728
20889	0.000902	0.029076	0.044364
20890	0.000006	0.028665	0.045455
20891	-0.000947	0.030006	0.044259
20892	-0.001450	0.028401	0.046110
20893	-0.000724	0.029770	0.046046
20894	-0.001547	0.030036	0.045727
20895	-0.002330	0.029909	0.046027
20896	-0.002954	0.029866	0.046502
20897	-0.002751	0.030435	0.045259
20898	-0.003384	0.030605	0.044798
20899	-0.002835	0.031157	0.047266
20900	-0.002066	0.029507	0.046417
20901	-0.003367	0.031500	0.046255
20902	-0.003682	0.031628	0.045839
20903	-0.003309	0.030729	0.046092
20904	-0.003062	0.031006	0.045671
20905	-0.002397	0.032105	0.046451
20906	-0.002717	0.029886	0.047255
20907	-0.002574	0.030184	0.046856
20908	-0.001802	0.028532	0.046002
20909	-0.002757	0.029875	0.044804
20910	-0.002929	0.030840	0.045448
20911	-0.002206	0.032212	0.045384
20912	-0.001035	0.032585	0.044963
20913	-0.000604	0.031961	0.044373
20914	-0.001486	0.031558	0.045530
20915	-0.000705	0.033204	0.044621
20916	0.000448	0.032536	0.045141
20917	-0.000626	0.033335	0.045630
20918	-0.000684	0.033608	0.045145
20919	-0.001470	0.033484	0.045444
20920	-0.002161	0.033259	0.045674
20921	-0.001151	0.033711	0.045419
20922	-0.001862	0.033809	0.044878
20923	-0.001721	0.034110	0.044478
20924	-0.002266	0.032589	0.046527
20925	-0.002703	0.034736	0.046507
20926	-0.003630	0.035006	0.046144
20927	-0.003780	0.033310	0.045219
20928	-0.003057	0.033007	0.043932
20929	-0.002917	0.033310	0.043532
20930	-0.001877	0.033846	0.043414
20931	-0.000001	0.034453	0.043304
20932	-0.000684	0.032907	0.045193
20933	-0.000774	0.034405	0.044137
20934	-0.001186	0.032944	0.045019
20935	-0.001914	0.033095	0.044473
20936	-0.002148	0.032381	0.043958
20937	-0.002877	0.032532	0.043412
20938	-0.001776	0.032944	0.043177
20939	-0.001637	0.033247	0.042776
20940	-0.001430	0.033475	0.042268
20941	-0.001001	0.032856	0.041678
20942	-0.000102	0.033891	0.042400
20943	0.000267	0.033001	0.042655
20944	-0.000399	0.032282	0.041972
20945	-0.001247	0.031890	0.043115
20946	-0.000934	0.031029	0.043417
20947	-0.002531	0.031029	0.042725
20948	-0.000586	0.031038	0.044290
20949	-0.002125	0.031310	0.042753
20950	-0.002403	0.032507	0.042491
20951	-0.003192	0.032388	0.042788
20952	-0.003149	0.032599	0.042280
20953	-0.003821	0.033024	0.040888
20954	-0.001969	0.031747	0.042835
20955	-0.004147	0.033593	0.042519
20956	-0.004453	0.033045	0.040890
20957	-0.003566	0.032961	0.042324
20958	-0.004006	0.032301	0.041781
20959	-0.004218	0.033259	0.042413
20960	-0.004782	0.033059	0.042740
20961	-0.005862	0.033865	0.043226
20962	-0.004486	0.032416	0.042473
20963	-0.006783	0.033720	0.043846
20964	-0.007233	0.033160	0.042192
20965	-0.005770	0.034155	0.043959
20966	-0.005038	0.035176	0.044648
20967	-0.005252	0.036136	0.045279
20968	-0.004843	0.036371	0.044887
20969	-0.004417	0.035757	0.044297
20970	-0.002802	0.037074	0.045329
20971	-0.003184	0.036578	0.043748
20972	-0.004436	0.036907	0.046063
20973	-0.004301	0.037217	0.045661
20974	-0.005056	0.036537	0.044966
20975	-0.004571	0.036196	0.043531
20976	-0.003842	0.036393	0.044062
20977	-0.003475	0.035509	0.044317
20978	-0.003716	0.036514	0.045037
20979	-0.002364	0.036328	0.043748
20980	-0.001867	0.036538	0.043339
20981	-0.001792	0.036578	0.043781
20982	-0.003091	0.037378	0.044225
20983	-0.002148	0.037573	0.044813
20984	-0.001836	0.036728	0.045089
20985	-0.002052	0.037691	0.045719
20986	-0.001562	0.037343	0.044295
20987	-0.000846	0.035809	0.043518
20988	-0.001506	0.037106	0.042313
20989	-0.001372	0.037419	0.041910
20990	-0.001367	0.037450	0.042356
20991	-0.002160	0.037337	0.042652
20992	-0.002948	0.037177	0.042865
20993	-0.004258	0.036258	0.041982
20994	-0.004713	0.036739	0.044429
20995	-0.005163	0.038899	0.044400
20996	-0.004296	0.037274	0.043541
20997	-0.004164	0.037589	0.043138
20998	-0.004084	0.037320	0.044416
20999	-0.004760	0.037751	0.043021
21000	-0.003228	0.037218	0.042580
21001	-0.003096	0.037533	0.042177
21002	-0.004294	0.038918	0.043697
21003	-0.003578	0.037388	0.042920
21004	-0.004671	0.038098	0.043293
21005	-0.004598	0.038142	0.043734
21006	-0.004960	0.039106	0.044333
21007	-0.004888	0.039150	0.044774
21008	-0.004741	0.039398	0.044296
21009	-0.005828	0.040210	0.044777
21010	-0.004196	0.038222	0.045809
21011	-0.006382	0.040073	0.045485
21012	-0.006898	0.038993	0.045566
21013	-0.006768	0.039310	0.045162
21014	-0.006672	0.039286	0.045527
21015	-0.006482	0.039875	0.044278
21016	-0.006607	0.040709	0.044775
21017	-0.006477	0.041027	0.044371
21018	-0.004969	0.039738	0.043836
21019	-0.007157	0.041590	0.043511
21020	-0.007593	0.041095	0.041908
21021	-0.006715	0.041028	0.043342
21022	-0.005491	0.041126	0.043828
21023	-0.006579	0.041940	0.044308
21024	-0.006875	0.043187	0.044037
21025	-0.006231	0.044315	0.044810
21026	-0.005896	0.044029	0.043478
21027	-0.005181	0.042502	0.042703
21028	-0.006345	0.043262	0.043136
21029	-0.006848	0.042231	0.043245
21030	-0.005646	0.043022	0.042344
21031	-0.006443	0.042914	0.042639
21032	-0.006317	0.043201	0.042192
21033	-0.006541	0.044174	0.042818
21034	-0.005961	0.043832	0.041409
21035	-0.005247	0.042307	0.040634
21036	-0.004730	0.043428	0.041371
21037	-0.005469	0.043593	0.040820
21038	-0.005401	0.043692	0.041419
21039	-0.004981	0.043091	0.040829
21040	-0.004930	0.043057	0.041205
21041	-0.005213	0.043761	0.042676
21042	-0.005305	0.045195	0.041551
21043	-0.005809	0.044166	0.041660
21044	-0.005343	0.042737	0.040994
21045	-0.003484	0.043375	0.040883
21046	-0.004209	0.043268	0.041265
21047	-0.005008	0.043162	0.041559
21048	-0.004786	0.043422	0.041096
21049	-0.004499	0.045208	0.042898
21050	-0.004336	0.035702	0.044539
21051	-0.001886	0.034484	0.044061
21052	-0.001324	0.035149	0.046655
21053	-0.002000	0.035576	0.045259
21054	-0.001847	0.035946	0.045015
21055	-0.001423	0.035337	0.044427
21056	-0.001562	0.035372	0.044845
21057	-0.002357	0.035257	0.045140
21058	-0.003536	0.037281	0.045029
21059	-0.002936	0.035208	0.045949
21060	-0.002287	0.036341	0.046718
21061	-0.003317	0.037420	0.046351
21062	-0.002775	0.036439	0.046535
21063	-0.002939	0.037677	0.046315
21064	-0.003160	0.036864	0.045589
21065	-0.002736	0.036257	0.045001
21066	-0.003845	0.038161	0.044750
21067	-0.001514	0.036407	0.045964
21068	-0.002924	0.036327	0.045245
21069	-0.004526	0.036326	0.044546
21070	-0.004254	0.036608	0.044134
21071	-0.005050	0.036495	0.044429
21072	-0.004780	0.036435	0.044739
21073	-0.004139	0.037563	0.045512
21074	-0.004314	0.035919	0.044682
21075	-0.006505	0.037765	0.044350
21076	-0.005170	0.037066	0.044828
21077	-0.005101	0.037114	0.045270
21078	-0.003690	0.036391	0.045784
21079	-0.003327	0.035515	0.046043
21080	-0.004048	0.036522	0.045665
21081	-0.004550	0.035487	0.045776
21082	-0.005141	0.035443	0.044964
21083	-0.005014	0.035762	0.044559
21084	-0.005495	0.037819	0.044345
21085	-0.004837	0.036021	0.044420
21086	-0.004728	0.036080	0.044922
21087	-0.004600	0.036400	0.044517
21088	-0.005361	0.036548	0.043971
21089	-0.005234	0.036868	0.043566
21090	-0.005869	0.036330	0.044556
21091	-0.004012	0.036970	0.044446
21092	-0.004256	0.035782	0.044412
21093	-0.005349	0.036596	0.044888
21094	-0.005447	0.037856	0.044737
21095	-0.005654	0.035901	0.044665
21096	-0.005583	0.036179	0.044147
21097	-0.004592	0.036660	0.043889
21098	-0.005358	0.036699	0.043172
21099	-0.005742	0.036208	0.041590
21100	-0.006064	0.035074	0.041635
21101	-0.006234	0.036320	0.041411
21102	-0.007101	0.036288	0.041826
21103	-0.007035	0.036340	0.042267
21104	-0.006611	0.035695	0.041655
21105	-0.007706	0.036510	0.042130
21106	-0.008349	0.036600	0.041533
21107	-0.008224	0.036923	0.041127
21108	-0.006993	0.036198	0.041487
21109	-0.008953	0.036853	0.041814
21110	-0.008510	0.036204	0.041146
21111	-0.007165	0.036036	0.039859
21112	-0.007679	0.035800	0.040071
21113	-0.007555	0.036124	0.039664
21114	-0.006286	0.036538	0.039413
21115	-0.006162	0.036863	0.039007
21116	-0.004958	0.036135	0.039439
21117	-0.006919	0.036791	0.039765
21118	-0.005342	0.035389	0.039123
21119	-0.006083	0.035553	0.038568
21120	-0.006088	0.035618	0.039061
21121	-0.005905	0.036214	0.037807
21122	-0.003670	0.035627	0.038385
21123	-0.005394	0.035090	0.039376
21124	-0.002950	0.033769	0.038690
21125	-0.003929	0.035127	0.037470
21126	-0.004248	0.036136	0.038136
21127	-0.004125	0.036463	0.037729
21128	-0.003556	0.036083	0.036246
21129	-0.004298	0.036248	0.035691
21130	-0.005026	0.036374	0.035069
21131	-0.003175	0.037025	0.034958
21132	-0.005317	0.038892	0.034644
21133	-0.004720	0.036834	0.035568
21134	-0.004812	0.036931	0.036030
21135	-0.004690	0.037259	0.035623
21136	-0.005753	0.038345	0.035267
21137	-0.005394	0.037481	0.035526
21138	-0.006086	0.037734	0.035199
21139	-0.007185	0.038554	0.035671
21140	-0.006420	0.036915	0.034701
21141	-0.007816	0.038659	0.035353
21142	-0.008200	0.039391	0.036805
21143	-0.008197	0.039181	0.038091
21144	-0.007776	0.038561	0.037474
21145	-0.007715	0.038621	0.037913
21146	-0.006609	0.039079	0.037658
21147	-0.006608	0.038870	0.038944
21148	-0.005816	0.037344	0.038276
21149	-0.005367	0.039953	0.037530
21150	-0.006549	0.039025	0.036702
21151	-0.005565	0.039519	0.036443
21152	-0.005255	0.039504	0.036886
21153	-0.006296	0.040596	0.036509
21154	-0.005520	0.041198	0.036387
21155	-0.008975	0.040339	0.037080
21156	-0.008132	0.042011	0.036201
21157	-0.008579	0.041258	0.035465
21158	-0.006573	0.041523	0.036098
21159	-0.006811	0.042509	0.036717
21160	-0.005297	0.041982	0.036229
21161	-0.005744	0.041229	0.035492
21162	-0.006535	0.041442	0.035026
21163	-0.006416	0.041776	0.034618
21164	-0.005136	0.041064	0.035068
21165	-0.006418	0.043350	0.034023
21166	-0.007040	0.043429	0.033385
21167	-0.006118	0.043657	0.033972
21168	-0.005716	0.042857	0.034404
21169	-0.006462	0.043028	0.033847
21170	-0.005496	0.043447	0.033524
21171	-0.006003	0.042426	0.033634
21172	-0.005330	0.044071	0.032671
21173	-0.004526	0.043761	0.034953
21174	-0.004798	0.043132	0.033203
21175	-0.004681	0.043468	0.032794
21176	-0.004123	0.042868	0.032266
21177	-0.004988	0.042501	0.033403
21178	-0.004684	0.041649	0.033661
21179	-0.004568	0.041985	0.033252
21180	-0.003719	0.040409	0.032460
21181	-0.003901	0.041669	0.032230
21182	-0.004987	0.042494	0.032728
21183	-0.004066	0.042726	0.033315
21184	-0.003955	0.042810	0.033782
21185	-0.004762	0.042713	0.034071
21186	-0.003955	0.042596	0.035434
21187	-0.004344	0.042115	0.033850
21188	-0.003053	0.041447	0.034344
21189	-0.004100	0.042543	0.033964
21190	-0.003927	0.041980	0.033312
21191	-0.003871	0.042049	0.033749
21192	-0.004747	0.041963	0.034089
21193	-0.003769	0.042467	0.033828
21194	-0.005082	0.041758	0.032016
21195	-0.004582	0.042378	0.034476
21196	-0.004021	0.040979	0.033806
21197	-0.005069	0.042077	0.033425
21198	-0.004296	0.041672	0.031967
21199	-0.004181	0.042012	0.031557
21200	-0.004022	0.042330	0.031134
21201	-0.003968	0.042401	0.031571
21202	-0.002979	0.042361	0.033074
21203	-0.005095	0.041552	0.031191
21204	-0.005616	0.043769	0.031192
21205	-0.005681	0.043303	0.033325
21206	-0.006100	0.042375	0.033605
21207	-0.005987	0.042717	0.033194
21208	-0.005596	0.044254	0.033158
21209	-0.006969	0.043072	0.033119
21210	-0.006103	0.043069	0.034615
21211	-0.006108	0.042873	0.035900
21212	-0.007149	0.044099	0.034502
21213	-0.005992	0.043146	0.035759
21214	-0.005908	0.042965	0.037128
21215	-0.005795	0.043308	0.036717
21216	-0.004984	0.044437	0.037504
21217	-0.005290	0.045165	0.038967
21218	-0.004433	0.045662	0.038742
21219	-0.003818	0.046826	0.039506
21220	-0.002566	0.046082	0.039900
21221	-0.004480	0.047016	0.039367
21222	-0.004113	0.046170	0.039630
21223	-0.003198	0.046412	0.040216
21224	-0.004004	0.046182	0.040274
21225	-0.003592	0.045603	0.039685
21226	-0.004931	0.046898	0.040958
21227	-0.002494	0.045730	0.040492
21228	-0.003356	0.046461	0.040959
21229	-0.004167	0.046370	0.041246
21230	-0.003642	0.045560	0.041650
21231	-0.003531	0.045905	0.041239
21232	-0.003093	0.046126	0.040748
21233	-0.001677	0.047191	0.042508
21234	-0.001714	0.045378	0.041400
21235	-0.002707	0.046749	0.040167
21236	-0.002360	0.047358	0.042592
21237	-0.001890	0.047050	0.041155
21238	-0.001749	0.047332	0.040719
21239	-0.000777	0.047846	0.040457
21240	-0.001966	0.046840	0.039530
21241	-0.000692	0.046431	0.039091
21242	-0.000338	0.044989	0.041003
21243	-0.000830	0.047183	0.040943
21244	-0.001550	0.046111	0.040962
21245	-0.001500	0.046190	0.041397
21246	-0.001526	0.046485	0.040848
21247	-0.002279	0.046666	0.040286
21248	-0.002444	0.046746	0.040652
21249	-0.001833	0.047917	0.041413
21250	-0.002262	0.035766	0.044299
21251	-0.002754	0.037949	0.044240
21252	-0.002134	0.036479	0.043554
21253	-0.002945	0.036379	0.043840
21254	-0.002617	0.036670	0.043442
21255	-0.003730	0.037494	0.043905
21256	-0.003361	0.036932	0.043360
21257	-0.002890	0.036615	0.041924
21258	-0.002369	0.038972	0.042170
21259	-0.001656	0.037464	0.041407
21260	-0.001397	0.037187	0.042676
21261	-0.001967	0.035897	0.043635
21262	-0.001670	0.036227	0.043279
21263	-0.000397	0.035811	0.042842
21264	-0.001166	0.035997	0.042339
21265	-0.000556	0.037160	0.043101
21266	-0.000308	0.036773	0.041550
21267	-0.000819	0.035752	0.041661
21268	-0.001430	0.036975	0.040307
21269	-0.000459	0.037484	0.040045
21270	-0.002055	0.037109	0.040037
21271	-0.002368	0.037836	0.041497
21272	-0.002038	0.036835	0.041486
21273	-0.003153	0.037662	0.041947
21274	-0.002471	0.037249	0.040443
21275	-0.001878	0.035206	0.041377
21276	-0.003445	0.035110	0.040506
21277	-0.003095	0.034260	0.040767
21278	-0.002709	0.033575	0.040007
21279	-0.003885	0.034134	0.041316
21280	-0.003110	0.034338	0.041791
21281	-0.003062	0.034411	0.042226
21282	-0.001544	0.032504	0.043300
21283	-0.003764	0.034354	0.042936
21284	-0.002194	0.034791	0.040090
21285	-0.002509	0.035520	0.041549
21286	-0.001846	0.033934	0.040656
21287	-0.000937	0.034179	0.041242
21288	-0.000785	0.034466	0.040768
21289	-0.000316	0.034154	0.039331
21290	0.000361	0.035950	0.041203
21291	-0.000151	0.034933	0.041313
21292	0.000827	0.036527	0.040283
21293	0.000072	0.036701	0.039719
21294	-0.000571	0.036523	0.039931
21295	-0.000964	0.036043	0.038343
21296	-0.001137	0.035076	0.037382
21297	-0.001406	0.032868	0.038168
21298	-0.001059	0.035225	0.038227
21299	-0.000348	0.033724	0.037466
21300	-0.001783	0.034113	0.039729
21301	-0.001558	0.034995	0.037617
21302	-0.000253	0.034466	0.037033
21303	-0.000148	0.034812	0.036618
21304	-0.000002	0.035451	0.035427
21305	-0.000152	0.033780	0.034515
21306	-0.000784	0.034405	0.037058
21307	-0.001167	0.037134	0.035292
21308	-0.001821	0.036113	0.035391
21309	-0.000916	0.036363	0.035976
21310	-0.000825	0.036447	0.036450
21311	-0.000478	0.035603	0.036711
21312	-0.001591	0.036724	0.036379
21313	-0.000189	0.037801	0.038137
21314	-0.001491	0.037015	0.036179
21315	0.000942	0.035859	0.035719
21316	0.001731	0.036935	0.036375
21317	0.000669	0.038036	0.035982
21318	0.000921	0.036885	0.037017
21319	0.001765	0.036869	0.038450
21320	0.001443	0.035999	0.037543
21321	0.001122	0.036735	0.038999
21322	0.002633	0.035388	0.038351
21323	0.000406	0.037242	0.037980
21324	-0.000140	0.036758	0.036372
21325	0.001067	0.036088	0.036783
21326	0.000945	0.036158	0.037149
21327	0.000186	0.036336	0.036582
21328	0.000296	0.036055	0.037794
21329	0.000338	0.036138	0.038227
21330	0.000188	0.034360	0.037158
21331	-0.002040	0.036214	0.036785
21332	-0.000680	0.035486	0.037179
21333	-0.000883	0.036761	0.036935
21334	-0.001918	0.036374	0.037997
21335	-0.001817	0.036726	0.037580
21336	-0.001111	0.036374	0.036198
21337	-0.001070	0.036458	0.036631
21338	-0.000677	0.035664	0.037024
21339	-0.001185	0.037864	0.036952
21340	-0.000695	0.036445	0.036242
21341	0.000021	0.038161	0.035299
21342	0.000481	0.037507	0.034621
21343	0.000521	0.037592	0.035053
21344	0.000969	0.037028	0.034507
21345	0.000764	0.038305	0.034262
21346	0.001115	0.037947	0.032730
21347	0.000479	0.036402	0.034539
21348	-0.000044	0.035862	0.032803
21349	0.000431	0.036509	0.035257
21350	0.001526	0.037300	0.034200
21351	0.001565	0.037388	0.034633
21352	0.001735	0.037610	0.034087
21353	0.001833	0.037965	0.033670
21354	0.003436	0.036682	0.033195
21355	0.002919	0.035674	0.033304
21356	0.003458	0.036969	0.034215
21357	0.002081	0.035788	0.034173
21358	0.001140	0.036615	0.034717
21359	0.002098	0.037144	0.034450
21360	0.002121	0.037272	0.034954
21361	0.000688	0.039035	0.035578
21362	0.001134	0.038661	0.034025
21363	0.000617	0.037654	0.034135
21364	0.002217	0.037371	0.032737
21365	0.002254	0.037461	0.033169
21366	0.002667	0.037144	0.031701
21367	0.003070	0.036579	0.031111
21368	0.003072	0.036431	0.032482
21369	0.002804	0.037445	0.033085
21370	0.001543	0.036696	0.031196
21371	0.002745	0.036037	0.031608
21372	0.002403	0.035502	0.029938
21373	0.003605	0.034844	0.030350
21374	0.003688	0.035234	0.030014
21375	0.002804	0.034884	0.031143
21376	0.003426	0.034374	0.030762
21377	0.003216	0.035657	0.030514
21378	0.004738	0.033867	0.031764
21379	0.002502	0.035725	0.031383
21380	0.004867	0.034519	0.030811
21381	0.003797	0.035628	0.030411
21382	0.003765	0.036085	0.030130
21383	0.003307	0.035348	0.029389
21384	0.003321	0.035417	0.029811
21385	0.002990	0.036167	0.031262
21386	0.002112	0.036459	0.030880
21387	0.003312	0.035804	0.031292
21388	0.004339	0.036976	0.032230
21389	0.003761	0.035705	0.033189
21390	0.002727	0.035688	0.033485
21391	0.002022	0.036143	0.032064
21392	0.002439	0.035514	0.031380
21393	0.003639	0.034861	0.031792
21394	0.002932	0.035040	0.031234
21395	0.003519	0.036234	0.031986
21396	0.003707	0.037105	0.029852
21397	0.004600	0.037376	0.030434
21398	0.004892	0.037427	0.030901
21399	0.004985	0.037791	0.030481
21400	0.005468	0.036725	0.031747
21401	0.006360	0.036997	0.032329
21402	0.007246	0.037467	0.031941
21403	0.005620	0.037481	0.031217
21404	0.006357	0.035481	0.032302
21405	0.006510	0.036113	0.031032
21406	0.006649	0.036657	0.029614
21407	0.006742	0.037022	0.029194
21408	0.006552	0.037928	0.029636
21409	0.006644	0.038293	0.029216
21410	0.005852	0.038431	0.028540
21411	0.006436	0.039629	0.029291
21412	0.008204	0.040428	0.029299
21413	0.008236	0.040527	0.029729
21414	0.008541	0.039678	0.029972
21415	0.008633	0.040045	0.029552
21416	0.008455	0.041243	0.029215
21417	0.009285	0.041252	0.030647
21418	0.007956	0.040140	0.030711
21419	0.008047	0.040507	0.030290
21420	0.009191	0.039886	0.030729
21421	0.009342	0.040520	0.029458
21422	0.009109	0.041782	0.029151
21423	0.008649	0.041050	0.028410
21424	0.008734	0.041344	0.027841
21425	0.008765	0.041446	0.028271
21426	0.008134	0.041587	0.027698
21427	0.008104	0.041422	0.028977
21428	0.007218	0.042743	0.027670
21429	0.008474	0.042366	0.027232
21430	0.007701	0.042542	0.026609
21431	0.007422	0.043568	0.027207
21432	0.007928	0.043015	0.026698
21433	0.007407	0.042018	0.026806
21434	0.008404	0.042544	0.026552
21435	0.007883	0.041548	0.026661
21436	0.008737	0.043259	0.025767
21437	0.009442	0.041783	0.025010
21438	0.009957	0.041275	0.024566
21439	0.009187	0.041469	0.023992
21440	0.009340	0.041845	0.023644
21441	0.010227	0.042127	0.024225
21442	0.008941	0.041481	0.022474
21443	0.010626	0.041674	0.024058
21444	0.010019	0.040765	0.024288
21445	0.008880	0.041616	0.024732
21446	0.009183	0.041988	0.024443
21447	0.010377	0.041348	0.024857
21448	0.009170	0.042535	0.024549
21449	0.008339	0.042464	0.024825
21450	0.003862	0.033010	0.036642
21451	0.005169	0.032898	0.035368
21452	0.003304	0.033082	0.034933
21453	0.005289	0.032349	0.036363
21454	0.006495	0.033116	0.035250
21455	0.006514	0.033218	0.035692
21456	0.006347	0.033650	0.035310
21457	0.007224	0.033931	0.035904
21458	0.005355	0.035137	0.034556
21459	0.007150	0.035862	0.034452
21460	0.005810	0.035700	0.033509
21461	0.007056	0.035325	0.033085
21462	0.007096	0.035618	0.032568
21463	0.006256	0.035543	0.032857
21464	0.006515	0.035547	0.033207
21465	0.006045	0.034816	0.032479
21466	0.006751	0.035440	0.032306
21467	0.007936	0.034800	0.032734
21468	0.007009	0.036259	0.031655
21469	0.007396	0.035707	0.031079
21470	0.007326	0.036069	0.030634
21471	0.007404	0.036441	0.030224
21472	0.007672	0.037133	0.029145
21473	0.007749	0.037505	0.028735
21474	0.006489	0.037201	0.029885
21475	0.006566	0.037573	0.029475
21476	0.007189	0.039436	0.028710
21477	0.007515	0.038619	0.028985
21478	0.007709	0.038980	0.028604
21479	0.007725	0.039087	0.029045
21480	0.008252	0.039334	0.029446
21481	0.009185	0.039887	0.029188
21482	0.010091	0.040534	0.029116
21483	0.009679	0.040071	0.027536
21484	0.009694	0.039905	0.028893
21485	0.010877	0.039269	0.029321
21486	0.009665	0.039839	0.030628
21487	0.009680	0.039947	0.031068
21488	0.009695	0.039995	0.031409
21489	0.008973	0.040456	0.029994
21490	0.009857	0.040450	0.031457
21491	0.009932	0.040826	0.031046
21492	0.009890	0.040720	0.032430
21493	0.009904	0.040829	0.032870
21494	0.010092	0.040357	0.032380
21495	0.010166	0.040733	0.031968
21496	0.009579	0.039881	0.032313
21497	0.009773	0.040790	0.030199
21498	0.010463	0.040678	0.031358
21499	0.012251	0.041416	0.031253
21500	0.011775	0.039897	0.033123
21501	0.010681	0.041017	0.032723
21502	0.010874	0.041046	0.033108
21503	0.010887	0.041157	0.033548
21504	0.011271	0.040573	0.032960
21505	0.011224	0.040418	0.034251
21506	0.012294	0.040850	0.033829
21507	0.010653	0.040867	0.033110
21508	0.011366	0.042595	0.032166
21509	0.010833	0.041604	0.032288
21510	0.011621	0.042219	0.032077
21511	0.010837	0.042417	0.031512
21512	0.009792	0.042424	0.031881
21513	0.009804	0.042537	0.032321
21514	0.010817	0.043134	0.032170
21515	0.009175	0.043151	0.031451
21516	0.010131	0.044857	0.030525
21517	0.009597	0.043867	0.030646
21518	0.008449	0.043823	0.030943
21519	0.008892	0.043546	0.029514
21520	0.008574	0.044541	0.030058
21521	0.008100	0.043817	0.029328
21522	0.007802	0.044793	0.029770
21523	0.007752	0.044643	0.031061
21524	0.006730	0.046020	0.029798
21525	0.007053	0.045213	0.030072
21526	0.007206	0.045186	0.030291
21527	0.006300	0.044855	0.031428
21528	0.007204	0.045675	0.030328
21529	0.007154	0.045526	0.031618
21530	0.005829	0.044325	0.031544
21531	0.008236	0.043225	0.031110
21532	0.006581	0.043240	0.030424
21533	0.006651	0.043623	0.030011
21534	0.006650	0.043767	0.030489
21535	0.006971	0.042961	0.030764
21536	0.005883	0.043775	0.031172
21537	0.006637	0.042578	0.029579
21538	0.005221	0.044021	0.030972
21539	0.006519	0.043929	0.029697
21540	0.005956	0.043446	0.028006
21541	0.006881	0.044013	0.027746
21542	0.007377	0.043045	0.027821
21543	0.007385	0.043164	0.028259
21544	0.007594	0.043784	0.027014
21545	0.008398	0.043820	0.028457
21546	0.007018	0.043217	0.026729
21547	0.009423	0.042121	0.026296
21548	0.008213	0.042882	0.026578
21549	0.007676	0.041897	0.026699
21550	0.008491	0.042259	0.027425
21551	0.009415	0.042829	0.027164
21552	0.007599	0.043006	0.026682
21553	0.006870	0.043475	0.025261
21554	0.007138	0.042161	0.027312
21555	0.004867	0.044029	0.026915
21556	0.006046	0.043407	0.027384
21557	0.006485	0.043137	0.025955
21558	0.005798	0.043062	0.026288
21559	0.007034	0.042710	0.025864
21560	0.005874	0.044658	0.025551
21561	0.006424	0.045888	0.026305
21562	0.004700	0.046564	0.026737
21563	0.007104	0.045474	0.026305
21564	0.007732	0.046600	0.026922
21565	0.006942	0.046806	0.026353
21566	0.006812	0.047759	0.026857
21567	0.007734	0.048332	0.026596
21568	0.007231	0.047361	0.026769
21569	0.008526	0.047276	0.025493
21570	0.006910	0.048806	0.026966
21571	0.009314	0.047717	0.026535
21572	0.007749	0.047705	0.025828
21573	0.008007	0.046641	0.026955
21574	0.008209	0.046965	0.026527
21575	0.007298	0.046641	0.027662
21576	0.007263	0.046716	0.028022
21577	0.007702	0.046449	0.026592
21578	0.009482	0.045543	0.028927
21579	0.007208	0.047412	0.028526
21580	0.008016	0.045924	0.027816
21581	0.008081	0.046316	0.027399
21582	0.007670	0.045727	0.025608
21583	0.006878	0.045935	0.025037
21584	0.006658	0.046136	0.025541
21585	0.006661	0.046263	0.025977
21586	0.005170	0.048323	0.025796
21587	0.003884	0.048659	0.027944
21588	0.004664	0.047125	0.027125
21589	0.004921	0.046065	0.028252
21590	0.003245	0.045849	0.028521
21591	0.004103	0.046162	0.029112
21592	0.004555	0.045974	0.027871
21593	0.003956	0.044729	0.028844
21594	0.004349	0.043947	0.029182
21595	0.003784	0.046188	0.029087
21596	0.005685	0.046959	0.029104
21597	0.005687	0.047088	0.029540
21598	0.005046	0.047538	0.028131
21599	0.005362	0.046745	0.028406
21600	0.005799	0.045689	0.029633
21601	0.005801	0.045820	0.030068
21602	0.007547	0.044636	0.029736
21603	0.005270	0.046508	0.029332
21604	0.004587	0.046085	0.027694
21605	0.004213	0.046874	0.029143
21606	0.003441	0.046813	0.029482
21607	0.004418	0.047660	0.028367
21608	0.004591	0.047811	0.028941
21609	0.004172	0.047365	0.027355
21610	0.004504	0.049784	0.027457
21611	0.005045	0.051026	0.028207
21612	0.005843	0.049632	0.027639
21613	0.006279	0.049372	0.026208
21614	0.005492	0.049273	0.026452
21615	0.005492	0.049406	0.026887
21616	0.006648	0.049900	0.026594
21617	0.005628	0.048080	0.025547
21618	0.006691	0.049075	0.028219
21619	0.006121	0.051320	0.028121
21620	0.004456	0.050813	0.029171
21621	0.004831	0.050289	0.028593
21622	0.005242	0.049755	0.028055
21623	0.005242	0.049890	0.028490
21624	0.005688	0.049259	0.027771
21625	0.006227	0.050504	0.028520
21626	0.004982	0.049822	0.026726
21627	0.003811	0.050694	0.027166
21628	0.004415	0.049182	0.026280
21629	0.005583	0.048581	0.026710
21630	0.005770	0.048856	0.026126
21631	0.006084	0.048070	0.026401
21632	0.006528	0.047545	0.025886
21633	0.006150	0.048340	0.027333
21634	0.006058	0.046720	0.026508
21635	0.007194	0.049342	0.026717
21636	0.006676	0.048895	0.025088
21637	0.006674	0.049033	0.025522
21638	0.008001	0.048342	0.025898
21639	0.007998	0.048480	0.026331
21640	0.009426	0.048312	0.024950
21641	0.008508	0.047998	0.026082
21642	0.010395	0.047671	0.026804
21643	0.008111	0.049546	0.026393
21644	0.008852	0.048092	0.025666
21645	0.008909	0.048496	0.025247
21646	0.009077	0.048971	0.025015
21647	0.010304	0.048640	0.024591
21648	0.011141	0.048965	0.025217
21649	0.011675	0.050216	0.025964
21650	0.007724	0.038438	0.032998
21651	0.005315	0.039775	0.034299
21652	0.006837	0.040211	0.031339
21653	0.007684	0.040531	0.031935
21654	0.007737	0.040606	0.032329
21655	0.007729	0.040738	0.032770
21656	0.009785	0.040259	0.033263
21657	0.010154	0.039733	0.032692
21658	0.008649	0.041716	0.032311
21659	0.009811	0.041113	0.032749
21660	0.011624	0.041716	0.032397
21661	0.011078	0.040738	0.032524
21662	0.010692	0.039812	0.032831
21663	0.010744	0.040209	0.032418
21664	0.010565	0.040307	0.032763
21665	0.009226	0.039404	0.031881
21666	0.011060	0.042258	0.032309
21667	0.010513	0.041280	0.032436
21668	0.011029	0.039735	0.031507
21669	0.009849	0.040604	0.031950
21670	0.011027	0.041120	0.031697
21671	0.011274	0.040068	0.032833
21672	0.010461	0.039960	0.033072
21673	0.010391	0.039830	0.034366
21674	0.010999	0.039469	0.032869
21675	0.013392	0.038401	0.032450
21676	0.012113	0.039356	0.033018
21677	0.012420	0.038568	0.033300
21678	0.012650	0.038571	0.033598
21679	0.012957	0.037784	0.033880
21680	0.012719	0.039045	0.033526
21681	0.013245	0.040294	0.034277
21682	0.013003	0.038192	0.035255
21683	0.011942	0.039591	0.033988
21684	0.012497	0.040763	0.034638
21685	0.010718	0.040256	0.035620
21686	0.011059	0.039704	0.034986
21687	0.011108	0.040106	0.034571
21688	0.010348	0.040037	0.034873
21689	0.008472	0.038023	0.033678
21690	0.008730	0.040383	0.033622
21691	0.009293	0.038411	0.034601
21692	0.008696	0.040728	0.034635
21693	0.009001	0.039943	0.034917
21694	0.009181	0.039235	0.035306
21695	0.010143	0.040093	0.034192
21696	0.009289	0.040371	0.033744
21697	0.009533	0.039324	0.034880
21698	0.008605	0.039015	0.036014
21699	0.009885	0.038950	0.034744
21700	0.009530	0.037841	0.034754
21701	0.009991	0.038831	0.036359
21702	0.009044	0.038812	0.036709
21703	0.009410	0.038294	0.036137
21704	0.008366	0.039034	0.036403
21705	0.008610	0.037988	0.037539
21706	0.007729	0.038172	0.036928
21707	0.007424	0.038255	0.033638
21708	0.006709	0.040584	0.033641
21709	0.006953	0.039539	0.034777
21710	0.007694	0.040035	0.034309
21711	0.008058	0.039518	0.033737
21712	0.007640	0.039745	0.034249
21713	0.007747	0.040415	0.032978
21714	0.006902	0.040621	0.032389
21715	0.008058	0.040032	0.032827
21716	0.008495	0.038641	0.032121
21717	0.007626	0.038593	0.032402
21718	0.007555	0.038910	0.033166
21719	0.007066	0.038204	0.032438
21720	0.007111	0.038274	0.032827
21721	0.007034	0.038155	0.034118
21722	0.007245	0.037195	0.034120
21723	0.005584	0.037221	0.033391
21724	0.007847	0.036305	0.033184
21725	0.006186	0.036330	0.032454
21726	0.007114	0.036705	0.033126
21727	0.007950	0.037042	0.033719
21728	0.008484	0.036420	0.033037
21729	0.006762	0.036182	0.033162
21730	0.007771	0.036769	0.032929
21731	0.007220	0.035800	0.033055
21732	0.009488	0.034230	0.034352
21733	0.008040	0.036294	0.034088
21734	0.007476	0.037391	0.034709
21735	0.006667	0.037610	0.034135
21736	0.007039	0.036757	0.034332
21737	0.007934	0.037361	0.034070
21738	0.007092	0.037015	0.035179
21739	0.007134	0.037426	0.034760
21740	0.006314	0.038154	0.035091
21741	0.007529	0.037835	0.034674
21742	0.007467	0.038048	0.035232
21743	0.006535	0.037741	0.036367
21744	0.007037	0.036901	0.036644
21745	0.006227	0.037121	0.036069
21746	0.007419	0.037643	0.035783
21747	0.007461	0.038056	0.035364
21748	0.006799	0.037191	0.035648
21749	0.005928	0.037147	0.035928
21750	0.007520	0.036958	0.034579
21751	0.007440	0.036844	0.035870
21752	0.007368	0.037287	0.035505
21753	0.006878	0.036585	0.034775
21754	0.007725	0.036644	0.036236
21755	0.006702	0.034826	0.035196
21756	0.007485	0.036604	0.034271
21757	0.007846	0.036095	0.033697
21758	0.007757	0.036233	0.034105
21759	0.007478	0.037571	0.033839
21760	0.007625	0.037012	0.033097
21761	0.007072	0.036048	0.033222
21762	0.007917	0.036682	0.032991
21763	0.009661	0.037484	0.032884
21764	0.009050	0.036490	0.032943
21765	0.008238	0.036712	0.032366
21766	0.007387	0.036912	0.031773
21767	0.007366	0.037065	0.032207
21768	0.007607	0.037422	0.031795
21769	0.006263	0.036528	0.030909
21770	0.007067	0.037046	0.030467
21771	0.006514	0.036083	0.030591
21772	0.007102	0.037952	0.029759
21773	0.007721	0.036260	0.029887
21774	0.007048	0.035322	0.030025
21775	0.005792	0.035942	0.031311
21776	0.004589	0.035970	0.031591
21777	0.004097	0.035271	0.030861
21778	0.005070	0.035806	0.030518
21779	0.003405	0.035836	0.029784
21780	0.002588	0.037186	0.028530
21781	0.004467	0.036281	0.030834
21782	0.003102	0.037282	0.031413
21783	0.002349	0.037770	0.029980
21784	0.002425	0.038143	0.029514
21785	0.002784	0.037640	0.028940
21786	0.001704	0.037881	0.028323
21787	0.001619	0.037776	0.029612
21788	0.002406	0.036178	0.028665
21789	0.002122	0.037521	0.028395
21790	0.002182	0.037048	0.027777
21791	0.002218	0.037469	0.027355
21792	0.002144	0.037899	0.026944
21793	0.002910	0.037990	0.028389
21794	0.002063	0.038243	0.027852
21795	0.003333	0.038200	0.026578
21796	0.002599	0.037333	0.026798
21797	0.001991	0.039602	0.026680
21798	0.001630	0.039010	0.024868
21799	0.001604	0.039170	0.025301
21800	0.001707	0.039631	0.024998
21801	0.003766	0.039522	0.024737
21802	0.004897	0.039490	0.026153
21803	0.004464	0.039058	0.024566
21804	0.004572	0.039399	0.024029
21805	0.004606	0.039823	0.023606
21806	0.004881	0.039042	0.023882
21807	0.004854	0.039203	0.024314
21808	0.005776	0.039888	0.024213
21809	0.006600	0.040245	0.024802
21810	0.005267	0.039725	0.023288
21811	0.004589	0.038243	0.025123
21812	0.006289	0.039090	0.025061
21813	0.005211	0.040506	0.023776
21814	0.005696	0.040220	0.022322
21815	0.005668	0.040383	0.022754
21816	0.004810	0.040631	0.022218
21817	0.005633	0.040991	0.022806
21818	0.004423	0.040266	0.020943
21819	0.004456	0.040693	0.020519
21820	0.004010	0.039722	0.020653
21821	0.004832	0.040083	0.021241
21822	0.003943	0.040270	0.020592
21823	0.005149	0.039971	0.020174
21824	0.005220	0.040405	0.019818
21825	0.005392	0.039122	0.021809
21826	0.004723	0.039323	0.021246
21827	0.004755	0.039751	0.020822
21828	0.003421	0.040634	0.021209
21829	0.004949	0.039413	0.020640
21830	0.004336	0.038440	0.020750
21831	0.004306	0.038606	0.021181
21832	0.005692	0.038432	0.021088
21833	0.005723	0.038862	0.020663
21834	0.004836	0.038497	0.021723
21835	0.006102	0.038464	0.020449
21836	0.005071	0.039871	0.019193
21837	0.005099	0.036810	0.019872
21838	0.005906	0.037293	0.020673
21839	0.005937	0.037724	0.020248
21840	0.005796	0.038282	0.019986
21841	0.005704	0.038188	0.021272
21842	0.004378	0.037048	0.021293
21843	0.006231	0.038399	0.019470
21844	0.006218	0.038270	0.020794
21845	0.006895	0.036856	0.020069
21846	0.006863	0.037243	0.019545
21847	0.007217	0.036752	0.018969
21848	0.007959	0.037231	0.019712
21849	0.008838	0.037862	0.019443
21850	0.007113	0.035627	0.027457
21851	0.005319	0.035139	0.028439
21852	0.005721	0.037059	0.027621
21853	0.006012	0.036307	0.027911
21854	0.006322	0.035877	0.027487
21855	0.007464	0.035324	0.027934
21856	0.006813	0.035280	0.028290
21857	0.006841	0.035714	0.027874
21858	0.005964	0.036086	0.027545
21859	0.004170	0.035599	0.028526
21860	0.004619	0.037317	0.027318
21861	0.005637	0.036240	0.029478
21862	0.004678	0.036183	0.029690
21863	0.003795	0.036157	0.029972
21864	0.004958	0.035823	0.029504
21865	0.005187	0.034811	0.030650
21866	0.004266	0.035097	0.030150
21867	0.003828	0.034673	0.028570
21868	0.004939	0.034121	0.029018
21869	0.003730	0.035019	0.029448
21870	0.002042	0.034739	0.029496
21871	0.002130	0.035438	0.028222
21872	0.003701	0.036117	0.029152
21873	0.004052	0.035631	0.028585
21874	0.004054	0.036607	0.029134
21875	0.003617	0.036184	0.027554
21876	0.004903	0.035603	0.028000
21877	0.005779	0.036240	0.027739
21878	0.005825	0.036362	0.028114
21879	0.005001	0.036601	0.027538
21880	0.004756	0.038243	0.026467
21881	0.004257	0.037560	0.025743
21882	0.001080	0.038656	0.026810
21883	0.002219	0.038110	0.027258
21884	0.001820	0.037807	0.025941
21885	0.003747	0.037199	0.027403
21886	0.003882	0.037350	0.027896
21887	0.004170	0.036605	0.028186
21888	0.005012	0.036749	0.029768
21889	0.005687	0.035343	0.029053
21890	0.005758	0.037809	0.028995
21891	0.005197	0.036864	0.029128
21892	0.007710	0.035884	0.028828
21893	0.005974	0.035663	0.028950
21894	0.005372	0.035169	0.027178
21895	0.006571	0.034887	0.026768
21896	0.006687	0.035228	0.026243
21897	0.007749	0.033163	0.024524
21898	0.008054	0.032361	0.024787
21899	0.005728	0.034248	0.024347
21900	0.008135	0.033284	0.024081
21901	0.006399	0.033064	0.024203
21902	0.006619	0.033238	0.024748
21903	0.005731	0.033218	0.025027
21904	0.005472	0.032492	0.024351
21905	0.005956	0.033797	0.025093
21906	0.006126	0.033130	0.025509
21907	0.005564	0.032188	0.025641
21908	0.007257	0.032060	0.024380
21909	0.006954	0.033427	0.024107
21910	0.007880	0.033791	0.024757
21911	0.007318	0.032850	0.024889
21912	0.006916	0.032144	0.024166
21913	0.007264	0.031666	0.023599
21914	0.007365	0.033699	0.025472
21915	0.006802	0.032759	0.025604
21916	0.008077	0.032715	0.024315
21917	0.007575	0.032036	0.023589
21918	0.007052	0.031300	0.022828
21919	0.007922	0.031947	0.022565
21920	0.007989	0.032301	0.021987
21921	0.008471	0.033610	0.022727
21922	0.008407	0.032142	0.022129
21923	0.007774	0.034434	0.022001
21924	0.007294	0.034027	0.020436
21925	0.007580	0.033290	0.020725
21926	0.007985	0.032495	0.020981
21927	0.008393	0.032281	0.019556
21928	0.008773	0.031510	0.019858
21929	0.008282	0.032096	0.022154
21930	0.008159	0.030442	0.021274
21931	0.007525	0.032736	0.021144
21932	0.007210	0.032215	0.019481
21933	0.008343	0.031681	0.019928
21934	0.009455	0.031125	0.020354
21935	0.010711	0.031114	0.019087
21936	0.010133	0.030507	0.018473
21937	0.011062	0.031420	0.017352
21938	0.009939	0.031204	0.018523
21939	0.012308	0.030213	0.018125
21940	0.010960	0.030704	0.020501
21941	0.010979	0.031154	0.020079
21942	0.011726	0.031933	0.020014
21943	0.011162	0.030996	0.020145
21944	0.010724	0.030355	0.019576
21945	0.010803	0.031067	0.018296
21946	0.011076	0.027724	0.017252
21947	0.010511	0.026788	0.017383
21948	0.011029	0.028197	0.018338
21949	0.011435	0.027987	0.016912
21950	0.011283	0.027877	0.018136
21951	0.011627	0.027407	0.017568
21952	0.012790	0.026929	0.018170
21953	0.012479	0.028304	0.017892
21954	0.012750	0.027580	0.018225
21955	0.013422	0.026187	0.017511
21956	0.013974	0.027524	0.018372
21957	0.013929	0.027716	0.018806
21958	0.013591	0.026872	0.017886
21959	0.013935	0.026403	0.017317
21960	0.014903	0.026806	0.018020
21961	0.015308	0.026598	0.016593
21962	0.017300	0.026305	0.017262
21963	0.016734	0.025372	0.017392
21964	0.016821	0.025923	0.017199
21965	0.017295	0.027243	0.017935
21966	0.017505	0.026615	0.018402
21967	0.016672	0.026866	0.017819
21968	0.017093	0.026181	0.018263
21969	0.018803	0.027045	0.018155
21970	0.018498	0.024875	0.018901
21971	0.016161	0.026768	0.018449
21972	0.015823	0.026324	0.016900
21973	0.016104	0.025596	0.017189
21974	0.015882	0.025781	0.017618
21975	0.014987	0.025772	0.017892
21976	0.015952	0.026120	0.018495
21977	0.015446	0.025450	0.017767
21978	0.015642	0.027949	0.017794
21979	0.014952	0.026496	0.019639
21980	0.016340	0.027443	0.019574
21981	0.015711	0.026251	0.020561
21982	0.015395	0.024677	0.019694
21983	0.015347	0.024874	0.020126
21984	0.015257	0.025074	0.020548
21985	0.016446	0.024814	0.020137
21986	0.016336	0.023157	0.019192
21987	0.015769	0.022228	0.019322
21988	0.016171	0.023581	0.020094
21989	0.015085	0.021523	0.019921
21990	0.015682	0.021954	0.020493
21991	0.014000	0.022004	0.019749
21992	0.013773	0.022830	0.018565
21993	0.013390	0.022684	0.016120
21994	0.013522	0.024750	0.018035
21995	0.014192	0.023365	0.017321
21996	0.014199	0.023818	0.016903
21997	0.014210	0.024279	0.016476
21998	0.014290	0.024427	0.016912
21999	0.014569	0.023705	0.017200
22000	0.013734	0.024188	0.017023
22001	0.014407	0.024072	0.019329
22002	0.013310	0.023401	0.017554
22003	0.013777	0.024730	0.018287
22004	0.014558	0.023371	0.017716
22005	0.015354	0.023778	0.018306
22006	0.015674	0.024185	0.017948
22007	0.016014	0.023725	0.017378
22008	0.016017	0.024122	0.016857
22009	0.015840	0.022534	0.015985
22010	0.014141	0.024090	0.017383
22011	0.013571	0.023164	0.017512
22012	0.015860	0.022283	0.017295
22013	0.015869	0.022746	0.016867
22014	0.015735	0.023058	0.017482
22015	0.016591	0.023729	0.017213
22016	0.016811	0.023139	0.017738
22017	0.016366	0.024004	0.019169
22018	0.016342	0.022311	0.018213
22019	0.016806	0.023644	0.018945
22020	0.017140	0.024508	0.021499
22021	0.016364	0.025027	0.020054
22022	0.017225	0.025416	0.020668
22023	0.017234	0.025882	0.020240
22024	0.017551	0.025654	0.018783
22025	0.016320	0.026575	0.019196
22026	0.017867	0.024773	0.020271
22027	0.017420	0.024370	0.018683
22028	0.017216	0.024808	0.018134
22029	0.017554	0.024352	0.017563
22030	0.017454	0.024564	0.017986
22031	0.017461	0.025031	0.017557
22032	0.018342	0.025509	0.018333
22033	0.017441	0.025508	0.018603
22034	0.017454	0.025433	0.017243
22035	0.019814	0.024471	0.016849
22036	0.018574	0.025447	0.017367
22037	0.018580	0.025915	0.016938
22038	0.017812	0.026010	0.017469
22039	0.018149	0.025556	0.016897
22040	0.017215	0.025588	0.017217
22041	0.017737	0.027187	0.017088
22042	0.016225	0.026598	0.015322
22043	0.018462	0.025116	0.016646
22044	0.018931	0.026355	0.017241
22045	0.018875	0.026564	0.017670
22046	0.018411	0.025800	0.016811
22047	0.019532	0.025295	0.017257
22048	0.018452	0.025377	0.017621
22049	0.017941	0.024717	0.016890
22050	0.015737	0.025875	0.022726
22051	0.015285	0.025480	0.021143
22052	0.013818	0.026502	0.021679
22053	0.014150	0.026056	0.021114
22054	0.013325	0.026316	0.020586
22055	0.013325	0.026793	0.020162
22056	0.013641	0.026117	0.020566
22057	0.014818	0.025880	0.020161
22058	0.013223	0.027522	0.021685
22059	0.013886	0.026154	0.020980
22060	0.013945	0.026153	0.022432
22061	0.014729	0.026579	0.023026
22062	0.014930	0.025824	0.023186
22063	0.014868	0.026041	0.023620
22064	0.015189	0.025110	0.024904
22065	0.015790	0.023483	0.025057
22066	0.014415	0.025503	0.024704
22067	0.015078	0.024137	0.023999
22068	0.013541	0.024244	0.023457
22069	0.015107	0.024620	0.025069
22070	0.015873	0.025304	0.024769
22071	0.015810	0.025524	0.025204
22072	0.015840	0.025885	0.024581
22073	0.016564	0.024780	0.023017
22074	0.017864	0.026293	0.023864
22075	0.015507	0.028200	0.023400
22076	0.015117	0.027903	0.022034
22077	0.015898	0.028333	0.022627
22078	0.016079	0.029014	0.021334
22079	0.015440	0.027843	0.022328
22080	0.015301	0.028146	0.022927
22081	0.014847	0.027755	0.021343
22082	0.015882	0.028857	0.024051
22083	0.014764	0.030312	0.022746
22084	0.015775	0.029319	0.024959
22085	0.013748	0.030304	0.024354
22086	0.014068	0.029875	0.023879
22087	0.013941	0.029837	0.025171
22088	0.013372	0.030990	0.025721
22089	0.014361	0.029981	0.027894
22090	0.013254	0.029247	0.026064
22091	0.013250	0.029730	0.025638
22092	0.014092	0.028852	0.028036
22093	0.014150	0.029595	0.026750
22094	0.014109	0.029489	0.028010
22095	0.013592	0.028840	0.027285
22096	0.013854	0.028103	0.027562
22097	0.013399	0.027714	0.025977
22098	0.014188	0.027960	0.027635
22099	0.014184	0.028444	0.027209
22100	0.014159	0.029105	0.027094
22101	0.014487	0.028667	0.026529
22102	0.013721	0.027785	0.026681
22103	0.013383	0.029193	0.026392
22104	0.012977	0.028515	0.025690
22105	0.013305	0.028078	0.025124
22106	0.013402	0.027432	0.025496
22107	0.010342	0.027429	0.027306
22108	0.011019	0.026192	0.026833
22109	0.009835	0.027390	0.026385
22110	0.010021	0.026745	0.026777
22111	0.010349	0.026309	0.026212
22112	0.010560	0.025391	0.027445
22113	0.008802	0.025196	0.027557
22114	0.009050	0.025078	0.026154
22115	0.008920	0.025047	0.027446
22116	0.009848	0.024606	0.027918
22117	0.009569	0.026276	0.026768
22118	0.008888	0.025473	0.027036
22119	0.007640	0.026413	0.027446
22120	0.008010	0.025959	0.026877
22121	0.006647	0.025102	0.025991
22122	0.006030	0.025384	0.025570
22123	0.007711	0.026297	0.025462
22124	0.008819	0.025887	0.026037
22125	0.007633	0.027087	0.025587
22126	0.008540	0.027773	0.025375
22127	0.006781	0.027580	0.025486
22128	0.007141	0.027146	0.024961
22129	0.005110	0.028135	0.024350
22130	0.005876	0.028946	0.024278
22131	0.005743	0.028918	0.025569
22132	0.006838	0.028379	0.025887
22133	0.006495	0.029792	0.025596
22134	0.007136	0.030319	0.026312
22135	0.007075	0.029273	0.023729
22136	0.006956	0.029808	0.023384
22137	0.006375	0.028906	0.023518
22138	0.007256	0.029666	0.023385
22139	0.005558	0.029733	0.022636
22140	0.007991	0.028760	0.022206
22141	0.006741	0.029703	0.022614
22142	0.006801	0.030215	0.022238
22143	0.006281	0.029573	0.021511
22144	0.006264	0.029831	0.022044
22145	0.004962	0.029236	0.020297
22146	0.006885	0.028982	0.020929
22147	0.005062	0.028532	0.021899
22148	0.005800	0.027363	0.021545
22149	0.005851	0.028117	0.020255
22150	0.006336	0.027589	0.019574
22151	0.006088	0.025767	0.019571
22152	0.005721	0.027209	0.019364
22153	0.006827	0.026736	0.019818
22154	0.005882	0.026947	0.019086
22155	0.007559	0.027869	0.018976
22156	0.006754	0.029693	0.020581
22157	0.008306	0.030098	0.022192
22158	0.007319	0.030128	0.022465
22159	0.008486	0.029916	0.022058
22160	0.008462	0.029898	0.023418
22161	0.010013	0.030303	0.025029
22162	0.007974	0.031601	0.023604
22163	0.007391	0.030703	0.023737
22164	0.007811	0.032060	0.024426
22165	0.008470	0.030713	0.023723
22166	0.008899	0.029978	0.024057
22167	0.008948	0.030735	0.022765
22168	0.008960	0.030894	0.023108
22169	0.010635	0.031820	0.022997
22170	0.009326	0.031872	0.024473
22171	0.007625	0.031942	0.023721
22172	0.011579	0.031577	0.023850
22173	0.009418	0.032052	0.024954
22174	0.008478	0.032358	0.024353
22175	0.008066	0.033520	0.024917
22176	0.007405	0.033448	0.025213
22177	0.006226	0.033373	0.021744
22178	0.006905	0.034162	0.021534
22179	0.006321	0.033266	0.021667
22180	0.008562	0.031833	0.023096
22181	0.005619	0.032353	0.023178
22182	0.005986	0.031941	0.022645
22183	0.005971	0.032442	0.022213
22184	0.006087	0.033083	0.020709
22185	0.005948	0.033067	0.021998
22186	0.004962	0.032818	0.023093
22187	0.003260	0.032890	0.022339
22188	0.003857	0.034252	0.023146
22189	0.003397	0.033876	0.021558
22190	0.003498	0.034142	0.022125
22191	0.003084	0.035309	0.022687
22192	0.003489	0.034664	0.023101
22193	0.003934	0.034762	0.020812
22194	0.004265	0.034157	0.021302
22195	0.005491	0.034213	0.020034
22196	0.003669	0.034381	0.019404
22197	0.005106	0.032997	0.019724
22198	0.004914	0.032263	0.019002
22199	0.005678	0.032724	0.019590
22200	0.005656	0.033657	0.018601
22201	0.006358	0.033860	0.020050
22202	0.004611	0.032781	0.019983
22203	0.006280	0.033718	0.019871
22204	0.007210	0.033282	0.020345
22205	0.006012	0.034494	0.019884
22206	0.006663	0.035141	0.020755
22207	0.006139	0.034508	0.020026
22208	0.006146	0.035001	0.019572
22209	0.005622	0.034369	0.018843
22210	0.006129	0.034637	0.020283
22211	0.007796	0.035576	0.020170
22212	0.007293	0.034758	0.020454
22213	0.006095	0.035971	0.019993
22214	0.006440	0.035586	0.019508
22215	0.006359	0.035835	0.019935
22216	0.005689	0.035012	0.020213
22217	0.006051	0.036142	0.021795
22218	0.004830	0.035653	0.020302
22219	0.005929	0.035197	0.020755
22220	0.004843	0.036719	0.019570
22221	0.005436	0.035125	0.019730
22222	0.006046	0.035977	0.019593
22223	0.005522	0.035347	0.018864
22224	0.005474	0.035845	0.018446
22225	0.005330	0.035838	0.019734
22226	0.004471	0.035731	0.021129
22227	0.004451	0.036241	0.020694
22228	0.005124	0.034908	0.020013
22229	0.005104	0.035418	0.019578
22230	0.004771	0.036074	0.019299
22231	0.004750	0.036584	0.018864
22232	0.004835	0.037097	0.018547
22233	0.005214	0.036944	0.017117
22234	0.004931	0.035391	0.016242
22235	0.003667	0.036349	0.016639
22236	0.004172	0.038286	0.015698
22237	0.003184	0.038064	0.016824
22238	0.003469	0.037971	0.015481
22239	0.004628	0.037778	0.015074
22240	0.004089	0.036829	0.015158
22241	0.004847	0.037301	0.015744
22242	0.003817	0.036634	0.014034
22243	0.005354	0.037066	0.015643
22244	0.004839	0.036154	0.015779
22245	0.003636	0.037372	0.015313
22246	0.003781	0.037812	0.014874
22247	0.003759	0.038326	0.014437
22248	0.003106	0.037371	0.014482
22249	0.003863	0.037845	0.015068
22250	0.004930	0.030791	0.019668
22251	0.006598	0.031736	0.019560
22252	0.005853	0.030415	0.021584
22253	0.005836	0.030924	0.021153
22254	0.004915	0.031175	0.020463
22255	0.004056	0.031465	0.019871
22256	0.004386	0.031064	0.019336
22257	0.003866	0.030433	0.018612
22258	0.004353	0.030687	0.020153
22259	0.002652	0.030759	0.019399
22260	0.005137	0.029815	0.019064
22261	0.002757	0.031732	0.018573
22262	0.003140	0.031125	0.019033
22263	0.002218	0.031159	0.019303
22264	0.002310	0.031664	0.018867
22265	0.003071	0.032135	0.019459
22266	0.002188	0.032405	0.018907
22267	0.002170	0.032916	0.018475
22268	0.003162	0.032562	0.019071
22269	0.002025	0.034035	0.017747
22270	0.002454	0.033193	0.017829
22271	0.002372	0.033447	0.018259
22272	0.002095	0.032751	0.017539
22273	0.003194	0.032303	0.017999
22274	0.002900	0.034026	0.016914
22275	0.003435	0.032179	0.017944
22276	0.002101	0.033059	0.018200
22277	0.002081	0.033572	0.017768
22278	0.001887	0.033529	0.018962
22279	0.002546	0.032199	0.018268
22280	0.001807	0.032262	0.018669
22281	0.002969	0.032073	0.018267
22282	0.001544	0.034114	0.017854
22283	0.000960	0.033229	0.017991
22284	0.000348	0.032486	0.018389
22285	0.000265	0.032743	0.018818
22286	-0.001623	0.032617	0.019011
22287	-0.001366	0.031952	0.019309
22288	-0.001270	0.031560	0.018768
22289	-0.001756	0.032482	0.020189
22290	-0.002092	0.030882	0.019208
22291	-0.002552	0.030513	0.017621
22292	-0.003749	0.031468	0.018066
22293	-0.003152	0.029882	0.018235
22294	-0.003410	0.031334	0.017981
22295	-0.003154	0.030671	0.018279
22296	-0.003304	0.031072	0.018962
22297	-0.004230	0.031111	0.019229
22298	-0.003799	0.030978	0.017898
22299	-0.001459	0.030092	0.017528
22300	-0.003261	0.029663	0.018527
22301	-0.003006	0.029001	0.018826
22302	-0.002867	0.028396	0.019214
22303	-0.003515	0.027256	0.020213
22304	-0.003213	0.026594	0.020619
22305	-0.002492	0.025525	0.019062
22306	-0.003790	0.027765	0.019036
22307	-0.002694	0.027326	0.019496
22308	-0.002198	0.025999	0.018790
22309	-0.003562	0.025154	0.017902
22310	-0.002705	0.024785	0.018422
22311	-0.002791	0.025048	0.018849
22312	-0.002835	0.025710	0.017370
22313	-0.002922	0.025973	0.017797
22314	-0.001373	0.024802	0.017158
22315	-0.003761	0.026723	0.016657
22316	-0.003073	0.025998	0.014392
22317	-0.003659	0.025118	0.014529
22318	-0.004506	0.025217	0.015033
22319	-0.003349	0.025038	0.014629
22320	-0.003627	0.025361	0.015142
22321	-0.004152	0.024739	0.014415
22322	-0.003797	0.024176	0.014997
22323	-0.003260	0.026100	0.013989
22324	-0.004756	0.026001	0.012972
22325	-0.004067	0.026231	0.014422
22326	-0.004602	0.025653	0.013850
22327	-0.004690	0.025919	0.014276
22328	-0.003863	0.026451	0.015033
22329	-0.003548	0.026052	0.014468
22330	-0.005210	0.028231	0.014109
22331	-0.004679	0.026396	0.015141
22332	-0.004601	0.027347	0.012871
22333	-0.005315	0.025955	0.014732
22334	-0.005322	0.026513	0.014387
22335	-0.005411	0.026780	0.014813
22336	-0.006435	0.026648	0.016045
22337	-0.006524	0.026915	0.016471
22338	-0.006840	0.025394	0.015666
22339	-0.005623	0.025477	0.014399
22340	-0.005729	0.026009	0.013978
22341	-0.005042	0.026243	0.015429
22342	-0.005726	0.026305	0.015857
22343	-0.005474	0.025652	0.016155
22344	-0.004353	0.025483	0.015771
22345	-0.005502	0.023206	0.016480
22346	-0.003446	0.023026	0.017230
22347	-0.005838	0.024950	0.016723
22348	-0.005217	0.023157	0.017862
22349	-0.006023	0.023718	0.016399
22350	-0.006490	0.023307	0.014745
22351	-0.008199	0.023388	0.013982
22352	-0.007411	0.023924	0.014731
22353	-0.007596	0.022385	0.013875
22354	-0.009221	0.024630	0.013621
22355	-0.006885	0.023762	0.013252
22356	-0.008522	0.023755	0.012484
22357	-0.009392	0.024060	0.011883
22358	-0.009506	0.024617	0.011515
22359	-0.007514	0.024671	0.011273
22360	-0.007450	0.024832	0.011597
22361	-0.008445	0.024624	0.012722
22362	-0.006847	0.023574	0.012306
22363	-0.007312	0.023215	0.010714
22364	-0.007391	0.023749	0.010238
22365	-0.008387	0.023541	0.011363
22366	-0.008319	0.023996	0.010854
22367	-0.008006	0.023605	0.010287
22368	-0.007677	0.023022	0.010754
22369	-0.007337	0.024185	0.012330
22370	-0.007560	0.022662	0.011509
22371	-0.008277	0.025037	0.011322
22372	-0.006161	0.023707	0.012741
22373	-0.007032	0.024014	0.012139
22374	-0.007165	0.023965	0.013321
22375	-0.007197	0.024497	0.012881
22376	-0.007135	0.023971	0.013359
22377	-0.007320	0.022435	0.012504
22378	-0.006995	0.021853	0.012966
22379	-0.009393	0.023780	0.012454
22380	-0.008692	0.022365	0.011619
22381	-0.008662	0.023155	0.010315
22382	-0.008767	0.023468	0.010830
22383	-0.009296	0.022855	0.010101
