// General information: 
//  MT Manager version: 2021.4.0 
//  XDA version: 2021.4.0 build 6323 rev 112641 built on 2021-09-28
// Device information: 
//  DeviceId: 00B43773
//  ProductCode: MTW2-3A7G6
//  Firmware Version: 4.3.4
//  Hardware Version: 1.1.0
// Device settings: 
//  Filter Profile: human(46.1)
//  Option Flags: Orientation Smoother Disabled, Position/Velocity Smoother Disabled, Continuous Zero Rotation Update Disabled, AHS Disabled, ICC Disabled
// Coordinate system: ENU
PacketCounter	Roll	Pitch	Yaw
15287	2.157062	-5.946623	-1.252146
15288	2.158670	-5.948950	-1.251416
15289	2.156741	-5.950992	-1.253194
15290	2.158078	-5.954153	-1.255244
15291	2.157030	-5.957418	-1.257732
15292	2.155290	-5.960429	-1.258714
15293	2.155927	-5.964705	-1.261367
15294	2.156638	-5.966759	-1.262975
15295	2.156197	-5.971449	-1.264573
15296	2.155863	-5.976078	-1.262174
15297	2.156311	-5.980252	-1.268683
15298	2.155699	-5.983055	-1.270300
15299	2.155134	-5.985652	-1.272618
15300	2.154833	-5.987676	-1.275075
15301	2.154303	-5.990194	-1.279373
15302	2.153885	-5.992458	-1.280344
15303	2.153337	-5.996889	-1.284350
15304	2.152919	-5.999153	-1.285320
15305	2.153938	-6.002697	-1.284049
15306	2.152701	-6.004394	-1.285223
15307	2.153131	-6.007048	-1.288231
15308	2.153099	-6.008238	-1.287908
15309	2.152859	-6.008325	-1.290907
15310	2.151815	-6.009484	-1.291435
15311	2.152673	-6.010815	-1.290655
15312	2.151553	-6.012272	-1.293316
15313	2.153677	-6.013032	-1.295363
15314	2.153955	-6.013444	-1.295881
15315	2.154384	-6.014631	-1.296304
15316	2.154469	-6.015581	-1.297468
15317	2.154394	-6.016428	-1.298898
15318	2.153350	-6.017588	-1.299426
15319	2.153592	-6.016270	-1.304000
15320	2.154261	-6.018267	-1.301987
15321	2.153406	-6.018637	-1.304512
15322	2.153181	-6.020364	-1.304835
15323	2.153829	-6.021840	-1.306276
15324	2.153604	-6.023568	-1.306600
15325	2.152475	-6.023150	-1.312189
15326	2.152057	-6.025416	-1.313159
15327	2.152119	-6.026885	-1.314189
15328	2.150763	-6.028823	-1.313877
15329	2.152661	-6.028864	-1.316435
15330	2.154888	-6.029636	-1.317382
15331	2.156460	-6.031120	-1.317865
15332	2.158496	-6.032429	-1.319458
15333	2.162107	-6.032360	-1.319728
15334	2.165155	-6.033699	-1.320471
15335	2.164535	-6.035166	-1.323964
15336	2.166061	-6.035131	-1.326601
15337	2.167084	-6.038398	-1.328328
15338	2.166859	-6.040127	-1.328652
15339	2.168621	-6.041864	-1.332846
15340	2.169527	-6.043384	-1.333804
15341	2.171566	-6.044716	-1.336679
15342	2.173483	-6.046265	-1.336787
15343	2.176194	-6.048333	-1.338218
15344	2.174522	-6.048389	-1.338304
15345	2.175584	-6.048959	-1.338914
15346	2.177309	-6.051046	-1.339667
15347	2.177067	-6.053245	-1.340126
15348	2.177972	-6.054765	-1.341083
15349	2.179243	-6.057645	-1.339186
15350	2.179210	-6.058836	-1.338863
15351	2.177694	-6.060028	-1.340622
15352	2.177661	-6.061219	-1.340299
15353	2.178882	-6.060932	-1.346944
15354	2.178538	-6.062900	-1.345782
15355	2.178644	-6.063042	-1.348497
15356	2.179741	-6.064024	-1.348808
15357	2.179052	-6.065779	-1.350249
15358	2.179329	-6.066194	-1.350765
15359	2.179337	-6.066394	-1.353709
15360	2.179303	-6.067585	-1.353385
15361	2.178936	-6.066395	-1.357377
15362	2.178775	-6.065165	-1.356805
15363	2.179493	-6.066795	-1.357690
15364	2.178950	-6.066643	-1.358411
15365	2.178525	-6.065143	-1.360229
15366	2.178610	-6.066097	-1.361391
15367	2.176511	-6.066739	-1.362857
15368	2.176158	-6.066049	-1.362931
15369	2.175565	-6.066669	-1.361700
15370	2.172952	-6.066397	-1.360506
15371	2.171834	-6.065854	-1.359607
15372	2.169531	-6.064806	-1.359252
15373	2.168579	-6.064728	-1.358993
15374	2.165965	-6.064456	-1.357799
15375	2.168227	-6.064354	-1.363690
15376	2.166553	-6.064412	-1.363776
15377	2.167829	-6.065474	-1.360300
15378	2.166586	-6.064519	-1.362710
15379	2.167125	-6.063722	-1.363158
15380	2.166390	-6.064110	-1.364524
15381	2.165960	-6.063392	-1.367904
15382	2.166739	-6.062493	-1.368611
15383	2.164783	-6.062162	-1.367050
15384	2.162790	-6.060339	-1.367533
15385	2.163354	-6.060100	-1.367732
15386	2.163702	-6.060214	-1.366114
15387	2.162721	-6.060159	-1.366763
15388	2.164509	-6.059289	-1.366617
15389	2.165381	-6.059336	-1.366132
15390	2.164526	-6.059962	-1.366011
15391	2.164806	-6.060365	-1.366115
15392	2.164772	-6.061558	-1.365789
15393	2.163960	-6.061713	-1.369945
15394	2.163169	-6.059380	-1.368930
15395	2.162228	-6.059387	-1.368836
15396	2.161565	-6.059474	-1.368069
15397	2.160816	-6.057792	-1.371082
15398	2.160781	-6.058984	-1.370756
15399	2.158901	-6.057940	-1.374274
15400	2.156526	-6.057197	-1.376050
15401	2.156844	-6.057383	-1.373919
15402	2.153218	-6.057085	-1.373577
15403	2.151908	-6.056562	-1.373042
15404	2.150424	-6.056083	-1.372481
15405	2.150092	-6.055464	-1.371947
15406	2.148735	-6.057404	-1.371634
15407	2.149114	-6.057633	-1.371808
15408	2.148443	-6.055065	-1.372277
15409	2.149294	-6.056116	-1.369547
15410	2.149442	-6.054114	-1.369810
15411	2.150295	-6.052757	-1.371342
15412	2.150253	-6.051295	-1.372251
15413	2.149538	-6.049568	-1.375809
15414	2.148054	-6.049089	-1.375248
15415	2.147544	-6.047858	-1.374611
15416	2.146872	-6.045291	-1.375080
15417	2.145540	-6.045443	-1.373380
15418	2.144997	-6.045295	-1.374097
15419	2.143390	-6.044228	-1.373748
15420	2.143227	-6.043002	-1.373172
15421	2.141281	-6.040848	-1.372384
15422	2.140229	-6.039361	-1.374145
15423	2.140169	-6.037579	-1.370451
15424	2.140058	-6.036424	-1.373489
15425	2.138492	-6.035377	-1.374054
15426	2.137198	-6.034360	-1.372845
15427	2.136098	-6.031894	-1.375413
15428	2.135434	-6.031982	-1.374644
15429	2.135547	-6.030052	-1.372627
15430	2.133872	-6.030114	-1.372711
15431	2.134492	-6.027796	-1.369576
15432	2.133198	-6.026779	-1.368367
15433	2.131661	-6.025471	-1.372305
15434	2.130177	-6.024994	-1.371742
15435	2.129971	-6.024365	-1.371427
15436	2.127477	-6.023862	-1.371717
15437	2.126785	-6.024567	-1.372136
15438	2.125232	-6.024396	-1.373703
15439	2.124460	-6.024942	-1.369261
15440	2.123727	-6.025336	-1.370622
15441	2.123373	-6.023892	-1.366892
15442	2.124030	-6.023234	-1.366107
15443	2.124469	-6.023208	-1.364718
15444	2.124746	-6.023628	-1.365225
15445	2.123673	-6.021854	-1.363546
15446	2.121179	-6.021353	-1.363835
15447	2.121808	-6.021837	-1.363751
15448	2.120134	-6.021901	-1.363834
15449	2.120855	-6.020433	-1.364283
15450	2.118748	-6.021504	-1.362044
15451	2.119973	-6.022414	-1.362398
15452	2.119430	-6.022270	-1.363112
15453	2.120419	-6.022896	-1.361881
15454	2.120696	-6.023317	-1.362388
15455	2.122436	-6.025101	-1.362512
15456	2.123025	-6.024749	-1.363856
15457	2.123475	-6.026476	-1.364556
15458	2.125515	-6.027794	-1.366132
15459	2.124135	-6.028041	-1.366119
15460	2.123092	-6.029210	-1.366641
15461	2.121160	-6.030441	-1.369283
15462	2.117664	-6.032566	-1.369189
15463	2.117001	-6.032743	-1.368129
15464	2.116967	-6.033938	-1.367797
15465	2.113876	-6.034694	-1.368362
15466	2.112514	-6.033987	-1.369281
15467	2.112474	-6.034774	-1.368278
15468	2.112751	-6.035197	-1.368783
15469	2.113063	-6.035053	-1.366298
15470	2.111388	-6.035118	-1.366379
15471	2.114291	-6.034051	-1.366451
15472	2.114257	-6.035246	-1.366119
15473	2.113931	-6.036279	-1.362121
15474	2.113957	-6.034517	-1.360894
15475	2.112822	-6.033998	-1.359607
15476	2.112658	-6.032776	-1.359026
15477	2.109654	-6.032553	-1.357878
15478	2.107350	-6.031515	-1.357521
15479	2.104275	-6.031774	-1.361469
15480	2.102601	-6.031840	-1.361550
15481	2.101309	-6.028776	-1.360505
15482	2.102596	-6.029223	-1.360155
15483	2.102225	-6.026982	-1.360043
15484	2.103694	-6.024241	-1.360282
15485	2.105390	-6.021438	-1.361517
15486	2.106045	-6.020782	-1.360728
15487	2.108773	-6.016591	-1.362153
15488	2.110684	-6.015495	-1.363476
15489	2.110084	-6.015427	-1.359302
15490	2.111871	-6.014564	-1.359141
15491	2.112237	-6.013350	-1.358498
15492	2.110433	-6.011002	-1.358331
15493	2.109910	-6.010299	-1.359573
15494	2.108804	-6.008747	-1.357715
15495	2.107861	-6.006993	-1.356677
15496	2.108205	-6.007110	-1.355049
15497	2.108597	-6.004969	-1.355235
15498	2.107925	-6.002414	-1.355697
15499	2.107839	-5.999837	-1.355641
15500	2.107987	-5.997847	-1.355894
15501	2.107578	-5.995479	-1.354410
15502	2.107604	-5.993720	-1.353179
15503	2.106355	-5.992204	-1.349874
15504	2.106699	-5.992321	-1.348245
15505	2.107053	-5.990174	-1.349958
15506	2.107079	-5.988416	-1.348727
15507	2.108415	-5.986426	-1.349835
15508	2.107810	-5.983564	-1.348165
15509	2.109225	-5.982214	-1.345790
15510	2.109062	-5.980996	-1.345205
15511	2.107489	-5.977645	-1.344199
15512	2.108139	-5.974345	-1.344640
15513	2.107838	-5.975680	-1.344531
15514	2.109816	-5.974279	-1.343719
15515	2.110570	-5.973695	-1.340957
15516	2.110720	-5.971707	-1.341207
15517	2.111456	-5.970473	-1.340784
15518	2.111612	-5.971132	-1.339800
15519	2.111620	-5.969890	-1.339039
15520	2.113852	-5.970674	-1.339956
15521	2.113191	-5.969776	-1.336295
15522	2.112462	-5.970180	-1.337648
15523	2.114293	-5.970551	-1.335724
15524	2.115204	-5.972083	-1.336660
15525	2.117304	-5.972939	-1.336406
15526	2.117584	-5.973367	-1.336904
15527	2.121373	-5.972610	-1.339261
15528	2.122981	-5.974936	-1.338506
15529	2.123492	-5.974434	-1.340421
15530	2.124527	-5.975735	-1.342839
15531	2.125586	-5.975242	-1.342515
15532	2.128007	-5.975487	-1.342785
15533	2.130223	-5.974296	-1.344925
15534	2.133457	-5.972460	-1.346219
15535	2.134751	-5.971630	-1.343414
15536	2.137289	-5.969000	-1.346399
15537	2.137709	-5.967541	-1.350011
15538	2.135464	-5.963556	-1.348756
15539	2.134733	-5.959234	-1.348291
15540	2.130151	-5.953330	-1.349144
15541	2.128085	-5.948493	-1.349032
15542	2.124823	-5.941843	-1.349865
15543	2.122247	-5.934197	-1.348334
15544	2.121315	-5.926824	-1.348290
15545	2.121263	-5.919132	-1.349416
15546	2.119709	-5.913300	-1.347701
15547	2.119410	-5.907677	-1.348736
15548	2.119496	-5.906005	-1.351109
15549	2.121945	-5.903879	-1.353897
15550	2.123729	-5.900380	-1.354955
15551	2.123233	-5.896731	-1.360624
15552	2.122564	-5.894187	-1.361076
15553	2.122037	-5.889356	-1.364376
15554	2.121237	-5.884400	-1.364578
15555	2.121017	-5.879244	-1.365096
15556	2.121915	-5.875495	-1.368489
15557	2.123025	-5.872032	-1.369971
15558	2.122291	-5.869800	-1.372551
15559	2.122737	-5.868035	-1.375335
15560	2.126218	-5.865745	-1.379580
15561	2.128305	-5.866175	-1.385363
15562	2.130599	-5.867044	-1.389879
15563	2.132814	-5.867355	-1.394604
15564	2.136862	-5.866480	-1.401412
15565	2.144382	-5.854532	-1.418455
15566	2.150447	-5.853700	-1.423548
15567	2.152369	-5.851126	-1.425976
15568	2.158811	-5.849214	-1.429773
15569	2.165141	-5.847220	-1.434887
15570	2.172017	-5.844310	-1.440996
15571	2.178898	-5.841946	-1.443924
15572	2.187962	-5.836294	-1.454633
15573	2.198118	-5.836429	-1.459313
15574	2.208411	-5.838178	-1.464830
15575	2.217857	-5.842014	-1.470777
15576	2.222551	-5.844882	-1.476786
15577	2.225244	-5.850239	-1.480954
15578	2.229012	-5.858449	-1.488972
15579	2.230124	-5.865176	-1.497283
15580	2.230811	-5.873240	-1.504263
15581	2.230120	-5.882725	-1.512885
15582	2.226030	-5.892473	-1.520146
15583	2.220903	-5.899373	-1.528164
15584	2.210395	-5.909687	-1.536120
15585	2.194038	-5.919791	-1.539681
15586	2.173965	-5.930445	-1.543681
15587	2.153942	-5.942950	-1.546723
15588	2.131311	-5.957841	-1.553128
15589	2.109211	-5.976107	-1.561803
15590	2.085157	-5.995035	-1.571226
15591	2.059293	-6.016584	-1.580494
15592	2.031174	-6.038424	-1.594195
15593	2.002353	-6.067488	-1.610600
15594	1.971788	-6.098974	-1.627796
15595	1.939456	-6.135339	-1.647823
15596	1.905586	-6.176262	-1.670811
15597	1.871678	-6.221319	-1.694294
15598	1.837423	-6.269762	-1.725965
15599	1.800626	-6.319482	-1.757406
15600	1.760391	-6.373573	-1.793689
15601	1.720091	-6.433411	-1.821884
15602	1.685159	-6.495808	-1.857250
15603	1.653601	-6.566259	-1.891579
15604	1.618881	-6.642437	-1.926265
15605	1.585882	-6.725531	-1.956023
15606	1.553044	-6.816637	-1.989560
15607	1.522991	-6.918184	-2.016391
15608	1.487557	-7.034192	-2.052327
15609	1.449327	-7.164834	-2.084102
15610	1.400775	-7.314561	-2.117316
15611	1.349696	-7.485022	-2.146186
15612	1.281274	-7.673741	-2.200703
15613	1.194383	-7.875517	-2.265639
15614	1.072744	-8.102552	-2.356851
15615	0.936359	-8.392354	-2.423912
15616	0.734639	-8.855006	-2.458379
15617	0.315579	-9.905095	-2.634096
15618	-0.186859	-11.092352	-2.889482
15619	-0.715376	-12.154301	-3.026437
15620	-1.361141	-13.139643	-3.170551
15621	-1.986402	-14.042510	-3.275104
15622	-2.620584	-14.844366	-3.470844
15623	-3.311536	-15.541166	-3.888922
15624	-4.027893	-16.176522	-4.546373
15625	-4.661454	-16.833533	-5.432685
15626	-4.873746	-17.566665	-6.325673
15627	-4.689374	-18.137871	-7.125350
15628	-4.513646	-18.799426	-8.028972
15629	-4.379406	-19.573557	-9.091714
15630	-4.148149	-20.390990	-10.183044
15631	-3.791846	-21.259495	-11.212011
15632	-3.380442	-22.192054	-12.170503
15633	-2.982860	-23.195901	-13.062935
15634	-2.638624	-24.248542	-13.858322
15635	-2.346093	-25.309403	-14.528926
15636	-2.095479	-26.354648	-15.032625
15637	-1.898212	-27.369473	-15.367457
15638	-1.752225	-28.325196	-15.567382
15639	-1.663759	-29.212047	-15.674616
15640	-1.611120	-30.014209	-15.722591
15641	-1.571620	-30.721826	-15.734373
15642	-1.525282	-31.325376	-15.740197
15643	-1.465820	-31.825946	-15.767573
15644	-1.391752	-32.213214	-15.819656
15645	-1.300039	-32.474054	-15.876210
15646	-1.186733	-32.611870	-15.938556
15647	-1.090395	-32.657531	-15.972126
15648	-1.016396	-32.612776	-15.997048
15649	-0.974125	-32.475547	-16.013221
15650	-0.976928	-32.248332	-16.009726
15651	-1.016843	-31.924999	-15.990080
15652	-1.095513	-31.492472	-15.927628
15653	-1.217006	-30.943000	-15.809508
15654	-1.389840	-30.278022	-15.616319
15655	-1.616716	-29.491341	-15.366844
15656	-1.898578	-28.593921	-15.066597
15657	-2.225362	-27.605291	-14.722401
15658	-2.580685	-26.537279	-14.346684
15659	-2.960933	-25.396087	-13.940518
15660	-3.356000	-24.191787	-13.506114
15661	-3.750703	-22.930949	-13.045662
15662	-4.131417	-21.642213	-12.549314
15663	-4.498336	-20.343010	-12.013657
15664	-4.837183	-19.023208	-11.463045
15665	-5.123607	-17.659955	-10.917755
15666	-5.347599	-16.246075	-10.388496
15667	-5.503310	-14.790009	-9.887723
15668	-5.591698	-13.320092	-9.429817
15669	-5.633514	-11.854259	-9.007604
15670	-5.645939	-10.424131	-8.585995
15671	-5.640113	-9.054343	-8.124064
15672	-5.624982	-7.769771	-7.579127
15673	-5.617832	-6.592269	-6.940062
15674	-5.629533	-5.564991	-6.196162
15675	-5.653315	-4.705902	-5.373749
15676	-5.662449	-4.016877	-4.511629
15677	-5.612945	-3.492159	-3.645629
15678	-5.532107	-3.153631	-2.841566
15679	-5.417682	-2.906986	-2.164994
15680	-5.279455	-2.676836	-1.616260
15681	-5.167425	-2.467989	-1.208282
15682	-5.116553	-2.279401	-0.972861
15683	-5.099634	-2.082495	-0.849058
15684	-5.110762	-1.899168	-0.771775
15685	-4.979324	-1.916226	-0.611989
15686	-4.815213	-2.444963	-0.760688
15687	-4.657410	-3.249064	-1.069999
15688	-4.370308	-4.108834	-1.090760
15689	-4.020868	-4.667173	-0.807791
15690	-3.826487	-4.968753	-0.428352
15691	-3.684878	-5.148678	-0.084641
15692	-3.561916	-5.331389	-0.001763
15693	-3.463405	-5.490920	-0.205512
15694	-3.399197	-5.594071	-0.491115
15695	-3.370053	-5.670455	-0.724159
15696	-3.333606	-5.783822	-0.854133
15697	-3.237897	-5.959528	-0.896928
15698	-3.094561	-6.174951	-0.922447
15699	-2.950971	-6.345654	-1.041151
15700	-2.856054	-6.403192	-1.205206
15701	-2.816772	-6.378032	-1.349204
15702	-2.817538	-6.321961	-1.480288
15703	-2.824573	-6.255628	-1.614387
15704	-2.816490	-6.198466	-1.733606
15705	-2.785465	-6.183047	-1.806934
15706	-2.739560	-6.227549	-1.845487
15707	-2.689692	-6.326488	-1.873764
15708	-2.650579	-6.453728	-1.930020
15709	-2.624094	-6.570960	-2.001645
15710	-2.611781	-6.675858	-2.062239
15711	-2.607325	-6.774566	-2.103207
15712	-2.604032	-6.868492	-2.144627
15713	-2.603879	-6.972955	-2.178023
15714	-2.602947	-7.094057	-2.203651
15715	-2.595017	-7.224626	-2.231432
15716	-2.568619	-7.377506	-2.257878
15717	-2.523534	-7.548635	-2.294992
15718	-2.462213	-7.720558	-2.347916
15719	-2.387331	-7.890352	-2.406026
15720	-2.294186	-8.051877	-2.460867
15721	-2.188469	-8.199125	-2.532738
15722	-2.090809	-8.328283	-2.611928
15723	-1.998994	-8.447249	-2.683980
15724	-1.897602	-8.570416	-2.750592
15725	-1.777163	-8.705341	-2.824552
15726	-1.632668	-8.873140	-2.905520
15727	-1.465061	-9.062702	-2.995649
15728	-1.278514	-9.273019	-3.072979
15729	-1.066464	-9.475863	-3.137163
15730	-0.846267	-9.638506	-3.200871
15731	-0.615558	-9.738922	-3.254315
15732	-0.359050	-9.758706	-3.283971
15733	-0.075643	-9.703033	-3.301158
15734	0.226188	-9.589788	-3.285820
15735	0.529604	-9.444380	-3.248707
15736	0.824139	-9.290290	-3.194816
15737	1.114181	-9.143607	-3.118249
15738	1.405224	-8.996875	-3.044002
15739	1.682033	-8.855575	-2.958798
15740	1.916504	-8.721900	-2.870277
15741	2.098827	-8.617737	-2.781321
15742	2.264057	-8.524767	-2.706671
15743	2.393086	-8.459965	-2.638019
15744	2.399264	-8.503940	-2.648879
15745	2.269887	-8.666513	-2.720414
15746	2.071204	-8.856384	-2.772060
15747	1.855849	-9.035799	-2.788814
15748	1.614027	-9.261900	-2.801780
15749	1.330011	-9.556946	-2.811424
15750	1.064169	-9.818860	-2.792269
15751	0.808909	-10.083316	-2.756600
15752	0.549752	-10.364625	-2.703155
15753	0.313449	-10.586610	-2.628615
15754	0.116454	-10.737000	-2.546921
15755	-0.048494	-10.824428	-2.456031
15756	-0.188722	-10.864174	-2.355593
15757	-0.305744	-10.862736	-2.252611
15758	-0.400309	-10.834994	-2.149619
15759	-0.459596	-10.773480	-2.044648
15760	-0.482821	-10.671384	-1.929672
15761	-0.461678	-10.525794	-1.802526
15762	-0.401295	-10.335314	-1.665813
15763	-0.322446	-10.127527	-1.518880
15764	-0.254275	-9.939641	-1.394859
15765	-0.202031	-9.769795	-1.287517
15766	-0.195200	-9.638464	-1.207921
15767	-0.263840	-9.580066	-1.173759
15768	-0.365279	-9.550697	-1.158436
15769	-0.483469	-9.521378	-1.138697
15770	-0.595680	-9.478995	-1.106774
15771	-0.692044	-9.418905	-1.061541
15772	-0.776410	-9.340652	-1.004132
15773	-0.844147	-9.243171	-0.935215
15774	-0.888555	-9.121668	-0.850837
15775	-0.900701	-8.975876	-0.757641
15776	-0.885073	-8.809276	-0.651304
15777	-0.842987	-8.626407	-0.534477
15778	-0.782686	-8.431005	-0.409724
15779	-0.720016	-8.237306	-0.289181
15780	-0.649504	-8.040331	-0.182201
15781	-0.576068	-7.860400	-0.084629
15782	-0.504810	-7.682580	-0.009932
15783	-0.430373	-7.519431	0.062862
15784	-0.349220	-7.372945	0.129475
15785	-0.267875	-7.237815	0.170968
15786	-0.233677	-7.191740	0.181317
15787	-0.242330	-7.231458	0.157744
15788	-0.245553	-7.278948	0.132132
15789	-0.227444	-7.313001	0.114564
15790	-0.194846	-7.333116	0.101325
15791	-0.159419	-7.337046	0.093542
15792	-0.120228	-7.322600	0.090187
15793	-0.094776	-7.306057	0.087812
15794	-0.090041	-7.306691	0.078279
15795	-0.097200	-7.311203	0.069769
15796	-0.108955	-7.317156	0.059659
15797	-0.124722	-7.323156	0.046154
15798	-0.144317	-7.328034	0.035705
15799	-0.176389	-7.330767	0.021942
15800	-0.207077	-7.316241	0.009646
15801	-0.240887	-7.305124	-0.008138
15802	-0.294877	-7.286505	-0.018696
15803	-0.353757	-7.261321	-0.047466
15804	-0.427205	-7.243620	-0.067982
15805	-0.502312	-7.243644	-0.086899
15806	-0.586970	-7.249775	-0.104649
15807	-0.683547	-7.242900	-0.114107
15808	-0.796585	-7.246057	-0.095728
15809	-0.910139	-7.254157	-0.083574
15810	-1.026262	-7.273725	-0.065246
15811	-1.143789	-7.302949	-0.050618
15812	-1.259988	-7.351462	-0.043695
15813	-1.348881	-7.424257	-0.046565
15814	-1.421054	-7.506261	-0.060860
15815	-1.494790	-7.596312	-0.082849
15816	-1.574460	-7.724472	-0.107184
15817	-1.717487	-7.972147	-0.167520
15818	-2.094457	-8.562450	-0.307670
15819	-2.722607	-9.437026	-0.448994
15820	-3.456843	-10.268298	-0.518653
15821	-4.186121	-11.008420	-0.486913
15822	-4.875393	-11.641036	-0.433625
15823	-5.567589	-12.269229	-0.531520
15824	-6.414909	-12.940533	-1.027292
15825	-7.376065	-13.741792	-1.922433
15826	-8.246567	-14.751206	-3.047276
15827	-8.885815	-15.784013	-4.244329
15828	-8.779464	-17.029536	-5.156518
15829	-8.354336	-18.636226	-5.793717
15830	-8.018895	-20.444439	-6.379418
15831	-7.856265	-22.267842	-6.990595
15832	-7.747095	-24.067458	-7.606652
15833	-7.553320	-25.882574	-8.201501
15834	-7.246263	-27.738249	-8.831190
15835	-6.823933	-29.559818	-9.541203
15836	-6.276444	-31.250930	-10.392915
15837	-5.611101	-32.739724	-11.385144
15838	-4.823645	-34.035592	-12.499885
15839	-3.939893	-35.170816	-13.675190
15840	-3.003833	-36.162015	-14.837805
15841	-2.078186	-37.002324	-15.900591
15842	-1.244804	-37.666476	-16.794585
15843	-0.553045	-38.163585	-17.457369
15844	-0.023712	-38.520084	-17.863766
15845	0.330516	-38.753281	-18.036970
15846	0.487732	-38.871022	-17.997465
15847	0.461171	-38.838869	-17.803291
15848	0.268859	-38.641105	-17.469850
15849	-0.062405	-38.275259	-17.013247
15850	-0.495470	-37.756932	-16.456381
15851	-0.991755	-37.083517	-15.846072
15852	-1.520393	-36.266373	-15.219881
15853	-2.051580	-35.300550	-14.623930
15854	-2.585212	-34.202531	-14.055685
15855	-3.120065	-32.981542	-13.517233
15856	-3.663867	-31.635534	-13.004053
15857	-4.202794	-30.157071	-12.509110
15858	-4.713649	-28.579263	-12.019612
15859	-5.177560	-26.941295	-11.533519
15860	-5.596130	-25.270664	-11.059233
15861	-5.968742	-23.567944	-10.606131
15862	-6.283850	-21.869776	-10.161410
15863	-6.526349	-20.207195	-9.695399
15864	-6.713486	-18.632256	-9.176739
15865	-6.871280	-17.160905	-8.621381
15866	-6.992840	-15.788465	-8.040749
15867	-7.049476	-14.512031	-7.434924
15868	-7.045567	-13.307943	-6.823627
15869	-7.007124	-12.179010	-6.256161
15870	-6.965629	-11.138745	-5.798277
15871	-6.910626	-10.212138	-5.455527
15872	-6.832578	-9.411782	-5.216047
15873	-6.744002	-8.696297	-5.067834
15874	-6.634467	-8.073840	-4.977185
15875	-6.511799	-7.570793	-4.922069
15876	-6.383215	-7.189921	-4.898829
15877	-6.260279	-6.892396	-4.891479
15878	-5.901890	-7.419521	-5.087369
15879	-5.329850	-8.410104	-5.374178
15880	-4.661853	-8.603340	-4.900747
15881	-4.287472	-8.594572	-4.366555
15882	-4.126846	-8.662625	-4.094888
15883	-4.081199	-8.786779	-4.198249
15884	-4.053855	-8.921526	-4.397020
15885	-4.121116	-9.027985	-4.529218
15886	-4.133902	-9.088756	-4.568993
15887	-4.008518	-9.165269	-4.619901
15888	-3.799457	-9.245347	-4.685690
15889	-3.631162	-9.289127	-4.756763
15890	-3.537720	-9.317854	-4.852061
15891	-3.472963	-9.346869	-4.952559
15892	-3.467682	-9.373600	-5.051094
15893	-3.531055	-9.387728	-5.143897
15894	-3.603791	-9.402439	-5.223413
15895	-3.623608	-9.424850	-5.295327
15896	-3.606013	-9.443725	-5.378767
15897	-3.591129	-9.461391	-5.461337
15898	-3.580013	-9.483095	-5.538031
15899	-3.553083	-9.517752	-5.603778
15900	-3.513316	-9.568438	-5.676714
15901	-3.467197	-9.642273	-5.755038
15902	-3.406366	-9.724532	-5.824984
15903	-3.311488	-9.823259	-5.886101
15904	-3.174820	-9.937729	-5.969675
15905	-2.993119	-10.050597	-6.074855
15906	-2.759606	-10.162196	-6.160434
15907	-2.497172	-10.280020	-6.259762
15908	-2.247499	-10.401675	-6.376565
15909	-2.048158	-10.504654	-6.483256
15910	-1.886197	-10.587915	-6.566601
15911	-1.753558	-10.661404	-6.638857
15912	-1.648540	-10.728646	-6.696737
15913	-1.567209	-10.786421	-6.732892
15914	-1.504960	-10.832557	-6.745864
15915	-1.460569	-10.864157	-6.740679
15916	-1.433630	-10.878733	-6.722032
15917	-1.426911	-10.878249	-6.689828
15918	-1.422889	-10.866180	-6.646758
15919	-1.409273	-10.847665	-6.591532
15920	-1.371749	-10.816692	-6.526395
15921	-1.292087	-10.754288	-6.446463
15922	-1.166081	-10.654146	-6.341688
15923	-1.029503	-10.518060	-6.210874
15924	-0.929829	-10.377759	-6.074981
15925	-0.913734	-10.307659	-5.971210
15926	-0.920754	-10.285521	-5.893022
15927	-0.888546	-10.279257	-5.821615
15928	-0.831261	-10.288671	-5.755222
15929	-0.766503	-10.310085	-5.699952
15930	-0.714864	-10.339619	-5.648952
15931	-0.679012	-10.374842	-5.600254
15932	-0.644339	-10.406534	-5.558167
15933	-0.602472	-10.446172	-5.522404
15934	-0.560824	-10.482840	-5.484379
15935	-0.516380	-10.527897	-5.440681
15936	-0.456331	-10.570632	-5.402624
15937	-0.375885	-10.608841	-5.352374
15938	-0.337587	-10.652235	-5.311705
15939	-0.359984	-10.731611	-5.265925
15940	-0.421107	-10.813489	-5.216120
15941	-0.509323	-10.890801	-5.166586
15942	-0.676329	-11.035532	-5.100286
15943	-0.899779	-11.168982	-5.033825
15944	-1.114381	-11.251542	-4.975598
15945	-1.302281	-11.282824	-4.921294
15946	-1.466740	-11.280688	-4.872930
15947	-1.614901	-11.248965	-4.823202
15948	-1.738878	-11.185533	-4.772024
15949	-1.841231	-11.094399	-4.717409
15950	-1.918322	-10.977825	-4.660573
15951	-1.971881	-10.836698	-4.597947
15952	-2.001271	-10.680512	-4.533455
15953	-2.035594	-10.508017	-4.466143
15954	-2.079048	-10.338632	-4.394342
15955	-2.118782	-10.176117	-4.328684
15956	-2.144085	-10.031064	-4.268420
15957	-2.178495	-9.894760	-4.214864
15958	-2.226204	-9.754651	-4.164729
15959	-2.256032	-9.619922	-4.117702
15960	-2.244790	-9.494679	-4.075651
15961	-2.201705	-9.377257	-4.033285
15962	-2.154580	-9.256445	-3.986790
15963	-2.108719	-9.125474	-3.932592
15964	-2.053962	-8.992710	-3.877026
15965	-2.003137	-8.874471	-3.830615
15966	-1.953483	-8.758146	-3.786520
15967	-1.892578	-8.651857	-3.746909
15968	-1.826298	-8.559148	-3.714232
15969	-1.761502	-8.477465	-3.696479
15970	-1.688732	-8.409445	-3.694142
15971	-1.608643	-8.357719	-3.701040
15972	-1.517839	-8.323372	-3.710643
15973	-1.418779	-8.304311	-3.724584
15974	-1.324887	-8.289056	-3.738741
15975	-1.249082	-8.276388	-3.754871
15976	-1.197523	-8.272337	-3.769219
15977	-1.177756	-8.273983	-3.779770
15978	-1.185500	-8.275508	-3.787285
15979	-1.214490	-8.284027	-3.801240
15980	-1.260655	-8.291741	-3.824298
15981	-1.314417	-8.302865	-3.843772
15982	-1.389954	-8.298907	-3.881134
15983	-1.473079	-8.298416	-3.914881
15984	-1.566049	-8.284922	-3.959044
15985	-1.664629	-8.277379	-3.996650
15986	-1.764472	-8.289031	-4.045786
15987	-1.875332	-8.326306	-4.077733
15988	-1.999243	-8.387368	-4.070422
15989	-2.134966	-8.471511	-4.062990
15990	-2.299031	-8.566355	-4.047365
15991	-2.515749	-8.660780	-4.016752
15992	-2.760950	-8.770164	-3.980788
15993	-3.014528	-8.917984	-3.970185
15994	-3.269858	-9.115416	-3.973170
15995	-3.522163	-9.339414	-3.991136
15996	-3.742660	-9.614599	-4.007218
15997	-3.996266	-9.954412	-4.030002
15998	-4.332340	-10.354349	-4.019228
15999	-4.736852	-10.826874	-3.959516
16000	-5.143502	-11.433617	-3.835810
16001	-5.626960	-12.144513	-3.669645
16002	-6.114316	-12.949609	-3.505840
16003	-6.687690	-13.765875	-3.505319
16004	-7.389115	-14.600719	-3.797462
16005	-8.126269	-15.646765	-4.339858
16006	-8.800820	-16.852925	-4.893420
16007	-9.262440	-18.201836	-5.291269
16008	-9.240975	-19.732357	-5.346384
16009	-9.041410	-21.493637	-5.088570
16010	-8.942773	-23.444284	-4.789138
16011	-9.015507	-25.476719	-4.590325
16012	-9.125674	-27.519191	-4.583939
16013	-9.102146	-29.562867	-4.805037
16014	-8.841949	-31.591333	-5.265268
16015	-8.337738	-33.549242	-5.990908
16016	-7.620777	-35.349320	-7.005670
16017	-6.695511	-36.909074	-8.289484
16018	-5.575826	-38.174906	-9.759549
16019	-4.290831	-39.150683	-11.311209
16020	-2.906126	-39.846964	-12.840854
16021	-1.536838	-40.312879	-14.250813
16022	-0.325819	-40.574319	-15.427648
16023	0.626092	-40.659650	-16.273288
16024	1.233845	-40.588001	-16.707775
16025	1.474745	-40.367761	-16.723108
16026	1.360837	-40.011909	-16.335035
16027	0.950448	-39.520915	-15.633463
16028	0.322808	-38.891571	-14.723434
16029	-0.434330	-38.112314	-13.713565
16030	-1.233450	-37.176032	-12.695267
16031	-1.999392	-36.054068	-11.749871
16032	-2.679318	-34.755988	-10.915761
16033	-3.260875	-33.308468	-10.180707
16034	-3.763425	-31.755665	-9.516713
16035	-4.203029	-30.114205	-8.900331
16036	-4.586371	-28.409648	-8.343554
16037	-4.915020	-26.655930	-7.870609
16038	-5.184704	-24.883950	-7.487828
16039	-5.378972	-23.125939	-7.172020
16040	-5.500053	-21.409550	-6.888512
16041	-5.583361	-19.743936	-6.539761
16042	-5.669232	-18.113064	-6.110297
16043	-5.773529	-16.519200	-5.628521
16044	-5.868201	-14.990123	-5.147674
16045	-5.921532	-13.527109	-4.723811
16046	-5.923950	-12.140884	-4.361432
16047	-5.874238	-10.841630	-4.058278
16048	-5.797753	-9.631212	-3.801840
16049	-5.725226	-8.527705	-3.545361
16050	-5.686553	-7.563597	-3.294618
16051	-5.675000	-6.744855	-3.052365
16052	-5.673162	-6.117360	-2.795459
16053	-5.675207	-5.684667	-2.526623
16054	-5.694008	-5.485393	-2.237388
16055	-5.393592	-6.711602	-2.174146
16056	-4.639061	-7.822218	-2.125760
16057	-3.965421	-7.767809	-1.673956
16058	-3.786935	-7.739391	-1.394645
16059	-4.016145	-7.852343	-1.806436
16060	-4.197000	-8.170968	-2.433239
16061	-4.154109	-8.213880	-2.881347
16062	-4.138435	-8.161197	-3.070788
16063	-4.060246	-8.213879	-3.077034
16064	-3.849172	-8.279782	-3.189556
16065	-3.570032	-8.345855	-3.355548
16066	-3.376603	-8.392465	-3.462650
16067	-3.274893	-8.438508	-3.534803
16068	-3.216189	-8.473969	-3.623675
16069	-3.258378	-8.469688	-3.732651
16070	-3.365937	-8.420846	-3.830279
16071	-3.449448	-8.364732	-3.900680
16072	-3.492690	-8.302715	-3.981005
16073	-3.527930	-8.247980	-4.067583
16074	-3.543926	-8.220478	-4.131626
16075	-3.534980	-8.237611	-4.170708
16076	-3.509377	-8.287139	-4.210223
16077	-3.480803	-8.356865	-4.258356
16078	-3.445344	-8.443847	-4.308732
16079	-3.400578	-8.530497	-4.362067
16080	-3.344157	-8.610202	-4.415240
16081	-3.283444	-8.704749	-4.460133
16082	-3.197995	-8.819484	-4.513679
16083	-3.073720	-8.951940	-4.581984
16084	-2.920862	-9.118406	-4.648833
16085	-2.753052	-9.315952	-4.702719
16086	-2.569383	-9.510995	-4.758924
16087	-2.389197	-9.693623	-4.809442
16088	-2.211031	-9.855670	-4.867506
16089	-2.027977	-10.003318	-4.927511
16090	-1.825008	-10.129495	-4.971498
16091	-1.612753	-10.224184	-5.008679
16092	-1.418479	-10.303837	-5.026361
16093	-1.251380	-10.371481	-5.048687
16094	-1.117692	-10.432902	-5.057964
16095	-1.017508	-10.484700	-5.068213
16096	-0.972082	-10.551866	-5.073095
16097	-0.974106	-10.613223	-5.064719
16098	-0.999957	-10.658683	-5.040252
16099	-1.047317	-10.689781	-5.002187
16100	-1.112507	-10.708377	-4.948126
16101	-1.187937	-10.716817	-4.884300
16102	-1.276090	-10.707789	-4.808831
16103	-1.407397	-10.691116	-4.725780
16104	-1.597572	-10.678629	-4.632643
16105	-1.816582	-10.660789	-4.538726
16106	-2.036524	-10.650922	-4.438249
16107	-2.256145	-10.645591	-4.326986
16108	-2.480520	-10.645901	-4.204818
16109	-2.713664	-10.648214	-4.083299
16110	-2.946041	-10.647871	-3.967754
16111	-3.154171	-10.650576	-3.862453
16112	-3.311359	-10.673870	-3.765846
16113	-3.392124	-10.725686	-3.680796
16114	-3.425814	-10.792140	-3.580128
16115	-3.427379	-10.866391	-3.485995
16116	-3.393523	-10.933483	-3.396870
16117	-3.355880	-10.993469	-3.314521
16118	-3.346037	-11.036121	-3.237152
16119	-3.368926	-11.082096	-3.159815
16120	-3.417608	-11.128580	-3.086190
16121	-3.500401	-11.170907	-3.023372
16122	-3.614801	-11.212220	-2.962026
16123	-3.754500	-11.243668	-2.900527
16124	-3.908894	-11.271038	-2.837866
16125	-4.071452	-11.293780	-2.780536
16126	-4.228145	-11.309686	-2.725859
16127	-4.363741	-11.313521	-2.672323
16128	-4.486890	-11.312004	-2.621484
16129	-4.601663	-11.298741	-2.567491
16130	-4.707312	-11.274457	-2.514389
16131	-4.813614	-11.242223	-2.460674
16132	-4.923804	-11.198410	-2.397812
16133	-5.040430	-11.147760	-2.330736
16134	-5.175962	-11.096921	-2.261842
16135	-5.335338	-11.039202	-2.194260
16136	-5.505378	-10.975566	-2.126723
16137	-5.672174	-10.908729	-2.052614
16138	-5.829143	-10.832657	-1.980501
16139	-5.971000	-10.754191	-1.911256
16140	-6.093562	-10.678344	-1.839277
16141	-6.188476	-10.604906	-1.771699
16142	-6.253082	-10.527858	-1.718077
16143	-6.279533	-10.443603	-1.679891
16144	-6.268283	-10.353138	-1.632908
16145	-6.255385	-10.268825	-1.585546
16146	-6.236604	-10.185009	-1.534554
16147	-6.198122	-10.106701	-1.490339
16148	-6.156669	-10.028349	-1.450950
16149	-6.120197	-9.953243	-1.415413
16150	-6.073971	-9.881413	-1.384018
16151	-6.009560	-9.817065	-1.361813
16152	-5.934278	-9.758874	-1.345021
16153	-5.841353	-9.699767	-1.333149
16154	-5.728219	-9.640438	-1.327045
16155	-5.588801	-9.585528	-1.330251
16156	-5.427446	-9.533424	-1.336611
16157	-5.245987	-9.483514	-1.342857
16158	-5.058036	-9.434484	-1.351621
16159	-4.879733	-9.387466	-1.364757
16160	-4.708889	-9.341868	-1.373985
16161	-4.540447	-9.295761	-1.380386
16162	-4.374407	-9.250993	-1.382550
16163	-4.216092	-9.204432	-1.384910
16164	-4.068782	-9.155356	-1.384827
16165	-3.931472	-9.098756	-1.382272
16166	-3.804658	-9.045325	-1.383145
16167	-3.693533	-8.993334	-1.387821
16168	-3.587880	-8.947436	-1.396287
16169	-3.470814	-8.917585	-1.418618
16170	-3.365464	-8.870426	-1.429338
16171	-3.266854	-8.822162	-1.443822
16172	-3.158066	-8.774501	-1.456246
16173	-3.074705	-8.704106	-1.473068
16174	-2.973385	-8.620718	-1.474337
16175	-2.883249	-8.543959	-1.459410
16176	-2.762480	-8.454102	-1.457043
16177	-2.646062	-8.369908	-1.454932
16178	-2.528187	-8.274486	-1.452909
16179	-2.435497	-8.189867	-1.429971
16180	-2.345248	-8.105542	-1.423074
16181	-2.264626	-8.038170	-1.414359
16182	-2.194007	-7.970705	-1.415286
16183	-2.137405	-7.913027	-1.403507
16184	-2.079672	-7.845697	-1.409184
16185	-2.011664	-7.795531	-1.408132
16186	-1.938016	-7.746913	-1.416199
16187	-1.868274	-7.710215	-1.421068
16188	-1.795630	-7.665593	-1.434688
16189	-1.719397	-7.634477	-1.443952
16190	-1.643252	-7.607611	-1.467446
16191	-1.568585	-7.596800	-1.485850
16192	-1.487916	-7.582897	-1.509321
16193	-1.406052	-7.567131	-1.531637
16194	-1.334363	-7.556495	-1.545715
16195	-1.276176	-7.541780	-1.556425
16196	-1.227017	-7.525066	-1.567778
16197	-1.191365	-7.509433	-1.573128
16198	-1.168510	-7.495323	-1.572908
16199	-1.155229	-7.478598	-1.574429
16200	-1.150335	-7.457557	-1.574173
16201	-1.150097	-7.436257	-1.570177
16202	-1.150909	-7.411087	-1.569320
16203	-1.145910	-7.382394	-1.565747
16204	-1.135401	-7.347668	-1.559938
16205	-1.118614	-7.311944	-1.556609
16206	-1.092252	-7.264185	-1.563620
16207	-1.063207	-7.228296	-1.558862
16208	-1.029470	-7.189275	-1.554911
16209	-0.992906	-7.139973	-1.558840
16210	-0.957360	-7.098903	-1.555062
16211	-0.923391	-7.050383	-1.554640
16212	-0.889288	-7.004730	-1.549795
16213	-0.858889	-6.962198	-1.543249
16214	-0.828227	-6.910288	-1.544521
16215	-0.801423	-6.871973	-1.537384
16216	-0.780105	-6.834267	-1.537253
16217	-0.759893	-6.795934	-1.538892
16218	-0.744605	-6.768157	-1.532852
16219	-0.730420	-6.739745	-1.528594
16220	-0.717273	-6.710059	-1.526135
16221	-0.702611	-6.678182	-1.525483
16222	-0.688807	-6.654770	-1.520794
16223	-0.672521	-6.634681	-1.516566
16224	-0.654496	-6.614182	-1.514337
16225	-0.638231	-6.594508	-1.512188
16226	-0.620889	-6.576303	-1.512433
16227	-0.602215	-6.559043	-1.513807
16228	-0.582786	-6.543989	-1.516724
16229	-0.565124	-6.529748	-1.519725
16230	-0.547004	-6.515475	-1.522616
16231	-0.529170	-6.503243	-1.523679
16232	-0.507608	-6.490538	-1.525048
16233	-0.485544	-6.478235	-1.527767
16234	-0.462031	-6.463290	-1.530822
16235	-0.439951	-6.448016	-1.532712
16236	-0.418886	-6.434057	-1.535112
16237	-0.397965	-6.421970	-1.537161
16238	-0.377096	-6.408988	-1.542269
16239	-0.360285	-6.397214	-1.546213
16240	-0.340050	-6.388286	-1.548318
16241	-0.324576	-6.377686	-1.554349
16242	-0.309563	-6.368875	-1.555626
16243	-0.296334	-6.360861	-1.557001
16244	-0.286396	-6.351997	-1.558932
16245	-0.279852	-6.342461	-1.559302
16246	-0.274318	-6.334245	-1.560197
16247	-0.270543	-6.326420	-1.559090
16248	-0.267008	-6.321247	-1.562493
16249	-0.265535	-6.314227	-1.562234
16250	-0.263906	-6.307929	-1.561026
16251	-0.261616	-6.301442	-1.560544
16252	-0.257711	-6.294738	-1.560586
16253	-0.254113	-6.287478	-1.560099
16254	-0.251173	-6.280411	-1.558886
16255	-0.246749	-6.276259	-1.556890
16256	-0.241871	-6.272495	-1.556895
16257	-0.240765	-6.269577	-1.558701
16258	-0.239145	-6.268828	-1.557018
16259	-0.237070	-6.268844	-1.558791
16260	-0.236983	-6.270230	-1.561944
16261	-0.238027	-6.270513	-1.564789
16262	-0.235484	-6.273498	-1.567277
16263	-0.236033	-6.275050	-1.569055
16264	-0.232188	-6.274691	-1.572826
16265	-0.230783	-6.276572	-1.575007
16266	-0.227240	-6.273978	-1.577114
16267	-0.225328	-6.271581	-1.578696
16268	-0.220967	-6.269520	-1.580581
16269	-0.216930	-6.266885	-1.581937
16270	-0.214697	-6.265063	-1.584046
16271	-0.209345	-6.264228	-1.584112
16272	-0.205794	-6.264208	-1.584932
16273	-0.202743	-6.264176	-1.585851
16274	-0.201173	-6.264225	-1.588370
16275	-0.201069	-6.263896	-1.589736
16276	-0.198312	-6.262946	-1.588675
16277	-0.195594	-6.261075	-1.590032
16278	-0.193189	-6.258687	-1.591511
16279	-0.191085	-6.257888	-1.589075
16280	-0.188157	-6.256371	-1.587385
16281	-0.186406	-6.254133	-1.587489
16282	-0.184427	-6.249282	-1.583728
16283	-0.182335	-6.245909	-1.582575
16284	-0.178768	-6.242922	-1.582573
16285	-0.175041	-6.240612	-1.580975
16286	-0.170155	-6.239427	-1.579684
16287	-0.166782	-6.235679	-1.580624
16288	-0.161233	-6.232624	-1.578920
16289	-0.157167	-6.229180	-1.576062
16290	-0.151617	-6.226126	-1.574356
16291	-0.147879	-6.220846	-1.571935
16292	-0.144588	-6.215231	-1.568163
16293	-0.141816	-6.209588	-1.564489
16294	-0.140825	-6.204777	-1.561574
16295	-0.139027	-6.196199	-1.557930
16296	-0.135423	-6.187280	-1.556281
16297	-0.133305	-6.177967	-1.553478
16298	-0.131632	-6.168321	-1.549325
16299	-0.128523	-6.158976	-1.545668
16300	-0.125685	-6.148733	-1.540032
16301	-0.123222	-6.138289	-1.535966
16302	-0.119743	-6.126578	-1.532013
16303	-0.117599	-6.116871	-1.527100
16304	-0.116538	-6.105736	-1.520431
16305	-0.116329	-6.092731	-1.514295
16306	-0.115300	-6.079428	-1.511005
16307	-0.112988	-6.066585	-1.506736
16308	-0.108018	-6.053550	-1.502132
16309	-0.106497	-6.039782	-1.495979
16310	-0.103306	-6.025854	-1.490345
16311	-0.099828	-6.012419	-1.484584
16312	-0.095170	-6.000127	-1.479127
16313	-0.095649	-5.989389	-1.475499
16314	-0.092646	-5.978998	-1.471312
16315	-0.091661	-5.969891	-1.467864
16316	-0.088831	-5.960067	-1.464305
16317	-0.087846	-5.950959	-1.460855
16318	-0.086295	-5.941508	-1.455203
16319	-0.084492	-5.932935	-1.451527
16320	-0.080483	-5.925085	-1.445199
16321	-0.079673	-5.916543	-1.442376
16322	-0.076184	-5.910390	-1.437939
16323	-0.074546	-5.904944	-1.433613
16324	-0.071087	-5.899189	-1.431278
16325	-0.070790	-5.894903	-1.429068
16326	-0.069777	-5.890115	-1.426129
16327	-0.070965	-5.887158	-1.424564
16328	-0.070967	-5.885364	-1.423308
16329	-0.070513	-5.886036	-1.420017
16330	-0.070219	-5.886469	-1.420430
16331	-0.071282	-5.888864	-1.419887
16332	-0.070662	-5.891129	-1.419865
16333	-0.072893	-5.894118	-1.420810
16334	-0.075713	-5.897381	-1.421041
16335	-0.079573	-5.901868	-1.421157
16336	-0.081604	-5.906061	-1.423266
16337	-0.084186	-5.910176	-1.425471
16338	-0.084775	-5.918961	-1.428588
16339	-0.088514	-5.926237	-1.431001
16340	-0.090240	-5.935224	-1.433500
16341	-0.092835	-5.944864	-1.435251
16342	-0.093269	-5.956048	-1.438560
16343	-0.096233	-5.969779	-1.442395
16344	-0.096340	-5.982797	-1.445267
16345	-0.102895	-5.995131	-1.449155
16346	-0.106093	-6.008021	-1.451012
16347	-0.110844	-6.018291	-1.455095
16348	-0.115358	-6.029383	-1.458241
16349	-0.120575	-6.040554	-1.460005
16350	-0.125433	-6.052781	-1.464408
16351	-0.128031	-6.062418	-1.466145
16352	-0.128114	-6.072477	-1.468184
16353	-0.130067	-6.083213	-1.470326
16354	-0.129141	-6.090274	-1.470688
16355	-0.131077	-6.098045	-1.472007
16356	-0.131787	-6.104042	-1.472817
16357	-0.134868	-6.109447	-1.474795
16358	-0.138360	-6.112015	-1.476715
16359	-0.138946	-6.115653	-1.475098
16360	-0.138975	-6.116817	-1.474670
16361	-0.137293	-6.117485	-1.475567
16362	-0.135816	-6.116916	-1.472396
16363	-0.135109	-6.114651	-1.473330
16364	-0.134304	-6.113383	-1.471856
16365	-0.132436	-6.110515	-1.471307
16366	-0.130966	-6.107381	-1.469416
16367	-0.127643	-6.103579	-1.470326
16368	-0.128278	-6.100280	-1.466569
16369	-0.127550	-6.097614	-1.465399
16370	-0.127053	-6.091549	-1.463539
16371	-0.126480	-6.086482	-1.462178
16372	-0.124347	-6.081483	-1.459868
16373	-0.122637	-6.076215	-1.459120
16374	-0.121469	-6.070851	-1.455562
16375	-0.118081	-6.063285	-1.451437
16376	-0.115110	-6.055856	-1.448077
16377	-0.113057	-6.049455	-1.446070
16378	-0.110412	-6.040196	-1.443145
16379	-0.107843	-6.032097	-1.439242
16380	-0.102568	-6.023872	-1.435009
16381	-0.100817	-6.015242	-1.431330
16382	-0.095369	-6.006452	-1.426464
16383	-0.092306	-5.997057	-1.422769
16384	-0.088346	-5.987039	-1.419822
16385	-0.083690	-5.982072	-1.418594
16386	-0.080885	-5.975218	-1.415854
16387	-0.077840	-5.968784	-1.412975
16388	-0.074708	-5.963762	-1.409797
16389	-0.073145	-5.958660	-1.407561
16390	-0.070038	-5.954037	-1.406484
16391	-0.067980	-5.950199	-1.403189
16392	-0.066004	-5.948341	-1.400219
16393	-0.066574	-5.943471	-1.398231
16394	-0.063978	-5.943109	-1.397769
16395	-0.063250	-5.940431	-1.396581
16396	-0.061619	-5.939704	-1.394872
16397	-0.060741	-5.939422	-1.393879
16398	-0.059947	-5.941124	-1.393222
16399	-0.059565	-5.942135	-1.392031
16400	-0.057953	-5.944369	-1.391148
16401	-0.059229	-5.944715	-1.392496
16402	-0.059720	-5.946784	-1.389752
16403	-0.061642	-5.948593	-1.389429
16404	-0.062657	-5.949796	-1.389855
16405	-0.064579	-5.951603	-1.389536
16406	-0.065415	-5.954803	-1.388054
16407	-0.068327	-5.956642	-1.388587
16408	-0.068678	-5.955982	-1.388592
16409	-0.070255	-5.956657	-1.386996
16410	-0.069640	-5.956363	-1.388247
16411	-0.069934	-5.956670	-1.388743
16412	-0.068820	-5.957640	-1.388927
16413	-0.067161	-5.958279	-1.389814
16414	-0.067997	-5.961479	-1.388331
16415	-0.068636	-5.962917	-1.390082
16416	-0.069005	-5.965218	-1.390913
16417	-0.070305	-5.968515	-1.393087
16418	-0.073105	-5.968821	-1.392493
16419	-0.076344	-5.971389	-1.392183
16420	-0.078023	-5.974456	-1.393029
16421	-0.079974	-5.976653	-1.394809
16422	-0.081481	-5.979155	-1.395024
16423	-0.080485	-5.981650	-1.396329
16424	-0.080823	-5.986113	-1.393778
16425	-0.081441	-5.987142	-1.393430
16426	-0.081662	-5.989279	-1.395731
16427	-0.082455	-5.990874	-1.396018
16428	-0.083962	-5.993376	-1.396233
16429	-0.085589	-5.997400	-1.397560
16430	-0.086775	-5.999170	-1.398615
16431	-0.090042	-6.002129	-1.400398
16432	-0.091394	-6.007027	-1.400806
16433	-0.096269	-6.008518	-1.400934
16434	-0.099429	-6.012919	-1.402424
16435	-0.103013	-6.016608	-1.403351
16436	-0.106321	-6.021174	-1.403369
16437	-0.108768	-6.024657	-1.404942
16438	-0.110446	-6.027726	-1.405786
16439	-0.112401	-6.029916	-1.407541
16440	-0.112100	-6.032915	-1.406670
16441	-0.114047	-6.037666	-1.407141
16442	-0.113775	-6.038506	-1.409651
16443	-0.114575	-6.040094	-1.409937
16444	-0.117220	-6.042796	-1.409535
16445	-0.119803	-6.043476	-1.408825
16446	-0.121310	-6.045979	-1.409038
