// General information: 
//  MT Manager version: 2021.4.0 
//  XDA version: 2021.4.0 build 6323 rev 112641 built on 2021-09-28
// Device information: 
//  DeviceId: 00B43856
//  ProductCode: MTW2-3A7G6
//  Firmware Version: 4.3.4
//  Hardware Version: 1.1.0
// Device settings: 
//  Filter Profile: human(46.1)
//  Option Flags: Orientation Smoother Disabled, Position/Velocity Smoother Disabled, Continuous Zero Rotation Update Disabled, AHS Disabled, ICC Disabled
// Coordinate system: ENU
PacketCounter	Roll	Pitch	Yaw
15287	-3.005974	-4.179495	-0.268443
15288	-3.011280	-4.186497	-0.261106
15289	-3.013814	-4.195828	-0.253420
15290	-3.016440	-4.204693	-0.248098
15291	-3.017554	-4.213021	-0.239478
15292	-3.018554	-4.221260	-0.226001
15293	-3.018648	-4.228826	-0.212708
15294	-3.017829	-4.235385	-0.201974
15295	-3.018684	-4.244029	-0.198813
15296	-3.017437	-4.251709	-0.198621
15297	-3.019559	-4.255721	-0.204574
15298	-3.023369	-4.261284	-0.213174
15299	-3.027504	-4.268103	-0.229018
15300	-3.032323	-4.274385	-0.241698
15301	-3.035181	-4.281780	-0.259528
15302	-3.037728	-4.291354	-0.271077
15303	-3.042306	-4.300145	-0.280917
15304	-3.046747	-4.303077	-0.286182
15305	-3.049586	-4.306543	-0.295304
15306	-3.052626	-4.307947	-0.296471
15307	-3.053405	-4.310209	-0.299103
15308	-3.054199	-4.315516	-0.295979
15309	-3.055082	-4.320819	-0.288684
15310	-3.057923	-4.323746	-0.282631
15311	-3.062463	-4.327398	-0.274497
15312	-3.066090	-4.331949	-0.268470
15313	-3.067059	-4.338336	-0.269790
15314	-3.069155	-4.346569	-0.268997
15315	-3.071521	-4.353729	-0.276451
15316	-3.073929	-4.357769	-0.280937
15317	-3.076297	-4.362302	-0.290001
15318	-3.082037	-4.368158	-0.297588
15319	-3.085573	-4.372100	-0.307450
15320	-3.089002	-4.378745	-0.316545
15321	-3.091585	-4.384567	-0.325448
15322	-3.093519	-4.389815	-0.324990
15323	-3.096232	-4.395628	-0.329493
15324	-3.097035	-4.404100	-0.330587
15325	-3.098389	-4.415797	-0.335271
15326	-3.100355	-4.424819	-0.335872
15327	-3.102887	-4.434210	-0.343721
15328	-3.107022	-4.444498	-0.347908
15329	-3.109007	-4.452610	-0.362344
15330	-3.113751	-4.459645	-0.366365
15331	-3.119552	-4.463879	-0.365615
15332	-3.123028	-4.468609	-0.364135
15333	-3.123483	-4.474879	-0.365615
15334	-3.125230	-4.484818	-0.362155
15335	-3.122971	-4.493322	-0.363758
15336	-3.125665	-4.499582	-0.366477
15337	-3.125860	-4.501667	-0.377357
15338	-3.125155	-4.506144	-0.387009
15339	-3.123938	-4.512507	-0.402947
15340	-3.124001	-4.516722	-0.412093
15341	-3.122846	-4.520111	-0.431507
15342	-3.119709	-4.524886	-0.440383
15343	-3.120213	-4.531036	-0.451246
15344	-3.118746	-4.534509	-0.457705
15345	-3.119135	-4.532587	-0.473893
15346	-3.121126	-4.533941	-0.477809
15347	-3.120563	-4.531431	-0.476696
15348	-3.122304	-4.529927	-0.475496
15349	-3.122257	-4.527931	-0.470998
15350	-3.123153	-4.528711	-0.465380
15351	-3.122004	-4.527996	-0.465916
15352	-3.118612	-4.535065	-0.458958
15353	-3.116901	-4.541134	-0.453164
15354	-3.115471	-4.540811	-0.448530
15355	-3.116786	-4.541567	-0.450313
15356	-3.116508	-4.543059	-0.448883
15357	-3.117412	-4.546067	-0.456921
15358	-3.119017	-4.549752	-0.465052
15359	-3.120888	-4.550613	-0.479649
15360	-3.124120	-4.550489	-0.487991
15361	-3.126666	-4.551255	-0.493876
15362	-3.127771	-4.552384	-0.496002
15363	-3.126323	-4.555648	-0.491295
15364	-3.124688	-4.558136	-0.483141
15365	-3.122063	-4.563094	-0.480360
15366	-3.120441	-4.564322	-0.468506
15367	-3.117274	-4.563139	-0.460755
15368	-3.114241	-4.564113	-0.448507
15369	-3.112673	-4.565642	-0.438612
15370	-3.112537	-4.565098	-0.432070
15371	-3.113650	-4.565903	-0.432173
15372	-3.114876	-4.567506	-0.436590
15373	-3.113702	-4.567459	-0.453967
15374	-3.112800	-4.565151	-0.462891
15375	-3.111027	-4.563996	-0.473040
15376	-3.109531	-4.563685	-0.478433
15377	-3.105889	-4.560030	-0.482538
15378	-3.104752	-4.556760	-0.486874
15379	-3.102770	-4.558325	-0.498581
15380	-3.102317	-4.562485	-0.509123
15381	-3.101755	-4.566101	-0.524553
15382	-3.100550	-4.568009	-0.528201
15383	-3.100067	-4.568199	-0.527461
15384	-3.099635	-4.565448	-0.522663
15385	-3.096258	-4.565591	-0.522329
15386	-3.093909	-4.564434	-0.519069
15387	-3.090709	-4.564324	-0.511414
15388	-3.088489	-4.562391	-0.506745
15389	-3.086738	-4.561521	-0.510924
15390	-3.084509	-4.560843	-0.509957
15391	-3.083883	-4.560607	-0.513369
15392	-3.081819	-4.562924	-0.512067
15393	-3.079926	-4.560895	-0.510254
15394	-3.079173	-4.555294	-0.510360
15395	-3.077176	-4.550407	-0.514361
15396	-3.074075	-4.541816	-0.514919
15397	-3.068780	-4.536582	-0.518014
15398	-3.064984	-4.535792	-0.521231
15399	-3.061057	-4.531694	-0.524655
15400	-3.058611	-4.526754	-0.530352
15401	-3.056458	-4.526138	-0.542656
15402	-3.053229	-4.527904	-0.541852
15403	-3.052578	-4.530964	-0.535994
15404	-3.051705	-4.534471	-0.531034
15405	-3.049854	-4.535236	-0.522744
15406	-3.049795	-4.531420	-0.517414
15407	-3.049427	-4.526842	-0.520999
15408	-3.048914	-4.516560	-0.514035
15409	-3.049772	-4.509874	-0.506758
15410	-3.048395	-4.505643	-0.506497
15411	-3.045758	-4.504823	-0.503859
15412	-3.043398	-4.506167	-0.508007
15413	-3.041332	-4.502687	-0.513223
15414	-3.040077	-4.498930	-0.515256
15415	-3.038525	-4.492107	-0.513367
15416	-3.039160	-4.486121	-0.517019
15417	-3.038185	-4.479639	-0.520250
15418	-3.037530	-4.473873	-0.525807
15419	-3.034324	-4.468299	-0.529596
15420	-3.031906	-4.463990	-0.532123
15421	-3.028598	-4.460453	-0.540631
15422	-3.026372	-4.458535	-0.535957
15423	-3.021846	-4.460671	-0.534779
15424	-3.019371	-4.459053	-0.529220
15425	-3.015823	-4.457469	-0.532268
15426	-3.013618	-4.457436	-0.528135
15427	-3.012896	-4.455328	-0.520648
15428	-3.013953	-4.449548	-0.517439
15429	-3.013917	-4.441321	-0.513059
15430	-3.015494	-4.435583	-0.508453
15431	-3.011810	-4.428512	-0.503936
15432	-3.009416	-4.422360	-0.495877
15433	-3.007677	-4.418127	-0.493336
15434	-3.004309	-4.416303	-0.485987
15435	-2.998605	-4.413739	-0.487370
15436	-2.993902	-4.410847	-0.488259
15437	-2.991209	-4.411476	-0.495196
15438	-2.989979	-4.408359	-0.494057
15439	-2.989292	-4.403961	-0.496585
15440	-2.988516	-4.397715	-0.499838
15441	-2.986115	-4.395957	-0.509681
15442	-2.986006	-4.390866	-0.510669
15443	-2.985781	-4.384839	-0.507339
15444	-2.984924	-4.380653	-0.505671
15445	-2.981805	-4.382736	-0.511538
15446	-2.979125	-4.386433	-0.509891
15447	-2.976040	-4.385504	-0.513616
15448	-2.974935	-4.382856	-0.514773
15449	-2.972146	-4.382805	-0.507955
15450	-2.968922	-4.383342	-0.503447
15451	-2.967842	-4.381047	-0.504059
15452	-2.966256	-4.378416	-0.496568
15453	-2.964588	-4.375262	-0.492946
15454	-2.963422	-4.375326	-0.486017
15455	-2.962368	-4.372233	-0.479018
15456	-2.960019	-4.372329	-0.479463
15457	-2.958746	-4.374446	-0.489963
15458	-2.958461	-4.376534	-0.495413
15459	-2.958276	-4.379148	-0.503262
15460	-2.957550	-4.377892	-0.511313
15461	-2.956054	-4.375133	-0.523448
15462	-2.956614	-4.372431	-0.525877
15463	-2.955123	-4.368175	-0.522871
15464	-2.954763	-4.363386	-0.522965
15465	-2.956310	-4.360302	-0.515478
15466	-2.954603	-4.359677	-0.513111
15467	-2.952310	-4.359787	-0.510233
15468	-2.952034	-4.358834	-0.501375
15469	-2.951632	-4.354717	-0.496616
15470	-2.950660	-4.349495	-0.485757
15471	-2.951194	-4.343643	-0.476164
15472	-2.947665	-4.339502	-0.465956
15473	-2.946720	-4.332840	-0.454533
15474	-2.944644	-4.324341	-0.452250
15475	-2.942657	-4.318652	-0.454412
15476	-2.942336	-4.318197	-0.462483
15477	-2.942371	-4.318204	-0.474417
15478	-2.943325	-4.318110	-0.487459
15479	-2.946996	-4.319617	-0.499999
15480	-2.948187	-4.316766	-0.506493
15481	-2.950741	-4.317436	-0.516886
15482	-2.952348	-4.316052	-0.520231
15483	-2.955493	-4.309127	-0.517576
15484	-2.956817	-4.304940	-0.515771
15485	-2.956464	-4.299420	-0.503940
15486	-2.954570	-4.293353	-0.494453
15487	-2.951930	-4.291684	-0.482746
15488	-2.946616	-4.289603	-0.476392
15489	-2.943324	-4.287106	-0.476682
15490	-2.941134	-4.280601	-0.479525
15491	-2.939252	-4.276515	-0.482074
15492	-2.940388	-4.270463	-0.494347
15493	-2.942347	-4.265894	-0.512744
15494	-2.946830	-4.260955	-0.531279
15495	-2.952262	-4.260538	-0.548803
15496	-2.956905	-4.257944	-0.570186
15497	-2.962682	-4.259432	-0.589152
15498	-2.969743	-4.254082	-0.603858
15499	-2.977303	-4.248448	-0.612508
15500	-2.981936	-4.242848	-0.619574
15501	-2.986114	-4.236664	-0.610606
15502	-2.990924	-4.232927	-0.603598
15503	-2.993301	-4.230141	-0.600258
15504	-2.996337	-4.227880	-0.590228
15505	-2.999071	-4.225921	-0.587415
15506	-3.002386	-4.224670	-0.571937
15507	-3.005914	-4.219495	-0.560807
15508	-3.009347	-4.218046	-0.550791
15509	-3.013510	-4.223728	-0.547498
15510	-3.018930	-4.226900	-0.544456
15511	-3.023599	-4.228101	-0.543316
15512	-3.029191	-4.234835	-0.546843
15513	-3.032239	-4.240469	-0.554305
15514	-3.037153	-4.245381	-0.563258
15515	-3.043385	-4.245757	-0.572135
15516	-3.048338	-4.244266	-0.578014
15517	-3.051493	-4.242389	-0.583318
15518	-3.052755	-4.242177	-0.577139
15519	-3.052167	-4.249213	-0.567343
15520	-3.050088	-4.256278	-0.548477
15521	-3.047085	-4.259382	-0.522280
15522	-3.044107	-4.263914	-0.484128
15523	-3.041130	-4.264494	-0.445898
15524	-3.039947	-4.260488	-0.410842
15525	-3.035862	-4.257136	-0.375617
15526	-3.029630	-4.259618	-0.349871
15527	-3.024476	-4.261404	-0.329737
15528	-3.020458	-4.260353	-0.325180
15529	-3.013435	-4.263389	-0.333768
15530	-3.005544	-4.271134	-0.348660
15531	-2.998096	-4.282032	-0.373056
15532	-2.992488	-4.288335	-0.389568
15533	-2.984266	-4.291155	-0.406667
15534	-2.977357	-4.296449	-0.421372
15535	-2.972960	-4.300482	-0.429025
15536	-2.968456	-4.303574	-0.443929
15537	-2.965411	-4.303515	-0.450832
15538	-2.964527	-4.307506	-0.462824
15539	-2.962413	-4.314558	-0.477427
15540	-2.961543	-4.327495	-0.489888
15541	-2.961484	-4.340892	-0.496168
15542	-2.961383	-4.361308	-0.504857
15543	-2.960096	-4.384019	-0.512050
15544	-2.957939	-4.410879	-0.509305
15545	-2.955594	-4.442711	-0.501221
15546	-2.956585	-4.470552	-0.486890
15547	-2.958018	-4.495287	-0.473102
15548	-2.959858	-4.518355	-0.455711
15549	-2.961091	-4.540719	-0.442753
15550	-2.964886	-4.559980	-0.438758
15551	-2.971811	-4.578619	-0.443754
15552	-2.978382	-4.595892	-0.475619
15553	-2.985945	-4.617567	-0.526582
15554	-2.992034	-4.645174	-0.586422
15555	-3.000491	-4.673913	-0.649821
15556	-3.005547	-4.702788	-0.706083
15557	-3.008498	-4.733277	-0.753772
15558	-3.007502	-4.764584	-0.784013
15559	-3.006095	-4.796049	-0.809883
15560	-3.000513	-4.824161	-0.818321
15561	-2.993706	-4.853138	-0.825289
15562	-2.987657	-4.881324	-0.825079
15563	-2.980666	-4.909796	-0.834017
15564	-2.974661	-4.934004	-0.838167
15565	-2.967843	-4.960368	-0.850692
15566	-2.958306	-4.986539	-0.867509
15567	-2.948967	-5.018165	-0.897609
15568	-2.937652	-5.052553	-0.926832
15569	-2.927000	-5.087475	-0.961147
15570	-2.914570	-5.121080	-0.996334
15571	-2.901592	-5.158038	-1.043342
15572	-2.887931	-5.193500	-1.086457
15573	-2.872151	-5.231238	-1.127621
15574	-2.854480	-5.270963	-1.159811
15575	-2.838676	-5.309675	-1.188378
15576	-2.820549	-5.340510	-1.211485
15577	-2.801048	-5.365055	-1.231245
15578	-2.777472	-5.398927	-1.233913
15579	-2.745814	-5.451536	-1.217777
15580	-2.706960	-5.512817	-1.179577
15581	-2.664823	-5.569395	-1.127268
15582	-2.620285	-5.616027	-1.059050
15583	-2.573184	-5.656834	-0.983974
15584	-2.518790	-5.691283	-0.906657
15585	-2.459137	-5.724890	-0.832756
15586	-2.396407	-5.751916	-0.762456
15587	-2.325208	-5.780903	-0.704556
15588	-2.247442	-5.810280	-0.643642
15589	-2.164973	-5.837822	-0.602242
15590	-2.074502	-5.860529	-0.545486
15591	-1.974069	-5.878646	-0.493589
15592	-1.863830	-5.896718	-0.425499
15593	-1.744469	-5.919400	-0.366775
15594	-1.613222	-5.938964	-0.303311
15595	-1.476737	-5.945737	-0.246933
15596	-1.331716	-5.946619	-0.172972
15597	-1.178892	-5.943244	-0.121083
15598	-1.016370	-5.944986	-0.072874
15599	-0.845853	-5.955835	-0.045397
15600	-0.670587	-5.962370	-0.021519
15601	-0.492262	-5.954893	-0.025231
15602	-0.311788	-5.938811	-0.033881
15603	-0.129492	-5.913776	-0.065217
15604	0.055540	-5.888593	-0.122799
15605	0.237102	-5.860205	-0.213237
15606	0.409740	-5.815630	-0.337167
15607	0.579122	-5.741066	-0.490795
15608	0.744537	-5.640461	-0.666078
15609	0.911853	-5.518111	-0.844946
15610	1.082190	-5.382614	-1.020884
15611	1.261601	-5.231079	-1.188123
15612	1.453866	-5.052115	-1.351847
15613	1.652960	-4.826202	-1.524054
15614	1.860289	-4.568946	-1.718925
15615	2.094003	-4.299911	-1.932424
15616	2.378737	-4.048635	-2.140094
15617	2.714757	-3.809072	-2.304969
15618	3.083029	-3.537180	-2.412068
15619	3.471353	-3.211864	-2.464586
15620	3.880715	-2.839599	-2.477424
15621	4.323447	-2.443833	-2.454695
15622	4.820733	-2.040224	-2.380042
15623	5.386058	-1.629368	-2.222049
15624	6.024325	-1.225805	-1.956198
15625	6.724152	-0.804695	-1.627115
15626	7.467445	-0.334619	-1.312687
15627	8.270728	0.196035	-1.052633
15628	9.124366	0.814484	-0.834299
15629	9.996220	1.497695	-0.629084
15630	10.860830	2.186159	-0.428597
15631	11.719257	2.902703	-0.254478
15632	12.586888	3.630147	-0.130788
15633	13.456324	4.320381	-0.021768
15634	14.303091	4.981983	0.125447
15635	15.119302	5.638026	0.358935
15636	15.910820	6.277347	0.691577
15637	16.688662	6.884725	1.131345
15638	17.459717	7.469929	1.658863
15639	18.231912	8.017968	2.244451
15640	19.028206	8.525816	2.887230
15641	19.858043	8.989589	3.595622
15642	20.721384	9.389920	4.362460
15643	21.636520	9.696286	5.180966
15644	22.612087	9.944437	6.051383
15645	23.626050	10.166987	6.928018
15646	24.701950	10.386246	7.764404
15647	25.727709	10.586075	8.547625
15648	26.709828	10.760594	9.259561
15649	27.665844	10.936440	9.915900
15650	28.596926	11.122105	10.507872
15651	29.501997	11.320632	11.028107
15652	30.364202	11.544601	11.472915
15653	31.180069	11.795397	11.862939
15654	31.959369	12.064297	12.212964
15655	32.699219	12.364783	12.509968
15656	33.383275	12.734244	12.721538
15657	34.019426	13.171419	12.854593
15658	34.616916	13.638654	12.927038
15659	35.176806	14.109945	12.969331
15660	35.696508	14.573029	12.987378
15661	36.177459	15.019424	12.981624
15662	36.609408	15.466449	12.951889
15663	36.984587	15.915284	12.891892
15664	37.309702	16.335681	12.802930
15665	37.589943	16.704661	12.712342
15666	37.823247	17.036957	12.644348
15667	38.005537	17.345690	12.604579
15668	38.143943	17.624094	12.584219
15669	38.244096	17.847787	12.587874
15670	38.315627	18.010886	12.627664
15671	38.354948	18.150040	12.680684
15672	38.356018	18.284325	12.733481
15673	38.317080	18.422447	12.756246
15674	38.238398	18.544968	12.709794
15675	38.136792	18.663554	12.618884
15676	38.035064	18.759682	12.531254
15677	37.941147	18.803738	12.470622
15678	37.862415	18.773831	12.429334
15679	37.793788	18.685843	12.412587
15680	37.749000	18.534443	12.441688
15681	37.734978	18.329785	12.549602
15682	37.754279	18.066272	12.749285
15683	37.784203	17.742184	13.016547
15684	37.804173	17.387198	13.316896
15685	37.796770	17.033461	13.618422
15686	37.747249	16.704168	13.894128
15687	37.642658	16.461425	14.133096
15688	37.472799	16.378781	14.328020
15689	37.272391	16.436060	14.513700
15690	37.149354	16.433354	14.754474
15691	37.186989	16.228201	15.093376
15692	37.341631	15.888151	15.472523
15693	37.530635	15.550331	15.794407
15694	37.718434	15.316203	16.047217
15695	37.866131	15.215093	16.241718
15696	37.943291	15.225663	16.381326
15697	37.938562	15.292110	16.472836
15698	37.857798	15.375789	16.541353
15699	37.720521	15.445117	16.596681
15700	37.541679	15.524192	16.640686
15701	37.342636	15.636642	16.670993
15702	37.148885	15.784480	16.691374
15703	36.966376	15.950828	16.680647
15704	36.780480	16.141601	16.627695
15705	36.580482	16.373632	16.529946
15706	36.367225	16.641448	16.412838
15707	36.151464	16.917435	16.298057
15708	35.946505	17.157999	16.205004
15709	35.764947	17.340232	16.153712
15710	35.616165	17.457620	16.154215
15711	35.492339	17.508878	16.196945
15712	35.388725	17.511893	16.264345
15713	35.292751	17.490283	16.336929
15714	35.188276	17.466208	16.394232
15715	35.054245	17.457878	16.418804
15716	34.883082	17.464403	16.412117
15717	34.674415	17.476125	16.385895
15718	34.434399	17.499730	16.354811
15719	34.181179	17.527039	16.319951
15720	33.925942	17.547531	16.297989
15721	33.663903	17.531667	16.306772
15722	33.380439	17.470320	16.349884
15723	33.072574	17.393847	16.410696
15724	32.743175	17.323473	16.495820
15725	32.398100	17.261823	16.607831
15726	32.025182	17.250624	16.746229
15727	31.631405	17.246603	16.867019
15728	31.225697	17.248495	16.969391
15729	30.779568	17.287575	17.051363
15730	30.253128	17.344306	17.086330
15731	29.668516	17.434400	17.128213
15732	29.072540	17.492804	17.226839
15733	28.477197	17.452689	17.390574
15734	27.850518	17.339645	17.578455
15735	27.144079	17.169622	17.729087
15736	26.338232	17.034055	17.858372
15737	25.491834	16.874719	18.009810
15738	24.641797	16.638629	18.139816
15739	23.815056	16.348432	18.230111
15740	22.986268	16.117287	18.240403
15741	22.178602	15.882475	18.174785
15742	21.400232	15.616859	18.052174
15743	20.620229	15.379506	17.874725
15744	19.804259	15.210065	17.605553
15745	18.976093	15.080585	17.278352
15746	18.176469	14.912071	16.947526
15747	17.401881	14.717901	16.617425
15748	16.672455	14.482597	16.330859
15749	16.028858	14.163364	16.123785
15750	15.472403	13.779069	16.007212
15751	14.992854	13.324479	15.959148
15752	14.583914	12.846685	15.964821
15753	14.208048	12.359767	15.968770
15754	13.804668	11.929211	15.880183
15755	13.376373	11.545706	15.689669
15756	12.933910	11.200969	15.398288
15757	12.477226	10.908761	15.032846
15758	12.017796	10.649185	14.593438
15759	11.571039	10.377327	14.108941
15760	11.136704	10.109528	13.619308
15761	10.700073	9.860075	13.118879
15762	10.253875	9.625710	12.603675
15763	9.808828	9.387621	12.107817
15764	9.357978	9.151886	11.633474
15765	8.898889	8.919739	11.181281
15766	8.434186	8.684584	10.746440
15767	7.969381	8.438265	10.345753
15768	7.516598	8.158629	9.954042
15769	7.085181	7.859906	9.597371
15770	6.672463	7.527182	9.256722
15771	6.270423	7.200868	8.889013
15772	5.889250	6.864679	8.512386
15773	5.532502	6.522423	8.163670
15774	5.179671	6.213484	7.839742
15775	4.824451	5.938413	7.543130
15776	4.473348	5.677375	7.279338
15777	4.136281	5.408721	7.045636
15778	3.818973	5.108819	6.845343
15779	3.512380	4.820575	6.650520
15780	3.229037	4.523332	6.457616
15781	2.960309	4.236805	6.265770
15782	2.706027	3.975451	6.067593
15783	2.474011	3.703336	5.872832
15784	2.237401	3.470821	5.664125
15785	2.019938	3.243332	5.440170
15786	1.822613	3.033473	5.214284
15787	1.637244	2.838090	4.984428
15788	1.474960	2.635031	4.773224
15789	1.322864	2.451396	4.580185
15790	1.176138	2.250111	4.372401
15791	1.025643	2.054019	4.149681
15792	0.861553	1.882597	3.893786
15793	0.693837	1.703499	3.606811
15794	0.519690	1.531971	3.322965
15795	0.353196	1.358466	3.065990
15796	0.196642	1.166370	2.860399
15797	0.050556	0.953758	2.716234
15798	-0.080997	0.733107	2.656720
15799	-0.194330	0.505515	2.680451
15800	-0.301274	0.292466	2.741891
15801	-0.397110	0.100656	2.830926
15802	-0.478551	-0.073357	2.977778
15803	-0.554740	-0.233211	3.177290
15804	-0.637467	-0.351268	3.405647
15805	-0.730586	-0.404015	3.628843
15806	-0.831023	-0.364009	3.791985
15807	-0.917808	-0.299699	3.871350
15808	-0.969289	-0.253563	3.866663
15809	-0.967695	-0.255356	3.819178
15810	-0.903379	-0.301891	3.767742
15811	-0.777286	-0.359847	3.747429
15812	-0.591976	-0.409485	3.787786
15813	-0.362741	-0.409357	3.907202
15814	-0.100379	-0.334498	4.113113
15815	0.192076	-0.195323	4.361643
15816	0.502426	0.032075	4.595026
15817	0.822359	0.364432	4.760261
15818	1.150171	0.728086	4.784566
15819	1.475712	1.058366	4.602399
15820	1.791664	1.358260	4.221671
15821	2.118870	1.639835	3.725385
15822	2.459796	1.946946	3.189089
15823	2.839822	2.360483	2.714646
15824	3.317537	2.902644	2.356081
15825	3.959308	3.500541	2.236080
15826	4.761154	4.002846	2.418643
15827	5.699948	4.456979	2.795416
15828	6.724156	5.020514	3.214309
15829	7.791044	5.736796	3.554821
15830	8.891732	6.499104	3.808385
15831	9.976949	7.279241	3.981332
15832	11.017147	8.116379	4.102423
15833	12.036595	8.998410	4.282531
15834	13.036515	9.826666	4.598147
15835	14.000695	10.545617	5.084013
15836	14.880490	11.192108	5.683312
15837	15.700240	11.820973	6.384105
15838	16.513883	12.435949	7.157434
15839	17.365289	13.005405	7.934212
15840	18.279267	13.469074	8.653245
15841	19.286325	13.781386	9.323856
15842	20.378724	13.998679	10.003147
15843	21.531142	14.157180	10.715020
15844	22.708419	14.237798	11.413077
15845	23.854687	14.315586	12.025677
15846	24.948749	14.476896	12.519223
15847	25.998520	14.723975	12.909463
15848	27.009304	15.017850	13.234968
15849	27.996591	15.321032	13.577875
15850	28.947443	15.601551	13.950654
15851	29.851691	15.829508	14.338095
15852	30.686324	16.020912	14.708673
15853	31.449559	16.184039	15.024059
15854	32.133894	16.353272	15.259532
15855	32.732320	16.581625	15.390849
15856	33.221792	16.881777	15.394150
15857	33.598925	17.244519	15.270919
15858	33.865360	17.676176	15.025560
15859	34.014639	18.176376	14.665145
15860	34.055290	18.717528	14.227044
15861	34.011510	19.265494	13.765121
15862	33.919204	19.770351	13.306432
15863	33.803577	20.195371	12.870511
15864	33.672547	20.573996	12.476770
15865	33.548939	20.893269	12.186732
15866	33.489638	21.055150	12.067009
15867	33.510202	21.030542	12.129581
15868	33.593510	20.841100	12.338719
15869	33.696015	20.580882	12.645378
15870	33.788956	20.263624	13.018800
15871	33.875688	19.835703	13.457152
15872	33.944795	19.318991	13.928712
15873	33.973065	18.782342	14.378615
15874	33.937057	18.291386	14.771638
15875	33.841382	17.852233	15.096915
15876	33.695960	17.459810	15.363214
15877	33.492645	17.123164	15.564383
15878	33.227591	16.870485	15.699245
15879	32.873864	16.799825	15.758160
15880	32.357614	17.090925	15.580920
15881	31.616813	17.921399	15.102033
15882	30.991886	18.713105	14.897329
15883	30.878794	18.726672	15.162941
15884	31.091288	18.402200	15.706664
15885	31.367251	18.119005	16.202679
15886	31.664239	17.943773	16.533532
15887	31.918141	17.866378	16.737557
15888	32.076993	17.806758	16.919304
15889	32.114801	17.694117	17.115009
15890	32.023813	17.548934	17.317863
15891	31.818456	17.423228	17.495980
15892	31.526373	17.342429	17.609610
15893	31.192310	17.310472	17.680778
15894	30.873744	17.302359	17.749637
15895	30.615033	17.278777	17.836021
15896	30.408283	17.248843	17.910960
15897	30.208836	17.259221	17.939493
15898	30.011152	17.313850	17.961268
15899	29.831511	17.362991	18.037223
15900	29.673796	17.353261	18.202687
15901	29.539370	17.252119	18.493606
15902	29.432341	17.014910	18.872420
15903	29.316902	16.714300	19.199804
15904	29.125598	16.520790	19.420316
15905	28.841048	16.469542	19.546983
15906	28.473776	16.519705	19.577030
15907	28.045566	16.677426	19.551725
15908	27.523681	16.943722	19.465208
15909	26.872358	17.282186	19.289989
15910	26.131698	17.603069	19.092527
15911	25.332498	17.871665	18.884716
15912	24.494656	18.124587	18.701340
15913	23.719625	18.235857	18.625926
15914	23.042171	18.102444	18.678393
15915	22.418833	17.805709	18.834963
15916	21.824174	17.421437	19.087412
15917	21.230848	16.993953	19.353684
15918	20.650002	16.514874	19.598104
15919	20.045331	16.056886	19.782574
15920	19.375619	15.708840	19.818726
15921	18.635015	15.465466	19.670779
15922	17.829782	15.302056	19.368206
15923	16.990439	15.183761	18.948538
15924	16.138747	15.102445	18.450901
15925	15.328831	14.990119	17.948808
15926	14.605124	14.819802	17.492452
15927	13.993157	14.565273	17.136352
15928	13.498107	14.239789	16.869445
15929	13.083208	13.886540	16.672998
15930	12.744266	13.490561	16.556931
15931	12.439909	13.104915	16.459973
15932	12.156252	12.757548	16.372776
15933	11.912408	12.410309	16.345151
15934	11.653683	12.121158	16.293789
15935	11.364352	11.898474	16.173687
15936	11.063485	11.696417	16.013689
15937	10.770963	11.522997	15.867546
15938	10.488696	11.327008	15.752291
15939	10.196701	11.114441	15.661369
15940	9.892652	10.907208	15.568547
15941	9.582521	10.692987	15.444051
15942	9.280348	10.455593	15.268548
15943	8.998909	10.180953	15.075797
15944	8.748875	9.866013	14.895769
15945	8.516232	9.538047	14.718996
15946	8.270469	9.240715	14.514986
15947	8.012607	8.951398	14.290424
15948	7.743915	8.658340	14.039815
15949	7.435150	8.389686	13.729855
15950	7.084166	8.156790	13.364733
15951	6.691469	7.970021	12.946170
15952	6.243054	7.845189	12.471479
15953	5.780235	7.713811	11.983929
15954	5.320402	7.543524	11.516832
15955	4.869870	7.344876	11.082759
15956	4.453031	7.110272	10.673346
15957	4.098616	6.830480	10.289274
15958	3.799246	6.539437	9.947853
15959	3.529701	6.261164	9.665768
15960	3.310183	5.955292	9.478352
15961	3.121594	5.644704	9.347761
15962	2.924443	5.374530	9.216972
15963	2.719722	5.093104	9.089683
15964	2.502780	4.802175	8.969688
15965	2.266569	4.539937	8.869013
15966	2.029505	4.278890	8.805928
15967	1.793099	4.027726	8.752882
15968	1.560833	3.798445	8.703808
15969	1.370537	3.545268	8.664628
15970	1.231175	3.259035	8.628261
15971	1.109928	2.988879	8.568057
15972	1.006999	2.728536	8.480610
15973	0.903343	2.510556	8.364399
15974	0.780189	2.341781	8.171001
15975	0.651910	2.201294	7.914523
15976	0.526445	2.066966	7.645122
15977	0.405488	1.915770	7.379074
15978	0.283644	1.759036	7.100512
15979	0.159543	1.608930	6.818986
15980	0.050971	1.439909	6.556898
15981	-0.045500	1.275092	6.310998
15982	-0.121732	1.140045	6.101871
15983	-0.186733	1.014571	5.968759
15984	-0.258982	0.927684	5.890695
15985	-0.334558	0.891216	5.855039
15986	-0.403611	0.866782	5.861838
15987	-0.465759	0.851376	5.895471
15988	-0.530003	0.879822	5.893285
15989	-0.567483	0.906193	5.842982
15990	-0.544812	0.876790	5.772544
15991	-0.456115	0.823205	5.697056
15992	-0.297540	0.769932	5.618952
15993	-0.060915	0.742154	5.553296
15994	0.242308	0.777171	5.501023
15995	0.611066	0.882525	5.468615
15996	1.045147	1.045803	5.450256
15997	1.521347	1.269182	5.397970
15998	2.005913	1.554801	5.268664
15999	2.463572	1.909732	5.079018
16000	2.875387	2.348650	4.784617
16001	3.210913	2.862519	4.378461
16002	3.465987	3.423149	3.925894
16003	3.701292	4.075181	3.536655
16004	4.040885	4.802118	3.310175
16005	4.569075	5.452556	3.252331
16006	5.296618	5.970327	3.393431
16007	6.237440	6.526299	3.868512
16008	7.312174	7.195084	4.546101
16009	8.485987	7.869782	5.329377
16010	9.733588	8.512126	6.225892
16011	11.014321	9.135441	7.191990
16012	12.293823	9.735452	8.208546
16013	13.531206	10.317768	9.221682
16014	14.687679	10.903366	10.182213
16015	15.726783	11.487323	11.004592
16016	16.626352	12.131449	11.592734
16017	17.442622	12.822371	12.025117
16018	18.263944	13.497177	12.425711
16019	19.102889	14.101135	12.757919
16020	19.994549	14.572237	13.016427
16021	20.972525	14.952271	13.297951
16022	22.043706	15.297334	13.694823
16023	23.145350	15.609645	14.103754
16024	24.200038	15.960344	14.408527
16025	25.182389	16.373776	14.623689
16026	26.137592	16.816278	14.845598
16027	27.090789	17.262267	15.120976
16028	28.036468	17.636824	15.467096
16029	28.987454	17.903487	15.901004
16030	29.924313	18.067646	16.406243
16031	30.832680	18.112223	16.935502
16032	31.683961	18.086168	17.459042
16033	32.449479	18.033286	17.941413
16034	33.116720	17.987101	18.379412
16035	33.682737	17.987428	18.784363
16036	34.148108	18.061966	19.112787
16037	34.529029	18.143444	19.311257
16038	34.874791	18.147550	19.394601
16039	35.202216	18.076088	19.396128
16040	35.492195	18.001824	19.327020
16041	35.681613	18.047989	19.182490
16042	35.710891	18.255358	18.959604
16043	35.605345	18.482667	18.663451
16044	35.441185	18.601557	18.382846
16045	35.288715	18.558410	18.196459
16046	35.190056	18.366601	18.133271
16047	35.139387	18.093234	18.178644
16048	35.111148	17.753617	18.276872
16049	35.047498	17.398300	18.363710
16050	34.918381	17.071906	18.437519
16051	34.740161	16.686720	18.495959
16052	34.511644	16.285368	18.518098
16053	34.226636	15.940696	18.475545
16054	33.887776	15.688451	18.359566
16055	33.495342	15.532777	18.179236
16056	33.059495	15.517954	17.965224
16057	32.523919	15.857084	17.564358
16058	32.021422	16.544089	17.314408
16059	31.896995	16.786969	17.428544
16060	32.130475	16.553780	17.730794
16061	32.437689	16.340314	17.976150
16062	32.714758	16.275085	18.040606
16063	32.928700	16.370313	17.991290
16064	33.030680	16.549865	17.905486
16065	32.977305	16.699639	17.797485
16066	32.758469	16.837676	17.693914
16067	32.428691	16.933530	17.616288
16068	32.061951	16.956800	17.572733
16069	31.730804	16.930940	17.592833
16070	31.500704	16.875072	17.678676
16071	31.388155	16.802623	17.811937
16072	31.345450	16.749548	17.939785
16073	31.338613	16.696360	18.068842
16074	31.369910	16.597437	18.233946
16075	31.412991	16.463457	18.464441
16076	31.436354	16.300553	18.749549
16077	31.445790	16.087521	19.048661
16078	31.444993	15.872310	19.326994
16079	31.410680	15.704081	19.548804
16080	31.334752	15.595552	19.674188
16081	31.203792	15.613264	19.696375
16082	31.000591	15.803604	19.631812
16083	30.750210	16.060361	19.484647
16084	30.451184	16.362996	19.269111
16085	30.083701	16.718993	19.000622
16086	29.647326	17.097998	18.721740
16087	29.157996	17.428072	18.480487
16088	28.643483	17.698950	18.324709
16089	28.124838	17.864160	18.223422
16090	27.623882	17.911766	18.198243
16091	27.139715	17.865212	18.246684
16092	26.640330	17.797294	18.349020
16093	26.125854	17.678591	18.475450
16094	25.597148	17.519872	18.626548
16095	25.030144	17.350688	18.743855
16096	24.421046	17.186455	18.846550
16097	23.766701	17.001092	18.871298
16098	23.031323	16.874299	18.769562
16099	22.213641	16.830883	18.574611
16100	21.353574	16.809012	18.320176
16101	20.459531	16.801032	18.013683
16102	19.553870	16.772948	17.705561
16103	18.664006	16.707034	17.409319
16104	17.801042	16.601319	17.150138
16105	16.979608	16.430171	16.910012
16106	16.216299	16.196866	16.697674
16107	15.552168	15.859364	16.584333
16108	14.978388	15.461421	16.543439
16109	14.475396	15.039385	16.540412
16110	14.042573	14.602952	16.564078
16111	13.678987	14.156242	16.579821
16112	13.362732	13.739771	16.548294
16113	13.050267	13.393621	16.388736
16114	12.729760	13.132435	16.126518
16115	12.398379	12.931060	15.771891
16116	11.991676	12.872208	15.270318
16117	11.591298	12.831090	14.763769
16118	11.193543	12.824856	14.272041
16119	10.764518	12.864271	13.769768
16120	10.349966	12.868438	13.303420
16121	9.971169	12.804086	12.883609
16122	9.656043	12.661715	12.560767
16123	9.404966	12.461292	12.356288
16124	9.220710	12.203581	12.258798
16125	9.072241	11.908173	12.205017
16126	8.936579	11.604065	12.132771
16127	8.798699	11.306105	12.030686
16128	8.650700	11.020170	11.900496
16129	8.474601	10.729791	11.745686
16130	8.236203	10.485612	11.561611
16131	7.954883	10.243278	11.394946
16132	7.640040	9.996626	11.255245
16133	7.302330	9.747030	11.140141
16134	6.963327	9.482195	11.058617
16135	6.645671	9.184634	11.014342
16136	6.370478	8.854259	11.012938
16137	6.134189	8.495430	11.026984
16138	5.919878	8.135746	10.998707
16139	5.705513	7.808918	10.895144
16140	5.474068	7.499150	10.692457
16141	5.208461	7.213280	10.381823
16142	4.922926	6.932513	9.990748
16143	4.628171	6.665641	9.548215
16144	4.317968	6.408719	9.078792
16145	3.991430	6.186870	8.597415
16146	3.681104	5.975002	8.156919
16147	3.387991	5.746182	7.750916
16148	3.098596	5.516344	7.337987
16149	2.815446	5.289624	6.926362
16150	2.565184	5.062587	6.573372
16151	2.352475	4.808913	6.308731
16152	2.168513	4.558544	6.109498
16153	2.009403	4.313313	5.940458
16154	1.865858	4.089278	5.797838
16155	1.716875	3.894955	5.633264
16156	1.571088	3.716411	5.485857
16157	1.424510	3.541854	5.356587
16158	1.283996	3.359327	5.244789
16159	1.141521	3.192250	5.118056
16160	1.009376	3.035508	4.981070
16161	0.890574	2.882665	4.861346
16162	0.777418	2.730547	4.737896
16163	0.660247	2.596955	4.588237
16164	0.559668	2.459673	4.440196
16165	0.489685	2.312790	4.317904
16166	0.453403	2.163665	4.257196
16167	0.446887	2.024776	4.257241
16168	0.472091	1.888066	4.292723
16169	0.513744	1.744693	4.340182
16170	0.545478	1.607030	4.376455
16171	0.552096	1.496000	4.373210
16172	0.529962	1.396274	4.350014
16173	0.483779	1.324063	4.318152
16174	0.414065	1.282611	4.280926
16175	0.334411	1.241232	4.225639
16176	0.266107	1.186000	4.165694
16177	0.193134	1.099899	4.090669
16178	0.124286	0.980726	3.992096
16179	0.060925	0.854224	3.874752
16180	0.005637	0.747795	3.750323
16181	-0.040891	0.675067	3.651345
16182	-0.068830	0.604606	3.608226
16183	-0.077947	0.510709	3.645216
16184	-0.076752	0.412097	3.729773
16185	-0.082687	0.326602	3.823736
16186	-0.094811	0.257018	3.916485
16187	-0.110206	0.195466	3.998240
16188	-0.133469	0.144677	4.054262
16189	-0.162266	0.093877	4.059107
16190	-0.197253	0.041939	4.000321
16191	-0.241707	-0.018006	3.849018
16192	-0.299339	-0.072811	3.612152
16193	-0.372706	-0.102663	3.328207
16194	-0.444235	-0.129311	3.037380
16195	-0.506467	-0.165947	2.752824
16196	-0.558090	-0.195461	2.480838
16197	-0.596889	-0.228062	2.230287
16198	-0.620691	-0.257204	2.010804
16199	-0.632041	-0.296944	1.827698
16200	-0.629114	-0.333507	1.687635
16201	-0.617506	-0.379551	1.575539
16202	-0.597010	-0.439425	1.503690
16203	-0.579797	-0.498296	1.455398
16204	-0.565868	-0.550000	1.430554
16205	-0.558708	-0.597399	1.410965
16206	-0.560502	-0.632222	1.401152
16207	-0.572843	-0.652524	1.388538
16208	-0.591830	-0.680606	1.359275
16209	-0.619618	-0.728175	1.314826
16210	-0.654468	-0.792454	1.261306
16211	-0.705643	-0.849345	1.187674
16212	-0.769085	-0.896524	1.109250
16213	-0.840023	-0.937961	1.031228
16214	-0.910614	-0.970625	0.966824
16215	-0.974288	-1.008729	0.925594
16216	-1.022557	-1.056438	0.911445
16217	-1.054509	-1.111042	0.907016
16218	-1.070134	-1.175311	0.907493
16219	-1.069705	-1.238538	0.903015
16220	-1.062401	-1.295070	0.878506
16221	-1.051270	-1.359168	0.818397
16222	-1.043366	-1.407712	0.732356
16223	-1.037858	-1.442426	0.628898
16224	-1.030186	-1.483909	0.511396
16225	-1.021631	-1.533294	0.394651
16226	-1.016457	-1.568988	0.279952
16227	-1.014149	-1.595313	0.166658
16228	-1.007587	-1.619558	0.056937
16229	-1.000799	-1.639605	-0.049323
16230	-0.994435	-1.664203	-0.161272
16231	-0.990732	-1.691389	-0.277711
16232	-0.988741	-1.712567	-0.390264
16233	-0.986837	-1.732666	-0.486132
16234	-0.983134	-1.754272	-0.551234
16235	-0.978850	-1.770435	-0.593717
16236	-0.975470	-1.783311	-0.615049
16237	-0.972499	-1.794036	-0.619169
16238	-0.969636	-1.804111	-0.617834
16239	-0.964690	-1.820075	-0.613318
16240	-0.954265	-1.835069	-0.599520
16241	-0.946454	-1.836628	-0.572309
16242	-0.931264	-1.836376	-0.530731
16243	-0.912128	-1.849156	-0.477972
16244	-0.889593	-1.868363	-0.415127
16245	-0.868278	-1.892719	-0.353898
16246	-0.851704	-1.903148	-0.301802
16247	-0.843827	-1.899260	-0.264177
16248	-0.841469	-1.887872	-0.253107
16249	-0.844943	-1.880635	-0.266577
16250	-0.852024	-1.876379	-0.297570
16251	-0.859462	-1.885440	-0.336256
16252	-0.870732	-1.897812	-0.394774
16253	-0.885219	-1.915329	-0.463168
16254	-0.897090	-1.935955	-0.532691
16255	-0.908536	-1.960567	-0.599636
16256	-0.915294	-1.985778	-0.657359
16257	-0.920135	-2.011229	-0.697787
16258	-0.925978	-2.026572	-0.719152
16259	-0.928465	-2.038714	-0.719285
16260	-0.928531	-2.050201	-0.702507
16261	-0.930170	-2.058704	-0.678108
16262	-0.928665	-2.071018	-0.653142
16263	-0.930284	-2.094563	-0.634474
16264	-0.931687	-2.118582	-0.606288
16265	-0.941292	-2.133752	-0.584296
16266	-0.955115	-2.141890	-0.581494
16267	-0.974776	-2.147162	-0.594498
16268	-0.997198	-2.155491	-0.610157
16269	-1.021327	-2.165204	-0.620957
16270	-1.043203	-2.176464	-0.626222
16271	-1.055337	-2.192570	-0.627840
16272	-1.063410	-2.213933	-0.616996
16273	-1.067444	-2.239091	-0.603340
16274	-1.073985	-2.255711	-0.593982
16275	-1.085144	-2.259744	-0.596317
16276	-1.097691	-2.254694	-0.603404
16277	-1.107988	-2.249215	-0.608523
16278	-1.112163	-2.242102	-0.608127
16279	-1.111242	-2.238930	-0.598480
16280	-1.101666	-2.244450	-0.584112
16281	-1.090141	-2.252169	-0.576904
16282	-1.076583	-2.253693	-0.574085
16283	-1.062719	-2.248836	-0.576489
16284	-1.048115	-2.242865	-0.580910
16285	-1.034801	-2.241009	-0.594731
16286	-1.027164	-2.230808	-0.609830
16287	-1.016274	-2.227194	-0.629779
16288	-1.006449	-2.226647	-0.655811
16289	-1.000435	-2.229095	-0.690496
16290	-0.998273	-2.225765	-0.740328
16291	-0.998276	-2.224963	-0.796063
16292	-1.000555	-2.218185	-0.846571
16293	-1.003830	-2.212540	-0.886631
16294	-1.007296	-2.208034	-0.921906
16295	-1.014309	-2.206097	-0.948092
16296	-1.016464	-2.212866	-0.966006
16297	-1.021593	-2.214353	-0.974538
16298	-1.024429	-2.206213	-0.976919
16299	-1.021499	-2.204248	-0.966597
16300	-1.018548	-2.205603	-0.951327
16301	-1.015943	-2.201864	-0.939032
16302	-1.011698	-2.193381	-0.932619
16303	-1.007817	-2.191159	-0.925139
16304	-1.002069	-2.192265	-0.924480
16305	-1.001946	-2.185697	-0.926156
16306	-0.999092	-2.182298	-0.937372
16307	-0.997291	-2.178828	-0.950636
16308	-0.995228	-2.178215	-0.969522
16309	-0.997930	-2.174784	-0.997786
16310	-1.001147	-2.171126	-1.038269
16311	-1.003120	-2.165551	-1.080342
16312	-1.008032	-2.159219	-1.119936
16313	-1.011993	-2.148876	-1.156591
16314	-1.014123	-2.140291	-1.186394
16315	-1.014999	-2.130767	-1.209885
16316	-1.015415	-2.114935	-1.219084
16317	-1.012681	-2.110207	-1.222953
16318	-1.010362	-2.103066	-1.227687
16319	-1.010551	-2.097719	-1.220068
16320	-1.012400	-2.088022	-1.202369
16321	-1.018238	-2.072175	-1.180212
16322	-1.021410	-2.052407	-1.159031
16323	-1.022953	-2.035947	-1.135710
16324	-1.021406	-2.024229	-1.100378
16325	-1.021611	-2.014175	-1.062548
16326	-1.022758	-2.005082	-1.027729
16327	-1.025126	-2.005415	-1.001828
16328	-1.027021	-2.011588	-0.978311
16329	-1.032199	-2.014722	-0.963758
16330	-1.041776	-2.015080	-0.955788
16331	-1.054346	-2.016174	-0.954799
16332	-1.066830	-2.020625	-0.957269
16333	-1.082437	-2.027618	-0.962803
16334	-1.097906	-2.034321	-0.966663
16335	-1.112316	-2.034359	-0.970103
16336	-1.125500	-2.036058	-0.969890
16337	-1.135519	-2.046737	-0.968331
16338	-1.143555	-2.059567	-0.958966
16339	-1.150799	-2.070961	-0.940344
16340	-1.158126	-2.076457	-0.916760
16341	-1.166557	-2.080254	-0.896929
16342	-1.175665	-2.082201	-0.875620
16343	-1.183766	-2.080066	-0.851404
16344	-1.191972	-2.074186	-0.818163
16345	-1.199970	-2.078538	-0.785630
16346	-1.205686	-2.088256	-0.752794
16347	-1.213730	-2.101469	-0.729576
16348	-1.218005	-2.121754	-0.714719
16349	-1.222902	-2.140997	-0.706429
16350	-1.228669	-2.155392	-0.695493
16351	-1.235530	-2.168854	-0.685151
16352	-1.241713	-2.178638	-0.679292
16353	-1.248572	-2.180804	-0.672874
16354	-1.254816	-2.177914	-0.668028
16355	-1.262243	-2.173908	-0.672914
16356	-1.271341	-2.173071	-0.682505
16357	-1.278799	-2.181115	-0.695878
16358	-1.285262	-2.188812	-0.705628
16359	-1.290537	-2.200260	-0.707106
16360	-1.292808	-2.210753	-0.706290
16361	-1.293846	-2.217885	-0.704208
16362	-1.295551	-2.225424	-0.691938
16363	-1.297629	-2.229280	-0.672525
16364	-1.299032	-2.227593	-0.648593
16365	-1.304524	-2.222575	-0.628469
16366	-1.309357	-2.215617	-0.618169
16367	-1.316006	-2.208978	-0.610701
16368	-1.318336	-2.206303	-0.604782
16369	-1.321395	-2.209117	-0.603431
16370	-1.323006	-2.214051	-0.617491
16371	-1.325134	-2.211665	-0.634544
16372	-1.330678	-2.207583	-0.655743
16373	-1.339276	-2.204643	-0.681725
16374	-1.350574	-2.202525	-0.711973
16375	-1.360327	-2.203909	-0.735288
16376	-1.366453	-2.204531	-0.753180
16377	-1.371079	-2.205899	-0.767502
16378	-1.375473	-2.203985	-0.786671
16379	-1.378802	-2.200641	-0.805034
16380	-1.379828	-2.195006	-0.821299
16381	-1.381001	-2.189058	-0.842263
16382	-1.381987	-2.184101	-0.859997
16383	-1.381828	-2.179375	-0.870481
16384	-1.383064	-2.166677	-0.869679
16385	-1.384887	-2.152739	-0.855480
16386	-1.381854	-2.142536	-0.833378
16387	-1.381635	-2.133748	-0.815297
16388	-1.379974	-2.128294	-0.800096
16389	-1.379536	-2.124304	-0.787522
16390	-1.376814	-2.120619	-0.779585
16391	-1.376485	-2.115578	-0.779467
16392	-1.376019	-2.112147	-0.782097
16393	-1.378458	-2.105473	-0.790408
16394	-1.382170	-2.090140	-0.798910
16395	-1.385332	-2.078159	-0.806905
16396	-1.384966	-2.073866	-0.812703
16397	-1.382143	-2.074727	-0.822446
16398	-1.375411	-2.077437	-0.833705
16399	-1.372828	-2.076842	-0.840376
16400	-1.367137	-2.077308	-0.838253
16401	-1.362313	-2.074289	-0.838242
16402	-1.358433	-2.070527	-0.836922
16403	-1.358068	-2.068634	-0.832146
16404	-1.358978	-2.074887	-0.830546
16405	-1.363487	-2.081650	-0.830859
16406	-1.370290	-2.087830	-0.833886
16407	-1.379123	-2.093218	-0.835521
16408	-1.388850	-2.095930	-0.834201
16409	-1.398167	-2.098207	-0.834470
16410	-1.408963	-2.099642	-0.831988
16411	-1.419358	-2.100167	-0.824895
16412	-1.426767	-2.100115	-0.810876
16413	-1.431766	-2.104711	-0.794567
16414	-1.432886	-2.109837	-0.776952
16415	-1.436236	-2.118042	-0.758301
16416	-1.439194	-2.124843	-0.742566
16417	-1.443328	-2.131251	-0.728733
16418	-1.447486	-2.132518	-0.716044
16419	-1.454424	-2.131153	-0.710422
16420	-1.460368	-2.129814	-0.712247
16421	-1.466065	-2.127684	-0.712048
16422	-1.471861	-2.127411	-0.706057
16423	-1.473354	-2.131799	-0.702209
16424	-1.478064	-2.136670	-0.702452
16425	-1.482959	-2.146434	-0.702342
16426	-1.487555	-2.156039	-0.704488
16427	-1.492829	-2.166669	-0.704427
16428	-1.497127	-2.173454	-0.702096
16429	-1.502426	-2.180052	-0.697077
16430	-1.505525	-2.182606	-0.685530
16431	-1.511277	-2.184356	-0.666504
16432	-1.514733	-2.184721	-0.646750
16433	-1.517758	-2.180843	-0.627060
16434	-1.520220	-2.178429	-0.608029
16435	-1.523545	-2.178494	-0.592219
16436	-1.525219	-2.183569	-0.577776
16437	-1.530984	-2.191357	-0.567962
16438	-1.536570	-2.200073	-0.559631
16439	-1.543564	-2.205409	-0.548364
16440	-1.549983	-2.212544	-0.536516
16441	-1.559312	-2.213669	-0.524621
16442	-1.569665	-2.214474	-0.517371
16443	-1.577552	-2.216669	-0.512467
16444	-1.581533	-2.221300	-0.507110
16445	-1.585782	-2.230446	-0.506238
16446	-1.587789	-2.239284	-0.508507
